S101(363601~370872)
363611
363619
363659
363677
363683
363691
363719
363731
363751
363757
363761
363767
363773
363799
363809
363829
363833
363841
363871
363887
363889
363901
363911
363917
363941
363947
363949
363959
363967
363977
363989
364027
364031
364069
364073
364079
364103
364127
364129
364141
364171
364183
364187
364193
364213
364223
364241
364267
364271
364289
364291
364303
364313
364321
364333
364337
364349
364373
364379
364393
364411
364417
364423
364433
364447
364451
364459
364471
364499
364513
364523
364537
364541
364543
364571
364583
364601
364607
364621
364627
364643
364657
364669
364687
364691
364699
364717
364739
364747
364751
364753
364759
364801
364829
364853
364873
364879
364883
364891
364909
364919
364921
364937
364943
364961
364979
364993
364997
365003
365017
365021
365039
365063
365069
365089
365107
365119
365129
365137
365147
365159
365173
365179
365201
365213
365231
365249
365251
365257
365291
365293
365297
365303
365327
365333
365357
365369
365377
365411
365413
365419
365423
365441
365461
365467
365471
365473
365479
365489
365507
365509
365513
365527
365531
365537
365557
365567
365569
365587
365591
365611
365627
365639
365641
365669
365683
365689
365699
365747
365749
365759
365773
365779
365791
365797
365809
365837
365839
365851
365903
365929
365933
365941
365969
365983
366001
366013
366019
366029
366031
366053
366077
366097
366103
366127
366133
366139
366161
366167
366169
366173
366181
366193
366199
366211
366217
366221
366227
366239
366259
366269
366277
366287
366293
366307
366313
366329
366341
366343
366347
366383
366397
366409
366419
366433
366437
366439
366461
366463
366467
366479
366497
366511
366517
366521
366547
366593
366599
366607
366631
366677
366683
366697
366701
366703
366713
366721
366727
366733
366787
366791
366811
366829
366841
366851
366853
366859
366869
366881
366889
366901
366907
366917
366923
366941
366953
366967
366973
366983
366997
367001
367007
367019
367021
367027
367033
367049
367069
367097
367121
367123
367127
367139
367163
367181
367189
367201
367207
367219
367229
367231
367243
367259
367261
367273
367277
367307
367309
367313
367321
367357
367369
367391
367397
367427
367453
367457
367469
367501
367519
367531
367541
367547
367559
367561
367573
367597
367603
367613
367621
367637
367649
367651
367663
367673
367687
367699
367711
367721
367733
367739
367751
367771
367777
367781
367789
367819
367823
367831
367841
367849
367853
367867
367879
367883
367889
367909
367949
367957
368021
368029
368047
368059
368077
368083
368089
368099
368107
368111
368117
368129
368141
368149
368153
368171
368189
368197
368227
368231
368233
368243
368273
368279
368287
368293
368323
368327
368359
368363
368369
368399
368411
368443
368447
368453
368471
368491
368507
368513
368521
368531
368539
368551
368579
368593
368597
368609
368633
368647
368651
368653
368689
368717
368729
368737
368743
368773
368783
368789
368791
368801
368803
368833
368857
368873
368881
368899
368911
368939
368947
368957
369007
369013
369023
369029
369067
369071
369077
369079
369097
369119
369133
369137
369143
369169
369181
369191
369197
369211
369247
369253
369263
369269
369283
369293
369301
369319
369331
369353
369361
369407
369409
369419
369469
369487
369491
369539
369553
369557
369581
369637
369647
369659
369661
369673
369703
369709
369731
369739
369751
369791
369793
369821
369827
369829
369833
369841
369851
369877
369893
369913
369917
369947
369959
369961
369979
369983
369991
369997
370003
370009
370021
370033
370057
370061
370067
370081
370091
370103
370121
370133
370147
370159
370169
370193
370199
370207
370213
370217
370241
370247
370261
370373
370387
370399
370411
370421
370423
370427
370439
370441
370451
370463
370471
370477
370483
370493
370511
370529
370537
370547
370561
370571
370597
370603
370609
370613
370619
370631
370661
370663
370673
370679
370687
370693
370723
370759
370793
370801
370813
370837
370871
There are 552 prime numbers in S101.
