S104(385633~393120)
385639
385657
385661
385663
385709
385739
385741
385771
385783
385793
385811
385817
385831
385837
385843
385859
385877
385897
385901
385907
385927
385939
385943
385967
385991
385997
386017
386039
386041
386047
386051
386083
386093
386117
386119
386129
386131
386143
386149
386153
386159
386161
386173
386219
386227
386233
386237
386249
386263
386279
386297
386299
386303
386329
386333
386339
386363
386369
386371
386381
386383
386401
386411
386413
386429
386431
386437
386471
386489
386501
386521
386537
386543
386549
386569
386587
386609
386611
386621
386629
386641
386647
386651
386677
386689
386693
386713
386719
386723
386731
386747
386777
386809
386839
386851
386887
386891
386921
386927
386963
386977
386987
386989
386993
387007
387017
387031
387047
387071
387077
387083
387089
387109
387137
387151
387161
387169
387173
387187
387197
387199
387203
387227
387253
387263
387269
387281
387307
387313
387329
387341
387371
387397
387403
387433
387437
387449
387463
387493
387503
387509
387529
387551
387577
387587
387613
387623
387631
387641
387659
387677
387679
387683
387707
387721
387727
387743
387749
387763
387781
387791
387799
387839
387853
387857
387911
387913
387917
387953
387967
387971
387973
387977
388009
388051
388057
388067
388081
388099
388109
388111
388117
388133
388159
388163
388169
388177
388181
388183
388187
388211
388231
388237
388253
388259
388273
388277
388301
388313
388319
388351
388363
388369
388373
388391
388403
388459
388471
388477
388481
388483
388489
388499
388519
388529
388541
388567
388573
388621
388651
388657
388673
388691
388693
388697
388699
388711
388727
388757
388777
388781
388789
388793
388813
388823
388837
388859
388879
388891
388897
388901
388903
388931
388933
388937
388961
388963
388991
389003
389023
389027
389029
389041
389047
389057
389083
389089
389099
389111
389117
389141
389149
389161
389167
389171
389173
389189
389219
389227
389231
389269
389273
389287
389297
389299
389303
389357
389369
389381
389399
389401
389437
389447
389461
389479
389483
389507
389513
389527
389531
389533
389539
389561
389563
389567
389569
389579
389591
389621
389629
389651
389659
389663
389687
389699
389713
389723
389743
389749
389761
389773
389783
389791
389797
389819
389839
389849
389867
389891
389897
389903
389911
389923
389927
389941
389947
389953
389957
389971
389981
389989
389999
390001
390043
390067
390077
390083
390097
390101
390107
390109
390113
390119
390151
390157
390161
390191
390193
390199
390209
390211
390223
390263
390281
390289
390307
390323
390343
390347
390353
390359
390367
390373
390389
390391
390407
390413
390419
390421
390433
390437
390449
390463
390479
390487
390491
390493
390499
390503
390527
390539
390553
390581
390647
390653
390671
390673
390703
390707
390721
390727
390737
390739
390743
390751
390763
390781
390791
390809
390821
390829
390851
390869
390877
390883
390889
390893
390953
390959
390961
390967
390989
390991
391009
391019
391021
391031
391049
391057
391063
391067
391073
391103
391117
391133
391151
391159
391163
391177
391199
391217
391219
391231
391247
391249
391273
391283
391291
391301
391331
391337
391351
391367
391373
391379
391387
391393
391397
391399
391403
391441
391451
391453
391487
391519
391537
391553
391579
391613
391619
391627
391631
391639
391661
391679
391691
391693
391711
391717
391733
391739
391751
391753
391757
391789
391801
391817
391823
391847
391861
391873
391879
391889
391891
391903
391907
391921
391939
391961
391967
391987
391999
392011
392033
392053
392059
392069
392087
392099
392101
392111
392113
392131
392143
392149
392153
392159
392177
392201
392209
392213
392221
392233
392239
392251
392261
392263
392267
392269
392279
392281
392297
392299
392321
392333
392339
392347
392351
392363
392383
392389
392423
392437
392443
392467
392473
392477
392489
392503
392519
392531
392543
392549
392569
392593
392599
392611
392629
392647
392663
392669
392699
392723
392737
392741
392759
392761
392767
392803
392807
392809
392827
392831
392837
392849
392851
392857
392879
392893
392911
392923
392927
392929
392957
392963
392969
392981
392983
393007
393013
393017
393031
393059
393073
393077
393079
393083
393097
393103
393109
There are 590 prime numbers in S104.
