S107(408313~416016)
408337
408341
408347
408361
408379
408389
408403
408413
408427
408431
408433
408437
408461
408469
408479
408491
408497
408533
408539
408553
408563
408607
408623
408631
408637
408643
408659
408677
408689
408691
408701
408703
408713
408719
408743
408763
408769
408773
408787
408803
408809
408817
408841
408857
408869
408911
408913
408923
408943
408953
408959
408971
408979
408997
409007
409021
409027
409033
409043
409063
409069
409081
409099
409121
409153
409163
409177
409187
409217
409237
409259
409261
409267
409271
409289
409291
409327
409333
409337
409349
409351
409369
409379
409391
409397
409429
409433
409441
409463
409471
409477
409483
409499
409517
409523
409529
409543
409573
409579
409589
409597
409609
409639
409657
409691
409693
409709
409711
409723
409729
409733
409753
409769
409777
409781
409813
409817
409823
409831
409841
409861
409867
409879
409889
409891
409897
409901
409909
409933
409943
409951
409961
409967
409987
409993
409999
410009
410029
410063
410087
410093
410117
410119
410141
410143
410149
410171
410173
410203
410231
410233
410239
410243
410257
410279
410281
410299
410317
410323
410339
410341
410353
410359
410383
410387
410393
410401
410411
410413
410453
410461
410477
410489
410491
410497
410507
410513
410519
410551
410561
410587
410617
410621
410623
410629
410651
410659
410671
410687
410701
410717
410731
410741
410747
410749
410759
410783
410789
410801
410807
410819
410833
410857
410899
410903
410929
410953
410983
410999
411001
411007
411011
411013
411031
411041
411049
411067
411071
411083
411101
411113
411119
411127
411143
411157
411167
411193
411197
411211
411233
411241
411251
411253
411259
411287
411311
411337
411347
411361
411371
411379
411409
411421
411443
411449
411469
411473
411479
411491
411503
411527
411529
411557
411563
411569
411577
411583
411589
411611
411613
411617
411637
411641
411667
411679
411683
411703
411707
411709
411721
411727
411737
411739
411743
411751
411779
411799
411809
411821
411823
411833
411841
411883
411919
411923
411937
411941
411947
411967
411991
412001
412007
412019
412031
412033
412037
412039
412051
412067
412073
412081
412099
412109
412123
412127
412133
412147
412157
412171
412187
412189
412193
412201
412211
412213
412219
412249
412253
412273
412277
412289
412303
412333
412339
412343
412387
412397
412411
412457
412463
412481
412487
412493
412537
412561
412567
412571
412589
412591
412603
412609
412619
412627
412637
412639
412651
412663
412667
412717
412739
412771
412793
412807
412831
412849
412859
412891
412901
412903
412939
412943
412949
412967
412987
413009
413027
413033
413053
413069
413071
413081
413087
413089
413093
413111
413113
413129
413141
413143
413159
413167
413183
413197
413201
413207
413233
413243
413251
413263
413267
413293
413299
413353
413411
413417
413429
413443
413461
413477
413521
413527
413533
413537
413551
413557
413579
413587
413597
413629
413653
413681
413683
413689
413711
413713
413719
413737
413753
413759
413779
413783
413807
413827
413849
413863
413867
413869
413879
413887
413911
413923
413951
413981
414013
414017
414019
414031
414049
414053
414061
414077
414083
414097
414101
414107
414109
414131
414157
414179
414199
414203
414209
414217
414221
414241
414259
414269
414277
414283
414311
414313
414329
414331
414347
414361
414367
414383
414389
414397
414413
414431
414433
414451
414457
414461
414467
414487
414503
414521
414539
414553
414559
414571
414577
414607
414611
414629
414641
414643
414653
414677
414679
414683
414691
414697
414703
414707
414709
414721
414731
414737
414763
414767
414769
414773
414779
414793
414803
414809
414833
414857
414871
414889
414893
414899
414913
414923
414929
414949
414959
414971
414977
414991
415013
415031
415039
415061
415069
415073
415087
415097
415109
415111
415133
415141
415147
415153
415159
415171
415187
415189
415201
415213
415231
415253
415271
415273
415319
415343
415379
415381
415391
415409
415427
415447
415469
415477
415489
415507
415517
415523
415543
415553
415559
415567
415577
415603
415607
415609
415627
415631
415643
415651
415661
415669
415673
415687
415691
415697
415717
415721
415729
415759
415783
415787
415799
415801
415819
415823
415861
415873
415879
415901
415931
415937
415949
415951
415957
415963
415969
415979
415993
415999
416011
There are 604 prime numbers in S107.
