S109(423793~431640)
423803
423823
423847
423853
423859
423869
423883
423887
423931
423949
423961
423977
423989
423991
424001
424003
424007
424019
424027
424037
424079
424091
424093
424103
424117
424121
424129
424139
424147
424157
424163
424169
424187
424199
424223
424231
424243
424247
424261
424267
424271
424273
424313
424331
424339
424343
424351
424397
424423
424429
424433
424451
424471
424481
424493
424519
424537
424547
424549
424559
424573
424577
424597
424601
424639
424661
424667
424679
424687
424693
424709
424727
424729
424757
424769
424771
424777
424811
424817
424819
424829
424841
424843
424849
424861
424867
424889
424891
424903
424909
424913
424939
424961
424967
424997
425003
425027
425039
425057
425059
425071
425083
425101
425107
425123
425147
425149
425189
425197
425207
425233
425237
425251
425273
425279
425281
425291
425297
425309
425317
425329
425333
425363
425377
425387
425393
425417
425419
425423
425441
425443
425471
425473
425489
425501
425519
425521
425533
425549
425563
425591
425603
425609
425641
425653
425681
425701
425713
425779
425783
425791
425801
425813
425819
425837
425839
425851
425857
425861
425869
425879
425899
425903
425911
425939
425959
425977
425987
425989
426007
426011
426061
426073
426077
426089
426091
426103
426131
426161
426163
426193
426197
426211
426229
426233
426253
426287
426301
426311
426319
426331
426353
426383
426389
426401
426407
426421
426427
426469
426487
426527
426541
426551
426553
426563
426583
426611
426631
426637
426641
426661
426691
426697
426707
426709
426731
426737
426739
426743
426757
426761
426763
426773
426779
426787
426799
426841
426859
426863
426871
426889
426893
426913
426917
426919
426931
426941
426971
426973
426997
427001
427013
427039
427043
427067
427069
427073
427079
427081
427103
427117
427151
427169
427181
427213
427237
427241
427243
427247
427249
427279
427283
427307
427309
427327
427333
427351
427369
427379
427381
427403
427417
427421
427423
427429
427433
427439
427447
427451
427457
427477
427513
427517
427523
427529
427541
427579
427591
427597
427619
427621
427681
427711
427717
427723
427727
427733
427751
427781
427787
427789
427813
427849
427859
427877
427879
427883
427913
427919
427939
427949
427951
427957
427967
427969
427991
427993
427997
428003
428023
428027
428033
428039
428041
428047
428083
428093
428137
428143
428147
428149
428161
428167
428173
428177
428221
428227
428231
428249
428251
428273
428297
428299
428303
428339
428353
428369
428401
428411
428429
428471
428473
428489
428503
428509
428531
428539
428551
428557
428563
428567
428569
428579
428629
428633
428639
428657
428663
428671
428677
428683
428693
428731
428741
428759
428777
428797
428801
428807
428809
428833
428843
428851
428863
428873
428899
428951
428957
428977
429007
429017
429043
429083
429101
429109
429119
429127
429137
429139
429161
429181
429197
429211
429217
429223
429227
429241
429259
429271
429277
429281
429283
429329
429347
429349
429361
429367
429389
429397
429409
429413
429427
429431
429449
429463
429467
429469
429487
429497
429503
429509
429511
429521
429529
429547
429551
429563
429581
429587
429589
429599
429631
429643
429659
429661
429673
429677
429679
429683
429701
429719
429727
429731
429733
429773
429791
429797
429817
429823
429827
429851
429853
429881
429887
429889
429899
429901
429907
429911
429917
429929
429931
429937
429943
429953
429971
429973
429991
430007
430009
430013
430019
430057
430061
430081
430091
430093
430121
430139
430147
430193
430259
430267
430277
430279
430289
430303
430319
430333
430343
430357
430393
430411
430427
430433
430453
430487
430499
430511
430513
430517
430543
430553
430571
430579
430589
430601
430603
430649
430663
430691
430697
430699
430709
430723
430739
430741
430747
430751
430753
430769
430783
430789
430799
430811
430819
430823
430841
430847
430861
430873
430879
430883
430891
430897
430907
430909
430921
430949
430957
430979
430981
430987
430999
431017
431021
431029
431047
431051
431063
431077
431083
431099
431107
431141
431147
431153
431173
431191
431203
431213
431219
431237
431251
431257
431267
431269
431287
431297
431311
431329
431339
431363
431369
431377
431381
431399
431423
431429
431441
431447
431449
431479
431513
431521
431533
431567
431581
431597
431603
431611
431617
431621
There are 603 prime numbers in S109.
