S111(439561~447552)
439567
439573
439577
439583
439601
439613
439631
439639
439661
439667
439687
439693
439697
439709
439723
439729
439753
439759
439763
439771
439781
439787
439799
439811
439823
439849
439853
439861
439867
439883
439891
439903
439919
439949
439961
439969
439973
439981
439991
440009
440023
440039
440047
440087
440093
440101
440131
440159
440171
440177
440179
440183
440203
440207
440221
440227
440239
440261
440269
440281
440303
440311
440329
440333
440339
440347
440371
440383
440389
440393
440399
440431
440441
440443
440471
440497
440501
440507
440509
440527
440537
440543
440549
440551
440567
440569
440579
440581
440641
440651
440653
440669
440677
440681
440683
440711
440717
440723
440731
440753
440761
440773
440807
440809
440821
440831
440849
440863
440893
440903
440911
440939
440941
440953
440959
440983
440987
440989
441011
441029
441041
441043
441053
441073
441079
441101
441107
441109
441113
441121
441127
441157
441169
441179
441187
441191
441193
441229
441247
441251
441257
441263
441281
441307
441319
441349
441359
441361
441403
441421
441443
441449
441461
441479
441499
441517
441523
441527
441547
441557
441563
441569
441587
441607
441613
441619
441631
441647
441667
441697
441703
441713
441737
441751
441787
441797
441799
441811
441827
441829
441839
441841
441877
441887
441907
441913
441923
441937
441953
441971
442003
442007
442009
442019
442027
442031
442033
442061
442069
442097
442109
442121
442139
442147
442151
442157
442171
442177
442181
442193
442201
442207
442217
442229
442237
442243
442271
442283
442291
442319
442327
442333
442363
442367
442397
442399
442439
442447
442457
442469
442487
442489
442499
442501
442517
442531
442537
442571
442573
442577
442579
442601
442609
442619
442633
442691
442699
442703
442721
442733
442747
442753
442763
442769
442777
442781
442789
442807
442817
442823
442829
442831
442837
442843
442861
442879
442903
442919
442961
442963
442973
442979
442987
442991
442997
443011
443017
443039
443041
443057
443059
443063
443077
443089
443117
443123
443129
443147
443153
443159
443161
443167
443171
443189
443203
443221
443227
443231
443237
443243
443249
443263
443273
443281
443291
443293
443341
443347
443353
443363
443369
443389
443407
443413
443419
443423
443431
443437
443453
443467
443489
443501
443533
443543
443551
443561
443563
443567
443587
443591
443603
443609
443629
443659
443687
443689
443701
443711
443731
443749
443753
443759
443761
443771
443777
443791
443837
443851
443867
443869
443873
443879
443881
443893
443899
443909
443917
443939
443941
443953
443983
443987
443999
444001
444007
444029
444043
444047
444079
444089
444109
444113
444121
444127
444131
444151
444167
444173
444179
444181
444187
444209
444253
444271
444281
444287
444289
444293
444307
444341
444343
444347
444349
444401
444403
444421
444443
444449
444461
444463
444469
444473
444487
444517
444523
444527
444529
444539
444547
444553
444557
444569
444589
444607
444623
444637
444641
444649
444671
444677
444701
444713
444739
444767
444791
444793
444803
444811
444817
444833
444841
444859
444863
444869
444877
444883
444887
444893
444901
444929
444937
444953
444967
444971
444979
445001
445019
445021
445031
445033
445069
445087
445091
445097
445103
445141
445157
445169
445183
445187
445199
445229
445261
445271
445279
445283
445297
445307
445321
445339
445363
445427
445433
445447
445453
445463
445477
445499
445507
445537
445541
445567
445573
445583
445589
445597
445619
445631
445633
445649
445657
445691
445699
445703
445741
445747
445769
445771
445789
445799
445807
445829
445847
445853
445871
445877
445883
445891
445931
445937
445943
445967
445969
446003
446009
446041
446053
446081
446087
446111
446123
446129
446141
446179
446189
446191
446197
446221
446227
446231
446261
446263
446273
446279
446293
446309
446323
446333
446353
446363
446387
446389
446399
446401
446417
446441
446447
446461
446473
446477
446503
446533
446549
446561
446569
446597
446603
446609
446647
446657
446713
446717
446731
446753
446759
446767
446773
446819
446827
446839
446863
446881
446891
446893
446909
446911
446921
446933
446951
446969
446983
447001
447011
447019
447053
447067
447079
447101
447107
447119
447133
447137
447173
447179
447193
447197
447211
447217
447221
447233
447247
447257
447259
447263
447311
447319
447323
447331
447353
447401
447409
447427
447439
447443
447449
447451
447463
447467
447481
447509
447521
447527
447541
There are 623 prime numbers in S111.
