S112(447553~455616)
447569
447571
447611
447617
447637
447641
447677
447683
447701
447703
447743
447749
447757
447779
447791
447793
447817
447823
447827
447829
447841
447859
447877
447883
447893
447901
447907
447943
447961
447983
447991
448003
448013
448027
448031
448057
448067
448073
448093
448111
448121
448139
448141
448157
448159
448169
448177
448187
448193
448199
448207
448241
448249
448303
448309
448313
448321
448351
448363
448367
448373
448379
448387
448397
448421
448451
448519
448531
448561
448597
448607
448627
448631
448633
448667
448687
448697
448703
448727
448733
448741
448769
448793
448801
448807
448829
448843
448853
448859
448867
448871
448873
448879
448883
448907
448927
448939
448969
448993
448997
448999
449003
449011
449051
449077
449083
449093
449107
449117
449129
449131
449149
449153
449161
449171
449173
449201
449203
449209
449227
449243
449249
449261
449263
449269
449287
449299
449303
449311
449321
449333
449347
449353
449363
449381
449399
449411
449417
449419
449437
449441
449459
449473
449543
449549
449557
449563
449567
449569
449591
449609
449621
449629
449653
449663
449671
449677
449681
449689
449693
449699
449741
449759
449767
449773
449783
449797
449807
449821
449833
449851
449879
449921
449929
449941
449951
449959
449963
449971
449987
449989
450001
450011
450019
450029
450067
450071
450077
450083
450101
450103
450113
450127
450137
450161
450169
450193
450199
450209
450217
450223
450227
450239
450257
450259
450277
450287
450293
450299
450301
450311
450343
450349
450361
450367
450377
450383
450391
450403
450413
450421
450431
450451
450473
450479
450481
450487
450493
450503
450529
450533
450557
450563
450581
450587
450599
450601
450617
450641
450643
450649
450677
450691
450707
450719
450727
450761
450767
450787
450797
450799
450803
450809
450811
450817
450829
450839
450841
450847
450859
450881
450883
450887
450893
450899
450913
450917
450929
450943
450949
450971
450991
450997
451013
451039
451051
451057
451069
451093
451097
451103
451109
451159
451177
451181
451183
451201
451207
451249
451277
451279
451301
451303
451309
451313
451331
451337
451343
451361
451387
451397
451411
451439
451441
451481
451499
451519
451523
451541
451547
451553
451579
451601
451609
451621
451637
451657
451663
451667
451669
451679
451681
451691
451699
451709
451723
451747
451753
451771
451783
451793
451799
451823
451831
451837
451859
451873
451879
451897
451901
451903
451909
451921
451933
451937
451939
451961
451967
451987
452009
452017
452027
452033
452041
452077
452083
452087
452131
452159
452161
452171
452191
452201
452213
452227
452233
452239
452269
452279
452293
452297
452329
452363
452377
452393
452401
452443
452453
452497
452519
452521
452531
452533
452537
452539
452549
452579
452587
452597
452611
452629
452633
452671
452687
452689
452701
452731
452759
452773
452797
452807
452813
452821
452831
452857
452869
452873
452923
452953
452957
452983
452989
453023
453029
453053
453073
453107
453119
453133
453137
453143
453157
453161
453181
453197
453199
453209
453217
453227
453239
453247
453269
453289
453293
453301
453311
453317
453329
453347
453367
453371
453377
453379
453421
453451
453461
453527
453553
453559
453569
453571
453599
453601
453617
453631
453637
453641
453643
453659
453667
453671
453683
453703
453707
453709
453737
453757
453797
453799
453823
453833
453847
453851
453877
453889
453907
453913
453923
453931
453949
453961
453977
453983
453991
454009
454021
454031
454033
454039
454061
454063
454079
454109
454141
454151
454159
454183
454199
454211
454213
454219
454229
454231
454247
454253
454277
454297
454303
454313
454331
454351
454357
454361
454379
454387
454409
454417
454451
454453
454483
454501
454507
454513
454541
454543
454547
454577
454579
454603
454609
454627
454637
454673
454679
454709
454711
454721
454723
454759
454763
454777
454799
454823
454843
454847
454849
454859
454889
454891
454907
454919
454921
454931
454943
454967
454969
454973
454991
455003
455011
455033
455047
455053
455093
455099
455123
455149
455159
455167
455171
455177
455201
455219
455227
455233
455237
455261
455263
455269
455291
455309
455317
455321
455333
455339
455341
455353
455381
455393
455401
455407
455419
455431
455437
455443
455461
455471
455473
455479
455489
455491
455513
455527
455531
455537
455557
455573
455579
455597
455599
455603
There are 611 prime numbers in S112.
