S113(455617~463752)
455627
455647
455659
455681
455683
455687
455701
455711
455717
455737
455761
455783
455789
455809
455827
455831
455849
455863
455881
455899
455921
455933
455941
455953
455969
455977
455989
455993
455999
456007
456013
456023
456037
456047
456061
456091
456107
456109
456119
456149
456151
456167
456193
456223
456233
456241
456283
456293
456329
456349
456353
456367
456377
456403
456409
456427
456439
456451
456457
456461
456499
456503
456517
456523
456529
456539
456553
456557
456559
456571
456581
456587
456607
456611
456613
456623
456641
456647
456649
456653
456679
456683
456697
456727
456737
456763
456767
456769
456791
456809
456811
456821
456871
456877
456881
456899
456901
456923
456949
456959
456979
456991
457001
457003
457013
457021
457043
457049
457057
457087
457091
457097
457099
457117
457139
457151
457153
457183
457189
457201
457213
457229
457241
457253
457267
457271
457277
457279
457307
457319
457333
457339
457363
457367
457381
457393
457397
457399
457403
457411
457421
457433
457459
457469
457507
457511
457517
457547
457553
457559
457571
457607
457609
457621
457643
457651
457661
457669
457673
457679
457687
457697
457711
457739
457757
457789
457799
457813
457817
457829
457837
457871
457889
457903
457913
457943
457979
457981
457987
458009
458027
458039
458047
458053
458057
458063
458069
458119
458123
458173
458179
458189
458191
458197
458207
458219
458239
458309
458317
458323
458327
458333
458357
458363
458377
458399
458401
458407
458449
458477
458483
458501
458531
458533
458543
458567
458569
458573
458593
458599
458611
458621
458629
458639
458651
458663
458669
458683
458701
458719
458729
458747
458789
458791
458797
458807
458819
458849
458863
458879
458891
458897
458917
458921
458929
458947
458957
458959
458963
458971
458977
458981
458987
458993
459007
459013
459023
459029
459031
459037
459047
459089
459091
459113
459127
459167
459169
459181
459209
459223
459229
459233
459257
459271
459293
459301
459313
459317
459337
459341
459343
459353
459373
459377
459383
459397
459421
459427
459443
459463
459467
459469
459479
459509
459521
459523
459593
459607
459611
459619
459623
459631
459647
459649
459671
459677
459691
459703
459749
459763
459791
459803
459817
459829
459841
459847
459883
459913
459923
459929
459937
459961
460013
460039
460051
460063
460073
460079
460081
460087
460091
460099
460111
460127
460147
460157
460171
460181
460189
460211
460217
460231
460247
460267
460289
460297
460301
460337
460349
460373
460379
460387
460393
460403
460409
460417
460451
460463
460477
460531
460543
460561
460571
460589
460609
460619
460627
460633
460637
460643
460657
460673
460697
460709
460711
460721
460771
460777
460787
460793
460813
460829
460841
460843
460871
460891
460903
460907
460913
460919
460937
460949
460951
460969
460973
460979
460981
460987
460991
461009
461011
461017
461051
461053
461059
461093
461101
461119
461143
461147
461171
461183
461191
461207
461233
461239
461257
461269
461273
461297
461299
461309
461317
461323
461327
461333
461359
461381
461393
461407
461411
461413
461437
461441
461443
461467
461479
461507
461521
461561
461569
461581
461599
461603
461609
461627
461639
461653
461677
461687
461689
461693
461707
461717
461801
461803
461819
461843
461861
461887
461891
461917
461921
461933
461957
461971
461977
461983
462013
462041
462067
462073
462079
462097
462103
462109
462113
462131
462149
462181
462191
462199
462221
462239
462263
462271
462307
462311
462331
462337
462361
462373
462377
462401
462409
462419
462421
462437
462443
462467
462481
462491
462493
462499
462529
462541
462547
462557
462569
462571
462577
462589
462607
462629
462641
462643
462653
462659
462667
462673
462677
462697
462713
462719
462727
462733
462739
462773
462827
462841
462851
462863
462871
462881
462887
462899
462901
462911
462937
462947
462953
462983
463003
463031
463033
463093
463103
463157
463181
463189
463207
463213
463219
463231
463237
463247
463249
463261
463283
463291
463297
463303
463313
463319
463321
463339
463343
463363
463387
463399
463433
463447
463451
463453
463457
463459
463483
463501
463511
463513
463523
463531
463537
463549
463579
463613
463627
463633
463643
463649
463663
463679
463693
463711
463717
463741
463747
There are 597 prime numbers in S113.
