S115(471961~480240)
471997
472019
472027
472051
472057
472063
472067
472103
472111
472123
472127
472133
472139
472151
472159
472163
472189
472193
472247
472249
472253
472261
472273
472289
472301
472309
472319
472331
472333
472349
472369
472391
472393
472399
472411
472421
472457
472469
472477
472523
472541
472543
472559
472561
472573
472597
472631
472639
472643
472669
472687
472691
472697
472709
472711
472721
472741
472751
472763
472793
472799
472817
472831
472837
472847
472859
472883
472907
472909
472921
472937
472939
472963
472993
473009
473021
473027
473089
473101
473117
473141
473147
473159
473167
473173
473191
473197
473201
473203
473219
473227
473257
473279
473287
473293
473311
473321
473327
473351
473353
473377
473381
473383
473411
473419
473441
473443
473453
473471
473477
473479
473497
473503
473507
473513
473519
473527
473531
473533
473549
473579
473597
473611
473617
473633
473647
473659
473719
473723
473729
473741
473743
473761
473789
473833
473839
473857
473861
473867
473887
473899
473911
473923
473927
473929
473939
473951
473953
473971
473981
473987
473999
474017
474029
474037
474043
474049
474059
474073
474077
474101
474119
474127
474137
474143
474151
474163
474169
474197
474211
474223
474241
474263
474289
474307
474311
474319
474337
474343
474347
474359
474379
474389
474391
474413
474433
474437
474443
474479
474491
474497
474499
474503
474533
474541
474547
474557
474569
474571
474581
474583
474619
474629
474647
474659
474667
474671
474707
474709
474737
474751
474757
474769
474779
474787
474809
474811
474839
474847
474857
474899
474907
474911
474917
474923
474931
474937
474941
474949
474959
474977
474983
475037
475051
475073
475081
475091
475093
475103
475109
475141
475147
475151
475159
475169
475207
475219
475229
475243
475271
475273
475283
475289
475297
475301
475327
475331
475333
475351
475367
475369
475379
475381
475403
475417
475421
475427
475429
475441
475457
475469
475483
475511
475523
475529
475549
475583
475597
475613
475619
475621
475637
475639
475649
475669
475679
475681
475691
475693
475697
475721
475729
475751
475753
475759
475763
475777
475789
475793
475807
475823
475831
475837
475841
475859
475877
475879
475889
475897
475903
475907
475921
475927
475933
475957
475973
475991
475997
476009
476023
476027
476029
476039
476041
476059
476081
476087
476089
476101
476107
476111
476137
476143
476167
476183
476219
476233
476237
476243
476249
476279
476299
476317
476347
476351
476363
476369
476381
476401
476407
476419
476423
476429
476467
476477
476479
476507
476513
476519
476579
476587
476591
476599
476603
476611
476633
476639
476647
476659
476681
476683
476701
476713
476719
476737
476743
476753
476759
476783
476803
476831
476849
476851
476863
476869
476887
476891
476911
476921
476929
476977
476981
476989
477011
477013
477017
477019
477031
477047
477073
477077
477091
477131
477149
477163
477209
477221
477229
477259
477277
477293
477313
477317
477329
477341
477359
477361
477383
477409
477439
477461
477469
477497
477511
477517
477523
477539
477551
477553
477557
477571
477577
477593
477619
477623
477637
477671
477677
477721
477727
477731
477739
477767
477769
477791
477797
477809
477811
477821
477823
477839
477847
477857
477863
477881
477899
477913
477941
477947
477973
477977
477991
478001
478039
478063
478067
478069
478087
478099
478111
478129
478139
478157
478169
478171
478189
478199
478207
478213
478241
478243
478253
478259
478271
478273
478321
478339
478343
478351
478391
478399
478403
478411
478417
478421
478427
478433
478441
478451
478453
478459
478481
478483
478493
478523
478531
478571
478573
478579
478589
478603
478627
478631
478637
478651
478679
478697
478711
478727
478729
478739
478741
478747
478763
478769
478787
478801
478811
478813
478823
478831
478843
478853
478861
478871
478879
478897
478901
478913
478927
478931
478937
478943
478963
478967
478991
478999
479023
479027
479029
479041
479081
479131
479137
479147
479153
479189
479191
479201
479209
479221
479231
479239
479243
479263
479267
479287
479299
479309
479317
479327
479357
479371
479377
479387
479419
479429
479431
479441
479461
479473
479489
479497
479509
479513
479533
479543
479561
479569
479581
479593
479599
479623
479629
479639
479701
479749
479753
479761
479771
479777
479783
479797
479813
479821
479833
479839
479861
479879
479881
479891
479903
479909
479939
479951
479953
479957
479971
480013
480017
480019
480023
480043
480047
480049
480059
480061
480071
480091
480101
480107
480113
480133
480143
480157
480167
480169
480203
480209
There are 639 prime numbers in S115.
