S116(480241~488592)
480287
480299
480317
480329
480341
480343
480349
480367
480373
480379
480383
480391
480409
480419
480427
480449
480451
480461
480463
480499
480503
480509
480517
480521
480527
480533
480541
480553
480563
480569
480583
480587
480647
480661
480707
480713
480731
480737
480749
480761
480773
480787
480803
480827
480839
480853
480881
480911
480919
480929
480937
480941
480959
480967
480979
480989
481001
481003
481009
481021
481043
481051
481067
481073
481087
481093
481097
481109
481123
481133
481141
481147
481153
481157
481171
481177
481181
481199
481207
481211
481231
481249
481297
481301
481303
481307
481343
481363
481373
481379
481387
481409
481417
481433
481447
481469
481489
481501
481513
481531
481549
481571
481577
481589
481619
481633
481639
481651
481667
481673
481681
481693
481697
481699
481721
481751
481753
481769
481787
481801
481807
481813
481837
481843
481847
481849
481861
481867
481879
481883
481909
481939
481963
481997
482017
482021
482029
482033
482039
482051
482071
482093
482099
482101
482117
482123
482179
482189
482203
482213
482227
482231
482233
482243
482263
482281
482309
482323
482347
482351
482359
482371
482387
482393
482399
482401
482407
482413
482423
482437
482441
482483
482501
482507
482509
482513
482519
482527
482539
482569
482593
482597
482621
482627
482633
482641
482659
482663
482683
482687
482689
482707
482711
482717
482719
482731
482743
482753
482759
482767
482773
482789
482803
482819
482827
482837
482861
482863
482873
482897
482899
482917
482941
482947
482957
482971
483017
483031
483061
483071
483097
483127
483139
483163
483167
483179
483209
483211
483221
483229
483233
483239
483247
483251
483281
483289
483317
483323
483337
483347
483367
483377
483389
483397
483407
483409
483433
483443
483467
483481
483491
483499
483503
483523
483541
483551
483557
483563
483577
483611
483619
483629
483643
483649
483671
483697
483709
483719
483727
483733
483751
483757
483761
483767
483773
483787
483809
483811
483827
483829
483839
483853
483863
483869
483883
483907
483929
483937
483953
483971
483991
484019
484027
484037
484061
484067
484079
484091
484111
484117
484123
484129
484151
484153
484171
484181
484193
484201
484207
484229
484243
484259
484283
484301
484303
484327
484339
484361
484369
484373
484397
484411
484417
484439
484447
484457
484459
484487
484489
484493
484531
484543
484577
484597
484607
484609
484613
484621
484639
484643
484691
484703
484727
484733
484751
484763
484769
484777
484787
484829
484853
484867
484927
484951
484987
484999
485021
485029
485041
485053
485059
485063
485081
485101
485113
485123
485131
485137
485161
485167
485171
485201
485207
485209
485263
485311
485347
485351
485363
485371
485383
485389
485411
485417
485423
485437
485447
485479
485497
485509
485519
485543
485567
485587
485593
485603
485609
485647
485657
485671
485689
485701
485717
485729
485731
485753
485777
485819
485827
485831
485833
485893
485899
485909
485923
485941
485959
485977
485993
486023
486037
486041
486043
486053
486061
486071
486091
486103
486119
486133
486139
486163
486179
486181
486193
486203
486221
486223
486247
486281
486293
486307
486313
486323
486329
486331
486341
486349
486377
486379
486389
486391
486397
486407
486433
486443
486449
486481
486491
486503
486509
486511
486527
486539
486559
486569
486583
486589
486601
486617
486637
486641
486643
486653
486667
486671
486677
486679
486683
486697
486713
486721
486757
486767
486769
486781
486797
486817
486821
486833
486839
486869
486907
486923
486929
486943
486947
486949
486971
486977
486991
487007
487013
487021
487049
487051
487057
487073
487079
487093
487099
487111
487133
487177
487183
487187
487211
487213
487219
487247
487261
487283
487303
487307
487313
487349
487363
487381
487387
487391
487397
487423
487427
487429
487447
487457
487463
487469
487471
487477
487481
487489
487507
487561
487589
487601
487603
487607
487637
487649
487651
487657
487681
487691
487703
487709
487717
487727
487733
487741
487757
487769
487783
487789
487793
487811
487819
487829
487831
487843
487873
487889
487891
487897
487933
487943
487973
487979
487997
488003
488009
488011
488021
488051
488057
488069
488119
488143
488149
488153
488161
488171
488197
488203
488207
488209
488227
488231
488233
488239
488249
488261
488263
488287
488303
488309
488311
488317
488321
488329
488333
488339
488347
488353
488381
488399
488401
488407
488417
488419
488441
488459
488473
488503
488513
488539
488567
488573
There are 628 prime numbers in S116.
