S117(488593~497016)
488603
488611
488617
488627
488633
488639
488641
488651
488687
488689
488701
488711
488717
488723
488729
488743
488749
488759
488779
488791
488797
488821
488827
488833
488861
488879
488893
488897
488909
488921
488947
488959
488981
488993
489001
489011
489019
489043
489053
489061
489101
489109
489113
489127
489133
489157
489161
489179
489191
489197
489217
489239
489241
489257
489263
489283
489299
489329
489337
489343
489361
489367
489389
489407
489409
489427
489431
489439
489449
489457
489479
489487
489493
489529
489539
489551
489553
489557
489571
489613
489631
489653
489659
489673
489677
489679
489689
489691
489733
489743
489761
489791
489793
489799
489803
489817
489823
489833
489847
489851
489869
489871
489887
489901
489911
489913
489941
489943
489959
489961
489977
489989
490001
490003
490019
490031
490033
490057
490097
490103
490111
490117
490121
490151
490159
490169
490183
490201
490207
490223
490241
490247
490249
490267
490271
490277
490283
490309
490313
490339
490367
490393
490417
490421
490453
490459
490463
490481
490493
490499
490519
490537
490541
490543
490549
490559
490571
490573
490577
490579
490591
490619
490627
490631
490643
490661
490663
490697
490733
490741
490769
490771
490783
490829
490837
490849
490859
490877
490891
490913
490921
490927
490937
490949
490951
490957
490967
490969
490991
490993
491003
491039
491041
491059
491081
491083
491129
491137
491149
491159
491167
491171
491201
491213
491219
491251
491261
491273
491279
491297
491299
491327
491329
491333
491339
491341
491353
491357
491371
491377
491417
491423
491429
491461
491483
491489
491497
491501
491503
491527
491531
491537
491539
491581
491591
491593
491611
491627
491633
491639
491651
491653
491669
491677
491707
491719
491731
491737
491747
491773
491783
491789
491797
491819
491833
491837
491851
491857
491867
491873
491899
491923
491951
491969
491977
491983
492007
492013
492017
492029
492047
492053
492059
492061
492067
492077
492083
492103
492113
492227
492251
492253
492257
492281
492293
492299
492319
492377
492389
492397
492403
492409
492413
492421
492431
492463
492467
492487
492491
492511
492523
492551
492563
492587
492601
492617
492619
492629
492631
492641
492647
492659
492671
492673
492707
492719
492721
492731
492757
492761
492763
492769
492781
492799
492839
492853
492871
492883
492893
492901
492911
492967
492979
493001
493013
493021
493027
493043
493049
493067
493093
493109
493111
493121
493123
493127
493133
493139
493147
493159
493169
493177
493193
493201
493211
493217
493219
493231
493243
493249
493277
493279
493291
493301
493313
493333
493351
493369
493393
493397
493399
493403
493433
493447
493457
493463
493481
493523
493531
493541
493567
493573
493579
493583
493607
493621
493627
493643
493657
493693
493709
493711
493721
493729
493733
493747
493777
493793
493807
493811
493813
493817
493853
493859
493873
493877
493897
493919
493931
493937
493939
493967
493973
493979
493993
494023
494029
494041
494051
494069
494077
494083
494093
494101
494107
494129
494141
494147
494167
494191
494213
494237
494251
494257
494267
494269
494281
494287
494317
494327
494341
494353
494359
494369
494381
494383
494387
494407
494413
494441
494443
494471
494497
494519
494521
494539
494561
494563
494567
494587
494591
494609
494617
494621
494639
494647
494651
494671
494677
494687
494693
494699
494713
494719
494723
494731
494737
494743
494749
494759
494761
494783
494789
494803
494843
494849
494873
494899
494903
494917
494927
494933
494939
494959
494987
495017
495037
495041
495043
495067
495071
495109
495113
495119
495133
495139
495149
495151
495161
495181
495199
495211
495221
495241
495269
495277
495289
495301
495307
495323
495337
495343
495347
495359
495361
495371
495377
495389
495401
495413
495421
495433
495437
495449
495457
495461
495491
495511
495527
495557
495559
495563
495569
495571
495587
495589
495611
495613
495617
495619
495629
495637
495647
495667
495679
495701
495707
495713
495749
495751
495757
495769
495773
495787
495791
495797
495799
495821
495827
495829
495851
495877
495893
495899
495923
495931
495947
495953
495959
495967
495973
495983
496007
496019
496039
496051
496063
496073
496079
496123
496127
496163
496187
496193
496211
496229
496231
496259
496283
496289
496291
496297
496303
496313
496333
496339
496343
496381
496399
496427
496439
496453
496459
496471
496477
496481
496487
496493
496499
496511
496549
496579
496583
496609
496631
496669
496681
496687
496703
496711
496733
496747
496763
496789
496813
496817
496841
496849
496871
496877
496889
496891
496897
496901
496913
496919
496949
496963
496997
496999
497011
There are 651 prime numbers in S117.
