S118(497017~505512)
497017
497041
497047
497051
497069
497093
497111
497113
497117
497137
497141
497153
497171
497177
497197
497239
497257
497261
497269
497279
497281
497291
497297
497303
497309
497323
497339
497351
497389
497411
497417
497423
497449
497461
497473
497479
497491
497501
497507
497509
497521
497537
497551
497557
497561
497579
497587
497597
497603
497633
497659
497663
497671
497677
497689
497701
497711
497719
497729
497737
497741
497771
497773
497801
497813
497831
497839
497851
497867
497869
497873
497899
497929
497957
497963
497969
497977
497989
497993
497999
498013
498053
498061
498073
498089
498101
498103
498119
498143
498163
498167
498181
498209
498227
498257
498259
498271
498301
498331
498343
498361
498367
498391
498397
498401
498403
498409
498439
498461
498467
498469
498493
498497
498521
498523
498527
498551
498557
498577
498583
498599
498611
498613
498643
498647
498653
498679
498689
498691
498733
498739
498749
498761
498767
498779
498781
498787
498791
498803
498833
498857
498859
498881
498907
498923
498931
498937
498947
498961
498973
498977
498989
499021
499027
499033
499039
499063
499067
499099
499117
499127
499129
499133
499139
499141
499151
499157
499159
499181
499183
499189
499211
499229
499253
499267
499277
499283
499309
499321
499327
499349
499361
499363
499391
499397
499403
499423
499439
499459
499481
499483
499493
499507
499519
499523
499549
499559
499571
499591
499601
499607
499621
499633
499637
499649
499661
499663
499669
499673
499679
499687
499691
499693
499711
499717
499729
499739
499747
499781
499787
499801
499819
499853
499879
499883
499897
499903
499927
499943
499957
499969
499973
499979
500009
500029
500041
500057
500069
500083
500107
500111
500113
500119
500153
500167
500173
500177
500179
500197
500209
500231
500233
500237
500239
500249
500257
500287
500299
500317
500321
500333
500341
500363
500369
500389
500393
500413
500417
500431
500443
500459
500471
500473
500483
500501
500509
500519
500527
500567
500579
500587
500603
500629
500671
500677
500693
500699
500713
500719
500723
500729
500741
500777
500791
500807
500809
500831
500839
500861
500873
500881
500887
500891
500909
500911
500921
500923
500933
500947
500953
500957
500977
501001
501013
501019
501029
501031
501037
501043
501077
501089
501103
501121
501131
501133
501139
501157
501173
501187
501191
501197
501203
501209
501217
501223
501229
501233
501257
501271
501287
501299
501317
501341
501343
501367
501383
501401
501409
501419
501427
501451
501463
501493
501503
501511
501563
501577
501593
501601
501617
501623
501637
501659
501691
501701
501703
501707
501719
501731
501769
501779
501803
501817
501821
501827
501829
501841
501863
501889
501911
501931
501947
501953
501967
501971
501997
502001
502013
502039
502043
502057
502063
502079
502081
502087
502093
502121
502133
502141
502171
502181
502217
502237
502247
502259
502261
502277
502301
502321
502339
502393
502409
502421
502429
502441
502451
502487
502499
502501
502507
502517
502543
502549
502553
502591
502597
502613
502631
502633
502643
502651
502669
502687
502699
502703
502717
502729
502769
502771
502781
502787
502807
502819
502829
502841
502847
502861
502883
502919
502921
502937
502961
502973
503003
503017
503039
503053
503077
503123
503131
503137
503147
503159
503197
503207
503213
503227
503231
503233
503249
503267
503287
503297
503303
503317
503339
503351
503359
503369
503381
503383
503389
503407
503413
503423
503431
503441
503453
503483
503501
503543
503549
503551
503563
503593
503599
503609
503611
503621
503623
503647
503653
503663
503707
503717
503743
503753
503771
503777
503779
503791
503803
503819
503821
503827
503851
503857
503869
503879
503911
503927
503929
503939
503947
503959
503963
503969
503983
503989
504001
504011
504017
504047
504061
504073
504103
504121
504139
504143
504149
504151
504157
504181
504187
504197
504209
504221
504247
504269
504289
504299
504307
504311
504323
504337
504349
504353
504359
504377
504379
504389
504403
504457
504461
504473
504479
504521
504523
504527
504547
504563
504593
504599
504607
504617
504619
504631
504661
504667
504671
504677
504683
504727
504767
504787
504797
504799
504817
504821
504851
504853
504857
504871
504877
504893
504901
504929
504937
504943
504947
504953
504967
504983
504989
504991
505027
505031
505033
505049
505051
505061
505067
505073
505091
505097
505111
505117
505123
505129
505139
505157
505159
505181
505187
505201
505213
505231
505237
505277
505279
505283
505301
505313
505319
505321
505327
505339
505357
505367
505369
505399
505409
505411
505429
505447
505459
505469
505481
505493
505501
505511
There are 651 prime numbers in S118.
