S120(514081~522720)
514081
514093
514103
514117
514123
514127
514147
514177
514187
514201
514219
514229
514243
514247
514249
514271
514277
514289
514309
514313
514333
514343
514357
514361
514379
514399
514417
514429
514433
514453
514499
514513
514519
514523
514529
514531
514543
514561
514571
514621
514637
514639
514643
514649
514651
514669
514681
514711
514733
514739
514741
514747
514751
514757
514769
514783
514793
514819
514823
514831
514841
514847
514853
514859
514867
514873
514889
514903
514933
514939
514949
514967
515041
515087
515089
515111
515143
515149
515153
515173
515191
515227
515231
515233
515237
515279
515293
515311
515323
515351
515357
515369
515371
515377
515381
515401
515429
515477
515507
515519
515539
515563
515579
515587
515597
515611
515621
515639
515651
515653
515663
515677
515681
515687
515693
515701
515737
515741
515761
515771
515773
515777
515783
515803
515813
515839
515843
515857
515861
515873
515887
515917
515923
515929
515941
515951
515969
515993
516017
516023
516049
516053
516077
516091
516127
516151
516157
516161
516163
516169
516179
516193
516199
516209
516223
516227
516233
516247
516251
516253
516277
516283
516293
516319
516323
516349
516359
516361
516371
516377
516391
516407
516421
516431
516433
516437
516449
516457
516469
516493
516499
516517
516521
516539
516541
516563
516587
516589
516599
516611
516617
516619
516623
516643
516653
516673
516679
516689
516701
516709
516713
516721
516727
516757
516793
516811
516821
516829
516839
516847
516871
516877
516883
516907
516911
516931
516947
516949
516959
516973
516977
516979
516991
517003
517043
517061
517067
517073
517079
517081
517087
517091
517129
517151
517169
517177
517183
517189
517207
517211
517217
517229
517241
517243
517249
517261
517267
517277
517289
517303
517337
517343
517367
517373
517381
517393
517399
517403
517411
517417
517457
517459
517469
517471
517481
517487
517499
517501
517507
517511
517513
517547
517549
517553
517571
517577
517589
517597
517603
517609
517613
517619
517637
517639
517711
517717
517721
517729
517733
517739
517747
517817
517823
517831
517861
517873
517877
517901
517919
517927
517931
517949
517967
517981
517991
517999
518017
518047
518057
518059
518083
518099
518101
518113
518123
518129
518131
518137
518153
518159
518171
518179
518191
518207
518209
518233
518237
518239
518249
518261
518291
518299
518311
518327
518341
518387
518389
518411
518417
518429
518431
518447
518467
518471
518473
518509
518521
518533
518543
518579
518587
518597
518611
518621
518657
518689
518699
518717
518729
518737
518741
518743
518747
518759
518761
518767
518779
518801
518803
518807
518809
518813
518831
518863
518867
518893
518911
518933
518953
518981
518983
518989
519011
519031
519037
519067
519083
519089
519091
519097
519107
519119
519121
519131
519151
519161
519193
519217
519227
519229
519247
519257
519269
519283
519287
519301
519307
519349
519353
519359
519371
519373
519383
519391
519413
519427
519433
519457
519487
519499
519509
519521
519523
519527
519539
519551
519553
519577
519581
519587
519611
519619
519643
519647
519667
519683
519691
519703
519713
519733
519737
519769
519787
519793
519797
519803
519817
519863
519881
519889
519907
519917
519919
519923
519931
519943
519947
519971
519989
519997
520019
520021
520031
520043
520063
520067
520073
520103
520111
520123
520129
520151
520193
520213
520241
520279
520291
520297
520307
520309
520313
520339
520349
520357
520361
520363
520369
520379
520381
520393
520409
520411
520423
520427
520433
520447
520451
520529
520547
520549
520567
520571
520589
520607
520609
520621
520631
520633
520649
520679
520691
520699
520703
520717
520721
520747
520759
520763
520787
520813
520837
520841
520853
520867
520889
520913
520921
520943
520957
520963
520967
520969
520981
521009
521021
521023
521039
521041
521047
521051
521063
521107
521119
521137
521153
521161
521167
521173
521177
521179
521201
521231
521243
521251
521267
521281
521299
521309
521317
521329
521357
521359
521363
521369
521377
521393
521399
521401
521429
521447
521471
521483
521491
521497
521503
521519
521527
521533
521537
521539
521551
521557
521567
521581
521603
521641
521657
521659
521669
521671
521693
521707
521723
521743
521749
521753
521767
521777
521789
521791
521809
521813
521819
521831
521861
521869
521879
521881
521887
521897
521903
521923
521929
521981
521993
521999
522017
522037
522047
522059
522061
522073
522079
522083
522113
522127
522157
522161
522167
522191
522199
522211
522227
522229
522233
522239
522251
522259
522281
522283
522289
522317
522323
522337
522371
522373
522383
522391
522409
522413
522439
522449
522469
522479
522497
522517
522521
522523
522541
522553
522569
522601
522623
522637
522659
522661
522673
522677
522679
522689
522703
522707
522719
There are 673 prime numbers in S120.
