S121(522721~531432)
522737
522749
522757
522761
522763
522787
522811
522827
522829
522839
522853
522857
522871
522881
522883
522887
522919
522943
522947
522959
522961
522989
523007
523021
523031
523049
523093
523097
523109
523129
523169
523177
523207
523213
523219
523261
523297
523307
523333
523349
523351
523357
523387
523403
523417
523427
523433
523459
523463
523487
523489
523493
523511
523519
523541
523543
523553
523571
523573
523577
523597
523603
523631
523637
523639
523657
523667
523669
523673
523681
523717
523729
523741
523759
523763
523771
523777
523793
523801
523829
523847
523867
523877
523903
523907
523927
523937
523949
523969
523987
523997
524047
524053
524057
524063
524071
524081
524087
524099
524113
524119
524123
524149
524171
524189
524197
524201
524203
524219
524221
524231
524243
524257
524261
524269
524287
524309
524341
524347
524351
524353
524369
524387
524389
524411
524413
524429
524453
524497
524507
524509
524519
524521
524591
524593
524599
524633
524669
524681
524683
524701
524707
524731
524743
524789
524801
524803
524827
524831
524857
524863
524869
524873
524893
524899
524921
524933
524939
524941
524947
524957
524959
524963
524969
524971
524981
524983
524999
525001
525013
525017
525029
525043
525101
525127
525137
525143
525157
525163
525167
525191
525193
525199
525209
525221
525241
525247
525253
525257
525299
525313
525353
525359
525361
525373
525377
525379
525391
525397
525409
525431
525433
525439
525457
525461
525467
525491
525493
525517
525529
525533
525541
525571
525583
525593
525599
525607
525641
525649
525671
525677
525697
525709
525713
525719
525727
525731
525739
525769
525773
525781
525809
525817
525839
525869
525871
525887
525893
525913
525923
525937
525947
525949
525953
525961
525979
525983
526027
526037
526049
526051
526063
526067
526069
526073
526087
526117
526121
526139
526157
526159
526189
526193
526199
526213
526223
526231
526249
526271
526283
526289
526291
526297
526307
526367
526373
526381
526387
526391
526397
526423
526429
526441
526453
526459
526483
526499
526501
526511
526531
526543
526571
526573
526583
526601
526619
526627
526633
526637
526649
526651
526657
526667
526679
526681
526703
526709
526717
526733
526739
526741
526759
526763
526777
526781
526829
526831
526837
526853
526859
526871
526909
526913
526931
526937
526943
526951
526957
526963
526993
526997
527053
527057
527063
527069
527071
527081
527099
527123
527129
527143
527159
527161
527173
527179
527203
527207
527209
527237
527251
527273
527281
527291
527327
527333
527347
527353
527377
527381
527393
527399
527407
527411
527419
527441
527447
527453
527489
527507
527533
527557
527563
527581
527591
527599
527603
527623
527627
527633
527671
527699
527701
527729
527741
527749
527753
527789
527803
527809
527819
527843
527851
527869
527881
527897
527909
527921
527929
527941
527981
527983
527987
527993
528001
528013
528041
528043
528053
528091
528097
528107
528127
528131
528137
528163
528167
528191
528197
528217
528223
528247
528263
528289
528299
528313
528317
528329
528373
528383
528391
528401
528403
528413
528419
528433
528469
528487
528491
528509
528511
528527
528559
528611
528623
528629
528631
528659
528667
528673
528679
528691
528707
528709
528719
528763
528779
528791
528799
528811
528821
528823
528833
528863
528877
528881
528883
528911
528929
528947
528967
528971
528973
528991
529003
529007
529027
529033
529037
529043
529049
529051
529097
529103
529117
529121
529127
529129
529153
529157
529181
529183
529213
529229
529237
529241
529259
529271
529273
529301
529307
529313
529327
529343
529349
529357
529381
529393
529411
529421
529423
529471
529489
529513
529517
529519
529531
529547
529577
529579
529603
529619
529637
529649
529657
529673
529681
529687
529691
529693
529709
529723
529741
529747
529751
529807
529811
529813
529819
529829
529847
529871
529927
529933
529939
529957
529961
529973
529979
529981
529987
529999
530017
530021
530027
530041
530051
530063
530087
530093
530129
530137
530143
530177
530183
530197
530203
530209
530227
530237
530249
530251
530261
530267
530279
530293
530297
530303
530329
530333
530339
530353
530359
530389
530393
530401
530429
530443
530447
530501
530507
530513
530527
530531
530533
530539
530549
530567
530597
530599
530603
530609
530641
530653
530659
530669
530693
530701
530711
530713
530731
530741
530743
530753
530767
530773
530797
530807
530833
530837
530843
530851
530857
530861
530869
530897
530911
530947
530969
530977
530983
530989
531017
531023
531043
531071
531079
531101
531103
531121
531133
531143
531163
531169
531173
531197
531203
531229
531239
531253
531263
531281
531287
531299
531331
531337
531343
531347
531353
531359
531383
There are 660 prime numbers in S121.
