S122(531433~540216)
531457
531481
531497
531521
531547
531551
531569
531571
531581
531589
531611
531613
531623
531631
531637
531667
531673
531689
531701
531731
531793
531799
531821
531823
531827
531833
531841
531847
531857
531863
531871
531877
531901
531911
531919
531977
531983
531989
531997
532001
532009
532027
532033
532061
532069
532093
532099
532141
532153
532159
532163
532183
532187
532193
532199
532241
532249
532261
532267
532277
532283
532307
532313
532327
532331
532333
532349
532373
532379
532391
532403
532417
532421
532439
532447
532451
532453
532489
532501
532523
532529
532531
532537
532547
532561
532601
532603
532607
532619
532621
532633
532639
532663
532669
532687
532691
532709
532733
532739
532751
532757
532771
532781
532783
532789
532801
532811
532823
532849
532853
532867
532907
532919
532949
532951
532981
532993
532999
533003
533009
533011
533033
533051
533053
533063
533077
533089
533111
533129
533149
533167
533177
533189
533191
533213
533219
533227
533237
533249
533257
533261
533263
533297
533303
533317
533321
533327
533353
533363
533371
533389
533399
533413
533447
533453
533459
533509
533543
533549
533573
533581
533593
533633
533641
533671
533693
533711
533713
533719
533723
533737
533747
533777
533801
533809
533821
533831
533837
533857
533879
533887
533893
533909
533921
533927
533959
533963
533969
533971
533989
533993
533999
534007
534013
534019
534029
534043
534047
534049
534059
534073
534077
534091
534101
534113
534137
534167
534173
534199
534203
534211
534229
534241
534253
534283
534301
534307
534311
534323
534329
534341
534367
534371
534403
534407
534431
534439
534473
534491
534511
534529
534553
534571
534577
534581
534601
534607
534617
534629
534631
534637
534647
534649
534659
534661
534671
534697
534707
534739
534799
534811
534827
534839
534841
534851
534857
534883
534889
534913
534923
534931
534943
534949
534971
535013
535019
535033
535037
535061
535099
535103
535123
535133
535151
535159
535169
535181
535193
535207
535219
535229
535237
535243
535273
535303
535319
535333
535349
535351
535361
535387
535391
535399
535481
535487
535489
535499
535511
535523
535529
535547
535571
535573
535589
535607
535609
535627
535637
535663
535669
535673
535679
535697
535709
535727
535741
535751
535757
535771
535783
535793
535811
535849
535859
535861
535879
535919
535937
535939
535943
535957
535967
535973
535991
535999
536017
536023
536051
536057
536059
536069
536087
536099
536101
536111
536141
536147
536149
536189
536191
536203
536213
536219
536227
536233
536243
536267
536273
536279
536281
536287
536293
536311
536323
536353
536357
536377
536399
536407
536423
536441
536443
536447
536449
536453
536461
536467
536479
536491
536509
536513
536531
536533
536561
536563
536593
536609
536621
536633
536651
536671
536677
536687
536699
536717
536719
536729
536743
536749
536771
536773
536777
536779
536791
536801
536803
536839
536849
536857
536867
536869
536891
536909
536917
536923
536929
536933
536947
536953
536971
536989
536999
537001
537007
537011
537023
537029
537037
537041
537067
537071
537079
537091
537127
537133
537143
537157
537169
537181
537191
537197
537221
537233
537241
537269
537281
537287
537307
537331
537343
537347
537373
537379
537401
537403
537413
537497
537527
537547
537569
537583
537587
537599
537611
537637
537661
537673
537679
537703
537709
537739
537743
537749
537769
537773
537781
537787
537793
537811
537841
537847
537853
537877
537883
537899
537913
537919
537941
537991
538001
538019
538049
538051
538073
538079
538093
538117
538121
538123
538127
538147
538151
538157
538159
538163
538199
538201
538247
538249
538259
538267
538283
538297
538301
538303
538309
538331
538333
538357
538367
538397
538399
538411
538423
538457
538471
538481
538487
538511
538513
538519
538523
538529
538553
538561
538567
538579
538589
538597
538621
538649
538651
538697
538709
538711
538721
538723
538739
538751
538763
538771
538777
538789
538799
538801
538817
538823
538829
538841
538871
538877
538921
538927
538931
538939
538943
538987
539003
539009
539039
539047
539089
539093
539101
539107
539111
539113
539129
539141
539153
539159
539167
539171
539207
539219
539233
539237
539261
539267
539269
539293
539303
539309
539311
539321
539323
539339
539347
539351
539389
539401
539447
539449
539479
539501
539503
539507
539509
539533
539573
539621
539629
539633
539639
539641
539653
539663
539677
539687
539711
539713
539723
539729
539743
539761
539783
539797
539837
539839
539843
539849
539863
539881
539897
539899
539921
539947
539993
540041
540061
540079
540101
540119
540121
540139
540149
540157
540167
540173
540179
540181
540187
540203
There are 653 prime numbers in S122.
