S124(549073~558000)
549089
549091
549097
549121
549139
549149
549161
549163
549167
549169
549193
549203
549221
549229
549247
549257
549259
549281
549313
549319
549323
549331
549379
549391
549403
549421
549431
549443
549449
549481
549503
549509
549511
549517
549533
549547
549551
549553
549569
549587
549589
549607
549623
549641
549643
549649
549667
549683
549691
549701
549707
549713
549719
549733
549737
549739
549749
549751
549767
549817
549833
549839
549863
549877
549883
549911
549937
549943
549949
549977
549979
550007
550009
550027
550049
550061
550063
550073
550111
550117
550127
550129
550139
550163
550169
550177
550181
550189
550211
550213
550241
550267
550279
550283
550289
550309
550337
550351
550369
550379
550427
550439
550441
550447
550457
550469
550471
550489
550513
550519
550531
550541
550553
550577
550607
550609
550621
550631
550637
550651
550657
550661
550663
550679
550691
550703
550717
550721
550733
550757
550763
550789
550801
550811
550813
550831
550841
550843
550859
550861
550903
550909
550937
550939
550951
550961
550969
550973
550993
550997
551003
551017
551027
551039
551059
551063
551069
551093
551099
551107
551113
551129
551143
551179
551197
551207
551219
551231
551233
551269
551281
551297
551311
551321
551339
551347
551363
551381
551387
551407
551423
551443
551461
551483
551489
551503
551519
551539
551543
551549
551557
551569
551581
551587
551597
551651
551653
551659
551671
551689
551693
551713
551717
551723
551729
551731
551743
551753
551767
551773
551801
551809
551813
551843
551849
551861
551909
551911
551917
551927
551933
551951
551959
551963
551981
552001
552011
552029
552031
552047
552053
552059
552089
552091
552103
552107
552113
552127
552137
552179
552193
552217
552239
552241
552259
552263
552271
552283
552301
552317
552341
552353
552379
552397
552401
552403
552469
552473
552481
552491
552493
552511
552523
552527
552553
552581
552583
552589
552611
552649
552659
552677
552703
552707
552709
552731
552749
552751
552757
552787
552791
552793
552809
552821
552833
552841
552847
552859
552883
552887
552899
552913
552917
552971
552983
552991
553013
553037
553043
553051
553057
553067
553073
553093
553097
553099
553103
553123
553139
553141
553153
553171
553181
553193
553207
553211
553229
553249
553253
553277
553279
553309
553351
553363
553369
553411
553417
553433
553439
553447
553457
553463
553471
553481
553507
553513
553517
553529
553543
553549
553561
553573
553583
553589
553591
553601
553607
553627
553643
553649
553667
553681
553687
553699
553703
553727
553733
553747
553757
553759
553769
553789
553811
553837
553849
553867
553873
553897
553901
553919
553921
553933
553961
553963
553981
553991
554003
554011
554017
554051
554077
554087
554089
554117
554123
554129
554137
554167
554171
554179
554189
554207
554209
554233
554237
554263
554269
554293
554299
554303
554317
554347
554377
554383
554417
554419
554431
554447
554453
554467
554503
554527
554531
554569
554573
554597
554611
554627
554633
554639
554641
554663
554669
554677
554699
554707
554711
554731
554747
554753
554759
554767
554779
554789
554791
554797
554803
554821
554833
554837
554839
554843
554849
554887
554891
554893
554899
554923
554927
554951
554959
554969
554977
555029
555041
555043
555053
555073
555077
555083
555091
555097
555109
555119
555143
555167
555209
555221
555251
555253
555257
555277
555287
555293
555301
555307
555337
555349
555361
555383
555391
555419
555421
555439
555461
555487
555491
555521
555523
555557
555589
555593
555637
555661
555671
555677
555683
555691
555697
555707
555739
555743
555761
555767
555823
555827
555829
555853
555857
555871
555931
555941
555953
555967
556007
556021
556027
556037
556043
556051
556067
556069
556093
556103
556123
556159
556177
556181
556211
556219
556229
556243
556253
556261
556267
556271
556273
556279
556289
556313
556321
556327
556331
556343
556351
556373
556399
556403
556441
556459
556477
556483
556487
556513
556519
556537
556559
556573
556579
556583
556601
556607
556609
556613
556627
556639
556651
556679
556687
556691
556693
556697
556709
556723
556727
556741
556753
556763
556769
556781
556789
556793
556799
556811
556817
556819
556823
556841
556849
556859
556861
556867
556883
556891
556931
556939
556943
556957
556967
556981
556987
556999
557017
557021
557027
557033
557041
557057
557059
557069
557087
557093
557153
557159
557197
557201
557261
557269
557273
557281
557303
557309
557321
557329
557339
557369
557371
557377
557423
557443
557449
557461
557483
557489
557519
557521
557533
557537
557551
557567
557573
557591
557611
557633
557639
557663
557671
557693
557717
557729
557731
557741
557743
557747
557759
557761
557779
557789
557801
557803
557831
557857
557861
557863
557891
557899
557903
557927
557981
557987
There are 670 prime numbers in S124.
