S125(558001~567000)
558007
558017
558029
558053
558067
558083
558091
558109
558113
558121
558139
558149
558167
558179
558197
558203
558209
558223
558241
558251
558253
558287
558289
558307
558319
558343
558401
558413
558421
558427
558431
558457
558469
558473
558479
558491
558497
558499
558521
558529
558533
558539
558541
558563
558583
558587
558599
558611
558629
558643
558661
558683
558703
558721
558731
558757
558769
558781
558787
558791
558793
558827
558829
558863
558869
558881
558893
558913
558931
558937
558947
558973
558979
558997
559001
559049
559051
559067
559081
559093
559099
559123
559133
559157
559177
559183
559201
559211
559213
559217
559219
559231
559243
559259
559277
559297
559313
559319
559343
559357
559367
559369
559397
559421
559451
559459
559469
559483
559511
559513
559523
559529
559541
559547
559549
559561
559571
559577
559583
559591
559597
559631
559633
559639
559649
559667
559673
559679
559687
559703
559709
559739
559747
559777
559781
559799
559807
559813
559831
559841
559849
559859
559877
559883
559901
559907
559913
559939
559967
559973
559991
560017
560023
560029
560039
560047
560081
560083
560089
560093
560107
560113
560117
560123
560137
560149
560159
560171
560173
560179
560191
560207
560213
560221
560227
560233
560237
560239
560243
560249
560281
560293
560297
560299
560311
560317
560341
560353
560393
560411
560437
560447
560459
560471
560477
560479
560489
560491
560501
560503
560531
560543
560551
560561
560597
560617
560621
560639
560641
560653
560669
560683
560689
560701
560719
560737
560753
560761
560767
560771
560783
560797
560803
560827
560837
560863
560869
560873
560887
560891
560893
560897
560929
560939
560941
560969
560977
561019
561047
561053
561059
561061
561079
561083
561091
561097
561101
561103
561109
561161
561173
561181
561191
561199
561229
561251
561277
561307
561313
561343
561347
561359
561367
561373
561377
561389
561409
561419
561439
561461
561521
561529
561551
561553
561559
561599
561607
561667
561703
561713
561733
561761
561767
561787
561797
561809
561829
561839
561907
561917
561923
561931
561943
561947
561961
561973
561983
561997
562007
562019
562021
562043
562091
562103
562129
562147
562169
562181
562193
562201
562231
562259
562271
562273
562283
562291
562297
562301
562307
562313
562333
562337
562349
562351
562357
562361
562399
562403
562409
562417
562421
562427
562439
562459
562477
562493
562501
562517
562519
562537
562577
562579
562589
562591
562607
562613
562621
562631
562633
562651
562663
562669
562673
562691
562693
562699
562703
562711
562721
562739
562753
562759
562763
562781
562789
562813
562831
562841
562871
562897
562901
562909
562931
562943
562949
562963
562967
562973
562979
562987
562997
563009
563011
563021
563039
563041
563047
563051
563077
563081
563099
563113
563117
563119
563131
563149
563153
563183
563197
563219
563249
563263
563287
563327
563351
563357
563359
563377
563401
563411
563413
563417
563419
563447
563449
563467
563489
563501
563503
563543
563551
563561
563587
563593
563599
563623
563657
563663
563723
563743
563747
563777
563809
563813
563821
563831
563837
563851
563869
563881
563887
563897
563929
563933
563947
563971
563987
563999
564013
564017
564041
564049
564059
564061
564089
564097
564103
564127
564133
564149
564163
564173
564191
564197
564227
564229
564233
564251
564257
564269
564271
564299
564301
564307
564313
564323
564353
564359
564367
564371
564373
564391
564401
564407
564409
564419
564437
564449
564457
564463
564467
564491
564497
564523
564533
564593
564607
564617
564643
564653
564667
564671
564679
564701
564703
564709
564713
564761
564779
564793
564797
564827
564871
564881
564899
564917
564919
564923
564937
564959
564973
564979
564983
564989
564997
565013
565039
565049
565057
565069
565109
565111
565127
565163
565171
565177
565183
565189
565207
565237
565241
565247
565259
565261
565273
565283
565289
565303
565319
565333
565337
565343
565361
565379
565381
565387
565391
565393
565427
565429
565441
565451
565463
565469
565483
565489
565507
565511
565517
565519
565549
565553
565559
565567
565571
565583
565589
565597
565603
565613
565637
565651
565661
565667
565723
565727
565769
565771
565787
565793
565813
565849
565867
565889
565891
565907
565909
565919
565921
565937
565973
565979
565997
566011
566023
566047
566057
566077
566089
566101
566107
566131
566149
566161
566173
566179
566183
566201
566213
566227
566231
566233
566273
566311
566323
566347
566387
566393
566413
566417
566429
566431
566437
566441
566443
566453
566521
566537
566539
566543
566549
566551
566557
566563
566567
566617
566633
566639
566653
566659
566677
566681
566693
566701
566707
566717
566719
566723
566737
566759
566767
566791
566821
566833
566851
566857
566879
566911
566939
566947
566963
566971
566977
566987
566999
There are 675 prime numbers in S125.
