S126(567001~576072)
567011
567013
567031
567053
567059
567067
567097
567101
567107
567121
567143
567179
567181
567187
567209
567257
567263
567277
567319
567323
567367
567377
567383
567389
567401
567407
567439
567449
567451
567467
567487
567493
567499
567527
567529
567533
567569
567601
567607
567631
567649
567653
567659
567661
567667
567673
567689
567719
567737
567751
567761
567767
567779
567793
567811
567829
567841
567857
567863
567871
567877
567881
567883
567899
567937
567943
567947
567949
567961
567979
567991
567997
568019
568027
568033
568049
568069
568091
568097
568109
568133
568151
568153
568163
568171
568177
568187
568189
568193
568201
568207
568231
568237
568241
568273
568279
568289
568303
568349
568363
568367
568387
568391
568433
568439
568441
568453
568471
568481
568493
568523
568541
568549
568577
568609
568619
568627
568643
568657
568669
568679
568691
568699
568709
568723
568751
568783
568787
568807
568823
568831
568853
568877
568891
568903
568907
568913
568921
568963
568979
568987
568991
568999
569003
569011
569021
569047
569053
569057
569071
569077
569081
569083
569111
569117
569137
569141
569159
569161
569189
569197
569201
569209
569213
569237
569243
569249
569251
569263
569267
569269
569321
569323
569369
569417
569419
569423
569431
569447
569461
569479
569497
569507
569533
569573
569579
569581
569599
569603
569609
569617
569623
569659
569663
569671
569683
569711
569713
569717
569729
569731
569747
569759
569771
569773
569797
569809
569813
569819
569831
569839
569843
569851
569861
569869
569887
569893
569897
569903
569927
569939
569957
569983
570001
570013
570029
570041
570043
570047
570049
570071
570077
570079
570083
570091
570107
570109
570113
570131
570139
570161
570173
570181
570191
570217
570221
570233
570253
570329
570359
570373
570379
570389
570391
570403
570407
570413
570419
570421
570461
570463
570467
570487
570491
570497
570499
570509
570511
570527
570529
570539
570547
570553
570569
570587
570601
570613
570637
570643
570649
570659
570667
570671
570677
570683
570697
570719
570733
570737
570743
570781
570821
570827
570839
570841
570851
570853
570859
570881
570887
570901
570919
570937
570949
570959
570961
570967
570991
571001
571019
571031
571037
571049
571069
571093
571099
571111
571133
571147
571157
571163
571199
571201
571211
571223
571229
571231
571261
571267
571279
571303
571321
571331
571339
571369
571381
571397
571399
571409
571433
571453
571471
571477
571531
571541
571579
571583
571589
571601
571603
571633
571657
571673
571679
571699
571709
571717
571721
571741
571751
571759
571777
571783
571789
571799
571801
571811
571841
571847
571853
571861
571867
571871
571873
571877
571903
571933
571939
571969
571973
572023
572027
572041
572051
572053
572059
572063
572069
572087
572093
572107
572137
572161
572177
572179
572183
572207
572233
572239
572251
572269
572281
572303
572311
572321
572323
572329
572333
572357
572387
572399
572417
572419
572423
572437
572449
572461
572471
572479
572491
572497
572519
572521
572549
572567
572573
572581
572587
572597
572599
572609
572629
572633
572639
572651
572653
572657
572659
572683
572687
572699
572707
572711
572749
572777
572791
572801
572807
572813
572821
572827
572833
572843
572867
572879
572881
572903
572909
572927
572933
572939
572941
572963
572969
572993
573007
573031
573047
573101
573107
573109
573119
573143
573161
573163
573179
573197
573247
573253
573263
573277
573289
573299
573317
573329
573341
573343
573371
573379
573383
573409
573437
573451
573457
573473
573479
573481
573487
573493
573497
573509
573511
573523
573527
573557
573569
573571
573637
573647
573673
573679
573691
573719
573737
573739
573757
573761
573763
573787
573791
573809
573817
573829
573847
573851
573863
573871
573883
573887
573899
573901
573929
573941
573953
573967
573973
573977
574003
574031
574033
574051
574061
574081
574099
574109
574127
574157
574159
574163
574169
574181
574183
574201
574219
574261
574279
574283
574289
574297
574307
574309
574363
574367
574373
574393
574423
574429
574433
574439
574477
574489
574493
574501
574507
574529
574543
574547
574597
574619
574621
574627
574631
574643
574657
574667
574687
574699
574703
574711
574723
574727
574733
574741
574789
574799
574801
574813
574817
574859
574907
574913
574933
574939
574949
574963
574967
574969
575009
575027
575033
575053
575063
575077
575087
575119
575123
575129
575131
575137
575153
575173
575177
575203
575213
575219
575231
575243
575249
575251
575257
575261
575303
575317
575359
575369
575371
575401
575417
575429
575431
575441
575473
575479
575489
575503
575513
575551
575557
575573
575579
575581
575591
575593
575611
575623
575647
575651
575669
575677
575689
575693
575699
575711
575717
575723
575747
575753
575777
575791
575821
575837
575849
575857
575863
575867
575893
575903
575921
575923
575941
575957
575959
575963
575987
576001
576013
576019
576029
576031
576041
576049
There are 691 prime numbers in S126.
