S127(576073~585216)
576089
576101
576119
576131
576151
576161
576167
576179
576193
576203
576211
576217
576221
576223
576227
576287
576293
576299
576313
576319
576341
576377
576379
576391
576421
576427
576431
576439
576461
576469
576473
576493
576509
576523
576529
576533
576539
576551
576553
576577
576581
576613
576617
576637
576647
576649
576659
576671
576677
576683
576689
576701
576703
576721
576727
576731
576739
576743
576749
576757
576769
576787
576791
576881
576883
576889
576899
576943
576949
576967
576977
577007
577009
577033
577043
577063
577067
577069
577081
577097
577111
577123
577147
577151
577153
577169
577177
577193
577219
577249
577259
577271
577279
577307
577327
577331
577333
577349
577351
577363
577387
577397
577399
577427
577453
577457
577463
577471
577483
577513
577517
577523
577529
577531
577537
577547
577559
577573
577589
577601
577613
577627
577637
577639
577667
577721
577739
577751
577757
577781
577799
577807
577817
577831
577849
577867
577873
577879
577897
577901
577909
577919
577931
577937
577939
577957
577979
577981
578021
578029
578041
578047
578063
578077
578093
578117
578131
578167
578183
578191
578203
578209
578213
578251
578267
578297
578299
578309
578311
578317
578327
578353
578363
578371
578399
578401
578407
578419
578441
578453
578467
578477
578483
578489
578497
578503
578509
578533
578537
578563
578573
578581
578587
578597
578603
578609
578621
578647
578659
578687
578689
578693
578701
578719
578729
578741
578777
578779
578789
578803
578819
578821
578827
578839
578843
578857
578861
578881
578917
578923
578957
578959
578971
578999
579011
579017
579023
579053
579079
579083
579107
579113
579119
579133
579179
579197
579199
579239
579251
579259
579263
579277
579281
579283
579287
579311
579331
579353
579379
579407
579409
579427
579433
579451
579473
579497
579499
579503
579517
579521
579529
579533
579539
579541
579563
579569
579571
579583
579587
579611
579613
579629
579637
579641
579643
579653
579673
579701
579707
579713
579721
579737
579757
579763
579773
579779
579809
579829
579851
579869
579877
579881
579883
579893
579907
579947
579949
579961
579967
579973
579983
580001
580031
580033
580079
580081
580093
580133
580163
580169
580183
580187
580201
580213
580219
580231
580259
580291
580301
580303
580331
580339
580343
580357
580361
580373
580379
580381
580409
580417
580471
580477
580487
580513
580529
580549
580553
580561
580577
580607
580627
580631
580633
580639
580663
580673
580687
580691
580693
580711
580717
580733
580747
580757
580759
580763
580787
580793
580807
580813
580837
580843
580859
580871
580889
580891
580901
580913
580919
580927
580939
580969
580981
580997
581029
581041
581047
581069
581071
581089
581099
581101
581137
581143
581149
581171
581173
581177
581183
581197
581201
581227
581237
581239
581261
581263
581293
581303
581311
581323
581333
581341
581351
581353
581369
581377
581393
581407
581411
581429
581443
581447
581459
581473
581491
581521
581527
581549
581551
581557
581573
581597
581599
581617
581639
581657
581663
581683
581687
581699
581701
581729
581731
581743
581753
581767
581773
581797
581809
581821
581843
581857
581863
581869
581873
581891
581909
581921
581941
581947
581953
581981
581983
582011
582013
582017
582031
582037
582067
582083
582119
582137
582139
582157
582161
582167
582173
582181
582203
582209
582221
582223
582227
582247
582251
582299
582317
582319
582371
582391
582409
582419
582427
582433
582451
582457
582469
582499
582509
582511
582541
582551
582563
582587
582601
582623
582643
582649
582677
582689
582691
582719
582721
582727
582731
582737
582761
582763
582767
582773
582781
582793
582809
582821
582851
582853
582859
582887
582899
582931
582937
582949
582961
582971
582973
582983
583007
583013
583019
583021
583031
583069
583087
583127
583139
583147
583153
583169
583171
583181
583189
583207
583213
583229
583237
583249
583267
583273
583279
583291
583301
583337
583339
583351
583367
583391
583397
583403
583409
583417
583421
583447
583459
583469
583481
583493
583501
583511
583519
583523
583537
583543
583577
583603
583613
583619
583621
583631
583651
583657
583669
583673
583697
583727
583733
583753
583769
583777
583783
583789
583801
583841
583853
583859
583861
583873
583879
583903
583909
583937
583969
583981
583991
583997
584011
584027
584033
584053
584057
584063
584081
584099
584141
584153
584167
584183
584203
584249
584261
584279
584281
584303
584347
584357
584359
584377
584387
584393
584399
584411
584417
584429
584447
584471
584473
584509
584531
584557
584561
584587
584593
584599
584603
584609
584621
584627
584659
584663
584677
584693
584699
584707
584713
584719
584723
584737
584767
584777
584789
584791
584809
584849
584863
584869
584873
584879
584897
584911
584917
584923
584951
584963
584971
584981
584993
584999
585019
585023
585031
585037
585041
585043
585049
585061
585071
585073
585077
585107
585113
585119
585131
585149
585163
585199
There are 694 prime numbers in S127.
