S129(594433~603720)
594449
594457
594467
594469
594499
594511
594521
594523
594533
594551
594563
594569
594571
594577
594617
594637
594641
594653
594667
594679
594697
594709
594721
594739
594749
594751
594773
594793
594821
594823
594827
594829
594857
594889
594899
594911
594917
594929
594931
594953
594959
594961
594977
594989
595003
595037
595039
595043
595057
595069
595073
595081
595087
595093
595097
595117
595123
595129
595139
595141
595157
595159
595181
595183
595201
595207
595229
595247
595253
595261
595267
595271
595277
595291
595303
595313
595319
595333
595339
595351
595363
595373
595379
595381
595411
595451
595453
595481
595513
595519
595523
595547
595549
595571
595577
595579
595613
595627
595687
595703
595709
595711
595717
595733
595741
595801
595807
595817
595843
595873
595877
595927
595939
595943
595949
595951
595957
595961
595963
595967
595981
596009
596021
596027
596047
596053
596059
596069
596081
596083
596093
596117
596119
596143
596147
596159
596179
596209
596227
596231
596243
596251
596257
596261
596273
596279
596291
596293
596317
596341
596363
596369
596399
596419
596423
596461
596489
596503
596507
596537
596569
596573
596579
596587
596593
596599
596611
596623
596633
596653
596663
596669
596671
596693
596707
596737
596741
596749
596767
596779
596789
596803
596821
596831
596839
596851
596857
596861
596863
596879
596899
596917
596927
596929
596933
596941
596963
596977
596983
596987
597031
597049
597053
597059
597073
597127
597131
597133
597137
597169
597209
597221
597239
597253
597263
597269
597271
597301
597307
597349
597353
597361
597367
597383
597391
597403
597407
597409
597419
597433
597437
597451
597473
597497
597521
597523
597539
597551
597559
597577
597581
597589
597593
597599
597613
597637
597643
597659
597671
597673
597677
597679
597689
597697
597757
597761
597767
597769
597781
597803
597823
597827
597833
597853
597859
597869
597889
597899
597901
597923
597929
597967
597997
598007
598049
598051
598057
598079
598093
598099
598123
598127
598141
598151
598159
598163
598187
598189
598193
598219
598229
598261
598303
598307
598333
598363
598369
598379
598387
598399
598421
598427
598439
598447
598457
598463
598487
598489
598501
598537
598541
598571
598613
598643
598649
598651
598657
598669
598681
598687
598691
598711
598721
598727
598729
598777
598783
598789
598799
598817
598841
598853
598867
598877
598883
598891
598903
598931
598933
598963
598967
598973
598981
598987
598999
599003
599009
599021
599023
599069
599087
599117
599143
599147
599149
599153
599191
599213
599231
599243
599251
599273
599281
599303
599309
599321
599341
599353
599359
599371
599383
599387
599399
599407
599413
599419
599429
599477
599479
599491
599513
599519
599537
599551
599561
599591
599597
599603
599611
599623
599629
599657
599663
599681
599693
599699
599701
599713
599719
599741
599759
599779
599783
599803
599831
599843
599857
599869
599891
599899
599927
599933
599939
599941
599959
599983
599993
599999
600011
600043
600053
600071
600073
600091
600101
600109
600167
600169
600203
600217
600221
600233
600239
600241
600247
600269
600283
600289
600293
600307
600311
600317
600319
600337
600359
600361
600367
600371
600401
600403
600407
600421
600433
600449
600451
600463
600469
600487
600517
600529
600557
600569
600577
600601
600623
600631
600641
600659
600673
600689
600697
600701
600703
600727
600751
600791
600823
600827
600833
600841
600857
600877
600881
600883
600889
600893
600931
600947
600949
600959
600961
600973
600979
600983
601021
601031
601037
601039
601043
601061
601067
601079
601093
601127
601147
601187
601189
601193
601201
601207
601219
601231
601241
601247
601259
601267
601283
601291
601297
601309
601313
601319
601333
601339
601357
601379
601397
601411
601423
601439
601451
601457
601487
601507
601541
601543
601589
601591
601607
601631
601651
601669
601687
601697
601717
601747
601751
601759
601763
601771
601801
601807
601813
601819
601823
601831
601849
601873
601883
601889
601897
601903
601943
601949
601961
601969
601981
602029
602033
602039
602047
602057
602081
602083
602087
602093
602099
602111
602137
602141
602143
602153
602179
602197
602201
602221
602227
602233
602257
602267
602269
602279
602297
602309
602311
602317
602321
602333
602341
602351
602377
602383
602401
602411
602431
602453
602461
602477
602479
602489
602501
602513
602521
602543
602551
602593
602597
602603
602621
602627
602639
602647
602677
602687
602689
602711
602713
602717
602729
602743
602753
602759
602773
602779
602801
602821
602831
602839
602867
602873
602887
602891
602909
602929
602947
602951
602971
602977
602983
602999
603011
603013
603023
603047
603077
603091
603101
603103
603131
603133
603149
603173
603191
603203
603209
603217
603227
603257
603283
603311
603319
603349
603389
603391
603401
603431
603443
603457
603467
603487
603503
603521
603523
603529
603541
603553
603557
603563
603569
603607
603613
603623
603641
603667
603679
603689
603719
There are 697 prime numbers in S129.
