S130(603721~613080)
603731
603739
603749
603761
603769
603781
603791
603793
603817
603821
603833
603847
603851
603853
603859
603881
603893
603899
603901
603907
603913
603917
603919
603923
603931
603937
603947
603949
603989
604001
604007
604013
604031
604057
604063
604069
604073
604171
604189
604223
604237
604243
604249
604259
604277
604291
604309
604313
604319
604339
604343
604349
604361
604369
604379
604397
604411
604427
604433
604441
604477
604481
604517
604529
604547
604559
604579
604589
604603
604609
604613
604619
604649
604651
604661
604697
604699
604711
604727
604729
604733
604753
604759
604781
604787
604801
604811
604819
604823
604829
604837
604859
604861
604867
604883
604907
604931
604939
604949
604957
604973
604997
605009
605021
605023
605039
605051
605069
605071
605113
605117
605123
605147
605167
605173
605177
605191
605221
605233
605237
605239
605249
605257
605261
605309
605323
605329
605333
605347
605369
605393
605401
605411
605413
605443
605471
605477
605497
605503
605509
605531
605533
605543
605551
605573
605593
605597
605599
605603
605609
605617
605629
605639
605641
605687
605707
605719
605779
605789
605809
605837
605849
605861
605867
605873
605879
605887
605893
605909
605921
605933
605947
605953
605977
605987
605993
606017
606029
606031
606037
606041
606049
606059
606077
606079
606083
606091
606113
606121
606131
606173
606181
606223
606241
606247
606251
606299
606301
606311
606313
606323
606341
606379
606383
606413
606433
606443
606449
606493
606497
606503
606521
606527
606539
606559
606569
606581
606587
606589
606607
606643
606649
606653
606659
606673
606721
606731
606733
606737
606743
606757
606791
606811
606829
606833
606839
606847
606857
606863
606899
606913
606919
606943
606959
606961
606967
606971
606997
607001
607003
607007
607037
607043
607049
607063
607067
607081
607091
607093
607097
607109
607127
607129
607147
607151
607153
607157
607163
607181
607199
607213
607219
607249
607253
607261
607301
607303
607307
607309
607319
607331
607337
607339
607349
607357
607363
607417
607421
607423
607471
607493
607517
607531
607549
607573
607583
607619
607627
607667
607669
607681
607697
607703
607721
607723
607727
607741
607769
607813
607819
607823
607837
607843
607861
607883
607889
607909
607921
607931
607933
607939
607951
607961
607967
607991
607993
608011
608029
608033
608087
608089
608099
608117
608123
608129
608131
608147
608161
608177
608191
608207
608213
608269
608273
608297
608299
608303
608339
608347
608357
608359
608369
608371
608383
608389
608393
608401
608411
608423
608429
608431
608459
608471
608483
608497
608519
608521
608527
608581
608591
608593
608609
608611
608633
608653
608659
608669
608677
608693
608701
608737
608743
608749
608759
608767
608789
608819
608831
608843
608851
608857
608863
608873
608887
608897
608899
608903
608941
608947
608953
608977
608987
608989
608999
609043
609047
609067
609071
609079
609101
609107
609113
609143
609149
609163
609173
609179
609199
609209
609221
609227
609233
609241
609253
609269
609277
609283
609289
609307
609313
609337
609359
609361
609373
609379
609391
609397
609403
609407
609421
609437
609443
609461
609487
609503
609509
609517
609527
609533
609541
609571
609589
609593
609599
609601
609607
609613
609617
609619
609641
609673
609683
609701
609709
609743
609751
609757
609779
609781
609803
609809
609821
609859
609877
609887
609907
609911
609913
609923
609929
609979
609989
609991
609997
610031
610063
610081
610123
610157
610163
610187
610193
610199
610217
610219
610229
610243
610271
610279
610289
610301
610327
610331
610339
610391
610409
610417
610429
610439
610447
610457
610469
610501
610523
610541
610543
610553
610559
610567
610579
610583
610619
610633
610639
610651
610661
610667
610681
610699
610703
610721
610733
610739
610741
610763
610781
610783
610787
610801
610817
610823
610829
610837
610843
610847
610849
610867
610877
610879
610891
610913
610919
610921
610933
610957
610969
610993
611011
611027
611033
611057
611069
611071
611081
611101
611111
611113
611131
611137
611147
611189
611207
611213
611257
611263
611279
611293
611297
611323
611333
611389
611393
611411
611419
611441
611449
611453
611459
611467
611483
611497
611531
611543
611549
611551
611557
611561
611587
611603
611621
611641
611657
611671
611693
611707
611729
611753
611791
611801
611803
611827
611833
611837
611839
611873
611879
611887
611903
611921
611927
611939
611951
611953
611957
611969
611977
611993
611999
612011
612023
612037
612041
612043
612049
612061
612067
612071
612083
612107
612109
612113
612133
612137
612149
612169
612173
612181
612193
612217
612223
612229
612259
612263
612301
612307
612317
612319
612331
612341
612349
612371
612373
612377
612383
612401
612407
612439
612481
612497
612511
612553
612583
612589
612611
612613
612637
612643
612649
612671
612679
612713
612719
612727
612737
612751
612763
612791
612797
612809
612811
612817
612823
612841
612847
612853
612869
612877
612889
612923
612929
612947
612967
612971
612977
613007
613009
613013
613049
613061
There are 709 prime numbers in S130.
