S132(622513~632016)
622513
622519
622529
622547
622549
622561
622571
622577
622603
622607
622613
622619
622621
622637
622639
622663
622669
622709
622723
622729
622751
622777
622781
622793
622813
622849
622861
622879
622889
622901
622927
622943
622957
622967
622987
622997
623003
623009
623017
623023
623041
623057
623059
623071
623107
623171
623209
623221
623261
623263
623269
623279
623281
623291
623299
623303
623321
623327
623341
623351
623353
623383
623387
623393
623401
623417
623423
623431
623437
623477
623521
623531
623537
623563
623591
623617
623621
623633
623641
623653
623669
623671
623677
623681
623683
623699
623717
623719
623723
623729
623743
623759
623767
623771
623803
623839
623851
623867
623869
623879
623881
623893
623923
623929
623933
623947
623957
623963
623977
623983
623989
624007
624031
624037
624047
624049
624067
624089
624097
624119
624133
624139
624149
624163
624191
624199
624203
624209
624229
624233
624241
624251
624259
624271
624277
624311
624313
624319
624329
624331
624347
624391
624401
624419
624443
624451
624467
624469
624479
624487
624497
624509
624517
624521
624539
624541
624577
624593
624599
624601
624607
624643
624649
624667
624683
624707
624709
624721
624727
624731
624737
624763
624769
624787
624791
624797
624803
624809
624829
624839
624847
624851
624859
624917
624961
624973
624977
624983
624997
625007
625033
625057
625063
625087
625103
625109
625111
625129
625133
625169
625171
625181
625187
625199
625213
625231
625237
625253
625267
625279
625283
625307
625319
625343
625351
625367
625369
625397
625409
625451
625477
625483
625489
625507
625517
625529
625543
625589
625591
625609
625621
625627
625631
625637
625643
625657
625661
625663
625697
625699
625763
625777
625789
625811
625819
625831
625837
625861
625871
625883
625909
625913
625927
625939
625943
625969
625979
625997
626009
626011
626033
626051
626063
626113
626117
626147
626159
626173
626177
626189
626191
626201
626207
626239
626251
626261
626317
626323
626333
626341
626347
626363
626377
626389
626393
626443
626477
626489
626519
626533
626539
626581
626597
626599
626609
626611
626617
626621
626623
626627
626629
626663
626683
626687
626693
626701
626711
626713
626723
626741
626749
626761
626771
626783
626797
626809
626833
626837
626861
626887
626917
626921
626929
626947
626953
626959
626963
626987
627017
627041
627059
627071
627073
627083
627089
627091
627101
627119
627131
627139
627163
627169
627191
627197
627217
627227
627251
627257
627269
627271
627293
627301
627329
627349
627353
627377
627379
627383
627391
627433
627449
627479
627481
627491
627511
627541
627547
627559
627593
627611
627617
627619
627637
627643
627659
627661
627667
627673
627709
627721
627733
627749
627773
627787
627791
627797
627799
627811
627841
627859
627901
627911
627919
627943
627947
627953
627961
627973
628013
628021
628037
628049
628051
628057
628063
628093
628097
628127
628139
628171
628183
628189
628193
628207
628213
628217
628219
628231
628261
628267
628289
628301
628319
628357
628363
628373
628379
628391
628399
628423
628427
628447
628477
628487
628493
628499
628547
628561
628583
628591
628651
628673
628679
628681
628687
628699
628709
628721
628753
628757
628759
628781
628783
628787
628799
628801
628811
628819
628841
628861
628877
628909
628913
628921
628937
628939
628973
628993
628997
629003
629009
629011
629023
629029
629059
629081
629113
629137
629143
629171
629177
629203
629243
629249
629263
629281
629311
629339
629341
629351
629371
629381
629383
629401
629411
629417
629429
629449
629467
629483
629491
629509
629513
629537
629567
629569
629591
629593
629609
629611
629617
629623
629653
629683
629687
629689
629701
629711
629723
629737
629743
629747
629767
629773
629779
629803
629807
629819
629843
629857
629861
629873
629891
629897
629899
629903
629921
629927
629929
629939
629963
629977
629987
629989
630017
630023
630029
630043
630067
630101
630107
630127
630151
630163
630167
630169
630181
630193
630197
630229
630247
630263
630281
630299
630307
630319
630349
630353
630391
630433
630451
630467
630473
630481
630493
630521
630523
630529
630559
630577
630583
630587
630589
630593
630607
630613
630659
630677
630689
630701
630709
630713
630719
630733
630737
630797
630803
630823
630827
630841
630863
630871
630893
630899
630901
630907
630911
630919
630941
630967
630997
631003
631013
631039
631061
631121
631133
631139
631151
631153
631157
631171
631181
631187
631223
631229
631247
631249
631259
631271
631273
631291
631307
631339
631357
631361
631387
631391
631399
631409
631429
631453
631457
631459
631469
631471
631483
631487
631507
631513
631529
631531
631537
631549
631559
631573
631577
631583
631597
631613
631619
631643
631667
631679
631681
631711
631717
631723
631733
631739
631751
631753
631789
631817
631819
631843
631847
631853
631859
631861
631867
631889
631901
631903
631913
631927
631931
631937
631979
631987
631991
631993
There are 692 prime numbers in S132.
