S133(632017~641592)
632029
632041
632053
632081
632083
632087
632089
632101
632117
632123
632141
632147
632153
632189
632209
632221
632227
632231
632251
632257
632267
632273
632297
632299
632321
632323
632327
632329
632347
632351
632353
632363
632371
632381
632389
632393
632447
632459
632473
632483
632497
632501
632503
632521
632557
632561
632591
632609
632623
632627
632629
632647
632669
632677
632683
632699
632713
632717
632743
632747
632773
632777
632813
632839
632843
632851
632857
632881
632897
632911
632923
632939
632941
632971
632977
632987
632993
633001
633013
633037
633053
633067
633079
633091
633133
633151
633161
633187
633197
633209
633221
633253
633257
633263
633271
633287
633307
633317
633337
633359
633377
633379
633383
633401
633407
633427
633449
633461
633463
633467
633469
633473
633487
633497
633559
633569
633571
633583
633599
633613
633623
633629
633649
633653
633667
633739
633751
633757
633767
633781
633791
633793
633797
633799
633803
633823
633833
633877
633883
633923
633931
633937
633943
633953
633961
633967
633991
634003
634013
634031
634061
634079
634091
634097
634103
634141
634157
634159
634169
634177
634181
634187
634199
634211
634223
634237
634241
634247
634261
634267
634273
634279
634301
634307
634313
634327
634331
634343
634367
634373
634397
634421
634441
634471
634483
634493
634499
634511
634519
634523
634531
634541
634567
634573
634577
634597
634603
634609
634643
634649
634651
634679
634681
634687
634703
634709
634717
634727
634741
634747
634757
634759
634793
634807
634817
634841
634853
634859
634861
634871
634891
634901
634903
634927
634937
634939
634943
634969
634979
635003
635021
635039
635051
635057
635087
635119
635147
635149
635197
635203
635207
635249
635251
635263
635267
635279
635287
635291
635293
635309
635317
635333
635339
635347
635351
635353
635359
635363
635387
635389
635413
635423
635431
635441
635449
635461
635471
635483
635507
635519
635527
635533
635563
635567
635599
635603
635617
635639
635653
635659
635689
635707
635711
635729
635731
635737
635777
635801
635809
635813
635821
635837
635849
635867
635879
635891
635893
635909
635917
635923
635939
635959
635969
635977
635981
635983
635989
636017
636023
636043
636059
636061
636071
636073
636107
636109
636133
636137
636149
636193
636211
636217
636241
636247
636257
636263
636277
636283
636287
636301
636313
636319
636331
636343
636353
636359
636403
636407
636409
636421
636469
636473
636499
636533
636539
636541
636547
636553
636563
636569
636613
636619
636631
636653
636673
636697
636719
636721
636731
636739
636749
636761
636763
636773
636781
636809
636817
636821
636829
636851
636863
636877
636917
636919
636931
636947
636953
636967
636983
636997
637001
637003
637067
637073
637079
637097
637129
637139
637157
637163
637171
637199
637201
637229
637243
637271
637277
637283
637291
637297
637309
637319
637321
637327
637337
637339
637349
637369
637379
637409
637421
637423
637447
637459
637463
637471
637489
637499
637513
637519
637529
637531
637543
637573
637597
637601
637603
637607
637627
637657
637669
637691
637699
637709
637711
637717
637723
637727
637729
637751
637771
637781
637783
637787
637817
637829
637831
637841
637873
637883
637909
637933
637937
637939
638023
638047
638051
638059
638063
638081
638117
638123
638147
638159
638161
638171
638177
638179
638201
638233
638263
638269
638303
638317
638327
638347
638359
638371
638423
638431
638437
638453
638459
638467
638489
638501
638527
638567
638581
638587
638621
638629
638633
638663
638669
638689
638699
638717
638719
638767
638801
638819
638839
638857
638861
638893
638923
638933
638959
638971
638977
638993
638999
639007
639011
639043
639049
639053
639083
639091
639137
639143
639151
639157
639167
639169
639181
639211
639253
639257
639259
639263
639269
639299
639307
639311
639329
639337
639361
639371
639391
639433
639439
639451
639487
639491
639493
639511
639517
639533
639547
639563
639571
639577
639589
639599
639601
639631
639637
639647
639671
639677
639679
639689
639697
639701
639703
639713
639719
639731
639739
639757
639833
639839
639851
639853
639857
639907
639911
639937
639941
639949
639959
639983
639997
640007
640009
640019
640027
640039
640043
640049
640061
640069
640099
640109
640121
640127
640139
640151
640153
640163
640193
640219
640223
640229
640231
640247
640249
640259
640261
640267
640279
640303
640307
640333
640363
640369
640411
640421
640457
640463
640477
640483
640499
640529
640531
640579
640583
640589
640613
640621
640631
640649
640663
640667
640669
640687
640691
640727
640733
640741
640771
640777
640793
640837
640847
640853
640859
640873
640891
640901
640907
640919
640933
640943
640949
640957
640963
640967
640973
640993
641051
641057
641077
641083
641089
641093
641101
641129
641131
641143
641167
641197
641203
641213
641227
641239
641261
641279
641287
641299
641317
641327
641371
641387
641411
641413
641419
641437
641441
641453
641467
641471
641479
641491
641513
641519
641521
641549
641551
641579
641581
There are 703 prime numbers in S133.
