S134(641593~651240)
641623
641633
641639
641681
641701
641713
641747
641749
641761
641789
641791
641803
641813
641819
641821
641827
641833
641843
641863
641867
641873
641881
641891
641897
641909
641923
641929
641959
641969
641981
642011
642013
642049
642071
642077
642079
642113
642121
642133
642149
642151
642157
642163
642197
642199
642211
642217
642223
642233
642241
642247
642253
642281
642359
642361
642373
642403
642407
642419
642427
642457
642487
642517
642527
642529
642533
642547
642557
642563
642581
642613
642623
642673
642683
642701
642737
642739
642769
642779
642791
642797
642799
642809
642833
642853
642869
642871
642877
642881
642899
642907
642931
642937
642947
642953
642973
642977
642997
643009
643021
643031
643039
643043
643051
643061
643073
643081
643087
643099
643121
643129
643183
643187
643199
643213
643217
643231
643243
643273
643301
643303
643369
643373
643403
643421
643429
643439
643453
643457
643463
643469
643493
643507
643523
643547
643553
643567
643583
643589
643619
643633
643639
643649
643651
643661
643681
643691
643693
643697
643703
643723
643729
643751
643781
643847
643849
643859
643873
643879
643883
643889
643919
643927
643949
643957
643961
643969
643991
644009
644029
644047
644051
644053
644057
644089
644101
644107
644117
644123
644129
644131
644141
644143
644153
644159
644173
644191
644197
644201
644227
644239
644257
644261
644291
644297
644327
644341
644353
644359
644363
644377
644381
644383
644401
644411
644431
644443
644447
644489
644491
644507
644513
644519
644531
644549
644557
644563
644569
644593
644597
644599
644617
644629
644647
644653
644669
644671
644687
644701
644717
644729
644731
644747
644753
644767
644783
644789
644797
644801
644837
644843
644857
644863
644867
644869
644881
644899
644909
644911
644923
644933
644951
644977
644999
645011
645013
645019
645023
645037
645041
645049
645067
645077
645083
645091
645097
645131
645137
645149
645179
645187
645233
645257
645313
645329
645347
645353
645367
645383
645397
645409
645419
645431
645433
645443
645467
645481
645493
645497
645499
645503
645521
645527
645529
645571
645577
645581
645583
645599
645611
645629
645641
645647
645649
645661
645683
645691
645703
645713
645727
645737
645739
645751
645763
645787
645803
645833
645839
645851
645857
645877
645889
645893
645901
645907
645937
645941
645973
645979
646003
646013
646027
646039
646067
646073
646099
646103
646147
646157
646159
646169
646181
646183
646189
646193
646199
646237
646253
646259
646267
646271
646273
646291
646301
646307
646309
646339
646379
646397
646403
646411
646421
646423
646433
646453
646519
646523
646537
646543
646549
646571
646573
646577
646609
646619
646631
646637
646643
646669
646687
646721
646757
646771
646781
646823
646831
646837
646843
646859
646873
646879
646883
646889
646897
646909
646913
646927
646937
646957
646979
646981
646991
646993
647011
647033
647039
647047
647057
647069
647081
647099
647111
647113
647117
647131
647147
647161
647189
647201
647209
647219
647261
647263
647293
647303
647321
647327
647333
647341
647357
647359
647363
647371
647399
647401
647417
647429
647441
647453
647477
647489
647503
647509
647527
647531
647551
647557
647579
647587
647593
647609
647617
647627
647641
647651
647659
647663
647687
647693
647719
647723
647741
647743
647747
647753
647771
647783
647789
647809
647821
647837
647839
647851
647861
647891
647893
647909
647917
647951
647953
647963
647987
648007
648019
648029
648041
648047
648059
648061
648073
648079
648097
648101
648107
648119
648133
648173
648181
648191
648199
648211
648217
648229
648239
648257
648259
648269
648283
648289
648293
648317
648331
648341
648343
648371
648377
648379
648383
648391
648433
648437
648449
648481
648509
648563
648607
648617
648619
648629
648631
648649
648653
648671
648677
648689
648709
648719
648731
648763
648779
648803
648841
648859
648863
648871
648887
648889
648911
648917
648931
648937
648953
648961
648971
648997
649001
649007
649039
649063
649069
649073
649079
649081
649087
649093
649123
649141
649147
649151
649157
649183
649217
649261
649273
649277
649279
649283
649291
649307
649321
649361
649379
649381
649403
649421
649423
649427
649457
649469
649471
649483
649487
649499
649501
649507
649511
649529
649541
649559
649567
649573
649577
649613
649619
649631
649633
649639
649643
649651
649657
649661
649697
649709
649717
649739
649751
649769
649771
649777
649783
649787
649793
649799
649801
649813
649829
649843
649849
649867
649871
649877
649879
649897
649907
649921
649937
649969
649981
649991
650011
650017
650059
650071
650081
650099
650107
650179
650183
650189
650213
650227
650261
650269
650281
650291
650317
650327
650329
650347
650359
650387
650401
650413
650449
650477
650479
650483
650519
650537
650543
650549
650563
650567
650581
650591
650599
650609
650623
650627
650669
650701
650759
650761
650779
650813
650821
650827
650833
650851
650861
650863
650869
650873
650911
650917
650927
650933
650953
650971
650987
651017
651019
651029
651043
651067
651071
651097
651103
651109
651127
651139
651143
651169
651179
651181
651191
651193
651221
651223
651239
There are 720 prime numbers in S134.
