S135(651241~660960)
651247
651251
651257
651271
651281
651289
651293
651323
651331
651347
651361
651397
651401
651437
651439
651461
651473
651481
651487
651503
651509
651517
651587
651617
651641
651647
651649
651667
651683
651689
651697
651727
651731
651733
651767
651769
651793
651803
651809
651811
651821
651839
651841
651853
651857
651863
651869
651877
651881
651901
651913
651943
651971
651997
652019
652033
652039
652063
652079
652081
652087
652117
652121
652153
652189
652207
652217
652229
652237
652241
652243
652261
652279
652283
652291
652319
652321
652331
652339
652343
652357
652361
652369
652373
652381
652411
652417
652429
652447
652451
652453
652493
652499
652507
652541
652543
652549
652559
652567
652573
652577
652591
652601
652607
652609
652621
652627
652651
652657
652667
652699
652723
652727
652733
652739
652741
652747
652753
652759
652787
652811
652831
652837
652849
652853
652871
652903
652909
652913
652921
652931
652933
652937
652943
652957
652969
652991
652997
652999
653033
653057
653083
653111
653113
653117
653143
653153
653197
653203
653207
653209
653243
653267
653273
653281
653311
653321
653339
653357
653363
653431
653461
653473
653491
653501
653503
653507
653519
653537
653539
653561
653563
653579
653593
653617
653621
653623
653641
653647
653651
653659
653687
653693
653707
653711
653713
653743
653749
653761
653777
653789
653797
653801
653819
653831
653879
653881
653893
653899
653903
653927
653929
653941
653951
653963
653969
653977
653993
654001
654011
654019
654023
654029
654047
654053
654067
654089
654107
654127
654149
654161
654163
654167
654169
654187
654191
654209
654221
654223
654229
654233
654257
654293
654301
654307
654323
654343
654349
654371
654397
654413
654421
654427
654439
654491
654499
654509
654527
654529
654539
654541
654553
654571
654587
654593
654601
654611
654613
654623
654629
654671
654679
654697
654701
654727
654739
654743
654749
654767
654779
654781
654799
654803
654817
654821
654827
654839
654853
654877
654889
654917
654923
654931
654943
654967
654991
655001
655003
655013
655021
655033
655037
655043
655069
655087
655103
655111
655121
655157
655181
655211
655219
655223
655229
655241
655243
655261
655267
655273
655283
655289
655301
655331
655337
655351
655357
655373
655379
655387
655399
655439
655453
655471
655489
655507
655511
655517
655531
655541
655547
655559
655561
655579
655583
655597
655601
655637
655643
655649
655651
655657
655687
655693
655717
655723
655727
655757
655807
655847
655849
655859
655883
655901
655909
655913
655927
655943
655961
655987
656023
656039
656063
656077
656113
656119
656129
656141
656147
656153
656171
656221
656237
656263
656267
656273
656291
656297
656303
656311
656321
656323
656329
656333
656347
656371
656377
656389
656407
656423
656429
656459
656471
656479
656483
656519
656527
656561
656587
656597
656599
656603
656609
656651
656657
656671
656681
656683
656687
656701
656707
656737
656741
656749
656753
656771
656783
656791
656809
656819
656833
656839
656891
656917
656923
656939
656951
656959
656977
656989
656993
657017
657029
657047
657049
657061
657071
657079
657089
657091
657113
657121
657127
657131
657187
657193
657197
657233
657257
657269
657281
657289
657299
657311
657313
657323
657347
657361
657383
657403
657413
657431
657439
657451
657469
657473
657491
657493
657497
657499
657523
657529
657539
657557
657581
657583
657589
657607
657617
657649
657653
657659
657661
657703
657707
657719
657743
657779
657793
657809
657827
657841
657863
657893
657911
657929
657931
657947
657959
657973
657983
658001
658043
658051
658057
658069
658079
658111
658117
658123
658127
658139
658153
658159
658169
658187
658199
658211
658219
658247
658253
658261
658277
658279
658303
658309
658319
658321
658327
658349
658351
658367
658379
658391
658403
658417
658433
658447
658453
658477
658487
658507
658547
658549
658573
658579
658589
658591
658601
658607
658613
658633
658639
658643
658649
658663
658681
658703
658751
658753
658783
658807
658817
658831
658837
658841
658871
658873
658883
658897
658907
658913
658919
658943
658961
658963
658969
658979
658991
658997
659011
659023
659047
659059
659063
659069
659077
659101
659137
659159
659171
659173
659177
659189
659221
659231
659237
659251
659279
659299
659317
659327
659333
659353
659371
659419
659423
659437
659453
659467
659473
659497
659501
659513
659521
659531
659539
659563
659569
659591
659597
659609
659611
659621
659629
659639
659653
659657
659669
659671
659689
659693
659713
659723
659741
659759
659761
659783
659819
659831
659843
659849
659863
659873
659881
659899
659917
659941
659947
659951
659963
659983
659999
660001
660013
660029
660047
660053
660061
660067
660071
660073
660097
660103
660119
660131
660137
660157
660167
660181
660197
660199
660217
660227
660241
660251
660271
660277
660281
660299
660329
660337
660347
660349
660367
660377
660379
660391
660403
660409
660449
660493
660503
660509
660521
660529
660547
660557
660559
660563
660589
660593
660599
660601
660607
660617
660619
660643
660659
660661
660683
660719
660727
660731
660733
660757
660769
660787
660791
660799
660809
660811
660817
660833
660851
660853
660887
660893
660899
660901
660917
660923
660941
660949
There are 733 prime numbers in S135.
