S136(660961~670752)
660973
660983
661009
661019
661027
661049
661061
661091
661093
661097
661099
661103
661109
661117
661121
661139
661183
661187
661189
661201
661217
661231
661237
661253
661259
661267
661321
661327
661343
661361
661373
661393
661417
661421
661439
661459
661477
661481
661483
661513
661517
661541
661547
661553
661603
661607
661613
661621
661663
661673
661679
661697
661721
661741
661769
661777
661823
661849
661873
661877
661879
661883
661889
661897
661909
661931
661939
661949
661951
661961
661987
661993
662003
662021
662029
662047
662059
662063
662083
662107
662111
662141
662143
662149
662177
662203
662227
662231
662251
662261
662267
662281
662287
662309
662323
662327
662339
662351
662353
662357
662369
662401
662407
662443
662449
662477
662483
662491
662513
662527
662531
662537
662539
662551
662567
662591
662617
662639
662647
662657
662671
662681
662689
662693
662713
662719
662743
662771
662773
662789
662797
662819
662833
662839
662843
662867
662897
662899
662917
662939
662941
662947
662951
662953
662957
662999
663001
663007
663031
663037
663049
663053
663071
663097
663127
663149
663161
663163
663167
663191
663203
663209
663239
663241
663263
663269
663281
663283
663301
663319
663331
663349
663359
663371
663407
663409
663437
663463
663517
663529
663539
663541
663547
663557
663563
663569
663571
663581
663583
663587
663589
663599
663601
663631
663653
663659
663661
663683
663709
663713
663737
663763
663787
663797
663821
663823
663827
663853
663857
663869
663881
663893
663907
663937
663959
663961
663967
663973
663977
663979
663983
663991
663997
664009
664019
664043
664061
664067
664091
664099
664109
664117
664121
664123
664133
664141
664151
664177
664193
664199
664211
664243
664253
664271
664273
664289
664319
664331
664357
664369
664379
664381
664403
664421
664427
664441
664459
664471
664507
664511
664529
664537
664549
664561
664571
664579
664583
664589
664597
664603
664613
664619
664621
664633
664661
664663
664667
664669
664679
664687
664691
664693
664711
664739
664757
664771
664777
664789
664793
664799
664843
664847
664849
664879
664891
664933
664949
664967
664973
664997
665011
665017
665029
665039
665047
665051
665053
665069
665089
665111
665113
665117
665123
665131
665141
665153
665177
665179
665201
665207
665213
665221
665233
665239
665251
665267
665279
665293
665299
665303
665311
665351
665359
665369
665381
665387
665419
665429
665447
665479
665501
665503
665507
665527
665549
665557
665563
665569
665573
665591
665603
665617
665629
665633
665659
665677
665713
665719
665723
665747
665761
665773
665783
665789
665801
665803
665813
665843
665857
665897
665921
665923
665947
665953
665981
665983
665993
666013
666019
666023
666031
666041
666067
666073
666079
666089
666091
666109
666119
666139
666143
666167
666173
666187
666191
666203
666229
666233
666269
666277
666301
666329
666353
666403
666427
666431
666433
666437
666439
666461
666467
666493
666511
666527
666529
666541
666557
666559
666599
666607
666637
666643
666647
666649
666667
666671
666683
666697
666707
666727
666733
666737
666749
666751
666769
666773
666811
666821
666823
666829
666857
666871
666889
666901
666929
666937
666959
666979
666983
666989
667013
667019
667021
667081
667091
667103
667123
667127
667129
667141
667171
667181
667211
667229
667241
667243
667273
667283
667309
667321
667333
667351
667361
667363
667367
667379
667417
667421
667423
667427
667441
667463
667477
667487
667501
667507
667519
667531
667547
667549
667553
667559
667561
667577
667631
667643
667649
667657
667673
667687
667691
667697
667699
667727
667741
667753
667769
667781
667801
667817
667819
667829
667837
667859
667861
667867
667883
667903
667921
667949
667963
667987
667991
667999
668009
668029
668033
668047
668051
668069
668089
668093
668111
668141
668153
668159
668179
668201
668203
668209
668221
668243
668273
668303
668347
668407
668417
668471
668509
668513
668527
668531
668533
668539
668543
668567
668579
668581
668599
668609
668611
668617
668623
668671
668677
668687
668699
668713
668719
668737
668741
668747
668761
668791
668803
668813
668821
668851
668867
668869
668873
668879
668903
668929
668939
668947
668959
668963
668989
668999
669023
669029
669049
669077
669089
669091
669107
669113
669121
669127
669133
669167
669173
669181
669241
669247
669271
669283
669287
669289
669301
669311
669329
669359
669371
669377
669379
669391
669401
669413
669419
669433
669437
669451
669463
669479
669481
669527
669551
669577
669607
669611
669637
669649
669659
669661
669667
669673
669677
669679
669689
669701
669707
669733
669763
669787
669791
669839
669847
669853
669857
669859
669863
669869
669887
669901
669913
669923
669931
669937
669943
669947
669971
669989
670001
670031
670037
670039
670049
670051
670097
670099
670129
670139
670147
670177
670193
670199
670211
670217
670223
670231
670237
670249
670261
670279
670297
670303
670321
670333
670343
670349
670363
670379
670399
670409
670447
670457
670471
670487
670489
670493
670507
670511
670517
670541
670543
670559
670577
670583
670597
670613
670619
670627
670639
670669
670673
670693
670711
670727
670729
670739
There are 722 prime numbers in S136.
