S137(670753~680616)
670763
670777
670781
670811
670823
670849
670853
670867
670877
670897
670903
670919
670931
670951
670963
670987
670991
671003
671017
671029
671039
671059
671063
671081
671087
671093
671123
671131
671141
671159
671161
671189
671201
671219
671233
671249
671257
671261
671269
671287
671299
671303
671323
671339
671353
671357
671369
671383
671401
671417
671431
671443
671467
671471
671477
671501
671519
671533
671537
671557
671581
671591
671603
671609
671633
671647
671651
671681
671701
671717
671729
671743
671753
671777
671779
671791
671831
671837
671851
671887
671893
671903
671911
671917
671921
671933
671939
671941
671947
671969
671971
671981
671999
672019
672029
672041
672043
672059
672073
672079
672097
672103
672107
672127
672131
672137
672143
672151
672167
672169
672181
672193
672209
672223
672227
672229
672251
672271
672283
672289
672293
672311
672317
672323
672341
672349
672377
672379
672439
672443
672473
672493
672499
672521
672557
672577
672587
672593
672629
672641
672643
672653
672667
672703
672743
672757
672767
672779
672781
672787
672799
672803
672811
672817
672823
672827
672863
672869
672871
672883
672901
672913
672937
672943
672949
672953
672967
672977
672983
673019
673039
673063
673069
673073
673091
673093
673109
673111
673117
673121
673129
673157
673193
673199
673201
673207
673223
673241
673247
673271
673273
673291
673297
673313
673327
673339
673349
673381
673391
673397
673399
673403
673411
673427
673429
673441
673447
673451
673457
673459
673469
673487
673499
673513
673529
673549
673553
673567
673573
673579
673609
673613
673619
673637
673639
673643
673649
673667
673669
673747
673769
673781
673787
673793
673801
673811
673817
673837
673879
673891
673921
673943
673951
673961
673979
673991
674017
674057
674059
674071
674083
674099
674117
674123
674131
674159
674161
674173
674183
674189
674227
674231
674239
674249
674263
674269
674273
674299
674321
674347
674357
674363
674371
674393
674419
674431
674449
674461
674483
674501
674533
674537
674551
674563
674603
674647
674669
674677
674683
674693
674699
674701
674711
674717
674719
674731
674741
674749
674759
674761
674767
674771
674789
674813
674827
674831
674833
674837
674851
674857
674867
674879
674903
674929
674941
674953
674957
674977
674987
675029
675067
675071
675079
675083
675097
675109
675113
675131
675133
675151
675161
675163
675173
675179
675187
675197
675221
675239
675247
675251
675253
675263
675271
675299
675313
675319
675341
675347
675391
675407
675413
675419
675449
675457
675463
675481
675511
675539
675541
675551
675553
675559
675569
675581
675593
675601
675607
675611
675617
675629
675643
675713
675739
675743
675751
675781
675797
675817
675823
675827
675839
675841
675859
675863
675877
675881
675889
675923
675929
675931
675959
675973
675977
675979
676007
676009
676031
676037
676043
676051
676057
676061
676069
676099
676103
676111
676129
676147
676171
676211
676217
676219
676241
676253
676259
676279
676289
676297
676337
676339
676349
676363
676373
676387
676391
676409
676411
676421
676427
676463
676469
676493
676523
676573
676589
676597
676601
676649
676661
676679
676703
676717
676721
676727
676733
676747
676751
676763
676771
676807
676829
676859
676861
676883
676891
676903
676909
676919
676927
676931
676937
676943
676961
676967
676979
676981
676987
676993
677011
677021
677029
677041
677057
677077
677081
677107
677111
677113
677119
677147
677167
677177
677213
677227
677231
677233
677239
677309
677311
677321
677323
677333
677357
677371
677387
677423
677441
677447
677459
677461
677471
677473
677531
677533
677539
677543
677561
677563
677587
677627
677639
677647
677657
677681
677683
677687
677717
677737
677767
677779
677783
677791
677813
677827
677857
677891
677927
677947
677953
677959
677983
678023
678037
678047
678061
678077
678101
678103
678133
678157
678169
678179
678191
678199
678203
678211
678217
678221
678229
678253
678289
678299
678329
678341
678343
678367
678371
678383
678401
678407
678409
678413
678421
678437
678451
678463
678479
678481
678493
678499
678533
678541
678553
678563
678577
678581
678593
678599
678607
678611
678631
678637
678641
678647
678649
678653
678659
678719
678721
678731
678739
678749
678757
678761
678763
678767
678773
678779
678809
678823
678829
678833
678859
678871
678883
678901
678907
678941
678943
678949
678959
678971
678989
679033
679037
679039
679051
679067
679087
679111
679123
679127
679153
679157
679169
679171
679183
679207
679219
679223
679229
679249
679277
679279
679297
679309
679319
679333
679361
679363
679369
679373
679381
679403
679409
679417
679423
679433
679451
679463
679487
679501
679517
679519
679531
679537
679561
679597
679603
679607
679633
679639
679669
679681
679691
679699
679709
679733
679741
679747
679751
679753
679781
679793
679807
679823
679829
679837
679843
679859
679867
679879
679883
679891
679897
679907
679909
679919
679933
679951
679957
679961
679969
679981
679993
679999
680003
680027
680039
680059
680077
680081
680083
680107
680123
680129
680159
680161
680177
680189
680203
680209
680213
680237
680249
680263
680291
680293
680297
680299
680321
680327
680341
680347
680353
680377
680387
680399
680401
680411
680417
680431
680441
680443
680453
680489
680503
680507
680509
680531
680539
680567
680569
680587
680597
680611
There are 746 prime numbers in S137.
