S138(680617~690552)
680623
680633
680651
680657
680681
680707
680749
680759
680767
680783
680803
680809
680831
680857
680861
680873
680879
680881
680917
680929
680959
680971
680987
680989
680993
681001
681011
681019
681041
681047
681049
681061
681067
681089
681091
681113
681127
681137
681151
681167
681179
681221
681229
681251
681253
681257
681259
681271
681293
681311
681337
681341
681361
681367
681371
681403
681407
681409
681419
681427
681449
681451
681481
681487
681493
681497
681521
681523
681539
681557
681563
681589
681607
681613
681623
681631
681647
681673
681677
681689
681719
681727
681731
681763
681773
681781
681787
681809
681823
681833
681839
681841
681883
681899
681913
681931
681943
681949
681971
681977
681979
681983
681997
682001
682009
682037
682049
682063
682069
682079
682141
682147
682151
682153
682183
682207
682219
682229
682237
682247
682259
682277
682289
682291
682303
682307
682321
682327
682333
682337
682361
682373
682411
682417
682421
682427
682439
682447
682463
682471
682483
682489
682511
682519
682531
682547
682597
682607
682637
682657
682673
682679
682697
682699
682723
682729
682733
682739
682751
682763
682777
682789
682811
682819
682901
682933
682943
682951
682967
683003
683021
683041
683047
683071
683083
683087
683119
683129
683143
683149
683159
683201
683231
683251
683257
683273
683299
683303
683317
683323
683341
683351
683357
683377
683381
683401
683407
683437
683447
683453
683461
683471
683477
683479
683483
683489
683503
683513
683567
683591
683597
683603
683651
683653
683681
683687
683693
683699
683701
683713
683719
683731
683737
683747
683759
683777
683783
683789
683807
683819
683821
683831
683833
683843
683857
683861
683863
683873
683887
683899
683909
683911
683923
683933
683939
683957
683983
684007
684017
684037
684053
684091
684109
684113
684119
684121
684127
684157
684163
684191
684217
684221
684239
684269
684287
684289
684293
684311
684329
684337
684347
684349
684373
684379
684407
684419
684427
684433
684443
684451
684469
684473
684493
684527
684547
684557
684559
684569
684581
684587
684599
684617
684637
684643
684647
684683
684713
684727
684731
684751
684757
684767
684769
684773
684791
684793
684799
684809
684829
684841
684857
684869
684889
684923
684949
684961
684973
684977
684989
685001
685019
685031
685039
685051
685057
685063
685073
685081
685093
685099
685103
685109
685123
685141
685169
685177
685199
685231
685247
685249
685271
685297
685301
685319
685337
685339
685361
685367
685369
685381
685393
685417
685427
685429
685453
685459
685471
685493
685511
685513
685519
685537
685541
685547
685591
685609
685613
685621
685631
685637
685649
685669
685679
685697
685717
685723
685733
685739
685747
685753
685759
685781
685793
685819
685849
685859
685907
685939
685963
685969
685973
685987
685991
686003
686009
686011
686027
686029
686039
686041
686051
686057
686087
686089
686099
686117
686131
686141
686143
686149
686173
686177
686197
686201
686209
686267
686269
686293
686317
686321
686333
686339
686353
686359
686363
686417
686423
686437
686449
686453
686473
686479
686503
686513
686519
686551
686563
686593
686611
686639
686669
686671
686687
686723
686729
686731
686737
686761
686773
686789
686797
686801
686837
686843
686863
686879
686891
686893
686897
686911
686947
686963
686969
686971
686977
686989
686993
687007
687013
687017
687019
687023
687031
687041
687061
687073
687083
687101
687107
687109
687121
687131
687139
687151
687161
687163
687179
687223
687233
687277
687289
687299
687307
687311
687317
687331
687341
687343
687359
687383
687389
687397
687403
687413
687431
687433
687437
687443
687457
687461
687473
687481
687499
687517
687521
687523
687541
687551
687559
687581
687593
687623
687637
687641
687647
687679
687683
687691
687707
687721
687737
687749
687767
687773
687779
687787
687809
687823
687829
687839
687847
687893
687901
687917
687923
687931
687949
687961
687977
688003
688013
688027
688031
688063
688067
688073
688087
688097
688111
688133
688139
688147
688159
688187
688201
688217
688223
688249
688253
688277
688297
688309
688333
688339
688357
688379
688393
688397
688403
688411
688423
688433
688447
688451
688453
688477
688511
688531
688543
688561
688573
688591
688621
688627
688631
688637
688657
688661
688669
688679
688697
688717
688729
688733
688741
688747
688757
688763
688777
688783
688799
688813
688861
688867
688871
688889
688907
688939
688951
688957
688969
688979
688999
689021
689033
689041
689063
689071
689077
689081
689089
689093
689107
689113
689131
689141
689167
689201
689219
689233
689237
689257
689261
689267
689279
689291
689309
689317
689321
689341
689357
689369
689383
689389
689393
689411
689431
689441
689459
689461
689467
689509
689551
689561
689581
689587
689597
689599
689603
689621
689629
689641
689693
689699
689713
689723
689761
689771
689779
689789
689797
689803
689807
689827
689831
689851
689867
689869
689873
689879
689891
689893
689903
689917
689921
689929
689951
689957
689959
689963
689981
689987
690037
690059
690073
690089
690103
690119
690127
690139
690143
690163
690187
690233
690259
690269
690271
690281
690293
690323
690341
690367
690377
690397
690407
690419
690427
690433
690439
690449
690467
690491
690493
690509
690511
690533
690541
There are 737 prime numbers in S138.
