S139(690553~700560)
690553
690583
690589
690607
690611
690629
690661
690673
690689
690719
690721
690757
690787
690793
690817
690839
690841
690869
690871
690887
690889
690919
690929
690953
690997
691001
691037
691051
691063
691079
691109
691111
691121
691129
691147
691151
691153
691181
691183
691189
691193
691199
691231
691241
691267
691289
691297
691309
691333
691337
691343
691349
691363
691381
691399
691409
691433
691451
691463
691489
691499
691531
691553
691573
691583
691589
691591
691631
691637
691651
691661
691681
691687
691693
691697
691709
691721
691723
691727
691729
691739
691759
691763
691787
691799
691813
691829
691837
691841
691843
691871
691877
691891
691897
691903
691907
691919
691921
691931
691949
691973
691979
691991
691997
692009
692017
692051
692059
692063
692071
692089
692099
692117
692141
692147
692149
692161
692191
692221
692239
692249
692269
692273
692281
692287
692297
692299
692309
692327
692333
692347
692353
692371
692387
692389
692399
692401
692407
692413
692423
692431
692441
692453
692459
692467
692513
692521
692537
692539
692543
692567
692581
692591
692621
692641
692647
692651
692663
692689
692707
692711
692717
692729
692743
692753
692761
692771
692779
692789
692821
692851
692863
692893
692917
692927
692929
692933
692957
692963
692969
692983
693019
693037
693041
693061
693079
693089
693097
693103
693127
693137
693149
693157
693167
693169
693179
693223
693257
693283
693317
693323
693337
693353
693359
693373
693397
693401
693403
693409
693421
693431
693437
693487
693493
693503
693523
693527
693529
693533
693569
693571
693601
693607
693619
693629
693659
693661
693677
693683
693689
693691
693697
693701
693727
693731
693733
693739
693743
693757
693779
693793
693799
693809
693827
693829
693851
693859
693871
693877
693881
693943
693961
693967
693989
694019
694033
694039
694061
694069
694079
694081
694087
694091
694123
694189
694193
694201
694207
694223
694259
694261
694271
694273
694277
694313
694319
694327
694333
694339
694349
694357
694361
694367
694373
694381
694387
694391
694409
694427
694457
694471
694481
694483
694487
694511
694513
694523
694541
694549
694559
694567
694571
694591
694597
694609
694619
694633
694649
694651
694717
694721
694747
694763
694781
694783
694789
694829
694831
694867
694871
694873
694879
694901
694919
694951
694957
694979
694987
694997
694999
695003
695017
695021
695047
695059
695069
695081
695087
695089
695099
695111
695117
695131
695141
695171
695207
695239
695243
695257
695263
695269
695281
695293
695297
695309
695323
695327
695329
695347
695369
695371
695377
695389
695407
695411
695441
695447
695467
695477
695491
695503
695509
695561
695567
695573
695581
695593
695599
695603
695621
695627
695641
695659
695663
695677
695687
695689
695701
695719
695743
695749
695771
695777
695791
695801
695809
695839
695843
695867
695873
695879
695881
695899
695917
695927
695939
695999
696019
696053
696061
696067
696077
696079
696083
696107
696109
696119
696149
696181
696239
696253
696257
696263
696271
696281
696313
696317
696323
696343
696349
696359
696361
696373
696379
696403
696413
696427
696433
696457
696481
696491
696497
696503
696517
696523
696533
696547
696569
696607
696611
696617
696623
696629
696653
696659
696679
696691
696719
696721
696737
696743
696757
696763
696793
696809
696811
696823
696827
696833
696851
696853
696887
696889
696893
696907
696929
696937
696961
696989
696991
697009
697013
697019
697033
697049
697063
697069
697079
697087
697093
697111
697121
697127
697133
697141
697157
697181
697201
697211
697217
697259
697261
697267
697271
697303
697327
697351
697373
697379
697381
697387
697397
697399
697409
697423
697441
697447
697453
697457
697481
697507
697511
697513
697519
697523
697553
697579
697583
697591
697601
697603
697637
697643
697673
697681
697687
697691
697693
697703
697727
697729
697733
697757
697759
697787
697819
697831
697877
697891
697897
697909
697913
697937
697951
697967
697973
697979
697993
697999
698017
698021
698039
698051
698053
698077
698083
698111
698171
698183
698239
698249
698251
698261
698263
698273
698287
698293
698297
698311
698329
698339
698359
698371
698387
698393
698413
698417
698419
698437
698447
698471
698483
698491
698507
698521
698527
698531
698539
698543
698557
698567
698591
698641
698653
698669
698701
698713
698723
698729
698773
698779
698821
698827
698849
698891
698899
698903
698923
698939
698977
698983
699001
699007
699037
699053
699059
699073
699077
699089
699113
699119
699133
699151
699157
699169
699187
699191
699197
699211
699217
699221
699241
699253
699271
699287
699289
699299
699319
699323
699343
699367
699373
699379
699383
699401
699427
699437
699443
699449
699463
699469
699493
699511
699521
699527
699529
699539
699541
699557
699571
699581
699617
699631
699641
699649
699697
699709
699719
699733
699757
699761
699767
699791
699793
699817
699823
699863
699931
699943
699947
699953
699961
699967
700001
700027
700057
700067
700079
700081
700087
700099
700103
700109
700127
700129
700171
700199
700201
700211
700223
700229
700237
700241
700277
700279
700303
700307
700319
700331
700339
700361
700363
700367
700387
700391
700393
700423
700429
700433
700459
700471
700499
700523
700537
There are 734 prime numbers in S139.
