S14(6553~7560)
6553
6563
6569
6571
6577
6581
6599
6607
6619
6637
6653
6659
6661
6673
6679
6689
6691
6701
6703
6709
6719
6733
6737
6761
6763
6779
6781
6791
6793
6803
6823
6827
6829
6833
6841
6857
6863
6869
6871
6883
6899
6907
6911
6917
6947
6949
6959
6961
6967
6971
6977
6983
6991
6997
7001
7013
7019
7027
7039
7043
7057
7069
7079
7103
7109
7121
7127
7129
7151
7159
7177
7187
7193
7207
7211
7213
7219
7229
7237
7243
7247
7253
7283
7297
7307
7309
7321
7331
7333
7349
7351
7369
7393
7411
7417
7433
7451
7457
7459
7477
7481
7487
7489
7499
7507
7517
7523
7529
7537
7541
7547
7549
7559
There are 113 prime numbers in S14.
