S140(700561~710640)
700561
700571
700573
700577
700591
700597
700627
700633
700639
700643
700673
700681
700703
700717
700751
700759
700781
700789
700801
700811
700831
700837
700849
700871
700877
700883
700897
700907
700919
700933
700937
700949
700963
700993
701009
701011
701023
701033
701047
701089
701117
701147
701159
701177
701179
701209
701219
701221
701227
701257
701279
701291
701299
701329
701341
701357
701359
701377
701383
701399
701401
701413
701417
701419
701443
701447
701453
701473
701479
701489
701497
701507
701509
701527
701531
701549
701579
701581
701593
701609
701611
701621
701627
701629
701653
701669
701671
701681
701699
701711
701719
701731
701741
701761
701783
701791
701819
701837
701863
701881
701903
701951
701957
701963
701969
702007
702011
702017
702067
702077
702101
702113
702127
702131
702137
702139
702173
702179
702193
702199
702203
702211
702239
702257
702269
702281
702283
702311
702313
702323
702329
702337
702341
702347
702349
702353
702379
702391
702407
702413
702431
702433
702439
702451
702469
702497
702503
702511
702517
702523
702529
702539
702551
702557
702587
702589
702599
702607
702613
702623
702671
702679
702683
702701
702707
702721
702731
702733
702743
702773
702787
702803
702809
702817
702827
702847
702851
702853
702869
702881
702887
702893
702913
702937
702983
702991
703013
703033
703039
703081
703117
703121
703123
703127
703139
703141
703169
703193
703211
703217
703223
703229
703231
703243
703249
703267
703277
703301
703309
703321
703327
703331
703349
703357
703379
703393
703411
703441
703447
703459
703463
703471
703489
703499
703531
703537
703559
703561
703631
703643
703657
703663
703673
703679
703691
703699
703709
703711
703721
703733
703753
703763
703789
703819
703837
703849
703861
703873
703883
703897
703903
703907
703943
703949
703957
703981
703991
704003
704009
704017
704023
704027
704029
704059
704069
704087
704101
704111
704117
704131
704141
704153
704161
704177
704183
704189
704213
704219
704233
704243
704251
704269
704279
704281
704287
704299
704303
704309
704321
704357
704393
704399
704419
704441
704447
704449
704453
704461
704477
704507
704521
704527
704549
704551
704567
704569
704579
704581
704593
704603
704617
704647
704657
704663
704681
704687
704713
704719
704731
704747
704761
704771
704777
704779
704783
704797
704801
704807
704819
704833
704839
704849
704857
704861
704863
704867
704897
704929
704933
704947
704983
704989
704993
704999
705011
705013
705017
705031
705043
705053
705073
705079
705097
705113
705119
705127
705137
705161
705163
705167
705169
705181
705191
705197
705209
705247
705259
705269
705277
705293
705307
705317
705389
705403
705409
705421
705427
705437
705461
705491
705493
705499
705521
705533
705559
705613
705631
705643
705689
705713
705737
705751
705763
705769
705779
705781
705787
705821
705827
705829
705833
705841
705863
705871
705883
705899
705919
705937
705949
705967
705973
705989
706001
706003
706009
706019
706033
706039
706049
706051
706067
706099
706109
706117
706133
706141
706151
706157
706159
706183
706193
706201
706207
706213
706229
706253
706267
706283
706291
706297
706301
706309
706313
706337
706357
706369
706373
706403
706417
706427
706463
706481
706487
706499
706507
706523
706547
706561
706597
706603
706613
706621
706631
706633
706661
706669
706679
706703
706709
706729
706733
706747
706751
706753
706757
706763
706787
706793
706801
706829
706837
706841
706847
706883
706897
706907
706913
706919
706921
706943
706961
706973
706987
706999
707011
707027
707029
707053
707071
707099
707111
707117
707131
707143
707153
707159
707177
707191
707197
707219
707249
707261
707279
707293
707299
707321
707341
707359
707383
707407
707429
707431
707437
707459
707467
707501
707527
707543
707561
707563
707573
707627
707633
707647
707653
707669
707671
707677
707683
707689
707711
707717
707723
707747
707753
707767
707789
707797
707801
707813
707827
707831
707849
707857
707869
707873
707887
707911
707923
707929
707933
707939
707951
707953
707957
707969
707981
707983
708007
708011
708017
708023
708031
708041
708047
708049
708053
708061
708091
708109
708119
708131
708137
708139
708161
708163
708179
708199
708221
708223
708229
708251
708269
708283
708287
708293
708311
708329
708343
708347
708353
708359
708361
708371
708403
708437
708457
708473
708479
708481
708493
708497
708517
708527
708559
708563
708569
708583
708593
708599
708601
708641
708647
708667
708689
708703
708733
708751
708803
708823
708839
708857
708859
708893
708899
708907
708913
708923
708937
708943
708959
708979
708989
708991
708997
709043
709057
709097
709117
709123
709139
709141
709151
709153
709157
709201
709211
709217
709231
709237
709271
709273
709279
709283
709307
709321
709337
709349
709351
709381
709409
709417
709421
709433
709447
709451
709453
709469
709507
709519
709531
709537
709547
709561
709589
709603
709607
709609
709649
709651
709663
709673
709679
709691
709693
709703
709729
709739
709741
709769
709777
709789
709799
709817
709823
709831
709843
709847
709853
709861
709871
709879
709901
709909
709913
709921
709927
709957
709963
709967
709981
709991
710009
710023
710027
710051
710053
710081
710089
710119
710189
710207
710219
710221
710257
710261
710273
710293
710299
710321
710323
710327
710341
710351
710371
710377
710383
710389
710399
710441
710443
710449
710459
710473
710483
710491
710503
710513
710519
710527
710531
710557
710561
710569
710573
710599
710603
710609
710621
710623
710627
There are 771 prime numbers in S140.
