S141(710641~720792)
710641
710663
710683
710693
710713
710777
710779
710791
710813
710837
710839
710849
710851
710863
710867
710873
710887
710903
710909
710911
710917
710929
710933
710951
710959
710971
710977
710987
710989
711001
711017
711019
711023
711041
711049
711089
711097
711121
711131
711133
711143
711163
711173
711181
711187
711209
711223
711259
711287
711299
711307
711317
711329
711353
711371
711397
711409
711427
711437
711463
711479
711497
711499
711509
711517
711523
711539
711563
711577
711583
711589
711617
711629
711649
711653
711679
711691
711701
711707
711709
711713
711727
711731
711749
711751
711757
711793
711811
711817
711829
711839
711847
711859
711877
711889
711899
711913
711923
711929
711937
711947
711959
711967
711973
711983
712007
712021
712051
712067
712093
712109
712121
712133
712157
712169
712171
712183
712199
712219
712237
712279
712289
712301
712303
712319
712321
712331
712339
712357
712409
712417
712427
712429
712433
712447
712477
712483
712489
712493
712499
712507
712511
712531
712561
712571
712573
712601
712603
712631
712651
712669
712681
712687
712693
712697
712711
712717
712739
712781
712807
712819
712837
712841
712843
712847
712883
712889
712891
712909
712913
712927
712939
712951
712961
712967
712973
712981
713021
713039
713059
713077
713107
713117
713129
713147
713149
713159
713171
713177
713183
713189
713191
713227
713233
713239
713243
713261
713267
713281
713287
713309
713311
713329
713347
713351
713353
713357
713381
713389
713399
713407
713411
713417
713467
713477
713491
713497
713501
713509
713533
713563
713569
713597
713599
713611
713627
713653
713663
713681
713737
713743
713747
713753
713771
713807
713827
713831
713833
713861
713863
713873
713891
713903
713917
713927
713939
713941
713957
713981
713987
714029
714037
714061
714073
714107
714113
714139
714143
714151
714163
714169
714199
714223
714227
714247
714257
714283
714341
714349
714361
714377
714443
714463
714479
714481
714487
714503
714509
714517
714521
714529
714551
714557
714563
714569
714577
714601
714619
714673
714677
714691
714719
714739
714751
714773
714781
714787
714797
714809
714827
714839
714841
714851
714853
714869
714881
714887
714893
714907
714911
714919
714943
714947
714949
714971
714991
715019
715031
715049
715063
715069
715073
715087
715109
715123
715151
715153
715157
715159
715171
715189
715193
715223
715229
715237
715243
715249
715259
715289
715301
715303
715313
715339
715357
715361
715373
715397
715417
715423
715439
715441
715453
715457
715489
715499
715523
715537
715549
715567
715571
715577
715579
715613
715621
715639
715643
715651
715657
715679
715681
715699
715727
715739
715753
715777
715789
715801
715811
715817
715823
715843
715849
715859
715867
715873
715877
715879
715889
715903
715909
715919
715927
715943
715961
715963
715969
715973
715991
715999
716003
716033
716063
716087
716117
716123
716137
716143
716161
716171
716173
716249
716257
716279
716291
716299
716321
716351
716383
716389
716399
716411
716413
716447
716449
716453
716459
716477
716479
716483
716491
716501
716531
716543
716549
716563
716581
716591
716621
716629
716633
716659
716663
716671
716687
716693
716707
716713
716731
716741
716743
716747
716783
716789
716809
716819
716827
716857
716861
716869
716897
716899
716917
716929
716951
716953
716959
716981
716987
717001
717011
717047
717089
717091
717103
717109
717113
717127
717133
717139
717149
717151
717161
717191
717229
717259
717271
717289
717293
717317
717323
717331
717341
717397
717413
717419
717427
717443
717449
717463
717491
717511
717527
717529
717533
717539
717551
717559
717581
717589
717593
717631
717653
717659
717667
717679
717683
717697
717719
717751
717797
717803
717811
717817
717841
717851
717883
717887
717917
717919
717923
717967
717979
717989
718007
718043
718049
718051
718087
718093
718121
718139
718163
718169
718171
718183
718187
718241
718259
718271
718303
718321
718331
718337
718343
718349
718357
718379
718381
718387
718391
718411
718423
718427
718433
718453
718457
718463
718493
718511
718513
718541
718547
718559
718579
718603
718621
718633
718657
718661
718691
718703
718717
718723
718741
718747
718759
718801
718807
718813
718841
718847
718871
718897
718901
718919
718931
718937
718943
718973
718999
719009
719011
719027
719041
719057
719063
719071
719101
719119
719143
719149
719153
719167
719177
719179
719183
719189
719197
719203
719227
719237
719239
719267
719281
719297
719333
719351
719353
719377
719393
719413
719419
719441
719447
719483
719503
719533
719557
719567
719569
719573
719597
719599
719633
719639
719659
719671
719681
719683
719689
719699
719713
719717
719723
719731
719749
719753
719773
719779
719791
719801
719813
719821
719833
719839
719893
719903
719911
719941
719947
719951
719959
719981
719989
720007
720019
720023
720053
720059
720089
720091
720101
720127
720133
720151
720173
720179
720193
720197
720211
720221
720229
720241
720253
720257
720281
720283
720289
720299
720301
720311
720319
720359
720361
720367
720373
720397
720403
720407
720413
720439
720481
720491
720497
720527
720547
720569
720571
720607
720611
720617
720619
720653
720661
720677
720683
720697
720703
720743
720763
720767
720773
720779
720791
There are 734 prime numbers in S141.
