S142(720793~731016)
720793
720829
720847
720857
720869
720877
720887
720899
720901
720913
720931
720943
720947
720961
720971
720983
720991
720997
721003
721013
721037
721043
721051
721057
721079
721087
721109
721111
721117
721129
721139
721141
721159
721163
721169
721177
721181
721199
721207
721213
721219
721223
721229
721243
721261
721267
721283
721291
721307
721319
721321
721333
721337
721351
721363
721379
721381
721387
721397
721439
721451
721481
721499
721529
721547
721561
721571
721577
721597
721613
721619
721621
721631
721661
721663
721687
721697
721703
721709
721733
721739
721783
721793
721843
721849
721859
721883
721891
721909
721921
721951
721961
721979
721991
721997
722011
722023
722027
722047
722063
722069
722077
722093
722119
722123
722147
722149
722153
722159
722167
722173
722213
722237
722243
722257
722273
722287
722291
722299
722311
722317
722321
722333
722341
722353
722363
722369
722377
722389
722411
722417
722431
722459
722467
722479
722489
722509
722521
722537
722539
722563
722581
722599
722611
722633
722639
722663
722669
722713
722723
722737
722749
722783
722791
722797
722807
722819
722833
722849
722881
722899
722903
722921
722933
722963
722971
722977
722983
723029
723031
723043
723049
723053
723067
723071
723089
723101
723103
723109
723113
723119
723127
723133
723157
723161
723167
723169
723181
723193
723209
723221
723227
723257
723259
723263
723269
723271
723287
723293
723319
723337
723353
723361
723379
723391
723407
723409
723413
723421
723439
723451
723467
723473
723479
723491
723493
723529
723551
723553
723559
723563
723587
723589
723601
723607
723617
723623
723661
723721
723727
723739
723761
723791
723797
723799
723803
723823
723829
723839
723851
723857
723859
723893
723901
723907
723913
723917
723923
723949
723959
723967
723973
723977
723997
724001
724007
724021
724079
724093
724099
724111
724117
724121
724123
724153
724187
724211
724219
724259
724267
724277
724291
724303
724309
724313
724331
724393
724403
724433
724441
724447
724453
724459
724469
724481
724487
724499
724513
724517
724519
724531
724547
724553
724567
724573
724583
724597
724601
724609
724621
724627
724631
724639
724643
724651
724721
724723
724729
724733
724747
724751
724769
724777
724781
724783
724807
724813
724837
724847
724853
724879
724901
724903
724939
724949
724961
724967
724991
724993
725009
725041
725057
725071
725077
725099
725111
725113
725119
725147
725149
725159
725161
725189
725201
725209
725273
725293
725303
725317
725321
725323
725327
725341
725357
725359
725371
725381
725393
725399
725423
725437
725447
725449
725479
725507
725519
725531
725537
725579
725587
725597
725603
725639
725653
725663
725671
725687
725723
725731
725737
725749
725789
725801
725807
725827
725861
725863
725867
725891
725897
725909
725929
725939
725953
725981
725983
725993
725999
726007
726013
726023
726043
726071
726091
726097
726101
726107
726109
726137
726139
726149
726157
726163
726169
726181
726191
726221
726287
726289
726301
726307
726331
726337
726367
726371
726377
726379
726391
726413
726419
726431
726457
726463
726469
726487
726497
726521
726527
726533
726559
726589
726599
726601
726611
726619
726623
726629
726641
726647
726659
726679
726689
726697
726701
726707
726751
726779
726787
726797
726809
726811
726839
726841
726853
726893
726899
726911
726917
726923
726941
726953
726983
726989
726991
727003
727009
727019
727021
727049
727061
727063
727079
727121
727123
727157
727159
727169
727183
727189
727201
727211
727241
727247
727249
727261
727267
727271
727273
727289
727297
727313
727327
727343
727351
727369
727399
727409
727427
727451
727459
727471
727483
727487
727499
727501
727541
727561
727577
727589
727613
727621
727633
727667
727673
727691
727703
727711
727717
727729
727733
727747
727759
727763
727777
727781
727799
727807
727817
727823
727843
727847
727877
727879
727891
727933
727939
727949
727981
727997
728003
728017
728027
728047
728069
728087
728113
728129
728131
728173
728191
728207
728209
728261
728267
728269
728281
728293
728303
728317
728333
728369
728381
728383
728417
728423
728437
728471
728477
728489
728521
728527
728537
728551
728557
728561
728573
728579
728627
728639
728647
728659
728681
728687
728699
728701
728713
728723
728729
728731
728743
728747
728771
728809
728813
728831
728837
728839
728843
728851
728867
728869
728873
728881
728891
728899
728911
728921
728927
728929
728941
728947
728953
728969
728971
728993
729019
729023
729037
729041
729059
729073
729139
729143
729173
729187
729191
729199
729203
729217
729257
729269
729271
729293
729301
729329
729331
729359
729367
729371
729373
729389
729403
729413
729451
729457
729473
729493
729497
729503
729511
729527
729551
729557
729559
729569
729571
729577
729587
729601
729607
729613
729637
729643
729649
729661
729671
729679
729689
729713
729719
729737
729749
729761
729779
729787
729791
729821
729851
729871
729877
729907
729913
729919
729931
729941
729943
729947
729977
729979
729991
730003
730021
730033
730049
730069
730091
730111
730139
730157
730187
730199
730217
730237
730253
730277
730283
730297
730321
730339
730363
730397
730399
730421
730447
730451
730459
730469
730487
730537
730553
730559
730567
730571
730573
730589
730591
730603
730619
730633
730637
730663
730669
730679
730727
730747
730753
730757
730777
730781
730783
730789
730799
730811
730819
730823
730837
730843
730853
730867
730879
730889
730901
730909
730913
730943
730969
730973
730993
730999
There are 769 prime numbers in S142.
