S144(741313~751680)
741337
741341
741343
741347
741373
741401
741409
741413
741431
741457
741467
741469
741473
741479
741491
741493
741509
741541
741547
741563
741569
741593
741599
741641
741661
741667
741677
741679
741683
741691
741709
741721
741781
741787
741803
741809
741827
741833
741847
741857
741859
741869
741877
741883
741913
741929
741941
741967
741973
741991
742009
742031
742037
742057
742069
742073
742111
742117
742127
742151
742153
742193
742199
742201
742211
742213
742219
742229
742241
742243
742253
742277
742283
742289
742307
742327
742333
742351
742369
742381
742393
742409
742439
742457
742499
742507
742513
742519
742531
742537
742541
742549
742559
742579
742591
742607
742619
742657
742663
742673
742681
742697
742699
742711
742717
742723
742757
742759
742783
742789
742801
742817
742891
742897
742909
742913
742943
742949
742967
742981
742991
742993
742999
743027
743047
743059
743069
743089
743111
743123
743129
743131
743137
743143
743159
743161
743167
743173
743177
743179
743203
743209
743221
743251
743263
743269
743273
743279
743297
743321
743333
743339
743363
743377
743401
743423
743447
743507
743549
743551
743573
743579
743591
743609
743657
743669
743671
743689
743693
743711
743731
743747
743777
743779
743791
743803
743819
743833
743837
743849
743851
743881
743891
743917
743921
743923
743933
743947
743987
743989
744019
744043
744071
744077
744083
744113
744127
744137
744179
744187
744199
744203
744221
744239
744251
744253
744283
744301
744313
744353
744371
744377
744389
744391
744397
744407
744409
744431
744451
744493
744503
744511
744539
744547
744559
744599
744607
744637
744641
744649
744659
744661
744677
744701
744707
744721
744727
744739
744761
744767
744791
744811
744817
744823
744829
744833
744859
744893
744911
744917
744941
744949
744959
744977
745001
745013
745027
745033
745037
745051
745067
745103
745117
745133
745141
745181
745187
745189
745201
745231
745243
745247
745249
745273
745301
745307
745337
745343
745357
745369
745379
745391
745397
745471
745477
745517
745529
745531
745543
745567
745573
745601
745609
745621
745631
745649
745673
745697
745699
745709
745711
745727
745733
745741
745747
745751
745753
745757
745817
745837
745859
745873
745903
745931
745933
745939
745951
745973
745981
745993
745999
746017
746023
746033
746041
746047
746069
746099
746101
746107
746117
746129
746153
746167
746171
746177
746183
746191
746197
746203
746209
746227
746231
746233
746243
746267
746287
746303
746309
746329
746353
746363
746371
746411
746413
746429
746477
746479
746483
746497
746503
746507
746509
746531
746533
746561
746563
746597
746653
746659
746671
746677
746723
746737
746743
746747
746749
746773
746777
746791
746797
746807
746813
746839
746843
746869
746873
746891
746899
746903
746939
746951
746957
746959
746969
746981
746989
747037
747049
747053
747073
747107
747113
747139
747157
747161
747199
747203
747223
747239
747259
747277
747283
747287
747319
747323
747343
747361
747377
747391
747401
747407
747421
747427
747449
747451
747457
747463
747493
747497
747499
747521
747529
747547
747557
747563
747583
747587
747599
747611
747619
747647
747673
747679
747713
747731
747737
747743
747763
747781
747811
747827
747829
747833
747839
747841
747853
747863
747869
747871
747889
747917
747919
747941
747953
747977
747979
747991
748003
748019
748021
748039
748057
748091
748093
748133
748169
748183
748199
748207
748211
748217
748219
748249
748271
748273
748283
748301
748331
748337
748339
748343
748361
748379
748387
748441
748453
748463
748471
748481
748487
748499
748513
748523
748541
748567
748589
748597
748603
748609
748613
748633
748637
748639
748669
748687
748691
748703
748711
748717
748723
748729
748763
748777
748789
748801
748807
748817
748819
748823
748829
748831
748849
748861
748871
748877
748883
748889
748921
748933
748963
748973
748981
748987
749011
749027
749051
749069
749081
749083
749093
749129
749137
749143
749149
749153
749167
749171
749183
749197
749209
749219
749237
749249
749257
749267
749279
749297
749299
749323
749339
749347
749351
749383
749393
749401
749423
749429
749431
749443
749449
749453
749461
749467
749471
749543
749557
749587
749641
749653
749659
749677
749701
749711
749729
749741
749747
749761
749773
749779
749803
749807
749809
749843
749851
749863
749891
749893
749899
749909
749923
749927
749939
749941
749971
749993
750019
750037
750059
750077
750083
750097
750119
750121
750131
750133
750137
750151
750157
750161
750163
750173
750179
750203
750209
750223
750229
750287
750311
750313
750353
750383
750401
750413
750419
750437
750457
750473
750487
750509
750517
750521
750553
750571
750599
750613
750641
750653
750661
750667
750679
750691
750707
750713
750719
750721
750749
750769
750787
750791
750797
750803
750809
750817
750829
750853
750857
750863
750917
750929
750943
750961
750977
750983
751001
751007
751021
751027
751057
751061
751087
751103
751123
751133
751139
751141
751147
751151
751181
751183
751189
751193
751199
751207
751217
751237
751259
751273
751277
751291
751297
751301
751307
751319
751321
751327
751343
751351
751357
751363
751367
751379
751411
751423
751447
751453
751463
751481
751523
751529
751549
751567
751579
751609
751613
751627
751631
751633
751637
751643
751661
751669
There are 742 prime numbers in S144.
