S145(751681~762120)
751691
751711
751717
751727
751739
751747
751753
751759
751763
751787
751799
751813
751823
751841
751853
751867
751871
751879
751901
751909
751913
751921
751943
751957
751969
751987
751997
752009
752023
752033
752053
752083
752093
752107
752111
752117
752137
752149
752177
752183
752189
752197
752201
752203
752207
752251
752263
752273
752281
752287
752291
752293
752299
752303
752351
752359
752383
752413
752431
752447
752449
752459
752483
752489
752503
752513
752519
752527
752569
752581
752593
752603
752627
752639
752651
752681
752683
752699
752701
752707
752747
752771
752789
752797
752803
752809
752819
752821
752831
752833
752861
752867
752881
752891
752903
752911
752929
752933
752977
752993
753001
753007
753019
753023
753031
753079
753091
753127
753133
753139
753143
753161
753187
753191
753197
753229
753257
753307
753329
753341
753353
753367
753373
753383
753409
753421
753427
753437
753439
753461
753463
753497
753499
753527
753547
753569
753583
753587
753589
753611
753617
753619
753631
753647
753659
753677
753679
753689
753691
753707
753719
753721
753737
753743
753751
753773
753793
753799
753803
753811
753821
753839
753847
753859
753931
753937
753941
753947
753959
753979
753983
754003
754027
754037
754043
754057
754067
754073
754081
754093
754099
754109
754111
754121
754123
754133
754153
754157
754181
754183
754207
754211
754217
754223
754241
754249
754267
754279
754283
754289
754297
754301
754333
754337
754343
754367
754373
754379
754381
754399
754417
754421
754427
754451
754463
754483
754489
754513
754531
754549
754573
754577
754583
754597
754627
754639
754651
754703
754709
754711
754717
754723
754739
754751
754771
754781
754811
754829
754861
754877
754891
754903
754907
754921
754931
754937
754939
754967
754969
754973
754979
754981
754991
754993
755009
755033
755057
755071
755077
755081
755087
755107
755137
755143
755147
755171
755173
755203
755213
755233
755239
755257
755267
755273
755309
755311
755317
755329
755333
755351
755357
755371
755387
755393
755399
755401
755413
755437
755441
755449
755473
755483
755509
755539
755551
755561
755567
755569
755593
755597
755617
755627
755663
755681
755707
755717
755719
755737
755759
755767
755771
755789
755791
755809
755813
755861
755863
755869
755879
755899
755903
755959
755969
755977
756011
756023
756043
756053
756097
756101
756127
756131
756139
756149
756167
756179
756191
756199
756227
756247
756251
756253
756271
756281
756289
756293
756319
756323
756331
756373
756403
756419
756421
756433
756443
756463
756467
756527
756533
756541
756563
756571
756593
756601
756607
756629
756641
756649
756667
756673
756683
756689
756703
756709
756719
756727
756739
756773
756799
756829
756839
756853
756869
756881
756887
756919
756923
756961
756967
756971
757019
757039
757063
757067
757109
757111
757151
757157
757171
757181
757201
757241
757243
757247
757259
757271
757291
757297
757307
757319
757327
757331
757343
757363
757381
757387
757403
757409
757417
757429
757433
757457
757481
757487
757507
757513
757517
757543
757553
757577
757579
757583
757607
757633
757651
757661
757693
757699
757709
757711
757727
757751
757753
757763
757793
757807
757811
757819
757829
757879
757903
757909
757927
757937
757943
757951
757993
757997
758003
758029
758041
758053
758071
758083
758099
758101
758111
758137
758141
758159
758179
758189
758201
758203
758227
758231
758237
758243
758267
758269
758273
758279
758299
758323
758339
758341
758357
758363
758383
758393
758411
758431
758441
758449
758453
758491
758501
758503
758519
758521
758551
758561
758573
758579
758599
758617
758629
758633
758671
758687
758699
758707
758711
758713
758729
758731
758741
758743
758753
758767
758783
758789
758819
758827
758837
758851
758867
758887
758893
758899
758929
758941
758957
758963
758969
758971
758987
759001
759019
759029
759037
759047
759053
759089
759103
759113
759131
759149
759167
759173
759179
759181
759193
759223
759229
759263
759287
759293
759301
759313
759329
759359
759371
759377
759397
759401
759431
759433
759457
759463
759467
759491
759503
759523
759547
759553
759557
759559
759569
759571
759581
759589
759599
759617
759623
759631
759637
759641
759653
759659
759673
759691
759697
759701
759709
759719
759727
759739
759757
759763
759797
759799
759821
759833
759881
759893
759911
759923
759929
759947
759953
759959
759961
759973
760007
760043
760063
760079
760093
760103
760117
760129
760141
760147
760153
760163
760169
760183
760187
760211
760229
760231
760237
760241
760261
760267
760273
760289
760297
760301
760321
760343
760367
760373
760411
760423
760433
760447
760453
760457
760477
760489
760499
760511
760519
760531
760537
760549
760553
760561
760567
760579
760607
760619
760621
760637
760649
760657
760693
760723
760729
760759
760769
760783
760807
760813
760841
760843
760847
760871
760891
760897
760901
760913
760927
760933
760939
760951
760961
760993
760997
761003
761009
761023
761051
761069
761087
761113
761119
761129
761153
761161
761177
761179
761183
761203
761207
761213
761227
761249
761251
761261
761263
761291
761297
761347
761351
761357
761363
761377
761381
761389
761393
761399
761407
761417
761429
761437
761441
761443
761459
761471
761477
761483
761489
761521
761531
761533
761543
761561
761567
761591
761597
761603
761611
761623
761633
761669
761671
761681
761689
761711
761713
761731
761773
761777
761779
761807
761809
761833
761861
761863
761869
761879
761897
761927
761939
761963
761977
761983
761993
762001
762007
762017
762031
762037
762049
762053
762061
762101
There are 780 prime numbers in S145.
