S146(762121~772632)
762121
762187
762211
762227
762233
762239
762241
762253
762257
762277
762319
762329
762367
762371
762373
762379
762389
762397
762401
762407
762409
762479
762491
762499
762529
762539
762547
762557
762563
762571
762577
762583
762599
762647
762653
762659
762667
762721
762737
762743
762761
762779
762791
762809
762821
762823
762847
762871
762877
762893
762899
762901
762913
762917
762919
762959
762967
762973
762989
763001
763013
763027
763031
763039
763043
763067
763073
763093
763111
763123
763141
763157
763159
763183
763201
763223
763237
763261
763267
763271
763303
763307
763339
763349
763369
763381
763391
763403
763409
763417
763423
763429
763447
763457
763471
763481
763493
763513
763523
763549
763559
763573
763579
763583
763597
763601
763613
763619
763621
763627
763649
763663
763673
763699
763739
763751
763753
763757
763771
763787
763801
763811
763823
763843
763859
763879
763883
763897
763901
763907
763913
763921
763927
763937
763943
763957
763967
763999
764003
764011
764017
764021
764041
764051
764053
764059
764081
764089
764111
764131
764143
764149
764171
764189
764209
764233
764249
764251
764261
764273
764293
764317
764321
764327
764339
764341
764369
764381
764399
764431
764447
764459
764471
764501
764521
764539
764551
764563
764587
764591
764593
764611
764623
764627
764629
764657
764683
764689
764717
764719
764723
764783
764789
764809
764837
764839
764849
764857
764887
764891
764893
764899
764903
764947
764969
764971
764977
764989
764993
764999
765007
765031
765041
765043
765047
765059
765091
765097
765103
765109
765131
765137
765139
765143
765151
765169
765181
765199
765203
765209
765211
765227
765229
765241
765251
765257
765283
765287
765293
765307
765313
765319
765329
765353
765379
765383
765389
765409
765437
765439
765461
765467
765487
765497
765503
765521
765533
765539
765577
765581
765587
765613
765619
765623
765649
765659
765673
765707
765727
765749
765763
765767
765773
765781
765823
765827
765847
765851
765857
765859
765881
765889
765893
765899
765907
765913
765931
765949
765953
765971
765983
765991
766021
766039
766049
766067
766079
766091
766097
766109
766111
766127
766163
766169
766177
766187
766211
766223
766229
766231
766237
766247
766261
766273
766277
766301
766313
766321
766333
766357
766361
766369
766373
766387
766393
766399
766421
766439
766453
766457
766471
766477
766487
766501
766511
766531
766541
766543
766553
766559
766583
766609
766637
766639
766651
766679
766687
766721
766739
766757
766763
766769
766793
766807
766811
766813
766817
766861
766867
766873
766877
766891
766901
766907
766937
766939
766943
766957
766967
766999
767017
767029
767051
767071
767089
767093
767101
767111
767131
767147
767153
767161
767167
767203
767243
767279
767287
767293
767309
767317
767321
767323
767339
767357
767359
767381
767399
767423
767443
767471
767489
767509
767513
767521
767527
767537
767539
767549
767551
767587
767597
767603
767617
767623
767633
767647
767677
767681
767707
767729
767747
767749
767759
767761
767773
767783
767813
767827
767831
767843
767857
767863
767867
767869
767881
767909
767951
767957
768013
768029
768041
768049
768059
768073
768101
768107
768127
768133
768139
768161
768167
768169
768191
768193
768197
768199
768203
768221
768241
768259
768263
768301
768319
768323
768329
768343
768347
768353
768359
768371
768373
768377
768389
768401
768409
768419
768431
768437
768457
768461
768479
768491
768503
768541
768563
768571
768589
768613
768623
768629
768631
768641
768643
768653
768671
768727
768751
768767
768773
768787
768793
768799
768811
768841
768851
768853
768857
768869
768881
768923
768931
768941
768953
768979
768983
769003
769007
769019
769033
769039
769057
769073
769081
769091
769117
769123
769147
769151
769159
769169
769207
769231
769243
769247
769259
769261
769273
769289
769297
769309
769319
769339
769357
769387
769411
769421
769423
769429
769453
769459
769463
769469
769487
769541
769543
769547
769553
769577
769579
769589
769591
769597
769619
769627
769661
769663
769673
769687
769723
769729
769733
769739
769751
769781
769789
769799
769807
769837
769871
769903
769919
769927
769943
769961
769963
769973
769987
769997
769999
770027
770039
770041
770047
770053
770057
770059
770069
770101
770111
770113
770123
770129
770167
770177
770179
770183
770191
770207
770227
770233
770239
770261
770281
770291
770309
770311
770353
770359
770387
770401
770417
770437
770447
770449
770459
770503
770519
770527
770533
770537
770551
770557
770573
770579
770587
770591
770597
770611
770639
770641
770647
770657
770663
770669
770741
770761
770767
770771
770789
770801
770813
770837
770839
770843
770863
770867
770873
770881
770897
770909
770927
770929
770951
770971
770981
770993
771011
771013
771019
771031
771037
771047
771049
771073
771079
771091
771109
771143
771163
771179
771181
771209
771217
771227
771233
771269
771283
771289
771293
771299
771301
771349
771359
771389
771401
771403
771427
771431
771437
771439
771461
771473
771481
771499
771503
771509
771517
771527
771553
771569
771583
771587
771607
771619
771623
771629
771637
771643
771653
771679
771691
771697
771703
771739
771763
771769
771781
771809
771853
771863
771877
771887
771889
771899
771917
771937
771941
771961
771971
771973
771997
772001
772003
772019
772061
772073
772081
772091
772097
772127
772139
772147
772159
772169
772181
772207
772229
772231
772273
772279
772297
772313
772333
772339
772349
772367
772379
772381
772391
772393
772403
772439
772441
772451
772459
772477
772493
772517
772537
772567
772571
772573
772591
772619
772631
There are 785 prime numbers in S146.
