S147(772633~783216)
772649
772657
772661
772663
772669
772691
772697
772703
772721
772757
772771
772789
772843
772847
772853
772859
772867
772903
772907
772909
772913
772921
772949
772963
772987
772991
773021
773023
773027
773029
773039
773057
773063
773081
773083
773093
773117
773147
773153
773159
773207
773209
773231
773239
773249
773251
773273
773287
773299
773317
773341
773363
773371
773387
773393
773407
773417
773447
773453
773473
773491
773497
773501
773533
773537
773561
773567
773569
773579
773599
773603
773609
773611
773657
773659
773681
773683
773693
773713
773719
773723
773767
773777
773779
773803
773821
773831
773837
773849
773863
773867
773869
773879
773897
773909
773933
773939
773951
773953
773987
773989
773999
774001
774017
774023
774047
774071
774073
774083
774107
774119
774127
774131
774133
774143
774149
774161
774173
774181
774199
774217
774223
774229
774233
774239
774283
774289
774313
774317
774337
774343
774377
774427
774439
774463
774467
774491
774511
774523
774541
774551
774577
774583
774589
774593
774601
774629
774643
774661
774667
774671
774679
774691
774703
774733
774757
774773
774779
774791
774797
774799
774803
774811
774821
774833
774853
774857
774863
774901
774919
774929
774931
774959
774997
775007
775037
775043
775057
775063
775079
775087
775091
775097
775121
775147
775153
775157
775163
775189
775193
775237
775241
775259
775267
775273
775309
775343
775349
775361
775363
775367
775393
775417
775441
775451
775477
775507
775513
775517
775531
775553
775573
775601
775603
775613
775627
775633
775639
775661
775669
775681
775711
775729
775739
775741
775757
775777
775787
775807
775811
775823
775861
775871
775889
775919
775933
775937
775939
775949
775963
775987
776003
776029
776047
776057
776059
776077
776099
776117
776119
776137
776143
776159
776173
776177
776179
776183
776201
776219
776221
776233
776249
776257
776267
776287
776317
776327
776357
776389
776401
776429
776449
776453
776467
776471
776483
776497
776507
776513
776521
776551
776557
776561
776563
776569
776599
776627
776651
776683
776693
776719
776729
776749
776753
776759
776801
776813
776819
776837
776851
776861
776869
776879
776887
776899
776921
776947
776969
776977
776983
776987
777001
777011
777013
777031
777041
777071
777097
777103
777109
777137
777143
777151
777167
777169
777173
777181
777187
777191
777199
777209
777221
777241
777247
777251
777269
777277
777313
777317
777349
777353
777373
777383
777389
777391
777419
777421
777431
777433
777437
777451
777463
777473
777479
777541
777551
777571
777583
777589
777617
777619
777641
777643
777661
777671
777677
777683
777731
777737
777743
777761
777769
777781
777787
777817
777839
777857
777859
777863
777871
777877
777901
777911
777919
777977
777979
777989
778013
778027
778049
778051
778061
778079
778081
778091
778097
778109
778111
778121
778123
778153
778163
778187
778201
778213
778223
778237
778241
778247
778301
778307
778313
778319
778333
778357
778361
778363
778391
778397
778403
778409
778417
778439
778469
778507
778511
778513
778523
778529
778537
778541
778553
778559
778567
778579
778597
778633
778643
778663
778667
778681
778693
778697
778699
778709
778717
778727
778733
778759
778763
778769
778777
778793
778819
778831
778847
778871
778873
778879
778903
778907
778913
778927
778933
778951
778963
778979
778993
779003
779011
779021
779039
779063
779069
779081
779101
779111
779131
779137
779159
779173
779189
779221
779231
779239
779249
779267
779327
779329
779341
779347
779351
779353
779357
779377
779413
779477
779489
779507
779521
779531
779543
779561
779563
779573
779579
779591
779593
779599
779609
779617
779621
779657
779659
779663
779693
779699
779707
779731
779747
779749
779761
779767
779771
779791
779797
779827
779837
779869
779873
779879
779887
779899
779927
779939
779971
779981
779983
779993
780029
780037
780041
780047
780049
780061
780119
780127
780163
780173
780179
780191
780193
780211
780223
780233
780253
780257
780287
780323
780343
780347
780371
780379
780383
780389
780397
780401
780421
780433
780457
780469
780499
780523
780553
780583
780587
780601
780613
780631
780649
780667
780671
780679
780683
780697
780707
780719
780721
780733
780799
780803
780809
780817
780823
780833
780841
780851
780853
780869
780877
780887
780889
780917
780931
780953
780961
780971
780973
780991
781003
781007
781021
781043
781051
781063
781069
781087
781111
781117
781127
781129
781139
781163
781171
781199
781211
781217
781229
781243
781247
781271
781283
781301
781307
781309
781321
781327
781351
781357
781367
781369
781387
781397
781399
781409
781423
781427
781433
781453
781481
781483
781493
781511
781513
781519
781523
781531
781559
781567
781589
781601
781607
781619
781631
781633
781661
781673
781681
781721
781733
781741
781771
781799
781801
781817
781819
781853
781861
781867
781883
781889
781897
781919
781951
781961
781967
781969
781973
781987
781997
781999
782003
782009
782011
782053
782057
782071
782083
782087
782107
782113
782123
782129
782137
782141
782147
782149
782183
782189
782191
782209
782219
782231
782251
782263
782267
782297
782311
782329
782339
782371
782381
782387
782389
782393
782429
782443
782461
782473
782489
782497
782501
782519
782539
782581
782611
782641
782659
782669
782671
782687
782689
782707
782711
782723
782777
782783
782791
782839
782849
782861
782891
782911
782921
782941
782963
782981
782983
782993
783007
783011
783019
783023
783043
783077
783089
783119
783121
783131
783137
783143
783149
783151
783191
783193
783197
There are 776 prime numbers in S147.
