S148(783217~793872)
783227
783247
783257
783259
783269
783283
783317
783323
783329
783337
783359
783361
783373
783379
783407
783413
783421
783473
783487
783527
783529
783533
783553
783557
783569
783571
783599
783613
783619
783641
783647
783661
783677
783689
783691
783701
783703
783707
783719
783721
783733
783737
783743
783749
783763
783767
783779
783781
783787
783791
783793
783799
783803
783829
783869
783877
783931
783953
784009
784039
784061
784081
784087
784097
784103
784109
784117
784129
784153
784171
784181
784183
784211
784213
784219
784229
784243
784249
784283
784307
784309
784313
784321
784327
784349
784351
784367
784373
784379
784387
784409
784411
784423
784447
784451
784457
784463
784471
784481
784489
784501
784513
784541
784543
784547
784561
784573
784577
784583
784603
784627
784649
784661
784687
784697
784717
784723
784727
784753
784789
784799
784831
784837
784841
784859
784867
784897
784913
784919
784939
784957
784961
784981
785003
785017
785033
785053
785093
785101
785107
785119
785123
785129
785143
785153
785159
785167
785203
785207
785219
785221
785227
785249
785269
785287
785293
785299
785303
785311
785321
785329
785333
785341
785347
785353
785357
785363
785377
785413
785423
785431
785459
785461
785483
785501
785503
785527
785537
785549
785569
785573
785579
785591
785597
785623
785627
785641
785651
785671
785693
785717
785731
785737
785753
785773
785777
785779
785801
785803
785809
785839
785857
785861
785879
785903
785921
785923
785947
785951
785963
786001
786013
786017
786031
786047
786053
786059
786061
786077
786109
786127
786151
786167
786173
786179
786197
786211
786223
786241
786251
786271
786307
786311
786319
786329
786337
786349
786371
786407
786419
786431
786433
786449
786469
786491
786547
786551
786553
786587
786589
786613
786629
786659
786661
786673
786691
786697
786701
786703
786707
786719
786739
786763
786803
786823
786829
786833
786859
786881
786887
786889
786901
786931
786937
786941
786949
786959
786971
786979
786983
787021
787043
787051
787057
787067
787069
787079
787091
787099
787123
787139
787153
787181
787187
787207
787217
787243
787261
787277
787289
787309
787331
787333
787337
787357
787361
787427
787429
787433
787439
787447
787469
787477
787483
787489
787513
787517
787519
787529
787537
787541
787547
787573
787601
787609
787621
787639
787649
787667
787697
787711
787747
787751
787757
787769
787771
787777
787783
787793
787807
787811
787817
787823
787837
787879
787883
787903
787907
787939
787973
787981
787993
787999
788009
788023
788027
788033
788041
788071
788077
788087
788089
788093
788107
788129
788153
788159
788167
788173
788189
788209
788213
788231
788261
788267
788287
788309
788317
788321
788351
788353
788357
788363
788369
788377
788383
788387
788393
788399
788413
788419
788429
788449
788467
788479
788497
788521
788527
788531
788537
788549
788561
788563
788569
788603
788621
788651
788659
788677
788687
788701
788719
788761
788779
788789
788813
788819
788849
788863
788867
788869
788873
788891
788897
788903
788927
788933
788941
788947
788959
788971
788993
788999
789001
789017
789029
789031
789067
789077
789091
789097
789101
789109
789121
789133
789137
789149
789169
789181
789221
789227
789251
789311
789323
789331
789343
789367
789377
789389
789391
789407
789419
789443
789473
789491
789493
789511
789527
789533
789557
789571
789577
789587
789589
789611
789623
789631
789653
789671
789673
789683
789689
789709
789713
789721
789731
789739
789749
789793
789823
789829
789847
789851
789857
789883
789941
789959
789961
789967
789977
789979
790003
790021
790033
790043
790051
790057
790063
790087
790093
790099
790121
790169
790171
790189
790199
790201
790219
790241
790261
790271
790277
790289
790291
790327
790331
790333
790351
790369
790379
790397
790403
790417
790421
790429
790451
790459
790481
790501
790513
790519
790523
790529
790547
790567
790583
790589
790607
790613
790633
790637
790649
790651
790693
790697
790703
790709
790733
790739
790747
790753
790781
790793
790817
790819
790831
790843
790861
790871
790879
790883
790897
790927
790957
790961
790967
790969
790991
790997
791003
791009
791017
791029
791047
791053
791081
791093
791099
791111
791117
791137
791159
791191
791201
791209
791227
791233
791251
791257
791261
791291
791309
791311
791317
791321
791347
791363
791377
791387
791411
791419
791431
791443
791447
791473
791489
791519
791543
791561
791563
791569
791573
791599
791627
791629
791657
791663
791677
791699
791773
791783
791789
791797
791801
791803
791827
791849
791851
791887
791891
791897
791899
791909
791927
791929
791933
791951
791969
791971
791993
792023
792031
792037
792041
792049
792061
792067
792073
792101
792107
792109
792119
792131
792151
792163
792179
792223
792227
792229
792241
792247
792257
792263
792277
792283
792293
792299
792301
792307
792317
792359
792371
792377
792383
792397
792413
792443
792461
792479
792481
792487
792521
792529
792551
792553
792559
792563
792581
792593
792601
792613
792629
792637
792641
792643
792647
792667
792679
792689
792691
792697
792703
792709
792713
792731
792751
792769
792793
792797
792821
792871
792881
792893
792907
792919
792929
792941
792959
792973
792983
792989
792991
793043
793069
793099
793103
793123
793129
793139
793159
793181
793187
793189
793207
793229
793253
793279
793297
793301
793327
793333
793337
793343
793379
793399
793439
793447
793453
793487
793489
793493
793511
793517
793519
793537
793547
793553
793561
793591
793601
793607
793621
793627
793633
793669
793673
793691
793699
793711
793717
793721
793733
793739
793757
793769
793777
793787
793789
793813
793841
793843
793853
793867
There are 793 prime numbers in S148.
