S149(793873~804600)
793889
793901
793927
793931
793939
793957
793967
793979
793981
793999
794009
794011
794023
794033
794039
794041
794063
794071
794077
794089
794111
794113
794119
794137
794141
794149
794153
794161
794173
794179
794191
794201
794203
794207
794221
794231
794239
794249
794327
794341
794363
794383
794389
794399
794407
794413
794449
794471
794473
794477
794483
794491
794509
794531
794537
794543
794551
794557
794569
794579
794587
794593
794641
794653
794657
794659
794669
794693
794711
794741
794743
794749
794779
794831
794879
794881
794887
794921
794923
794953
794957
794993
794999
795001
795007
795023
795071
795077
795079
795083
795097
795101
795103
795121
795127
795139
795149
795161
795187
795203
795211
795217
795233
795239
795251
795253
795299
795307
795323
795329
795337
795343
795349
795427
795449
795461
795467
795479
795493
795503
795517
795527
795533
795539
795551
795581
795589
795601
795643
795647
795649
795653
795659
795661
795667
795679
795703
795709
795713
795727
795737
795761
795763
795791
795793
795797
795799
795803
795827
795829
795871
795877
795913
795917
795931
795937
795941
795943
795947
795979
795983
795997
796001
796009
796063
796067
796091
796121
796139
796141
796151
796171
796177
796181
796189
796193
796217
796247
796259
796267
796291
796303
796307
796337
796339
796361
796363
796373
796379
796387
796391
796409
796447
796451
796459
796487
796493
796517
796531
796541
796553
796561
796567
796571
796583
796591
796619
796633
796657
796673
796687
796693
796699
796709
796711
796751
796759
796769
796777
796781
796799
796801
796813
796819
796847
796849
796853
796867
796871
796877
796889
796921
796931
796933
796937
796951
796967
796969
796981
797003
797009
797021
797029
797033
797039
797051
797053
797057
797063
797077
797119
797131
797143
797161
797171
797201
797207
797273
797281
797287
797309
797311
797333
797353
797359
797383
797389
797399
797417
797429
797473
797497
797507
797509
797539
797549
797551
797557
797561
797567
797569
797579
797581
797591
797593
797611
797627
797633
797647
797681
797689
797701
797711
797729
797743
797747
797767
797773
797813
797833
797851
797869
797887
797897
797911
797917
797933
797947
797957
797977
797987
798023
798043
798059
798067
798071
798079
798089
798097
798101
798121
798131
798139
798143
798151
798173
798179
798191
798197
798199
798221
798223
798227
798251
798257
798263
798271
798293
798319
798331
798373
798383
798397
798403
798409
798443
798451
798461
798481
798487
798503
798517
798521
798527
798533
798569
798599
798613
798641
798647
798649
798667
798691
798697
798701
798713
798727
798737
798751
798757
798773
798781
798799
798823
798871
798887
798911
798923
798929
798937
798943
798961
799003
799021
799031
799061
799063
799091
799093
799103
799147
799151
799171
799217
799219
799223
799259
799291
799301
799303
799307
799313
799333
799343
799361
799363
799369
799417
799427
799441
799453
799471
799481
799483
799489
799507
799523
799529
799543
799553
799573
799609
799613
799619
799621
799633
799637
799651
799657
799661
799679
799723
799727
799739
799741
799753
799759
799789
799801
799807
799817
799837
799853
799859
799873
799891
799921
799949
799961
799979
799991
799993
799999
800011
800029
800053
800057
800077
800083
800089
800113
800117
800119
800123
800131
800143
800159
800161
800171
800209
800213
800221
800231
800237
800243
800281
800287
800291
800311
800329
800333
800351
800357
800399
800407
800417
800419
800441
800447
800473
800477
800483
800497
800509
800519
800521
800533
800537
800539
800549
800557
800573
800587
800593
800599
800621
800623
800647
800651
800659
800663
800669
800677
800687
800693
800707
800711
800729
800731
800741
800743
800759
800773
800783
800801
800861
800873
800879
800897
800903
800909
800923
800953
800959
800971
800977
800993
800999
801001
801007
801011
801019
801037
801061
801077
801079
801103
801107
801127
801137
801179
801187
801197
801217
801247
801277
801289
801293
801301
801331
801337
801341
801349
801371
801379
801403
801407
801419
801421
801461
801469
801487
801503
801517
801539
801551
801557
801569
801571
801607
801611
801617
801631
801641
801677
801683
801701
801707
801709
801733
801761
801791
801809
801811
801817
801833
801841
801859
801883
801947
801949
801959
801973
801989
802007
802019
802027
802031
802037
802073
802103
802121
802127
802129
802133
802141
802147
802159
802163
802177
802181
802183
802189
802231
802253
802279
802283
802297
802331
802339
802357
802387
802421
802441
802453
802463
802471
802499
802511
802523
802531
802573
802583
802589
802597
802603
802609
802643
802649
802651
802661
802667
802709
802721
802729
802733
802751
802759
802777
802783
802787
802793
802799
802811
802829
802831
802873
802909
802913
802933
802951
802969
802979
802987
803027
803041
803053
803057
803059
803087
803093
803119
803141
803171
803189
803207
803227
803237
803251
803269
803273
803287
803311
803323
803333
803347
803359
803389
803393
803399
803417
803441
803443
803447
803449
803461
803479
803483
803497
803501
803513
803519
803549
803587
803591
803609
803611
803623
803629
803651
803659
803669
803687
803717
803729
803731
803741
803749
803813
803819
803849
803857
803867
803893
803897
803911
803921
803927
803939
803963
803977
803987
803989
804007
804017
804031
804043
804059
804073
804077
804091
804107
804113
804119
804127
804157
804161
804179
804191
804197
804203
804211
804239
804259
804281
804283
804313
804317
804329
804337
804341
804367
804371
804383
804409
804443
804449
804473
804493
804497
804511
804521
804523
804541
804553
804571
804577
804581
804589
There are 789 prime numbers in S149.
