S152(826273~837216)
826283
826289
826303
826313
826333
826339
826349
826351
826363
826379
826381
826391
826393
826403
826411
826453
826477
826493
826499
826541
826549
826559
826561
826571
826583
826603
826607
826613
826621
826663
826667
826669
826673
826681
826697
826699
826711
826717
826723
826729
826753
826759
826783
826799
826807
826811
826831
826849
826867
826879
826883
826907
826921
826927
826939
826957
826963
826967
826979
826997
827009
827023
827039
827041
827063
827087
827129
827131
827143
827147
827161
827213
827227
827231
827251
827269
827293
827303
827311
827327
827347
827369
827389
827417
827423
827429
827443
827447
827461
827473
827501
827521
827537
827539
827549
827581
827591
827599
827633
827639
827677
827681
827693
827699
827719
827737
827741
827767
827779
827791
827803
827809
827821
827833
827837
827843
827851
827857
827867
827873
827899
827903
827923
827927
827929
827941
827969
827987
827989
828007
828011
828013
828029
828043
828059
828067
828071
828101
828109
828119
828127
828131
828133
828169
828199
828209
828221
828239
828277
828349
828361
828371
828379
828383
828397
828407
828409
828431
828449
828517
828523
828547
828557
828577
828587
828601
828637
828643
828649
828673
828677
828691
828697
828701
828703
828721
828731
828743
828757
828787
828797
828809
828811
828823
828829
828833
828859
828871
828881
828889
828899
828901
828917
828923
828941
828953
828967
828977
829001
829013
829057
829063
829069
829093
829097
829111
829121
829123
829151
829159
829177
829187
829193
829211
829223
829229
829237
829249
829267
829273
829289
829319
829349
829399
829453
829457
829463
829469
829501
829511
829519
829537
829547
829561
829601
829613
829627
829637
829639
829643
829657
829687
829693
829709
829721
829723
829727
829729
829733
829757
829789
829811
829813
829819
829831
829841
829847
829849
829867
829877
829883
829949
829967
829979
829987
829993
830003
830017
830041
830051
830099
830111
830117
830131
830143
830153
830173
830177
830191
830233
830237
830257
830267
830279
830293
830309
830311
830327
830329
830339
830341
830353
830359
830363
830383
830387
830411
830413
830419
830441
830447
830449
830477
830483
830497
830503
830513
830549
830551
830561
830567
830579
830587
830591
830597
830617
830639
830657
830677
830693
830719
830729
830741
830743
830777
830789
830801
830827
830833
830839
830849
830861
830873
830887
830891
830899
830911
830923
830939
830957
830981
830989
831023
831031
831037
831043
831067
831071
831073
831091
831109
831139
831161
831163
831167
831191
831217
831221
831239
831253
831287
831301
831323
831329
831361
831367
831371
831373
831407
831409
831431
831433
831437
831443
831461
831503
831529
831539
831541
831547
831553
831559
831583
831587
831599
831617
831619
831631
831643
831647
831653
831659
831661
831679
831683
831697
831707
831709
831713
831731
831739
831751
831757
831769
831781
831799
831811
831821
831829
831847
831851
831863
831881
831889
831893
831899
831911
831913
831917
831967
831983
832003
832063
832079
832081
832103
832109
832121
832123
832129
832141
832151
832157
832159
832189
832211
832217
832253
832291
832297
832309
832327
832331
832339
832361
832367
832369
832373
832379
832399
832411
832421
832427
832451
832457
832477
832483
832487
832493
832499
832519
832583
832591
832597
832607
832613
832621
832627
832631
832633
832639
832673
832679
832681
832687
832693
832703
832709
832717
832721
832729
832747
832757
832763
832771
832787
832801
832837
832841
832861
832879
832883
832889
832913
832919
832927
832933
832943
832957
832963
832969
832973
832987
833009
833023
833033
833047
833057
833099
833101
833117
833171
833177
833179
833191
833197
833201
833219
833251
833269
833281
833293
833299
833309
833347
833353
833363
833377
833389
833429
833449
833453
833461
833467
833477
833479
833491
833509
833537
833557
833563
833593
833597
833617
833633
833659
833669
833689
833711
833713
833717
833719
833737
833747
833759
833783
833801
833821
833839
833843
833857
833873
833887
833893
833897
833923
833927
833933
833947
833977
833999
834007
834013
834023
834059
834107
834131
834133
834137
834143
834149
834151
834181
834199
834221
834257
834259
834269
834277
834283
834287
834299
834311
834341
834367
834433
834439
834469
834487
834497
834503
834511
834523
834527
834569
834571
834593
834599
834607
834611
834623
834629
834641
834643
834653
834671
834703
834709
834721
834761
834773
834781
834787
834797
834809
834811
834829
834857
834859
834893
834913
834941
834947
834949
834959
834961
834983
834991
835001
835013
835019
835033
835039
835097
835099
835117
835123
835139
835141
835207
835213
835217
835249
835253
835271
835313
835319
835321
835327
835369
835379
835391
835399
835421
835427
835441
835451
835453
835459
835469
835489
835511
835531
835553
835559
835591
835603
835607
835609
835633
835643
835661
835663
835673
835687
835717
835721
835733
835739
835759
835789
835811
835817
835819
835823
835831
835841
835847
835859
835897
835909
835927
835931
835937
835951
835957
835973
835979
835987
835993
835997
836047
836063
836071
836107
836117
836131
836137
836149
836153
836159
836161
836183
836189
836191
836203
836219
836233
836239
836243
836267
836291
836299
836317
836327
836347
836351
836369
836377
836387
836413
836449
836471
836477
836491
836497
836501
836509
836567
836569
836573
836609
836611
836623
836657
836663
836677
836683
836699
836701
836707
836713
836729
836747
836749
836753
836761
836789
836807
836821
836833
836839
836861
836863
836873
836879
836881
836917
836921
836939
836951
836971
837017
837043
837047
837059
837071
837073
837077
837079
837107
837113
837139
837149
837157
837191
837203
There are 797 prime numbers in S152.
