S153(837217~848232)
837257
837271
837283
837293
837307
837313
837359
837367
837373
837377
837379
837409
837413
837439
837451
837461
837467
837497
837503
837509
837521
837533
837583
837601
837611
837619
837631
837659
837667
837673
837677
837679
837721
837731
837737
837773
837779
837797
837817
837833
837847
837853
837887
837923
837929
837931
837937
837943
837979
838003
838021
838037
838039
838043
838063
838069
838091
838093
838099
838133
838139
838141
838153
838157
838169
838171
838193
838207
838247
838249
838349
838351
838363
838367
838379
838391
838393
838399
838403
838421
838429
838441
838447
838459
838463
838471
838483
838517
838547
838553
838561
838571
838583
838589
838597
838601
838609
838613
838631
838633
838657
838667
838687
838693
838711
838751
838757
838769
838771
838777
838781
838807
838813
838837
838853
838889
838897
838909
838913
838919
838927
838931
838939
838949
838951
838963
838969
838991
838993
839009
839029
839051
839071
839087
839117
839131
839161
839203
839207
839221
839227
839261
839269
839303
839323
839327
839351
839353
839369
839381
839413
839429
839437
839441
839453
839459
839471
839473
839483
839491
839497
839519
839539
839551
839563
839599
839603
839609
839611
839617
839621
839633
839651
839653
839669
839693
839723
839731
839767
839771
839791
839801
839809
839831
839837
839873
839879
839887
839897
839899
839903
839911
839921
839957
839959
839963
839981
839999
840023
840053
840061
840067
840083
840109
840137
840139
840149
840163
840179
840181
840187
840197
840223
840239
840241
840253
840269
840277
840289
840299
840319
840331
840341
840347
840353
840439
840451
840457
840467
840473
840479
840491
840523
840547
840557
840571
840589
840601
840611
840643
840661
840683
840703
840709
840713
840727
840733
840743
840757
840761
840767
840817
840821
840823
840839
840841
840859
840863
840907
840911
840923
840929
840941
840943
840967
840979
840989
840991
841003
841013
841019
841021
841063
841069
841079
841081
841091
841097
841103
841147
841157
841189
841193
841207
841213
841219
841223
841231
841237
841241
841259
841273
841277
841283
841289
841297
841307
841327
841333
841349
841369
841391
841397
841411
841427
841447
841457
841459
841541
841549
841559
841573
841597
841601
841637
841651
841661
841663
841691
841697
841727
841741
841751
841793
841801
841849
841859
841873
841879
841889
841913
841921
841927
841931
841933
841979
841987
842003
842021
842041
842047
842063
842071
842077
842081
842087
842089
842111
842113
842141
842147
842159
842161
842167
842173
842183
842203
842209
842249
842267
842279
842291
842293
842311
842321
842323
842339
842341
842351
842353
842371
842383
842393
842399
842407
842417
842419
842423
842447
842449
842473
842477
842483
842489
842497
842507
842519
842521
842531
842551
842581
842587
842599
842617
842623
842627
842657
842701
842729
842747
842759
842767
842771
842791
842801
842813
842819
842857
842869
842879
842887
842923
842939
842951
842957
842969
842977
842981
842987
842993
843043
843067
843079
843091
843103
843113
843127
843131
843137
843173
843179
843181
843209
843211
843229
843253
843257
843289
843299
843301
843307
843331
843347
843361
843371
843377
843379
843383
843397
843443
843449
843457
843461
843473
843487
843497
843503
843527
843539
843553
843559
843587
843589
843607
843613
843629
843643
843649
843677
843679
843701
843737
843757
843763
843779
843781
843793
843797
843811
843823
843833
843841
843881
843883
843889
843901
843907
843911
844001
844013
844043
844061
844069
844087
844093
844111
844117
844121
844127
844139
844141
844153
844157
844163
844183
844187
844199
844201
844243
844247
844253
844279
844289
844297
844309
844321
844351
844369
844421
844427
844429
844433
844439
844447
844453
844457
844463
844469
844483
844489
844499
844507
844511
844513
844517
844523
844549
844553
844601
844603
844609
844619
844621
844631
844639
844643
844651
844709
844717
844733
844757
844763
844769
844771
844777
844841
844847
844861
844867
844891
844897
844903
844913
844927
844957
844999
845003
845017
845021
845027
845041
845069
845083
845099
845111
845129
845137
845167
845179
845183
845197
845203
845209
845219
845231
845237
845261
845279
845287
845303
845309
845333
845347
845357
845363
845371
845381
845387
845431
845441
845447
845459
845489
845491
845531
845567
845599
845623
845653
845657
845659
845683
845717
845723
845729
845749
845753
845771
845777
845809
845833
845849
845863
845879
845881
845893
845909
845921
845927
845941
845951
845969
845981
845983
845987
845989
846037
846059
846061
846067
846113
846137
846149
846161
846179
846187
846217
846229
846233
846247
846259
846271
846323
846341
846343
846353
846359
846361
846383
846389
846397
846401
846403
846407
846421
846427
846437
846457
846487
846493
846499
846529
846563
846577
846589
846647
846661
846667
846673
846689
846721
846733
846739
846749
846751
846757
846779
846823
846841
846851
846869
846871
846877
846913
846917
846919
846931
846943
846949
846953
846961
846973
846977
846983
846997
847009
847031
847037
847043
847051
847069
847073
847079
847097
847103
847109
847129
847139
847151
847157
847163
847169
847193
847201
847213
847219
847237
847247
847271
847277
847279
847283
847309
847321
847339
847361
847367
847373
847393
847423
847453
847477
847493
847499
847507
847519
847531
847537
847543
847549
847577
847589
847601
847607
847621
847657
847663
847673
847681
847687
847697
847703
847727
847729
847741
847787
847789
847813
847817
847853
847871
847883
847901
847919
847933
847937
847949
847967
847969
847991
847993
847997
848017
848051
848087
848101
848119
848123
848131
848143
848149
848173
848201
848203
848213
848227
There are 796 prime numbers in S153.
