S154(848233~859320)
848251
848269
848273
848297
848321
848359
848363
848383
848387
848399
848417
848423
848429
848443
848461
848467
848473
848489
848531
848537
848557
848567
848579
848591
848593
848599
848611
848629
848633
848647
848651
848671
848681
848699
848707
848713
848737
848747
848761
848779
848789
848791
848797
848803
848807
848839
848843
848849
848851
848857
848879
848893
848909
848921
848923
848927
848933
848941
848959
848983
848993
849019
849047
849049
849061
849083
849097
849103
849119
849127
849131
849143
849161
849179
849197
849203
849217
849221
849223
849241
849253
849271
849301
849311
849347
849349
849353
849383
849391
849419
849427
849461
849467
849481
849523
849533
849539
849571
849581
849587
849593
849599
849601
849649
849691
849701
849703
849721
849727
849731
849733
849743
849763
849767
849773
849829
849833
849839
849857
849869
849883
849917
849923
849931
849943
849967
849973
849991
849997
850009
850021
850027
850033
850043
850049
850061
850063
850081
850093
850121
850133
850139
850147
850177
850181
850189
850207
850211
850229
850243
850247
850253
850261
850271
850273
850301
850303
850331
850337
850349
850351
850373
850387
850393
850397
850403
850417
850427
850433
850439
850453
850457
850481
850529
850537
850567
850571
850613
850631
850637
850673
850679
850691
850711
850727
850753
850781
850807
850823
850849
850853
850879
850891
850897
850933
850943
850951
850973
850979
851009
851017
851033
851041
851051
851057
851087
851093
851113
851117
851131
851153
851159
851171
851177
851197
851203
851209
851231
851239
851251
851261
851267
851273
851293
851297
851303
851321
851327
851351
851359
851363
851381
851387
851393
851401
851413
851419
851423
851449
851471
851491
851507
851519
851537
851549
851569
851573
851597
851603
851623
851633
851639
851647
851659
851671
851677
851689
851723
851731
851749
851761
851797
851801
851803
851813
851821
851831
851839
851843
851863
851881
851891
851899
851953
851957
851971
852011
852013
852031
852037
852079
852101
852121
852139
852143
852149
852151
852167
852179
852191
852197
852199
852211
852233
852239
852253
852259
852263
852287
852289
852301
852323
852347
852367
852391
852409
852427
852437
852457
852463
852521
852557
852559
852563
852569
852581
852583
852589
852613
852617
852623
852641
852661
852671
852673
852689
852749
852751
852757
852763
852769
852793
852799
852809
852827
852829
852833
852847
852851
852857
852871
852881
852889
852893
852913
852937
852953
852959
852989
852997
853007
853031
853033
853049
853057
853079
853091
853103
853123
853133
853159
853187
853189
853211
853217
853241
853283
853289
853291
853319
853339
853357
853387
853403
853427
853429
853439
853477
853481
853493
853529
853543
853547
853571
853577
853597
853637
853663
853667
853669
853687
853693
853703
853717
853733
853739
853759
853763
853793
853799
853807
853813
853819
853823
853837
853843
853873
853889
853901
853903
853913
853933
853949
853969
853981
853999
854017
854033
854039
854041
854047
854053
854083
854089
854093
854099
854111
854123
854129
854141
854149
854159
854171
854213
854257
854263
854299
854303
854323
854327
854333
854351
854353
854363
854383
854387
854407
854417
854419
854423
854431
854443
854459
854461
854467
854479
854527
854533
854569
854587
854593
854599
854617
854621
854629
854647
854683
854713
854729
854747
854771
854801
854807
854849
854869
854881
854897
854899
854921
854923
854927
854929
854951
854957
854963
854993
854999
855031
855059
855061
855067
855079
855089
855119
855131
855143
855187
855191
855199
855203
855221
855229
855241
855269
855271
855277
855293
855307
855311
855317
855331
855359
855373
855377
855391
855397
855401
855419
855427
855431
855461
855467
855499
855511
855521
855527
855581
855601
855607
855619
855641
855667
855671
855683
855697
855709
855713
855719
855721
855727
855731
855733
855737
855739
855781
855787
855821
855851
855857
855863
855887
855889
855901
855919
855923
855937
855947
855983
855989
855997
856021
856043
856057
856061
856073
856081
856099
856111
856117
856133
856139
856147
856153
856169
856181
856187
856213
856237
856241
856249
856277
856279
856301
856309
856333
856343
856351
856369
856381
856391
856393
856411
856417
856421
856441
856459
856469
856483
856487
856507
856519
856529
856547
856549
856553
856567
856571
856627
856637
856649
856693
856697
856699
856703
856711
856717
856721
856733
856759
856787
856789
856799
856811
856813
856831
856841
856847
856853
856897
856901
856903
856909
856927
856939
856943
856949
856969
856993
857009
857011
857027
857029
857039
857047
857053
857069
857081
857083
857099
857107
857137
857161
857167
857201
857203
857221
857249
857267
857273
857281
857287
857309
857321
857333
857341
857347
857357
857369
857407
857411
857419
857431
857453
857459
857471
857513
857539
857551
857567
857569
857573
857579
857581
857629
857653
857663
857669
857671
857687
857707
857711
857713
857723
857737
857741
857743
857749
857809
857821
857827
857839
857851
857867
857873
857897
857903
857929
857951
857953
857957
857959
857963
857977
857981
858001
858029
858043
858073
858083
858101
858103
858113
858127
858149
858161
858167
858217
858223
858233
858239
858241
858251
858259
858269
858281
858293
858301
858307
858311
858317
858373
858397
858427
858433
858457
858463
858467
858479
858497
858503
858527
858563
858577
858589
858623
858631
858673
858691
858701
858707
858709
858713
858749
858757
858763
858769
858787
858817
858821
858833
858841
858859
858877
858883
858899
858911
858919
858931
858943
858953
858961
858989
858997
859003
859031
859037
859049
859051
859057
859081
859091
859093
859109
859121
859181
859189
859213
859223
859249
859259
859267
859273
859277
859279
859297
There are 805 prime numbers in S154.
