S156(870481~881712)
870491
870497
870517
870533
870547
870577
870589
870593
870601
870613
870629
870641
870643
870679
870691
870703
870731
870739
870743
870773
870787
870809
870811
870823
870833
870847
870853
870871
870889
870901
870907
870911
870917
870929
870931
870953
870967
870977
870983
870997
871001
871021
871027
871037
871061
871103
871147
871159
871163
871177
871181
871229
871231
871249
871259
871271
871289
871303
871337
871349
871393
871439
871459
871463
871477
871513
871517
871531
871553
871571
871589
871597
871613
871621
871639
871643
871649
871657
871679
871681
871687
871727
871763
871771
871789
871817
871823
871837
871867
871883
871901
871919
871931
871957
871963
871973
871987
871993
872017
872023
872033
872041
872057
872071
872077
872089
872099
872107
872129
872141
872143
872149
872159
872161
872173
872177
872189
872203
872227
872231
872237
872243
872251
872257
872269
872281
872317
872323
872351
872353
872369
872381
872383
872387
872393
872411
872419
872429
872437
872441
872453
872471
872477
872479
872533
872549
872561
872563
872567
872587
872609
872611
872621
872623
872647
872657
872659
872671
872687
872731
872737
872747
872749
872761
872789
872791
872843
872863
872923
872947
872951
872953
872959
872999
873017
873043
873049
873073
873079
873083
873091
873109
873113
873121
873133
873139
873157
873209
873247
873251
873263
873293
873317
873319
873331
873343
873349
873359
873403
873407
873419
873421
873427
873437
873461
873463
873469
873497
873527
873529
873539
873541
873553
873569
873571
873617
873619
873641
873643
873659
873667
873671
873689
873707
873709
873721
873727
873739
873767
873773
873781
873787
873863
873877
873913
873959
873979
873989
873991
874001
874009
874037
874063
874087
874091
874099
874103
874109
874117
874121
874127
874151
874193
874213
874217
874229
874249
874267
874271
874277
874301
874303
874331
874337
874343
874351
874373
874387
874397
874403
874409
874427
874457
874459
874477
874487
874537
874543
874547
874567
874583
874597
874619
874637
874639
874651
874661
874673
874681
874693
874697
874711
874721
874723
874729
874739
874763
874771
874777
874799
874807
874813
874823
874831
874847
874859
874873
874879
874889
874891
874919
874957
874967
874987
875011
875027
875033
875089
875107
875113
875117
875129
875141
875183
875201
875209
875213
875233
875239
875243
875261
875263
875267
875269
875297
875299
875317
875323
875327
875333
875339
875341
875363
875377
875389
875393
875417
875419
875429
875443
875447
875477
875491
875503
875509
875513
875519
875521
875543
875579
875591
875593
875617
875621
875627
875629
875647
875659
875663
875681
875683
875689
875701
875711
875717
875731
875741
875759
875761
875773
875779
875783
875803
875821
875837
875851
875893
875923
875929
875933
875947
875969
875981
875983
876011
876013
876017
876019
876023
876041
876067
876077
876079
876097
876103
876107
876121
876131
876137
876149
876181
876191
876193
876199
876203
876229
876233
876257
876263
876287
876301
876307
876311
876329
876331
876341
876349
876371
876373
876431
876433
876443
876479
876481
876497
876523
876529
876569
876581
876593
876607
876611
876619
876643
876647
876653
876661
876677
876719
876721
876731
876749
876751
876761
876769
876787
876791
876797
876817
876823
876833
876851
876853
876871
876893
876913
876929
876947
876971
877003
877027
877043
877057
877073
877091
877109
877111
877117
877133
877169
877181
877187
877199
877213
877223
877237
877267
877291
877297
877301
877313
877321
877333
877343
877351
877361
877367
877379
877397
877399
877403
877411
877423
877463
877469
877531
877543
877567
877573
877577
877601
877609
877619
877621
877651
877661
877699
877739
877771
877783
877817
877823
877837
877843
877853
877867
877871
877873
877879
877883
877907
877909
877937
877939
877949
877997
878011
878021
878023
878039
878041
878077
878083
878089
878099
878107
878113
878131
878147
878153
878159
878167
878173
878183
878191
878197
878201
878221
878239
878279
878287
878291
878299
878309
878359
878377
878387
878411
878413
878419
878443
878453
878467
878489
878513
878539
878551
878567
878573
878593
878597
878609
878621
878629
878641
878651
878659
878663
878677
878681
878699
878719
878737
878743
878749
878777
878783
878789
878797
878821
878831
878833
878837
878851
878863
878869
878873
878893
878929
878939
878953
878957
878987
878989
879001
879007
879023
879031
879061
879089
879097
879103
879113
879119
879133
879143
879167
879169
879181
879199
879227
879239
879247
879259
879269
879271
879283
879287
879299
879331
879341
879343
879353
879371
879391
879401
879413
879449
879457
879493
879523
879533
879539
879553
879581
879583
879607
879617
879623
879629
879649
879653
879661
879667
879673
879679
879689
879691
879701
879707
879709
879713
879721
879743
879797
879799
879817
879821
879839
879859
879863
879881
879917
879919
879941
879953
879961
879973
879979
880001
880007
880021
880027
880031
880043
880057
880067
880069
880091
880097
880109
880127
880133
880151
880153
880199
880211
880219
880223
880247
880249
880259
880283
880301
880303
880331
880337
880343
880349
880361
880367
880409
880421
880423
880427
880483
880487
880513
880519
880531
880541
880543
880553
880559
880571
880573
880589
880603
880661
880667
880673
880681
880687
880699
880703
880709
880723
880727
880729
880751
880793
880799
880801
880813
880819
880823
880853
880861
880871
880883
880903
880907
880909
880939
880949
880951
880961
880981
880993
881003
881009
881017
881029
881057
881071
881077
881099
881119
881141
881143
881147
881159
881171
881173
881191
881197
881207
881219
881233
881249
881269
881273
881311
881317
881327
881333
881351
881357
881369
881393
881407
881411
881417
881437
881449
881471
881473
881477
881479
881509
881527
881533
881537
881539
881591
881597
881611
881641
881663
881669
881681
881707
881711
There are 823 prime numbers in S156.
