S157(881713~893016)
881729
881743
881779
881813
881833
881849
881897
881899
881911
881917
881939
881953
881963
881983
881987
882017
882019
882029
882031
882047
882061
882067
882071
882083
882103
882139
882157
882169
882173
882179
882187
882199
882239
882241
882247
882251
882253
882263
882289
882313
882359
882367
882377
882389
882391
882433
882439
882449
882451
882461
882481
882491
882517
882529
882551
882571
882577
882587
882593
882599
882617
882631
882653
882659
882697
882701
882703
882719
882727
882733
882751
882773
882779
882823
882851
882863
882877
882881
882883
882907
882913
882923
882943
882953
882961
882967
882979
883013
883049
883061
883073
883087
883093
883109
883111
883117
883121
883163
883187
883193
883213
883217
883229
883231
883237
883241
883247
883249
883273
883279
883307
883327
883331
883339
883343
883357
883391
883397
883409
883411
883423
883429
883433
883451
883471
883483
883489
883517
883537
883549
883577
883579
883613
883621
883627
883639
883661
883667
883691
883697
883699
883703
883721
883733
883739
883763
883777
883781
883783
883807
883871
883877
883889
883921
883933
883963
883969
883973
883979
883991
884003
884011
884029
884057
884069
884077
884087
884111
884129
884131
884159
884167
884171
884183
884201
884227
884231
884243
884251
884267
884269
884287
884293
884309
884311
884321
884341
884353
884363
884369
884371
884417
884423
884437
884441
884453
884483
884489
884491
884497
884501
884537
884573
884579
884591
884593
884617
884651
884669
884693
884699
884717
884743
884789
884791
884803
884813
884827
884831
884857
884881
884899
884921
884951
884959
884977
884981
884987
884999
885023
885041
885061
885083
885091
885097
885103
885107
885127
885133
885161
885163
885169
885187
885217
885223
885233
885239
885251
885257
885263
885289
885301
885307
885331
885359
885371
885383
885389
885397
885403
885421
885427
885449
885473
885487
885497
885503
885509
885517
885529
885551
885553
885589
885607
885611
885623
885679
885713
885721
885727
885733
885737
885769
885791
885793
885803
885811
885821
885823
885839
885869
885881
885883
885889
885893
885919
885923
885931
885943
885947
885959
885961
885967
885971
885977
885991
886007
886013
886019
886021
886031
886043
886069
886097
886117
886129
886163
886177
886181
886183
886189
886199
886241
886243
886247
886271
886283
886307
886313
886337
886339
886349
886367
886381
886387
886421
886427
886429
886433
886453
886463
886469
886471
886493
886511
886517
886519
886537
886541
886547
886549
886583
886591
886607
886609
886619
886643
886651
886663
886667
886741
886747
886751
886759
886777
886793
886799
886807
886819
886859
886867
886891
886909
886913
886967
886969
886973
886979
886981
886987
886993
886999
887017
887057
887059
887069
887093
887101
887113
887141
887143
887153
887171
887177
887191
887203
887233
887261
887267
887269
887291
887311
887323
887333
887377
887387
887399
887401
887423
887441
887449
887459
887479
887483
887503
887533
887543
887567
887569
887573
887581
887599
887617
887629
887633
887641
887651
887657
887659
887669
887671
887681
887693
887701
887707
887717
887743
887749
887759
887819
887827
887837
887839
887849
887867
887903
887911
887921
887923
887941
887947
887987
887989
888001
888011
888047
888059
888061
888077
888091
888103
888109
888133
888143
888157
888161
888163
888179
888203
888211
888247
888257
888263
888271
888287
888313
888319
888323
888359
888361
888373
888389
888397
888409
888413
888427
888431
888443
888451
888457
888469
888479
888493
888499
888533
888541
888557
888623
888631
888637
888653
888659
888661
888683
888689
888691
888721
888737
888751
888761
888773
888779
888781
888793
888799
888809
888827
888857
888869
888871
888887
888917
888919
888931
888959
888961
888967
888983
888989
888997
889001
889027
889037
889039
889043
889051
889069
889081
889087
889123
889139
889171
889177
889211
889237
889247
889261
889271
889279
889289
889309
889313
889327
889337
889349
889351
889363
889367
889373
889391
889411
889429
889439
889453
889481
889489
889501
889519
889579
889589
889597
889631
889639
889657
889673
889687
889697
889699
889703
889727
889747
889769
889783
889829
889871
889873
889877
889879
889891
889901
889907
889909
889921
889937
889951
889957
889963
889997
890003
890011
890027
890053
890063
890083
890107
890111
890117
890119
890129
890147
890159
890161
890177
890221
890231
890237
890287
890291
890303
890317
890333
890371
890377
890419
890429
890437
890441
890459
890467
890501
890531
890543
890551
890563
890597
890609
890653
890657
890671
890683
890707
890711
890717
890737
890761
890789
890797
890803
890809
890821
890833
890843
890861
890863
890867
890881
890887
890893
890927
890933
890941
890957
890963
890969
890993
890999
891001
891017
891047
891049
891061
891067
891091
891101
891103
891133
891151
891161
891173
891179
891223
891239
891251
891277
891287
891311
891323
891329
891349
891377
891379
891389
891391
891409
891421
891427
891439
891481
891487
891491
891493
891509
891521
891523
891551
891557
891559
891563
891571
891577
891587
891593
891601
891617
891629
891643
891647
891659
891661
891677
891679
891707
891743
891749
891763
891767
891797
891799
891809
891817
891823
891827
891829
891851
891859
891887
891889
891893
891899
891907
891923
891929
891967
891983
891991
891997
892019
892027
892049
892057
892079
892091
892093
892097
892103
892123
892141
892153
892159
892169
892189
892219
892237
892249
892253
892261
892267
892271
892291
892321
892351
892357
892387
892391
892421
892433
892439
892457
892471
892481
892513
892523
892531
892547
892553
892559
892579
892597
892603
892609
892627
892643
892657
892663
892667
892709
892733
892747
892757
892763
892777
892781
892783
892817
892841
892849
892861
892877
892901
892919
892933
892951
892973
892987
892999
893003
There are 816 prime numbers in S157.
