S158(893017~904392)
893023
893029
893033
893041
893051
893059
893093
893099
893107
893111
893117
893119
893131
893147
893149
893161
893183
893213
893219
893227
893237
893257
893261
893281
893317
893339
893341
893351
893359
893363
893381
893383
893407
893413
893419
893429
893441
893449
893479
893489
893509
893521
893549
893567
893591
893603
893609
893653
893657
893671
893681
893701
893719
893723
893743
893777
893797
893821
893839
893857
893863
893873
893881
893897
893903
893917
893929
893933
893939
893989
893999
894011
894037
894059
894067
894073
894097
894109
894119
894137
894139
894151
894161
894167
894181
894191
894193
894203
894209
894211
894221
894227
894233
894239
894247
894259
894277
894281
894287
894301
894329
894343
894371
894391
894403
894407
894409
894419
894427
894431
894449
894451
894503
894511
894521
894527
894541
894547
894559
894581
894589
894611
894613
894637
894643
894667
894689
894709
894713
894721
894731
894749
894763
894779
894791
894793
894811
894869
894871
894893
894917
894923
894947
894973
894997
895003
895007
895009
895039
895049
895051
895079
895087
895127
895133
895151
895157
895159
895171
895189
895211
895231
895241
895243
895247
895253
895277
895283
895291
895309
895313
895319
895333
895343
895351
895357
895361
895387
895393
895421
895423
895457
895463
895469
895471
895507
895529
895553
895571
895579
895591
895613
895627
895633
895649
895651
895667
895669
895673
895681
895691
895703
895709
895721
895729
895757
895771
895777
895787
895789
895799
895801
895813
895823
895841
895861
895879
895889
895901
895903
895913
895927
895933
895957
895987
896003
896009
896047
896069
896101
896107
896111
896113
896123
896143
896167
896191
896201
896263
896281
896293
896297
896299
896323
896327
896341
896347
896353
896369
896381
896417
896443
896447
896449
896453
896479
896491
896509
896521
896531
896537
896543
896549
896557
896561
896573
896587
896617
896633
896647
896669
896677
896681
896717
896719
896723
896771
896783
896803
896837
896867
896879
896897
896921
896927
896947
896953
896963
896983
897007
897011
897019
897049
897053
897059
897067
897077
897101
897103
897119
897133
897137
897157
897163
897191
897223
897229
897241
897251
897263
897269
897271
897301
897307
897317
897319
897329
897349
897359
897373
897401
897433
897443
897461
897467
897469
897473
897497
897499
897517
897527
897553
897557
897563
897571
897577
897581
897593
897601
897607
897629
897647
897649
897671
897691
897703
897707
897709
897727
897751
897779
897781
897817
897829
897847
897877
897881
897887
897899
897907
897931
897947
897971
897983
898013
898019
898033
898063
898067
898069
898091
898097
898109
898129
898133
898147
898153
898171
898181
898189
898199
898211
898213
898223
898231
898241
898243
898253
898259
898279
898283
898291
898307
898319
898327
898361
898369
898409
898421
898423
898427
898439
898459
898477
898481
898483
898493
898519
898523
898543
898549
898553
898561
898607
898613
898621
898661
898663
898669
898673
898691
898717
898727
898753
898763
898769
898787
898813
898819
898823
898853
898867
898873
898889
898897
898921
898927
898951
898981
898987
899009
899051
899057
899069
899123
899149
899153
899159
899161
899177
899179
899183
899189
899209
899221
899233
899237
899263
899273
899291
899309
899321
899387
899401
899413
899429
899447
899467
899473
899477
899491
899519
899531
899537
899611
899617
899659
899671
899681
899687
899693
899711
899719
899749
899753
899761
899779
899791
899807
899831
899849
899851
899863
899881
899891
899893
899903
899917
899939
899971
899981
900001
900007
900019
900037
900061
900089
900091
900103
900121
900139
900143
900149
900157
900161
900169
900187
900217
900233
900241
900253
900259
900283
900287
900293
900307
900329
900331
900349
900397
900409
900443
900461
900481
900491
900511
900539
900551
900553
900563
900569
900577
900583
900587
900589
900593
900607
900623
900649
900659
900671
900673
900689
900701
900719
900737
900743
900751
900761
900763
900773
900797
900803
900817
900821
900863
900869
900917
900929
900931
900937
900959
900971
900973
900997
901007
901009
901013
901063
901067
901079
901093
901097
901111
901133
901141
901169
901171
901177
901183
901193
901207
901211
901213
901247
901249
901253
901273
901279
901309
901333
901339
901367
901399
901403
901423
901427
901429
901441
901447
901451
901457
901471
901489
901499
901501
901513
901517
901529
901547
901567
901591
901613
901643
901657
901679
901687
901709
901717
901739
901741
901751
901781
901787
901811
901819
901841
901861
901891
901907
901909
901919
901931
901937
901963
901973
901993
901997
902009
902017
902029
902039
902047
902053
902087
902089
902119
902137
902141
902179
902191
902201
902227
902261
902263
902281
902299
902303
902311
902333
902347
902351
902357
902389
902401
902413
902437
902449
902471
902477
902483
902501
902507
902521
902563
902569
902579
902591
902597
902599
902611
902639
902653
902659
902669
902677
902687
902719
902723
902753
902761
902767
902771
902777
902789
902807
902821
902827
902849
902873
902903
902933
902953
902963
902971
902977
902981
902987
903017
903029
903037
903073
903079
903103
903109
903143
903151
903163
903179
903197
903211
903223
903251
903257
903269
903311
903323
903337
903347
903359
903367
903389
903391
903403
903407
903421
903443
903449
903451
903457
903479
903493
903527
903541
903547
903563
903569
903607
903613
903641
903649
903673
903677
903691
903701
903709
903751
903757
903761
903781
903803
903827
903841
903871
903883
903899
903913
903919
903949
903967
903979
904019
904027
904049
904067
904069
904073
904087
904093
904097
904103
904117
904121
904147
904157
904181
904193
904201
904207
904217
904219
904261
904283
904289
904297
904303
904357
904361
904369
There are 809 prime numbers in S158.
