S161(927361~938952)
927361
927373
927397
927403
927431
927439
927491
927497
927517
927529
927533
927541
927557
927569
927587
927629
927631
927643
927649
927653
927671
927677
927683
927709
927727
927743
927763
927769
927779
927791
927803
927821
927833
927841
927847
927853
927863
927869
927961
927967
927973
928001
928043
928051
928063
928079
928097
928099
928111
928139
928141
928153
928157
928159
928163
928177
928223
928231
928253
928267
928271
928273
928289
928307
928313
928331
928337
928351
928399
928409
928423
928427
928429
928453
928457
928463
928469
928471
928513
928547
928559
928561
928597
928607
928619
928621
928637
928643
928649
928651
928661
928679
928699
928703
928769
928771
928787
928793
928799
928813
928817
928819
928849
928859
928871
928883
928903
928913
928927
928933
928979
929003
929009
929011
929023
929029
929051
929057
929059
929063
929069
929077
929083
929087
929113
929129
929141
929153
929161
929171
929197
929207
929209
929239
929251
929261
929281
929293
929303
929311
929323
929333
929381
929389
929393
929399
929417
929419
929431
929459
929483
929497
929501
929507
929527
929549
929557
929561
929573
929581
929587
929609
929623
929627
929629
929639
929641
929647
929671
929693
929717
929737
929741
929743
929749
929777
929791
929807
929809
929813
929843
929861
929869
929881
929891
929897
929941
929953
929963
929977
929983
930011
930043
930071
930073
930077
930079
930089
930101
930113
930119
930157
930173
930179
930187
930191
930197
930199
930211
930229
930269
930277
930283
930287
930289
930301
930323
930337
930379
930389
930409
930437
930467
930469
930481
930491
930499
930509
930547
930551
930569
930571
930583
930593
930617
930619
930637
930653
930667
930689
930707
930719
930737
930749
930763
930773
930779
930817
930827
930841
930847
930859
930863
930889
930911
930931
930973
930977
930989
930991
931003
931013
931067
931087
931097
931123
931127
931129
931153
931163
931169
931181
931193
931199
931213
931237
931241
931267
931289
931303
931309
931313
931319
931351
931363
931387
931417
931421
931487
931499
931517
931529
931537
931543
931571
931573
931577
931597
931621
931639
931657
931691
931709
931727
931729
931739
931747
931751
931757
931781
931783
931789
931811
931837
931849
931859
931873
931877
931883
931901
931907
931913
931921
931933
931943
931949
931967
931981
931999
932003
932021
932039
932051
932081
932101
932117
932119
932131
932149
932153
932177
932189
932203
932207
932209
932219
932221
932227
932231
932257
932303
932317
932333
932341
932353
932357
932413
932417
932419
932431
932441
932447
932471
932473
932483
932497
932513
932521
932537
932549
932557
932563
932567
932579
932587
932593
932597
932609
932647
932651
932663
932677
932681
932683
932749
932761
932779
932783
932801
932803
932819
932839
932863
932879
932887
932917
932923
932927
932941
932947
932951
932963
932969
932983
932999
933001
933019
933047
933059
933061
933067
933073
933151
933157
933173
933199
933209
933217
933221
933241
933259
933263
933269
933293
933301
933313
933319
933329
933349
933389
933397
933403
933407
933421
933433
933463
933479
933497
933523
933551
933553
933563
933601
933607
933613
933643
933649
933671
933677
933703
933707
933739
933761
933781
933787
933797
933809
933811
933817
933839
933847
933851
933853
933883
933893
933923
933931
933943
933949
933953
933967
933973
933979
934001
934009
934033
934039
934049
934051
934057
934067
934069
934079
934111
934117
934121
934127
934151
934159
934187
934223
934229
934243
934253
934259
934277
934291
934301
934319
934343
934387
934393
934399
934403
934429
934441
934463
934469
934481
934487
934489
934499
934517
934523
934537
934543
934547
934561
934567
934579
934597
934603
934607
934613
934639
934669
934673
934693
934721
934723
934733
934753
934763
934771
934793
934799
934811
934831
934837
934853
934861
934883
934889
934891
934897
934907
934909
934919
934939
934943
934951
934961
934979
934981
935003
935021
935023
935059
935063
935071
935093
935107
935113
935147
935149
935167
935183
935189
935197
935201
935213
935243
935257
935261
935303
935339
935353
935359
935377
935381
935393
935399
935413
935423
935443
935447
935461
935489
935507
935513
935531
935537
935581
935587
935591
935593
935603
935621
935639
935651
935653
935677
935687
935689
935699
935707
935717
935719
935761
935771
935777
935791
935813
935819
935827
935839
935843
935861
935899
935903
935971
935999
936007
936029
936053
936097
936113
936119
936127
936151
936161
936179
936181
936197
936203
936223
936227
936233
936253
936259
936281
936283
936311
936319
936329
936361
936379
936391
936401
936407
936413
936437
936451
936469
936487
936493
936499
936511
936521
936527
936539
936557
936577
936587
936599
936619
936647
936659
936667
936673
936679
936697
936709
936713
936731
936737
936739
936769
936773
936779
936797
936811
936827
936869
936889
936907
936911
936917
936919
936937
936941
936953
936967
937003
937007
937009
937031
937033
937049
937067
937121
937127
937147
937151
937171
937187
937207
937229
937231
937241
937243
937253
937331
937337
937351
937373
937379
937421
937429
937459
937463
937477
937481
937501
937511
937537
937571
937577
937589
937591
937613
937627
937633
937637
937639
937661
937663
937667
937679
937681
937693
937709
937721
937747
937751
937777
937789
937801
937813
937819
937823
937841
937847
937877
937883
937891
937901
937903
937919
937927
937943
937949
937969
937991
938017
938023
938027
938033
938051
938053
938057
938059
938071
938083
938089
938099
938107
938117
938129
938183
938207
938219
938233
938243
938251
938257
938263
938279
938293
938309
938323
938341
938347
938351
938359
938369
938387
938393
938437
938447
938453
938459
938491
938507
938533
938537
938563
938569
938573
938591
938611
938617
938659
938677
938681
938713
938747
938761
938803
938807
938827
938831
938843
938857
938869
938879
938881
938921
938939
938947
There are 830 prime numbers in S161.
