S162(938953~950616)
938953
938963
938969
938981
938983
938989
939007
939011
939019
939061
939089
939091
939109
939119
939121
939157
939167
939179
939181
939193
939203
939229
939247
939287
939293
939299
939317
939347
939349
939359
939361
939373
939377
939391
939413
939431
939439
939443
939451
939469
939487
939511
939551
939581
939599
939611
939613
939623
939649
939661
939677
939707
939713
939737
939739
939749
939767
939769
939773
939791
939793
939823
939839
939847
939853
939871
939881
939901
939923
939931
939971
939973
939989
939997
940001
940003
940019
940031
940067
940073
940087
940097
940127
940157
940169
940183
940189
940201
940223
940229
940241
940249
940259
940271
940279
940297
940301
940319
940327
940349
940351
940361
940369
940399
940403
940421
940469
940477
940483
940501
940523
940529
940531
940543
940547
940549
940553
940573
940607
940619
940649
940669
940691
940703
940721
940727
940733
940739
940759
940781
940783
940787
940801
940813
940817
940829
940853
940871
940879
940889
940903
940913
940921
940931
940949
940957
940981
940993
941009
941011
941023
941027
941041
941093
941099
941117
941119
941123
941131
941153
941159
941167
941179
941201
941207
941209
941221
941249
941251
941263
941267
941299
941309
941323
941329
941351
941359
941383
941407
941429
941441
941449
941453
941461
941467
941471
941489
941491
941503
941509
941513
941519
941537
941557
941561
941573
941593
941599
941609
941617
941641
941653
941663
941669
941671
941683
941701
941723
941737
941741
941747
941753
941771
941791
941813
941839
941861
941879
941903
941911
941929
941933
941947
941971
941981
941989
941999
942013
942017
942031
942037
942041
942043
942049
942061
942079
942091
942101
942113
942143
942163
942167
942169
942187
942199
942217
942223
942247
942257
942269
942301
942311
942313
942317
942341
942367
942371
942401
942433
942437
942439
942449
942479
942509
942521
942527
942541
942569
942577
942583
942593
942607
942637
942653
942659
942661
942691
942709
942719
942727
942749
942763
942779
942787
942811
942827
942847
942853
942857
942859
942869
942883
942889
942899
942901
942917
942943
942979
942983
943003
943009
943013
943031
943043
943057
943073
943079
943081
943091
943097
943127
943139
943153
943157
943183
943199
943213
943219
943231
943249
943273
943277
943289
943301
943303
943307
943321
943343
943357
943363
943367
943373
943387
943403
943409
943421
943429
943471
943477
943499
943511
943541
943543
943567
943571
943589
943601
943603
943637
943651
943693
943699
943729
943741
943751
943757
943763
943769
943777
943781
943783
943799
943801
943819
943837
943841
943843
943849
943871
943903
943909
943913
943931
943951
943967
944003
944017
944029
944039
944071
944077
944123
944137
944143
944147
944149
944161
944179
944191
944233
944239
944257
944261
944263
944297
944309
944329
944369
944387
944389
944393
944399
944417
944429
944431
944453
944467
944473
944491
944497
944519
944521
944527
944533
944543
944551
944561
944563
944579
944591
944609
944621
944651
944659
944677
944687
944689
944701
944711
944717
944729
944731
944773
944777
944803
944821
944833
944857
944873
944887
944893
944897
944899
944929
944953
944963
944969
944987
945031
945037
945059
945089
945103
945143
945151
945179
945209
945211
945227
945233
945289
945293
945331
945341
945349
945359
945367
945377
945389
945391
945397
945409
945431
945457
945463
945473
945479
945481
945521
945547
945577
945587
945589
945601
945629
945631
945647
945671
945673
945677
945701
945731
945733
945739
945767
945787
945799
945809
945811
945817
945823
945851
945881
945883
945887
945899
945907
945929
945937
945941
945943
945949
945961
945983
946003
946021
946031
946037
946079
946081
946091
946093
946109
946111
946123
946133
946163
946177
946193
946207
946223
946249
946273
946291
946307
946327
946331
946367
946369
946391
946397
946411
946417
946453
946459
946469
946487
946489
946507
946511
946513
946549
946573
946579
946607
946661
946663
946667
946669
946681
946697
946717
946727
946733
946741
946753
946769
946783
946801
946819
946823
946853
946859
946861
946873
946877
946901
946919
946931
946943
946949
946961
946969
946987
946993
946997
947027
947033
947083
947119
947129
947137
947171
947183
947197
947203
947239
947263
947299
947327
947341
947351
947357
947369
947377
947381
947383
947389
947407
947411
947413
947417
947423
947431
947449
947483
947501
947509
947539
947561
947579
947603
947621
947627
947641
947647
947651
947659
947707
947711
947719
947729
947741
947743
947747
947753
947773
947783
947803
947819
947833
947851
947857
947861
947873
947893
947911
947917
947927
947959
947963
947987
948007
948019
948029
948041
948049
948053
948061
948067
948089
948091
948133
948139
948149
948151
948169
948173
948187
948247
948253
948263
948281
948287
948293
948317
948331
948349
948377
948391
948401
948403
948407
948427
948439
948443
948449
948457
948469
948487
948517
948533
948547
948551
948557
948581
948593
948659
948671
948707
948713
948721
948749
948767
948797
948799
948839
948847
948853
948877
948887
948901
948907
948929
948943
948947
948971
948973
948989
949001
949019
949021
949033
949037
949043
949051
949111
949121
949129
949147
949153
949159
949171
949211
949213
949241
949243
949253
949261
949303
949307
949381
949387
949391
949409
949423
949427
949439
949441
949451
949453
949471
949477
949513
949517
949523
949567
949583
949589
949607
949609
949621
949631
949633
949643
949649
949651
949667
949673
949687
949691
949699
949733
949759
949771
949777
949789
949811
949849
949853
949889
949891
949903
949931
949937
949939
949951
949957
949961
949967
949973
949979
949987
949997
950009
950023
950029
950039
950041
950071
950083
950099
950111
950149
950161
950177
950179
950207
950221
950227
950231
950233
950239
950251
950269
950281
950329
950333
950347
950357
950363
950393
950401
950423
950447
950459
950461
950473
950479
950483
950497
950501
950507
950519
950527
950531
950557
950569
950611
There are 839 prime numbers in S162.
