S164(962353~974160)
962363
962413
962417
962431
962441
962447
962459
962461
962471
962477
962497
962503
962509
962537
962543
962561
962569
962587
962603
962609
962617
962623
962627
962653
962669
962671
962677
962681
962683
962737
962743
962747
962779
962783
962789
962791
962807
962837
962839
962861
962867
962869
962903
962909
962911
962921
962959
962963
962971
962993
963019
963031
963043
963047
963097
963103
963121
963143
963163
963173
963181
963187
963191
963211
963223
963227
963239
963241
963253
963283
963299
963301
963311
963323
963331
963341
963343
963349
963367
963379
963397
963419
963427
963461
963481
963491
963497
963499
963559
963581
963601
963607
963629
963643
963653
963659
963667
963689
963691
963701
963707
963709
963719
963731
963751
963761
963763
963779
963793
963799
963811
963817
963839
963841
963847
963863
963871
963877
963899
963901
963913
963943
963973
963979
964009
964021
964027
964039
964049
964081
964097
964133
964151
964153
964199
964207
964213
964217
964219
964253
964259
964261
964267
964283
964289
964297
964303
964309
964333
964339
964351
964357
964363
964373
964417
964423
964433
964463
964499
964501
964507
964517
964519
964531
964559
964571
964577
964583
964589
964609
964637
964661
964679
964693
964697
964703
964721
964753
964757
964783
964787
964793
964823
964829
964861
964871
964879
964883
964889
964897
964913
964927
964933
964939
964967
964969
964973
964981
965023
965047
965059
965087
965089
965101
965113
965117
965131
965147
965161
965171
965177
965179
965189
965191
965197
965201
965227
965233
965249
965267
965291
965303
965317
965329
965357
965369
965399
965401
965407
965411
965423
965429
965443
965453
965467
965483
965491
965507
965519
965533
965551
965567
965603
965611
965621
965623
965639
965647
965659
965677
965711
965749
965759
965773
965777
965779
965791
965801
965843
965851
965857
965893
965927
965953
965963
965969
965983
965989
966011
966013
966029
966041
966109
966113
966139
966149
966157
966191
966197
966209
966211
966221
966227
966233
966241
966257
966271
966293
966307
966313
966319
966323
966337
966347
966353
966373
966377
966379
966389
966401
966409
966419
966431
966439
966463
966481
966491
966499
966509
966521
966527
966547
966557
966583
966613
966617
966619
966631
966653
966659
966661
966677
966727
966751
966781
966803
966817
966863
966869
966871
966883
966893
966907
966913
966919
966923
966937
966961
966971
966991
966997
967003
967019
967049
967061
967111
967129
967139
967171
967201
967229
967259
967261
967289
967297
967319
967321
967327
967333
967349
967361
967363
967391
967397
967427
967429
967441
967451
967459
967481
967493
967501
967507
967511
967529
967567
967583
967607
967627
967663
967667
967693
967699
967709
967721
967739
967751
967753
967763
967781
967787
967819
967823
967831
967843
967847
967859
967873
967877
967903
967919
967931
967937
967951
967961
967979
967999
968003
968017
968021
968027
968041
968063
968089
968101
968111
968113
968117
968137
968141
968147
968159
968173
968197
968213
968237
968239
968251
968263
968267
968273
968291
968299
968311
968321
968329
968333
968353
968377
968381
968389
968419
968423
968431
968437
968459
968467
968479
968501
968503
968519
968521
968537
968557
968567
968573
968593
968641
968647
968659
968663
968689
968699
968713
968729
968731
968761
968801
968809
968819
968827
968831
968857
968879
968897
968909
968911
968917
968939
968959
968963
968971
969011
969037
969041
969049
969071
969083
969097
969109
969113
969131
969139
969167
969179
969181
969233
969239
969253
969257
969259
969271
969301
969341
969343
969347
969359
969377
969403
969407
969421
969431
969433
969443
969457
969461
969467
969481
969497
969503
969509
969533
969559
969569
969593
969599
969637
969641
969667
969671
969677
969679
969713
969719
969721
969743
969757
969763
969767
969791
969797
969809
969821
969851
969863
969869
969877
969889
969907
969911
969919
969923
969929
969977
969989
970027
970031
970043
970051
970061
970063
970069
970087
970091
970111
970133
970147
970201
970213
970217
970219
970231
970237
970247
970259
970261
970267
970279
970297
970303
970313
970351
970391
970421
970423
970433
970441
970447
970457
970469
970481
970493
970537
970549
970561
970573
970583
970603
970633
970643
970657
970667
970687
970699
970721
970747
970777
970787
970789
970793
970799
970813
970817
970829
970847
970859
970861
970867
970877
970883
970903
970909
970927
970939
970943
970961
970967
970969
970987
970997
970999
971021
971027
971029
971039
971051
971053
971063
971077
971093
971099
971111
971141
971143
971149
971153
971171
971177
971197
971207
971237
971251
971263
971273
971279
971281
971291
971309
971339
971353
971357
971371
971381
971387
971389
971401
971419
971429
971441
971473
971479
971483
971491
971501
971513
971521
971549
971561
971563
971569
971591
971639
971651
971653
971683
971693
971699
971713
971723
971753
971759
971767
971783
971821
971833
971851
971857
971863
971899
971903
971917
971921
971933
971939
971951
971959
971977
971981
971989
972001
972017
972029
972031
972047
972071
972079
972091
972113
972119
972121
972131
972133
972137
972161
972163
972197
972199
972221
972227
972229
972259
972263
972271
972277
972313
972319
972329
972337
972343
972347
972353
972373
972403
972407
972409
972427
972431
972443
972469
972473
972481
972493
972533
972557
972577
972581
972599
972611
972613
972623
972637
972649
972661
972679
972683
972701
972721
972787
972793
972799
972823
972827
972833
972847
972869
972887
972899
972901
972941
972943
972967
972977
972991
973001
973003
973031
973033
973051
973057
973067
973069
973073
973081
973099
973129
973151
973169
973177
973187
973213
973253
973277
973279
973283
973289
973321
973331
973333
973367
973373
973387
973397
973409
973411
973421
973439
973459
973487
973523
973529
973537
973547
973561
973591
973597
973631
973657
973669
973681
973691
973727
973757
973759
973781
973787
973789
973801
973813
973823
973837
973853
973891
973897
973901
973919
973957
974003
974009
974033
974041
974053
974063
974089
974107
974123
974137
974143
974147
974159
There are 859 prime numbers in S164.
