S169(1022113~1034280)
1022113
1022123
1022129
1022137
1022141
1022167
1022179
1022183
1022191
1022201
1022209
1022237
1022243
1022249
1022251
1022291
1022303
1022341
1022377
1022381
1022383
1022387
1022389
1022429
1022443
1022449
1022467
1022491
1022501
1022503
1022507
1022509
1022513
1022519
1022531
1022573
1022591
1022611
1022629
1022633
1022639
1022653
1022677
1022683
1022689
1022701
1022719
1022729
1022761
1022773
1022797
1022821
1022837
1022843
1022849
1022869
1022881
1022891
1022899
1022911
1022929
1022933
1022963
1022977
1022981
1023019
1023037
1023041
1023047
1023067
1023079
1023083
1023101
1023107
1023133
1023163
1023167
1023173
1023199
1023203
1023221
1023227
1023229
1023257
1023259
1023263
1023277
1023289
1023299
1023301
1023311
1023313
1023317
1023329
1023353
1023361
1023367
1023389
1023391
1023409
1023413
1023419
1023461
1023467
1023487
1023499
1023521
1023541
1023551
1023557
1023571
1023577
1023601
1023643
1023653
1023697
1023719
1023721
1023731
1023733
1023751
1023769
1023821
1023833
1023839
1023851
1023857
1023871
1023941
1023943
1023947
1023949
1023973
1023977
1023991
1024021
1024031
1024061
1024073
1024087
1024091
1024099
1024103
1024151
1024159
1024171
1024183
1024189
1024207
1024249
1024277
1024307
1024313
1024319
1024321
1024327
1024337
1024339
1024357
1024379
1024391
1024399
1024411
1024421
1024427
1024433
1024477
1024481
1024511
1024523
1024547
1024559
1024577
1024579
1024589
1024591
1024609
1024633
1024663
1024669
1024693
1024697
1024703
1024711
1024721
1024729
1024757
1024783
1024799
1024823
1024843
1024853
1024871
1024883
1024901
1024909
1024921
1024931
1024939
1024943
1024951
1024957
1024963
1024987
1024997
1025009
1025021
1025029
1025039
1025047
1025081
1025093
1025099
1025111
1025113
1025119
1025137
1025147
1025149
1025153
1025161
1025197
1025203
1025209
1025231
1025239
1025257
1025261
1025267
1025273
1025279
1025281
1025303
1025327
1025333
1025347
1025351
1025383
1025393
1025407
1025413
1025417
1025419
1025443
1025459
1025477
1025483
1025503
1025509
1025513
1025537
1025543
1025551
1025561
1025579
1025611
1025621
1025623
1025641
1025653
1025659
1025669
1025693
1025707
1025741
1025747
1025749
1025767
1025789
1025803
1025807
1025819
1025839
1025873
1025887
1025891
1025897
1025909
1025911
1025917
1025929
1025939
1025957
1026029
1026031
1026037
1026041
1026043
1026061
1026073
1026101
1026119
1026127
1026139
1026143
1026167
1026197
1026199
1026217
1026227
1026229
1026251
1026253
1026257
1026293
1026299
1026313
1026331
1026359
1026371
1026383
1026391
1026401
1026407
1026413
1026427
1026439
1026449
1026457
1026479
1026481
1026521
1026547
1026563
1026577
1026581
1026583
1026587
1026593
1026661
1026667
1026673
1026677
1026679
1026709
1026733
1026757
1026761
1026791
1026799
1026811
1026829
1026833
1026847
1026853
1026859
1026887
1026899
1026911
1026913
1026917
1026941
1026943
1026947
1026979
1026989
1027001
1027003
1027027
1027031
1027051
1027067
1027097
1027127
1027129
1027139
1027153
1027163
1027181
1027189
1027199
1027207
1027211
1027223
1027241
1027261
1027277
1027289
1027319
1027321
1027331
1027357
1027391
1027409
1027417
1027421
1027427
1027459
1027471
1027483
1027487
1027489
1027493
1027519
1027547
1027549
1027567
1027591
1027597
1027613
1027643
1027679
1027687
1027693
1027703
1027717
1027727
1027739
1027751
1027753
1027757
1027759
1027777
1027783
1027787
1027799
1027841
1027853
1027883
1027891
1027931
1027969
1027987
1028003
1028011
1028017
1028023
1028029
1028047
1028051
1028063
1028081
1028089
1028099
1028101
1028107
1028113
1028117
1028129
1028141
1028149
1028189
1028191
1028201
1028207
1028213
1028221
1028231
1028243
1028263
1028273
1028303
1028309
1028317
1028327
1028329
1028333
1028389
1028393
1028411
1028437
1028471
1028473
1028479
1028509
1028557
1028561
1028569
1028579
1028581
1028597
1028617
1028647
1028663
1028669
1028681
1028683
1028737
1028747
1028749
1028761
1028773
1028777
1028803
1028809
1028837
1028843
1028873
1028893
1028903
1028939
1028941
1028953
1028957
1028969
1028981
1028999
1029001
1029013
1029023
1029037
1029103
1029109
1029113
1029139
1029151
1029157
1029167
1029179
1029191
1029199
1029209
1029247
1029251
1029263
1029277
1029289
1029307
1029323
1029331
1029337
1029341
1029349
1029359
1029361
1029383
1029403
1029407
1029409
1029433
1029467
1029473
1029481
1029487
1029499
1029517
1029521
1029527
1029533
1029547
1029563
1029569
1029577
1029583
1029593
1029601
1029617
1029643
1029647
1029653
1029689
1029697
1029731
1029751
1029757
1029767
1029803
1029823
1029827
1029839
1029841
1029859
1029881
1029883
1029907
1029929
1029937
1029943
1029953
1029967
1029983
1029989
1030019
1030021
1030027
1030031
1030033
1030039
1030049
1030061
1030067
1030069
1030091
1030111
1030121
1030153
1030157
1030181
1030201
1030213
1030219
1030241
1030247
1030291
1030297
1030307
1030349
1030357
1030361
1030369
1030411
1030417
1030429
1030439
1030441
1030451
1030493
1030511
1030529
1030537
1030543
1030571
1030583
1030619
1030637
1030639
1030643
1030681
1030703
1030723
1030739
1030741
1030751
1030759
1030763
1030787
1030793
1030801
1030811
1030817
1030823
1030831
1030847
1030867
1030873
1030889
1030919
1030933
1030949
1030951
1030957
1030987
1030993
1031003
1031047
1031053
1031057
1031081
1031117
1031119
1031137
1031141
1031161
1031189
1031231
1031267
1031279
1031281
1031291
1031299
1031309
1031323
1031347
1031357
1031399
1031411
1031413
1031423
1031431
1031447
1031461
1031477
1031479
1031483
1031489
1031507
1031521
1031531
1031533
1031549
1031561
1031593
1031609
1031623
1031629
1031633
1031669
1031677
1031707
1031717
1031729
1031731
1031741
1031753
1031759
1031761
1031809
1031813
1031831
1031837
1031869
1031911
1031923
1031981
1031999
1032007
1032047
1032049
1032067
1032071
1032107
1032131
1032151
1032191
1032193
1032211
1032221
1032233
1032259
1032287
1032299
1032307
1032319
1032329
1032341
1032347
1032349
1032373
1032377
1032391
1032397
1032407
1032419
1032433
1032457
1032463
1032467
1032491
1032497
1032509
1032511
1032527
1032541
1032571
1032583
1032601
1032607
1032613
1032617
1032643
1032649
1032679
1032683
1032697
1032701
1032709
1032721
1032727
1032739
1032751
1032763
1032793
1032799
1032803
1032833
1032839
1032841
1032847
1032851
1032853
1032881
1032887
1032901
1032943
1032949
1032959
1032961
1033001
1033007
1033027
1033033
1033037
1033057
1033061
1033063
1033069
1033079
1033099
1033127
1033139
1033171
1033181
1033189
1033223
1033271
1033273
1033289
1033297
1033303
1033309
1033313
1033337
1033339
1033343
1033349
1033363
1033369
1033381
1033387
1033393
1033421
1033423
1033427
1033441
1033451
1033457
1033463
1033469
1033489
1033493
1033499
1033507
1033517
1033537
1033541
1033559
1033567
1033601
1033603
1033631
1033661
1033663
1033667
1033679
1033687
1033693
1033741
1033751
1033759
1033777
1033783
1033789
1033793
1033801
1033807
1033829
1033841
1033843
1033867
1033927
1033951
1033987
1034003
1034009
1034027
1034029
1034069
1034071
1034101
1034119
1034123
1034147
1034167
1034171
1034177
1034183
1034197
1034207
1034219
1034221
1034233
1034237
1034239
1034249
1034251
There are 875 prime numbers in S169.
