S170(1034281~1046520)
1034281
1034309
1034317
1034323
1034339
1034353
1034357
1034359
1034381
1034387
1034419
1034443
1034461
1034477
1034479
1034489
1034491
1034503
1034513
1034549
1034567
1034581
1034591
1034597
1034599
1034617
1034639
1034651
1034653
1034659
1034707
1034729
1034731
1034767
1034771
1034783
1034791
1034809
1034827
1034833
1034837
1034849
1034857
1034861
1034863
1034867
1034879
1034903
1034941
1034951
1034953
1034959
1034983
1034989
1034993
1035007
1035019
1035043
1035061
1035077
1035107
1035131
1035163
1035187
1035191
1035197
1035211
1035241
1035247
1035257
1035263
1035277
1035301
1035313
1035323
1035341
1035343
1035361
1035379
1035383
1035403
1035409
1035413
1035427
1035449
1035451
1035467
1035469
1035473
1035479
1035499
1035527
1035533
1035547
1035563
1035571
1035581
1035599
1035607
1035613
1035631
1035637
1035641
1035649
1035659
1035707
1035733
1035743
1035761
1035763
1035781
1035791
1035829
1035869
1035893
1035917
1035949
1035953
1035959
1035973
1035977
1036001
1036003
1036027
1036039
1036067
1036069
1036073
1036093
1036109
1036117
1036121
1036129
1036153
1036163
1036183
1036213
1036223
1036229
1036247
1036249
1036253
1036261
1036267
1036271
1036291
1036297
1036307
1036319
1036327
1036331
1036339
1036349
1036351
1036363
1036367
1036369
1036391
1036411
1036459
1036471
1036493
1036499
1036513
1036531
1036537
1036561
1036579
1036613
1036619
1036631
1036649
1036661
1036667
1036669
1036681
1036729
1036747
1036751
1036757
1036759
1036769
1036787
1036793
1036799
1036829
1036831
1036853
1036873
1036877
1036883
1036913
1036921
1036943
1036951
1036957
1036979
1036991
1036993
1037041
1037053
1037059
1037081
1037087
1037089
1037123
1037129
1037137
1037143
1037213
1037233
1037249
1037261
1037273
1037293
1037297
1037303
1037317
1037327
1037329
1037339
1037347
1037401
1037411
1037437
1037441
1037447
1037471
1037479
1037489
1037497
1037503
1037537
1037557
1037563
1037567
1037593
1037611
1037627
1037653
1037657
1037677
1037681
1037683
1037741
1037747
1037753
1037759
1037767
1037791
1037801
1037819
1037831
1037857
1037873
1037879
1037893
1037903
1037917
1037929
1037941
1037957
1037963
1037983
1038001
1038017
1038019
1038029
1038041
1038043
1038047
1038073
1038077
1038119
1038127
1038143
1038157
1038187
1038199
1038203
1038209
1038211
1038227
1038251
1038253
1038259
1038263
1038269
1038307
1038311
1038319
1038329
1038337
1038383
1038391
1038409
1038421
1038449
1038463
1038487
1038497
1038503
1038523
1038529
1038539
1038563
1038589
1038599
1038601
1038617
1038619
1038623
1038629
1038637
1038643
1038671
1038689
1038691
1038707
1038721
1038727
1038731
1038757
1038797
1038803
1038811
1038823
1038827
1038833
1038881
1038913
1038937
1038941
1038953
1039001
1039007
1039021
1039033
1039037
1039039
1039043
1039067
1039069
1039081
1039109
1039111
1039127
1039139
1039153
1039169
1039187
1039229
1039249
1039279
1039289
1039307
1039321
1039327
1039343
1039349
1039351
1039387
1039421
1039427
1039429
1039463
1039469
1039477
1039481
1039513
1039517
1039537
1039543
1039553
1039603
1039607
1039631
1039651
1039657
1039667
1039681
1039733
1039763
1039769
1039789
1039799
1039817
1039823
1039837
1039891
1039897
1039901
1039921
1039931
1039943
1039949
1039979
1039999
1040021
1040029
1040051
1040057
1040059
1040069
1040071
1040089
1040093
1040101
1040113
1040119
1040141
1040153
1040159
1040161
1040167
1040183
1040189
1040191
1040203
1040219
1040227
1040311
1040327
1040339
1040353
1040371
1040381
1040387
1040407
1040411
1040419
1040447
1040449
1040483
1040489
1040503
1040521
1040531
1040563
1040579
1040581
1040597
1040629
1040651
1040657
1040659
1040671
1040717
1040731
1040747
1040749
1040771
1040777
1040779
1040783
1040797
1040803
1040807
1040813
1040821
1040827
1040833
1040857
1040861
1040873
1040881
1040891
1040899
1040929
1040939
1040947
1040951
1040959
1040981
1040989
1041041
1041077
1041083
1041091
1041109
1041119
1041121
1041127
1041137
1041149
1041151
1041163
1041167
1041169
1041203
1041221
1041223
1041239
1041241
1041253
1041269
1041281
1041283
1041289
1041307
1041311
1041317
1041329
1041343
1041349
1041373
1041421
1041427
1041449
1041451
1041461
1041497
1041511
1041517
1041529
1041553
1041559
1041563
1041571
1041577
1041583
1041617
1041619
1041643
1041653
1041671
1041673
1041701
1041731
1041737
1041757
1041779
1041787
1041793
1041823
1041829
1041841
1041853
1041857
1041863
1041869
1041889
1041893
1041907
1041919
1041949
1041961
1041983
1041991
1042001
1042021
1042039
1042043
1042081
1042087
1042091
1042099
1042103
1042109
1042121
1042123
1042133
1042141
1042183
1042187
1042193
1042211
1042241
1042243
1042259
1042267
1042271
1042273
1042309
1042331
1042333
1042357
1042369
1042373
1042381
1042399
1042427
1042439
1042451
1042469
1042487
1042519
1042523
1042529
1042571
1042577
1042583
1042597
1042607
1042609
1042619
1042631
1042633
1042681
1042687
1042693
1042703
1042709
1042733
1042759
1042781
1042799
1042819
1042829
1042837
1042849
1042861
1042897
1042901
1042903
1042931
1042949
1042961
1042997
1043011
1043023
1043047
1043083
1043089
1043111
1043113
1043117
1043131
1043167
1043173
1043177
1043183
1043191
1043201
1043209
1043213
1043221
1043279
1043291
1043293
1043299
1043311
1043323
1043351
1043369
1043377
1043401
1043453
1043467
1043479
1043489
1043501
1043513
1043521
1043531
1043543
1043557
1043587
1043591
1043593
1043597
1043599
1043617
1043639
1043657
1043663
1043683
1043701
1043723
1043743
1043747
1043753
1043759
1043761
1043767
1043773
1043831
1043837
1043839
1043843
1043849
1043857
1043869
1043873
1043897
1043899
1043921
1043923
1043929
1043951
1043969
1043981
1044019
1044023
1044041
1044053
1044079
1044091
1044097
1044133
1044139
1044149
1044161
1044167
1044179
1044181
1044187
1044193
1044209
1044217
1044227
1044247
1044257
1044271
1044283
1044287
1044289
1044299
1044343
1044347
1044353
1044367
1044371
1044383
1044391
1044397
1044409
1044437
1044443
1044451
1044457
1044479
1044509
1044517
1044529
1044559
1044569
1044583
1044587
1044613
1044619
1044629
1044653
1044689
1044697
1044727
1044733
1044737
1044739
1044749
1044751
1044761
1044767
1044779
1044781
1044809
1044811
1044833
1044839
1044847
1044851
1044859
1044877
1044889
1044893
1044931
1044941
1044971
1044997
1045003
1045013
1045021
1045027
1045043
1045061
1045063
1045081
1045111
1045117
1045123
1045129
1045151
1045153
1045157
1045183
1045193
1045199
1045223
1045229
1045237
1045241
1045273
1045277
1045307
1045309
1045321
1045349
1045367
1045391
1045393
1045397
1045409
1045411
1045423
1045427
1045469
1045487
1045493
1045507
1045523
1045529
1045543
1045547
1045549
1045559
1045571
1045573
1045607
1045621
1045633
1045643
1045651
1045663
1045679
1045691
1045727
1045729
1045739
1045763
1045799
1045801
1045819
1045829
1045841
1045859
1045903
1045907
1045963
1045981
1045987
1045997
1046029
1046047
1046051
1046053
1046069
1046077
1046081
1046113
1046119
1046179
1046183
1046189
1046191
1046203
1046207
1046237
1046239
1046257
1046263
1046329
1046347
1046351
1046369
1046371
1046389
1046393
1046399
1046413
1046447
1046449
1046459
1046497
1046519
There are 874 prime numbers in S170.
