S171(1046521~1058832)
1046527
1046557
1046579
1046587
1046597
1046599
1046627
1046641
1046657
1046659
1046677
1046681
1046687
1046701
1046711
1046779
1046791
1046797
1046807
1046827
1046833
1046849
1046863
1046867
1046897
1046917
1046933
1046951
1046959
1046977
1046993
1046999
1047031
1047041
1047043
1047061
1047077
1047089
1047097
1047107
1047119
1047127
1047131
1047133
1047139
1047157
1047173
1047197
1047199
1047229
1047239
1047247
1047271
1047281
1047283
1047289
1047307
1047311
1047313
1047317
1047323
1047341
1047367
1047373
1047379
1047391
1047419
1047467
1047469
1047479
1047491
1047499
1047511
1047533
1047539
1047551
1047559
1047587
1047589
1047647
1047649
1047653
1047667
1047671
1047689
1047691
1047701
1047703
1047713
1047721
1047737
1047751
1047763
1047773
1047779
1047821
1047833
1047841
1047859
1047881
1047883
1047887
1047923
1047929
1047941
1047961
1047971
1047979
1047989
1047997
1048007
1048009
1048013
1048027
1048043
1048049
1048051
1048063
1048123
1048127
1048129
1048139
1048189
1048193
1048213
1048217
1048219
1048261
1048273
1048291
1048309
1048343
1048357
1048361
1048367
1048387
1048391
1048423
1048433
1048447
1048507
1048517
1048549
1048559
1048571
1048573
1048583
1048589
1048601
1048609
1048613
1048627
1048633
1048661
1048681
1048703
1048709
1048717
1048721
1048759
1048783
1048793
1048799
1048807
1048829
1048837
1048847
1048867
1048877
1048889
1048891
1048897
1048909
1048919
1048963
1048991
1049011
1049023
1049039
1049051
1049057
1049063
1049077
1049089
1049093
1049101
1049117
1049129
1049131
1049137
1049141
1049143
1049171
1049173
1049177
1049183
1049201
1049219
1049227
1049239
1049263
1049281
1049297
1049333
1049339
1049387
1049413
1049429
1049437
1049459
1049471
1049473
1049479
1049483
1049497
1049509
1049519
1049527
1049533
1049537
1049549
1049569
1049599
1049603
1049611
1049623
1049639
1049663
1049677
1049681
1049683
1049687
1049707
1049717
1049747
1049773
1049791
1049809
1049821
1049827
1049833
1049837
1049843
1049849
1049857
1049861
1049863
1049891
1049897
1049899
1049941
1049953
1049963
1049977
1049999
1050011
1050013
1050031
1050041
1050053
1050079
1050083
1050139
1050151
1050167
1050169
1050191
1050197
1050229
1050233
1050239
1050241
1050253
1050281
1050307
1050317
1050323
1050331
1050337
1050349
1050367
1050391
1050421
1050431
1050437
1050449
1050451
1050457
1050473
1050503
1050509
1050523
1050563
1050593
1050611
1050631
1050713
1050727
1050733
1050737
1050739
1050743
1050769
1050773
1050781
1050811
1050817
1050851
1050853
1050887
1050899
1050901
1050913
1050949
1050961
1050977
1050997
1051003
1051007
1051009
1051019
1051027
1051051
1051069
1051079
1051081
1051139
1051147
1051151
1051153
1051157
1051177
1051181
1051247
1051277
1051283
1051291
1051301
1051313
1051319
1051333
1051373
1051397
1051409
1051417
1051423
1051459
1051469
1051471
1051481
1051499
1051507
1051543
1051549
1051553
1051559
1051571
1051591
1051601
1051607
1051619
1051621
1051639
1051643
1051649
1051663
1051697
1051709
1051717
1051747
1051759
1051763
1051781
1051789
1051811
1051819
1051829
1051847
1051849
1051879
1051889
1051903
1051913
1051927
1051949
1051957
1051961
1051979
1051987
1051991
1052027
1052039
1052041
1052063
1052083
1052099
1052111
1052119
1052137
1052141
1052179
1052197
1052203
1052221
1052231
1052237
1052269
1052279
1052281
1052287
1052299
1052309
1052321
1052327
1052329
1052333
1052413
1052417
1052431
1052437
1052459
1052473
1052479
1052489
1052531
1052533
1052537
1052551
1052561
1052563
1052567
1052573
1052609
1052629
1052663
1052693
1052707
1052719
1052731
1052743
1052747
1052767
1052797
1052801
1052803
1052813
1052819
1052851
1052873
1052881
1052893
1052897
1052899
1052939
1052971
1052981
1052993
1053007
1053029
1053061
1053067
1053071
1053079
1053083
1053089
1053097
1053103
1053179
1053181
1053191
1053197
1053233
1053257
1053259
1053263
1053271
1053293
1053301
1053319
1053347
1053361
1053383
1053401
1053407
1053421
1053449
1053461
1053467
1053487
1053491
1053497
1053509
1053511
1053529
1053539
1053551
1053557
1053571
1053581
1053583
1053589
1053593
1053617
1053691
1053697
1053707
1053713
1053727
1053737
1053739
1053749
1053757
1053769
1053809
1053817
1053821
1053827
1053863
1053953
1053959
1053967
1053971
1053989
1053991
1054003
1054007
1054013
1054033
1054043
1054049
1054061
1054073
1054091
1054133
1054169
1054171
1054181
1054189
1054199
1054201
1054213
1054219
1054243
1054247
1054259
1054267
1054301
1054303
1054309
1054321
1054327
1054331
1054337
1054363
1054369
1054373
1054381
1054393
1054423
1054429
1054439
1054441
1054457
1054477
1054483
1054517
1054523
1054531
1054549
1054577
1054583
1054597
1054607
1054609
1054621
1054639
1054649
1054667
1054673
1054679
1054717
1054721
1054723
1054733
1054769
1054813
1054819
1054831
1054843
1054853
1054903
1054909
1054927
1054931
1054951
1054957
1054993
1055017
1055039
1055057
1055063
1055077
1055083
1055113
1055137
1055141
1055143
1055167
1055189
1055191
1055231
1055233
1055251
1055261
1055267
1055269
1055303
1055321
1055347
1055359
1055363
1055371
1055387
1055399
1055407
1055413
1055423
1055429
1055437
1055471
1055489
1055501
1055503
1055531
1055543
1055567
1055591
1055597
1055603
1055609
1055611
1055671
1055689
1055713
1055731
1055737
1055741
1055771
1055783
1055801
1055809
1055827
1055839
1055851
1055863
1055867
1055881
1055893
1055897
1055911
1055917
1055933
1055939
1055947
1055959
1055969
1055981
1056007
1056019
1056047
1056049
1056053
1056061
1056071
1056073
1056089
1056109
1056113
1056149
1056161
1056169
1056173
1056179
1056203
1056217
1056241
1056247
1056269
1056271
1056281
1056287
1056311
1056317
1056323
1056347
1056353
1056361
1056371
1056373
1056379
1056401
1056443
1056463
1056469
1056479
1056481
1056493
1056509
1056521
1056541
1056563
1056569
1056577
1056589
1056599
1056613
1056617
1056623
1056641
1056659
1056667
1056707
1056719
1056721
1056739
1056773
1056779
1056793
1056823
1056829
1056833
1056863
1056871
1056893
1056911
1056917
1056929
1056949
1056959
1056971
1057003
1057013
1057019
1057033
1057037
1057051
1057087
1057093
1057117
1057129
1057157
1057163
1057181
1057183
1057219
1057223
1057237
1057249
1057271
1057279
1057291
1057307
1057361
1057367
1057387
1057391
1057393
1057411
1057421
1057477
1057487
1057489
1057493
1057531
1057541
1057561
1057577
1057579
1057603
1057607
1057613
1057631
1057633
1057643
1057657
1057663
1057681
1057699
1057703
1057739
1057741
1057753
1057781
1057807
1057831
1057853
1057879
1057883
1057897
1057907
1057919
1057951
1057957
1057963
1057981
1057993
1058009
1058011
1058021
1058027
1058041
1058059
1058077
1058093
1058107
1058117
1058143
1058147
1058149
1058153
1058171
1058179
1058203
1058221
1058227
1058249
1058257
1058263
1058287
1058303
1058329
1058339
1058341
1058353
1058377
1058381
1058383
1058389
1058419
1058423
1058443
1058461
1058479
1058489
1058503
1058507
1058543
1058549
1058567
1058591
1058593
1058597
1058627
1058639
1058653
1058657
1058663
1058671
1058677
1058683
1058693
1058711
1058723
1058731
1058747
1058749
1058753
1058767
1058773
1058779
1058791
1058803
1058807
1058809
1058821
There are 875 prime numbers in S171.
