S172(1058833~1071216)
1058839
1058861
1058891
1058921
1058951
1058983
1058999
1059001
1059007
1059017
1059029
1059059
1059061
1059067
1059073
1059077
1059103
1059119
1059131
1059137
1059161
1059169
1059181
1059197
1059209
1059217
1059221
1059251
1059257
1059259
1059263
1059271
1059293
1059299
1059313
1059323
1059343
1059349
1059413
1059419
1059433
1059437
1059439
1059467
1059479
1059503
1059511
1059517
1059547
1059557
1059571
1059599
1059613
1059637
1059647
1059671
1059683
1059697
1059701
1059703
1059713
1059733
1059743
1059749
1059757
1059769
1059787
1059823
1059833
1059847
1059857
1059871
1059889
1059893
1059923
1059931
1059937
1059941
1060009
1060019
1060021
1060039
1060043
1060051
1060061
1060091
1060097
1060123
1060133
1060151
1060177
1060187
1060201
1060207
1060223
1060229
1060237
1060249
1060253
1060271
1060303
1060313
1060321
1060343
1060349
1060351
1060357
1060361
1060373
1060379
1060391
1060393
1060403
1060421
1060427
1060441
1060453
1060463
1060469
1060481
1060487
1060513
1060519
1060529
1060567
1060571
1060573
1060589
1060597
1060621
1060673
1060687
1060721
1060723
1060739
1060747
1060769
1060777
1060781
1060861
1060867
1060883
1060937
1060949
1060963
1060981
1060991
1060993
1061033
1061057
1061069
1061087
1061101
1061107
1061117
1061129
1061141
1061143
1061149
1061171
1061189
1061227
1061251
1061261
1061273
1061279
1061287
1061297
1061311
1061317
1061323
1061353
1061363
1061377
1061393
1061407
1061413
1061441
1061453
1061483
1061509
1061513
1061527
1061561
1061569
1061573
1061591
1061597
1061609
1061617
1061623
1061629
1061647
1061651
1061677
1061689
1061699
1061707
1061717
1061729
1061737
1061759
1061771
1061773
1061779
1061783
1061807
1061831
1061849
1061867
1061869
1061881
1061897
1061903
1061909
1061911
1061917
1061959
1061969
1061993
1062001
1062013
1062031
1062073
1062107
1062121
1062169
1062197
1062203
1062251
1062253
1062263
1062293
1062311
1062343
1062349
1062361
1062367
1062379
1062407
1062409
1062427
1062443
1062469
1062497
1062511
1062521
1062547
1062557
1062563
1062599
1062601
1062643
1062671
1062673
1062683
1062697
1062701
1062707
1062731
1062779
1062781
1062793
1062797
1062827
1062847
1062869
1062871
1062877
1062881
1062907
1062911
1062913
1062931
1062947
1062949
1062977
1062979
1062989
1063001
1063009
1063019
1063033
1063039
1063043
1063067
1063079
1063087
1063109
1063123
1063151
1063157
1063159
1063177
1063189
1063193
1063201
1063213
1063219
1063241
1063243
1063273
1063303
1063319
1063351
1063379
1063397
1063399
1063409
1063427
1063441
1063453
1063457
1063463
1063471
1063477
1063483
1063501
1063523
1063529
1063541
1063547
1063553
1063561
1063597
1063609
1063613
1063619
1063627
1063637
1063649
1063661
1063693
1063709
1063721
1063729
1063739
1063747
1063757
1063771
1063781
1063813
1063823
1063831
1063837
1063847
1063849
1063871
1063873
1063891
1063897
1063903
1063913
1063919
1063921
1063927
1063961
1063963
1063967
1063969
1063973
1063987
1063999
1064017
1064029
1064059
1064069
1064087
1064117
1064131
1064153
1064159
1064177
1064179
1064191
1064197
1064201
1064243
1064257
1064263
1064269
1064281
1064311
1064317
1064321
1064333
1064339
1064341
1064359
1064377
1064383
1064407
1064411
1064431
1064467
1064471
1064473
1064477
1064507
1064519
1064521
1064533
1064549
1064587
1064593
1064629
1064653
1064669
1064671
1064681
1064689
1064699
1064731
1064737
1064743
1064753
1064771
1064783
1064801
1064813
1064867
1064873
1064911
1064927
1064933
1064939
1064941
1064951
1064953
1064957
1064977
1064989
1065011
1065013
1065017
1065019
1065037
1065041
1065047
1065059
1065073
1065089
1065091
1065109
1065131
1065133
1065137
1065173
1065209
1065217
1065263
1065269
1065277
1065283
1065307
1065313
1065319
1065331
1065343
1065347
1065391
1065409
1065433
1065469
1065479
1065503
1065511
1065523
1065527
1065529
1065557
1065569
1065593
1065601
1065629
1065643
1065667
1065677
1065683
1065689
1065697
1065709
1065733
1065763
1065773
1065787
1065791
1065809
1065817
1065821
1065829
1065839
1065847
1065851
1065887
1065893
1065899
1065901
1065937
1065941
1065949
1065973
1065979
1066001
1066031
1066049
1066063
1066067
1066111
1066133
1066139
1066141
1066157
1066159
1066217
1066231
1066237
1066253
1066267
1066279
1066283
1066297
1066313
1066319
1066327
1066333
1066339
1066343
1066367
1066379
1066399
1066409
1066411
1066423
1066433
1066447
1066511
1066517
1066523
1066531
1066553
1066561
1066567
1066577
1066619
1066621
1066643
1066651
1066669
1066687
1066693
1066721
1066729
1066753
1066757
1066777
1066789
1066811
1066817
1066847
1066859
1066867
1066883
1066889
1066909
1066913
1066931
1066973
1066979
1066981
1066987
1066999
1067009
1067023
1067029
1067047
1067057
1067063
1067069
1067083
1067137
1067147
1067159
1067167
1067179
1067203
1067207
1067221
1067239
1067263
1067293
1067327
1067329
1067347
1067351
1067359
1067371
1067383
1067387
1067411
1067441
1067459
1067467
1067471
1067489
1067491
1067497
1067509
1067537
1067551
1067557
1067567
1067569
1067593
1067597
1067611
1067621
1067639
1067653
1067669
1067687
1067701
1067707
1067711
1067741
1067747
1067749
1067761
1067767
1067777
1067789
1067797
1067831
1067837
1067849
1067851
1067879
1067893
1067903
1067909
1067921
1067939
1067951
1067987
1067999
1068019
1068037
1068061
1068083
1068101
1068103
1068107
1068113
1068131
1068149
1068191
1068203
1068217
1068233
1068241
1068247
1068251
1068253
1068257
1068259
1068271
1068307
1068311
1068323
1068329
1068343
1068367
1068371
1068377
1068383
1068407
1068409
1068437
1068439
1068461
1068469
1068481
1068491
1068497
1068499
1068517
1068559
1068577
1068589
1068611
1068619
1068629
1068631
1068677
1068701
1068703
1068707
1068709
1068713
1068719
1068721
1068751
1068757
1068761
1068779
1068803
1068811
1068817
1068857
1068871
1068877
1068887
1068889
1068901
1068913
1068917
1068941
1068989
1069001
1069007
1069031
1069039
1069043
1069051
1069087
1069099
1069127
1069129
1069141
1069171
1069183
1069193
1069199
1069207
1069217
1069219
1069223
1069267
1069273
1069291
1069303
1069307
1069349
1069363
1069379
1069421
1069427
1069429
1069441
1069451
1069459
1069463
1069499
1069501
1069507
1069517
1069543
1069547
1069553
1069561
1069571
1069573
1069577
1069583
1069591
1069597
1069603
1069609
1069631
1069639
1069667
1069687
1069693
1069697
1069727
1069741
1069751
1069777
1069807
1069811
1069819
1069823
1069853
1069867
1069919
1069921
1069927
1069931
1069933
1069949
1069951
1069973
1069979
1069987
1070009
1070011
1070021
1070033
1070039
1070063
1070081
1070087
1070093
1070131
1070149
1070171
1070189
1070197
1070203
1070207
1070221
1070231
1070233
1070243
1070249
1070257
1070287
1070291
1070309
1070317
1070323
1070339
1070341
1070347
1070357
1070369
1070389
1070411
1070417
1070423
1070429
1070431
1070453
1070471
1070491
1070497
1070501
1070513
1070527
1070533
1070543
1070557
1070561
1070567
1070569
1070579
1070621
1070659
1070681
1070683
1070689
1070753
1070761
1070777
1070789
1070803
1070827
1070843
1070851
1070869
1070873
1070899
1070921
1070933
1070939
1070947
1070981
1070987
1071023
1071047
1071053
1071061
1071067
1071121
1071131
1071139
1071149
1071151
1071157
1071181
1071193
1071197
There are 882 prime numbers in S172.
