S173(1071217~1083672)
1071223
1071227
1071229
1071233
1071241
1071253
1071269
1071283
1071311
1071313
1071337
1071341
1071349
1071359
1071373
1071377
1071379
1071401
1071407
1071419
1071439
1071443
1071451
1071457
1071479
1071487
1071529
1071533
1071541
1071563
1071569
1071571
1071589
1071601
1071641
1071643
1071659
1071661
1071671
1071683
1071703
1071739
1071743
1071761
1071773
1071787
1071803
1071817
1071821
1071841
1071857
1071871
1071899
1071907
1071911
1071919
1071937
1071943
1071977
1071979
1071991
1072009
1072039
1072103
1072129
1072133
1072147
1072157
1072163
1072187
1072199
1072213
1072219
1072229
1072231
1072301
1072327
1072339
1072363
1072367
1072373
1072381
1072387
1072397
1072429
1072433
1072439
1072447
1072457
1072459
1072471
1072517
1072537
1072543
1072613
1072627
1072633
1072637
1072657
1072711
1072733
1072763
1072793
1072801
1072811
1072823
1072829
1072831
1072837
1072843
1072849
1072859
1072867
1072901
1072919
1072931
1072933
1072937
1072943
1072957
1072961
1072969
1072991
1072997
1072999
1073053
1073069
1073077
1073089
1073099
1073113
1073117
1073131
1073141
1073143
1073147
1073153
1073183
1073201
1073209
1073213
1073221
1073239
1073243
1073263
1073279
1073297
1073311
1073321
1073351
1073353
1073381
1073383
1073393
1073399
1073411
1073441
1073447
1073461
1073491
1073507
1073509
1073521
1073537
1073563
1073573
1073587
1073593
1073599
1073603
1073627
1073647
1073651
1073687
1073711
1073713
1073717
1073729
1073773
1073789
1073791
1073803
1073819
1073837
1073857
1073869
1073879
1073881
1073909
1073911
1073921
1073951
1073953
1073983
1074001
1074023
1074041
1074061
1074067
1074071
1074079
1074083
1074107
1074109
1074113
1074121
1074133
1074167
1074223
1074251
1074253
1074259
1074277
1074287
1074289
1074299
1074329
1074343
1074361
1074371
1074377
1074379
1074389
1074427
1074433
1074461
1074473
1074481
1074509
1074511
1074523
1074533
1074559
1074581
1074607
1074617
1074641
1074643
1074649
1074673
1074683
1074691
1074701
1074707
1074709
1074713
1074719
1074751
1074761
1074763
1074833
1074839
1074847
1074851
1074877
1074883
1074889
1074901
1074907
1074917
1074919
1074923
1074929
1074949
1074971
1074973
1074977
1074989
1074991
1075007
1075013
1075021
1075027
1075069
1075073
1075079
1075091
1075093
1075103
1075133
1075141
1075147
1075159
1075163
1075169
1075171
1075177
1075187
1075201
1075231
1075237
1075241
1075259
1075279
1075289
1075303
1075337
1075339
1075351
1075357
1075391
1075397
1075409
1075429
1075433
1075441
1075453
1075463
1075469
1075489
1075493
1075499
1075507
1075519
1075531
1075537
1075561
1075577
1075601
1075619
1075621
1075643
1075649
1075651
1075663
1075667
1075673
1075681
1075691
1075693
1075699
1075703
1075727
1075729
1075757
1075759
1075769
1075771
1075787
1075807
1075843
1075853
1075859
1075897
1075909
1075957
1075973
1076003
1076011
1076017
1076029
1076039
1076051
1076057
1076063
1076069
1076077
1076107
1076111
1076113
1076123
1076129
1076137
1076143
1076167
1076171
1076191
1076203
1076213
1076237
1076263
1076279
1076281
1076303
1076323
1076329
1076353
1076359
1076381
1076399
1076401
1076417
1076429
1076443
1076447
1076461
1076473
1076477
1076501
1076503
1076507
1076513
1076519
1076557
1076563
1076587
1076611
1076617
1076639
1076651
1076657
1076671
1076707
1076717
1076731
1076753
1076767
1076771
1076773
1076813
1076821
1076827
1076843
1076861
1076869
1076879
1076893
1076903
1076917
1076921
1076953
1076981
1077017
1077023
1077047
1077059
1077079
1077101
1077127
1077143
1077161
1077179
1077191
1077203
1077221
1077227
1077233
1077289
1077299
1077301
1077311
1077337
1077347
1077353
1077371
1077397
1077413
1077421
1077449
1077457
1077469
1077499
1077533
1077539
1077541
1077563
1077599
1077607
1077641
1077673
1077677
1077691
1077697
1077707
1077719
1077721
1077733
1077743
1077751
1077761
1077763
1077793
1077799
1077821
1077823
1077827
1077841
1077859
1077863
1077893
1077911
1077913
1077917
1077943
1077971
1077977
1077997
1078001
1078009
1078019
1078027
1078031
1078043
1078081
1078109
1078111
1078127
1078151
1078153
1078159
1078163
1078169
1078183
1078199
1078219
1078241
1078247
1078331
1078333
1078367
1078369
1078373
1078387
1078393
1078403
1078409
1078411
1078417
1078471
1078489
1078507
1078537
1078559
1078589
1078643
1078657
1078673
1078681
1078691
1078699
1078711
1078717
1078733
1078739
1078757
1078787
1078789
1078807
1078813
1078817
1078841
1078849
1078853
1078873
1078879
1078919
1078927
1078937
1078943
1078951
1078967
1078981
1078993
1079009
1079011
1079021
1079033
1079053
1079059
1079069
1079077
1079081
1079087
1079093
1079101
1079107
1079123
1079147
1079153
1079173
1079189
1079213
1079227
1079233
1079251
1079269
1079291
1079297
1079311
1079317
1079329
1079339
1079357
1079359
1079369
1079383
1079399
1079417
1079431
1079453
1079461
1079471
1079473
1079503
1079509
1079527
1079531
1079539
1079569
1079593
1079609
1079621
1079629
1079633
1079647
1079651
1079669
1079671
1079681
1079711
1079717
1079753
1079777
1079779
1079783
1079797
1079809
1079821
1079831
1079849
1079861
1079867
1079879
1079887
1079917
1079927
1079929
1079933
1079957
1079963
1079977
1079983
1079987
1079999
1080007
1080029
1080043
1080049
1080059
1080073
1080077
1080083
1080089
1080091
1080097
1080119
1080137
1080143
1080173
1080199
1080217
1080223
1080229
1080251
1080259
1080263
1080269
1080271
1080281
1080301
1080307
1080311
1080329
1080341
1080347
1080353
1080383
1080413
1080419
1080433
1080439
1080449
1080451
1080463
1080479
1080481
1080491
1080523
1080539
1080553
1080557
1080559
1080589
1080613
1080647
1080649
1080661
1080679
1080683
1080713
1080749
1080757
1080763
1080767
1080773
1080787
1080791
1080797
1080803
1080811
1080817
1080823
1080841
1080847
1080851
1080857
1080899
1080901
1080907
1080913
1080923
1080941
1080943
1080971
1080973
1080983
1081027
1081037
1081051
1081061
1081079
1081097
1081099
1081121
1081123
1081127
1081133
1081139
1081153
1081163
1081219
1081229
1081231
1081237
1081243
1081247
1081277
1081279
1081291
1081303
1081307
1081331
1081337
1081351
1081361
1081369
1081403
1081417
1081429
1081441
1081477
1081501
1081513
1081541
1081583
1081631
1081637
1081657
1081679
1081681
1081687
1081699
1081709
1081711
1081721
1081723
1081733
1081741
1081757
1081763
1081771
1081777
1081781
1081789
1081793
1081813
1081823
1081853
1081859
1081891
1081901
1081907
1081919
1081937
1081939
1081979
1081981
1082017
1082023
1082027
1082047
1082083
1082089
1082093
1082099
1082129
1082141
1082143
1082149
1082153
1082161
1082171
1082177
1082189
1082197
1082209
1082231
1082233
1082243
1082273
1082317
1082321
1082351
1082369
1082377
1082381
1082383
1082387
1082399
1082429
1082443
1082447
1082467
1082491
1082527
1082531
1082533
1082573
1082579
1082581
1082593
1082597
1082603
1082621
1082629
1082647
1082659
1082681
1082699
1082707
1082717
1082723
1082729
1082743
1082761
1082777
1082801
1082881
1082891
1082911
1082969
1082971
1082989
1082993
1082999
1083007
1083031
1083037
1083059
1083073
1083077
1083079
1083083
1083107
1083113
1083119
1083151
1083167
1083191
1083193
1083211
1083241
1083253
1083283
1083287
1083289
1083301
1083307
1083311
1083317
1083319
1083337
1083349
1083367
1083371
1083377
1083391
1083409
1083431
1083443
1083449
1083451
1083463
1083473
1083497
1083517
1083541
1083559
1083571
1083583
1083601
1083611
1083613
1083659
There are 904 prime numbers in S173.
