S175(1096201~1108800)
1096201
1096219
1096267
1096289
1096307
1096327
1096349
1096351
1096363
1096373
1096379
1096393
1096399
1096423
1096427
1096451
1096477
1096481
1096489
1096493
1096499
1096507
1096541
1096549
1096553
1096559
1096561
1096583
1096609
1096621
1096631
1096639
1096673
1096691
1096703
1096727
1096741
1096763
1096787
1096793
1096807
1096817
1096829
1096831
1096853
1096859
1096861
1096871
1096883
1096919
1096951
1096957
1096967
1096969
1096981
1096999
1097009
1097017
1097029
1097039
1097051
1097069
1097081
1097101
1097111
1097113
1097141
1097143
1097147
1097179
1097189
1097203
1097209
1097221
1097237
1097267
1097293
1097297
1097321
1097323
1097351
1097359
1097377
1097381
1097413
1097419
1097423
1097441
1097443
1097461
1097483
1097501
1097513
1097533
1097539
1097543
1097549
1097557
1097599
1097627
1097633
1097651
1097653
1097659
1097669
1097699
1097711
1097717
1097729
1097743
1097783
1097791
1097797
1097819
1097849
1097851
1097861
1097869
1097879
1097891
1097893
1097897
1097903
1097909
1097923
1097933
1097947
1097983
1098017
1098023
1098037
1098073
1098077
1098101
1098109
1098121
1098133
1098151
1098187
1098191
1098193
1098203
1098211
1098221
1098233
1098269
1098287
1098301
1098311
1098313
1098341
1098373
1098379
1098397
1098401
1098439
1098443
1098451
1098463
1098469
1098479
1098481
1098509
1098511
1098533
1098541
1098593
1098613
1098623
1098631
1098649
1098667
1098673
1098689
1098707
1098709
1098731
1098737
1098787
1098791
1098803
1098821
1098833
1098847
1098953
1098967
1098973
1098989
1099031
1099051
1099057
1099079
1099081
1099097
1099103
1099117
1099121
1099139
1099171
1099177
1099181
1099199
1099223
1099247
1099249
1099261
1099279
1099289
1099309
1099313
1099327
1099337
1099363
1099369
1099391
1099393
1099409
1099411
1099421
1099433
1099459
1099463
1099487
1099489
1099493
1099499
1099507
1099513
1099519
1099523
1099541
1099547
1099559
1099573
1099589
1099619
1099621
1099627
1099633
1099649
1099669
1099687
1099711
1099717
1099723
1099727
1099729
1099741
1099757
1099771
1099783
1099793
1099799
1099807
1099817
1099823
1099841
1099843
1099859
1099867
1099927
1099933
1099957
1099961
1099997
1100009
1100023
1100027
1100039
1100041
1100051
1100063
1100089
1100093
1100101
1100123
1100131
1100147
1100149
1100161
1100167
1100171
1100179
1100213
1100219
1100243
1100249
1100261
1100273
1100279
1100303
1100311
1100321
1100353
1100357
1100377
1100381
1100387
1100419
1100441
1100443
1100447
1100467
1100471
1100483
1100503
1100509
1100513
1100543
1100557
1100569
1100581
1100591
1100611
1100641
1100653
1100681
1100683
1100747
1100773
1100777
1100783
1100797
1100807
1100831
1100833
1100837
1100839
1100851
1100857
1100887
1100893
1100899
1100909
1100921
1100933
1100947
1100977
1101071
1101091
1101097
1101103
1101109
1101127
1101143
1101169
1101179
1101193
1101211
1101229
1101253
1101283
1101299
1101307
1101319
1101323
1101341
1101349
1101371
1101377
1101389
1101403
1101407
1101409
1101421
1101431
1101433
1101439
1101467
1101473
1101509
1101511
1101517
1101521
1101533
1101559
1101571
1101577
1101587
1101593
1101613
1101619
1101641
1101649
1101671
1101673
1101689
1101691
1101697
1101733
1101743
1101761
1101767
1101773
1101781
1101803
1101811
1101839
1101851
1101871
1101883
1101901
1101917
1101929
1101931
1101937
1101941
1101959
1101967
1102001
1102007
1102021
1102027
1102063
1102069
1102111
1102117
1102147
1102151
1102159
1102163
1102169
1102181
1102187
1102201
1102237
1102243
1102249
1102253
1102259
1102271
1102279
1102301
1102307
1102313
1102333
1102337
1102393
1102397
1102411
1102427
1102429
1102441
1102447
1102457
1102463
1102481
1102483
1102523
1102537
1102547
1102553
1102567
1102571
1102583
1102663
1102669
1102679
1102681
1102691
1102693
1102709
1102721
1102727
1102729
1102733
1102747
1102757
1102813
1102823
1102831
1102847
1102853
1102861
1102879
1102883
1102891
1102901
1102903
1102921
1102939
1102951
1102963
1102967
1102979
1102991
1102999
1103009
1103017
1103029
1103041
1103059
1103087
1103101
1103107
1103111
1103119
1103129
1103143
1103171
1103183
1103191
1103203
1103213
1103237
1103257
1103279
1103281
1103293
1103309
1103339
1103341
1103353
1103371
1103437
1103449
1103461
1103467
1103483
1103489
1103497
1103519
1103533
1103549
1103561
1103579
1103581
1103587
1103591
1103603
1103611
1103617
1103621
1103629
1103633
1103639
1103699
1103723
1103737
1103749
1103779
1103797
1103803
1103849
1103857
1103863
1103873
1103899
1103903
1103911
1103923
1103933
1103981
1103987
1103989
1104017
1104041
1104079
1104097
1104101
1104107
1104113
1104119
1104137
1104139
1104157
1104179
1104193
1104203
1104209
1104217
1104221
1104241
1104247
1104289
1104293
1104307
1104319
1104331
1104343
1104353
1104373
1104377
1104379
1104403
1104409
1104427
1104431
1104449
1104479
1104491
1104511
1104517
1104533
1104557
1104559
1104589
1104599
1104613
1104619
1104659
1104661
1104671
1104683
1104703
1104707
1104731
1104737
1104739
1104743
1104749
1104751
1104767
1104769
1104781
1104787
1104791
1104797
1104811
1104821
1104823
1104833
1104853
1104877
1104889
1104899
1104913
1104919
1104937
1104941
1104947
1104959
1105009
1105019
1105033
1105061
1105063
1105067
1105109
1105141
1105157
1105163
1105171
1105177
1105193
1105201
1105207
1105213
1105217
1105231
1105261
1105267
1105271
1105309
1105327
1105333
1105337
1105339
1105343
1105387
1105397
1105427
1105441
1105457
1105463
1105501
1105513
1105519
1105537
1105547
1105549
1105571
1105579
1105583
1105589
1105603
1105607
1105609
1105613
1105619
1105627
1105639
1105649
1105651
1105661
1105669
1105691
1105693
1105711
1105757
1105759
1105787
1105807
1105813
1105823
1105847
1105861
1105873
1105879
1105883
1105891
1105913
1105919
1105943
1105961
1105963
1105997
1105999
1106029
1106069
1106087
1106099
1106101
1106129
1106137
1106159
1106167
1106177
1106179
1106197
1106201
1106213
1106219
1106233
1106243
1106249
1106257
1106267
1106279
1106293
1106311
1106317
1106363
1106381
1106401
1106407
1106419
1106423
1106429
1106447
1106449
1106471
1106477
1106489
1106491
1106509
1106527
1106531
1106543
1106563
1106569
1106593
1106621
1106627
1106629
1106653
1106671
1106687
1106689
1106741
1106747
1106761
1106767
1106771
1106779
1106789
1106801
1106821
1106827
1106837
1106839
1106851
1106881
1106891
1106909
1106923
1106927
1106939
1106953
1106957
1106977
1106993
1106999
1107019
1107031
1107047
1107049
1107053
1107083
1107101
1107107
1107109
1107157
1107167
1107173
1107199
1107203
1107217
1107269
1107317
1107319
1107341
1107347
1107383
1107389
1107401
1107409
1107419
1107433
1107439
1107467
1107479
1107487
1107497
1107503
1107511
1107523
1107527
1107553
1107569
1107571
1107581
1107583
1107593
1107619
1107677
1107679
1107721
1107727
1107751
1107763
1107773
1107781
1107787
1107791
1107793
1107797
1107803
1107811
1107823
1107851
1107853
1107881
1107893
1107913
1107917
1107923
1107929
1107937
1107989
1108001
1108007
1108021
1108049
1108057
1108069
1108073
1108091
1108103
1108123
1108127
1108147
1108169
1108171
1108181
1108201
1108207
1108223
1108229
1108241
1108253
1108259
1108267
1108313
1108321
1108337
1108357
1108361
1108363
1108369
1108397
1108423
1108427
1108447
1108453
1108463
1108469
1108477
1108487
1108489
1108501
1108507
1108537
1108543
1108559
1108561
1108567
1108571
1108573
1108579
1108603
1108609
1108619
1108633
1108663
1108691
1108693
1108697
1108703
1108711
1108717
1108727
1108729
1108733
1108739
1108747
1108753
1108759
1108771
1108781
There are 920 prime numbers in S175.
