S177(1121473~1134216)
1121509
1121539
1121543
1121557
1121599
1121621
1121629
1121651
1121671
1121689
1121693
1121699
1121707
1121723
1121737
1121819
1121831
1121833
1121837
1121839
1121867
1121899
1121933
1121941
1121947
1121987
1121993
1122001
1122029
1122041
1122053
1122071
1122089
1122091
1122103
1122113
1122131
1122133
1122137
1122139
1122157
1122179
1122181
1122227
1122241
1122259
1122263
1122269
1122281
1122283
1122287
1122367
1122371
1122389
1122397
1122419
1122427
1122431
1122437
1122449
1122467
1122481
1122491
1122529
1122533
1122551
1122571
1122587
1122599
1122623
1122643
1122647
1122659
1122679
1122683
1122701
1122721
1122739
1122749
1122757
1122761
1122811
1122841
1122857
1122887
1122899
1122923
1122937
1122941
1122983
1122997
1123051
1123079
1123081
1123093
1123127
1123151
1123181
1123189
1123211
1123217
1123219
1123231
1123247
1123267
1123279
1123303
1123307
1123319
1123327
1123349
1123351
1123361
1123379
1123391
1123399
1123403
1123427
1123429
1123439
1123477
1123483
1123487
1123501
1123511
1123517
1123531
1123541
1123553
1123561
1123567
1123589
1123597
1123601
1123621
1123631
1123637
1123651
1123667
1123669
1123691
1123693
1123699
1123709
1123729
1123739
1123741
1123747
1123777
1123807
1123841
1123867
1123873
1123879
1123883
1123897
1123901
1123909
1123919
1123931
1123943
1123951
1123961
1123973
1123979
1123999
1124027
1124041
1124051
1124083
1124087
1124107
1124113
1124119
1124131
1124141
1124147
1124197
1124203
1124209
1124219
1124239
1124251
1124267
1124269
1124293
1124297
1124303
1124317
1124351
1124353
1124369
1124377
1124423
1124429
1124437
1124441
1124443
1124449
1124509
1124531
1124551
1124561
1124581
1124593
1124597
1124603
1124639
1124647
1124653
1124659
1124681
1124687
1124699
1124719
1124741
1124749
1124759
1124789
1124797
1124803
1124807
1124813
1124831
1124833
1124867
1124869
1124951
1124957
1124969
1124983
1124987
1124993
1125001
1125013
1125017
1125029
1125053
1125097
1125109
1125121
1125127
1125139
1125143
1125151
1125167
1125169
1125193
1125203
1125209
1125217
1125221
1125253
1125259
1125283
1125317
1125323
1125329
1125343
1125359
1125361
1125379
1125391
1125401
1125407
1125419
1125431
1125433
1125469
1125473
1125479
1125499
1125529
1125539
1125557
1125559
1125569
1125571
1125581
1125599
1125629
1125647
1125653
1125679
1125701
1125713
1125739
1125763
1125767
1125793
1125797
1125811
1125823
1125833
1125857
1125871
1125899
1125907
1125911
1125913
1125923
1125931
1125941
1125953
1125973
1125991
1126031
1126033
1126043
1126067
1126093
1126159
1126189
1126201
1126211
1126219
1126247
1126253
1126259
1126283
1126313
1126319
1126343
1126351
1126357
1126361
1126381
1126387
1126397
1126399
1126421
1126439
1126441
1126457
1126459
1126483
1126501
1126513
1126519
1126523
1126537
1126553
1126561
1126577
1126579
1126597
1126627
1126649
1126661
1126663
1126667
1126669
1126693
1126703
1126711
1126751
1126759
1126771
1126781
1126787
1126823
1126831
1126837
1126843
1126847
1126859
1126861
1126889
1126897
1126963
1126973
1126991
1126999
1127011
1127029
1127033
1127039
1127051
1127081
1127101
1127111
1127123
1127149
1127153
1127167
1127177
1127183
1127197
1127209
1127221
1127227
1127239
1127249
1127263
1127281
1127297
1127303
1127309
1127311
1127323
1127333
1127351
1127359
1127369
1127381
1127383
1127393
1127407
1127411
1127443
1127447
1127453
1127461
1127507
1127513
1127527
1127531
1127537
1127557
1127561
1127573
1127587
1127603
1127617
1127629
1127641
1127657
1127663
1127683
1127701
1127741
1127767
1127773
1127801
1127803
1127809
1127813
1127837
1127849
1127857
1127881
1127891
1127911
1127947
1127957
1127969
1127981
1127983
1127993
1128031
1128037
1128089
1128091
1128107
1128109
1128143
1128151
1128161
1128181
1128209
1128223
1128227
1128233
1128247
1128251
1128287
1128289
1128293
1128299
1128301
1128313
1128349
1128371
1128373
1128383
1128397
1128427
1128433
1128451
1128497
1128499
1128503
1128509
1128521
1128527
1128539
1128553
1128557
1128577
1128583
1128599
1128601
1128623
1128629
1128637
1128641
1128643
1128661
1128667
1128691
1128697
1128703
1128713
1128719
1128727
1128731
1128737
1128761
1128763
1128769
1128773
1128779
1128781
1128811
1128821
1128823
1128889
1128899
1128901
1128917
1128931
1128937
1128943
1128947
1128949
1128977
1128979
1128997
1129013
1129019
1129033
1129043
1129103
1129109
1129111
1129127
1129133
1129153
1129159
1129169
1129187
1129211
1129213
1129217
1129229
1129253
1129283
1129307
1129313
1129333
1129343
1129367
1129391
1129399
1129409
1129433
1129439
1129441
1129459
1129477
1129487
1129489
1129501
1129511
1129519
1129523
1129559
1129561
1129571
1129577
1129603
1129619
1129643
1129663
1129679
1129693
1129699
1129717
1129729
1129741
1129747
1129757
1129763
1129787
1129789
1129819
1129831
1129841
1129847
1129853
1129859
1129861
1129889
1129897
1129951
1129957
1129963
1129991
1130011
1130023
1130039
1130047
1130053
1130057
1130081
1130099
1130117
1130123
1130131
1130191
1130237
1130251
1130257
1130267
1130273
1130281
1130287
1130293
1130299
1130317
1130321
1130351
1130359
1130369
1130407
1130413
1130417
1130429
1130431
1130447
1130471
1130497
1130501
1130527
1130561
1130579
1130581
1130587
1130621
1130627
1130629
1130639
1130641
1130651
1130677
1130693
1130699
1130711
1130719
1130737
1130741
1130777
1130783
1130803
1130807
1130809
1130813
1130819
1130827
1130863
1130929
1130939
1130947
1130951
1130953
1130957
1130963
1130981
1131023
1131047
1131049
1131077
1131079
1131083
1131103
1131113
1131121
1131131
1131133
1131139
1131157
1131181
1131191
1131217
1131223
1131239
1131253
1131259
1131269
1131271
1131307
1131323
1131329
1131331
1131341
1131343
1131353
1131379
1131397
1131413
1131419
1131421
1131437
1131451
1131463
1131467
1131479
1131491
1131509
1131523
1131547
1131553
1131569
1131617
1131629
1131643
1131653
1131671
1131677
1131701
1131721
1131727
1131737
1131749
1131751
1131763
1131769
1131787
1131799
1131821
1131827
1131829
1131839
1131857
1131863
1131869
1131881
1131883
1131913
1131917
1131919
1131937
1131943
1131959
1131961
1131973
1131997
1132003
1132009
1132063
1132067
1132091
1132123
1132139
1132141
1132177
1132199
1132223
1132249
1132259
1132291
1132301
1132309
1132321
1132333
1132393
1132403
1132409
1132423
1132429
1132447
1132463
1132471
1132477
1132487
1132499
1132507
1132511
1132519
1132529
1132541
1132561
1132567
1132583
1132597
1132601
1132603
1132627
1132633
1132639
1132643
1132661
1132667
1132673
1132679
1132697
1132721
1132739
1132753
1132783
1132787
1132793
1132811
1132823
1132861
1132877
1132883
1132909
1132919
1132927
1132933
1132949
1132969
1132979
1132987
1132991
1132993
1132997
1133009
1133017
1133039
1133047
1133053
1133071
1133131
1133147
1133149
1133159
1133173
1133177
1133183
1133189
1133191
1133219
1133227
1133239
1133257
1133261
1133263
1133287
1133303
1133317
1133333
1133357
1133359
1133381
1133387
1133459
1133467
1133477
1133479
1133501
1133507
1133513
1133519
1133533
1133537
1133551
1133579
1133591
1133621
1133623
1133633
1133641
1133651
1133653
1133659
1133677
1133681
1133683
1133689
1133731
1133777
1133789
1133809
1133819
1133827
1133837
1133843
1133851
1133857
1133861
1133893
1133897
1133903
1133911
1133933
1133947
1133959
1133963
1133971
1133989
1134031
1134037
1134043
1134047
1134059
1134071
1134079
1134113
1134137
1134143
1134149
1134151
1134163
1134169
1134179
1134187
1134193
There are 909 prime numbers in S177.
