S178(1134217~1147032)
1134239
1134241
1134247
1134271
1134283
1134299
1134311
1134313
1134389
1134391
1134403
1134421
1134437
1134443
1134449
1134467
1134479
1134481
1134487
1134503
1134517
1134541
1134557
1134559
1134583
1134587
1134607
1134611
1134619
1134649
1134667
1134673
1134691
1134697
1134703
1134709
1134719
1134769
1134781
1134787
1134811
1134821
1134841
1134863
1134871
1134877
1134883
1134907
1134923
1134929
1134961
1134967
1134977
1134989
1135007
1135009
1135019
1135021
1135061
1135063
1135081
1135087
1135091
1135093
1135103
1135111
1135129
1135133
1135159
1135171
1135187
1135201
1135217
1135229
1135237
1135241
1135247
1135261
1135279
1135283
1135291
1135327
1135333
1135339
1135363
1135367
1135403
1135411
1135427
1135429
1135439
1135451
1135469
1135483
1135513
1135531
1135597
1135613
1135619
1135633
1135643
1135657
1135663
1135699
1135703
1135711
1135721
1135733
1135751
1135777
1135819
1135831
1135837
1135847
1135853
1135859
1135861
1135873
1135879
1135891
1135903
1135913
1135919
1135921
1135951
1135963
1135969
1135997
1135999
1136041
1136053
1136063
1136077
1136081
1136087
1136089
1136111
1136117
1136123
1136129
1136147
1136153
1136183
1136203
1136221
1136227
1136231
1136237
1136287
1136299
1136309
1136327
1136329
1136339
1136357
1136363
1136383
1136389
1136393
1136411
1136417
1136449
1136459
1136461
1136477
1136483
1136557
1136567
1136579
1136587
1136593
1136609
1136617
1136623
1136627
1136633
1136647
1136651
1136659
1136669
1136699
1136717
1136719
1136741
1136749
1136767
1136809
1136813
1136819
1136831
1136833
1136843
1136869
1136897
1136917
1136921
1136939
1136951
1136969
1136981
1136983
1136999
1137001
1137007
1137029
1137067
1137091
1137109
1137137
1137139
1137161
1137163
1137167
1137179
1137203
1137209
1137229
1137233
1137247
1137263
1137271
1137289
1137313
1137329
1137337
1137341
1137403
1137407
1137427
1137439
1137457
1137481
1137503
1137527
1137529
1137547
1137551
1137553
1137569
1137611
1137613
1137629
1137659
1137667
1137673
1137677
1137707
1137733
1137743
1137749
1137767
1137781
1137803
1137809
1137811
1137817
1137859
1137863
1137869
1137881
1137883
1137887
1137889
1137911
1137919
1137937
1137953
1137959
1137973
1137977
1137991
1138019
1138057
1138061
1138091
1138097
1138117
1138127
1138141
1138147
1138171
1138183
1138213
1138237
1138273
1138363
1138367
1138369
1138391
1138393
1138409
1138411
1138427
1138429
1138433
1138441
1138451
1138457
1138483
1138519
1138547
1138559
1138567
1138589
1138591
1138637
1138639
1138649
1138667
1138673
1138679
1138681
1138703
1138717
1138729
1138733
1138741
1138751
1138757
1138771
1138777
1138793
1138829
1138831
1138849
1138853
1138867
1138883
1138901
1138919
1138957
1138961
1138967
1138979
1138987
1138997
1138999
1139003
1139011
1139041
1139059
1139081
1139087
1139123
1139141
1139143
1139147
1139191
1139197
1139227
1139239
1139249
1139263
1139269
1139273
1139287
1139291
1139293
1139309
1139321
1139329
1139353
1139387
1139393
1139407
1139423
1139461
1139471
1139473
1139483
1139491
1139503
1139519
1139521
1139531
1139539
1139549
1139557
1139573
1139587
1139623
1139669
1139681
1139683
1139687
1139713
1139717
1139741
1139771
1139773
1139779
1139807
1139819
1139843
1139849
1139851
1139861
1139863
1139869
1139909
1139911
1139917
1139921
1139951
1139959
1139989
1139993
1140091
1140101
1140103
1140121
1140127
1140131
1140137
1140143
1140157
1140163
1140197
1140203
1140233
1140239
1140253
1140257
1140281
1140289
1140311
1140319
1140341
1140353
1140371
1140379
1140383
1140389
1140413
1140421
1140431
1140439
1140449
1140463
1140487
1140493
1140533
1140539
1140563
1140569
1140571
1140577
1140611
1140619
1140637
1140677
1140679
1140691
1140697
1140709
1140721
1140749
1140787
1140803
1140847
1140851
1140859
1140863
1140871
1140901
1140911
1140913
1140929
1140949
1140959
1140967
1140973
1140983
1140991
1141009
1141013
1141027
1141031
1141033
1141039
1141061
1141067
1141081
1141087
1141093
1141097
1141103
1141109
1141123
1141139
1141171
1141219
1141223
1141229
1141241
1141243
1141253
1141267
1141271
1141277
1141279
1141289
1141291
1141303
1141319
1141321
1141351
1141373
1141379
1141381
1141391
1141417
1141423
1141447
1141453
1141477
1141507
1141523
1141529
1141531
1141541
1141571
1141573
1141597
1141631
1141633
1141649
1141661
1141667
1141717
1141739
1141757
1141769
1141801
1141813
1141837
1141849
1141853
1141867
1141871
1141901
1141909
1141949
1141963
1141967
1141969
1141999
1142003
1142017
1142021
1142039
1142041
1142059
1142069
1142083
1142129
1142131
1142159
1142161
1142171
1142191
1142201
1142233
1142237
1142243
1142263
1142269
1142279
1142287
1142311
1142321
1142333
1142353
1142357
1142359
1142363
1142389
1142423
1142431
1142473
1142483
1142503
1142507
1142509
1142539
1142549
1142569
1142573
1142593
1142599
1142633
1142651
1142677
1142693
1142707
1142737
1142759
1142773
1142777
1142783
1142789
1142809
1142821
1142833
1142837
1142851
1142863
1142881
1142891
1142909
1142917
1142923
1142929
1142941
1142959
1142969
1142971
1143013
1143019
1143047
1143049
1143053
1143061
1143067
1143071
1143073
1143089
1143091
1143101
1143113
1143143
1143161
1143167
1143193
1143217
1143223
1143227
1143239
1143257
1143269
1143281
1143283
1143299
1143341
1143347
1143371
1143391
1143407
1143433
1143469
1143473
1143481
1143487
1143529
1143551
1143563
1143577
1143587
1143589
1143601
1143619
1143643
1143647
1143661
1143679
1143697
1143719
1143749
1143763
1143799
1143803
1143809
1143817
1143829
1143851
1143887
1143893
1143943
1143949
1143953
1143959
1143977
1144001
1144007
1144019
1144037
1144061
1144081
1144103
1144139
1144141
1144147
1144153
1144163
1144183
1144193
1144211
1144223
1144243
1144249
1144261
1144271
1144277
1144279
1144291
1144301
1144327
1144333
1144343
1144349
1144357
1144379
1144393
1144399
1144417
1144439
1144441
1144453
1144477
1144483
1144499
1144511
1144519
1144523
1144529
1144537
1144573
1144589
1144603
1144607
1144621
1144643
1144657
1144667
1144681
1144691
1144721
1144723
1144727
1144739
1144757
1144783
1144823
1144837
1144867
1144877
1144879
1144889
1144901
1144903
1144907
1144919
1144931
1144939
1144951
1144973
1144981
1144993
1145003
1145021
1145057
1145059
1145077
1145093
1145099
1145107
1145129
1145141
1145143
1145173
1145189
1145191
1145203
1145213
1145227
1145269
1145281
1145293
1145299
1145303
1145311
1145323
1145327
1145329
1145359
1145369
1145371
1145381
1145387
1145393
1145411
1145429
1145461
1145479
1145497
1145509
1145533
1145537
1145539
1145593
1145611
1145621
1145623
1145659
1145689
1145693
1145713
1145723
1145741
1145743
1145747
1145773
1145789
1145797
1145801
1145803
1145831
1145843
1145849
1145873
1145897
1145899
1145971
1145983
1145999
1146037
1146043
1146049
1146071
1146083
1146091
1146097
1146133
1146143
1146179
1146217
1146221
1146263
1146281
1146307
1146323
1146329
1146331
1146347
1146367
1146391
1146407
1146413
1146419
1146421
1146461
1146487
1146491
1146511
1146521
1146529
1146533
1146539
1146559
1146569
1146581
1146661
1146671
1146679
1146697
1146703
1146709
1146713
1146727
1146731
1146763
1146773
1146779
1146781
1146787
1146791
1146793
1146797
1146799
1146809
1146823
1146829
1146833
1146841
1146857
1146869
1146877
1146881
1146911
1146917
1146931
1146947
1146953
1146967
1146989
1147009
1147021
There are 897 prime numbers in S178.
