S179(1147033~1159920)
1147039
1147043
1147051
1147067
1147073
1147099
1147103
1147117
1147127
1147141
1147169
1147183
1147187
1147189
1147193
1147213
1147229
1147231
1147243
1147247
1147249
1147253
1147271
1147273
1147297
1147301
1147331
1147339
1147351
1147379
1147387
1147409
1147417
1147423
1147427
1147441
1147451
1147453
1147459
1147463
1147499
1147507
1147511
1147561
1147567
1147571
1147579
1147583
1147591
1147613
1147621
1147637
1147639
1147669
1147697
1147709
1147711
1147717
1147739
1147759
1147793
1147819
1147841
1147843
1147889
1147897
1147903
1147921
1147931
1147969
1147981
1147987
1147997
1148029
1148039
1148047
1148087
1148089
1148099
1148111
1148167
1148171
1148177
1148219
1148249
1148261
1148263
1148291
1148293
1148297
1148311
1148327
1148339
1148359
1148377
1148387
1148437
1148453
1148489
1148501
1148507
1148513
1148527
1148549
1148561
1148593
1148599
1148621
1148629
1148647
1148663
1148677
1148681
1148687
1148701
1148713
1148729
1148731
1148737
1148747
1148753
1148761
1148773
1148837
1148839
1148857
1148867
1148879
1148921
1148933
1148941
1148957
1148963
1148971
1148977
1148981
1148989
1148999
1149007
1149017
1149037
1149053
1149059
1149061
1149131
1149151
1149157
1149163
1149167
1149191
1149193
1149209
1149221
1149227
1149229
1149233
1149259
1149283
1149307
1149341
1149349
1149361
1149373
1149403
1149409
1149413
1149427
1149457
1149469
1149487
1149493
1149503
1149509
1149521
1149527
1149539
1149559
1149569
1149581
1149587
1149593
1149601
1149607
1149619
1149637
1149641
1149661
1149679
1149689
1149737
1149749
1149769
1149773
1149779
1149803
1149817
1149857
1149859
1149881
1149887
1149901
1149913
1149917
1149919
1149943
1149971
1149979
1149983
1149989
1149991
1150027
1150031
1150057
1150063
1150073
1150081
1150103
1150117
1150139
1150141
1150151
1150159
1150183
1150187
1150199
1150211
1150213
1150217
1150229
1150243
1150249
1150301
1150309
1150349
1150351
1150363
1150397
1150403
1150411
1150417
1150421
1150423
1150447
1150489
1150511
1150519
1150531
1150537
1150547
1150561
1150579
1150603
1150609
1150631
1150649
1150651
1150657
1150661
1150673
1150687
1150703
1150717
1150729
1150733
1150739
1150741
1150757
1150763
1150769
1150777
1150783
1150823
1150837
1150847
1150861
1150867
1150871
1150873
1150879
1150909
1150921
1150927
1150939
1150949
1150957
1150973
1150987
1151021
1151041
1151047
1151057
1151063
1151069
1151083
1151089
1151113
1151141
1151147
1151159
1151167
1151177
1151179
1151203
1151209
1151221
1151233
1151237
1151243
1151251
1151287
1151303
1151317
1151327
1151333
1151363
1151369
1151383
1151389
1151399
1151401
1151413
1151417
1151431
1151441
1151443
1151471
1151473
1151483
1151519
1151537
1151569
1151581
1151593
1151599
1151603
1151611
1151629
1151639
1151651
1151653
1151659
1151671
1151687
1151701
1151713
1151729
1151737
1151747
1151753
1151779
1151807
1151861
1151873
1151879
1151881
1151911
1151933
1151963
1151981
1151987
1151993
1151999
1152023
1152029
1152037
1152071
1152077
1152079
1152091
1152113
1152119
1152121
1152149
1152157
1152161
1152163
1152181
1152187
1152227
1152233
1152287
1152313
1152317
1152337
1152343
1152367
1152383
1152391
1152397
1152419
1152421
1152493
1152509
1152517
1152523
1152527
1152589
1152623
1152629
1152631
1152637
1152643
1152649
1152653
1152667
1152677
1152707
1152733
1152751
1152757
1152761
1152763
1152773
1152791
1152793
1152799
1152841
1152857
1152881
1152887
1152913
1152917
1152937
1152941
1152979
1152989
1152997
1153001
1153007
1153021
1153027
1153049
1153057
1153063
1153073
1153099
1153109
1153123
1153147
1153153
1153157
1153171
1153177
1153183
1153199
1153211
1153219
1153223
1153237
1153241
1153247
1153249
1153261
1153267
1153277
1153309
1153337
1153343
1153349
1153367
1153393
1153421
1153429
1153441
1153457
1153459
1153463
1153483
1153487
1153511
1153517
1153531
1153553
1153573
1153577
1153589
1153597
1153609
1153613
1153639
1153643
1153681
1153687
1153721
1153729
1153751
1153753
1153759
1153769
1153777
1153799
1153811
1153849
1153853
1153871
1153891
1153921
1153967
1153973
1154017
1154029
1154033
1154039
1154047
1154051
1154119
1154123
1154129
1154159
1154173
1154177
1154183
1154207
1154221
1154227
1154233
1154239
1154243
1154267
1154291
1154297
1154299
1154311
1154323
1154327
1154339
1154353
1154359
1154369
1154401
1154411
1154431
1154449
1154467
1154473
1154509
1154513
1154537
1154539
1154551
1154561
1154563
1154567
1154579
1154581
1154603
1154633
1154639
1154651
1154653
1154707
1154723
1154737
1154753
1154771
1154789
1154819
1154821
1154849
1154863
1154887
1154893
1154897
1154911
1154927
1154947
1154969
1154971
1154987
1155001
1155017
1155019
1155053
1155061
1155071
1155097
1155101
1155107
1155127
1155149
1155151
1155169
1155179
1155211
1155223
1155233
1155239
1155247
1155263
1155293
1155311
1155317
1155373
1155377
1155379
1155403
1155419
1155431
1155437
1155449
1155457
1155461
1155499
1155527
1155529
1155569
1155577
1155601
1155607
1155611
1155613
1155617
1155619
1155629
1155631
1155653
1155659
1155689
1155697
1155701
1155703
1155709
1155733
1155821
1155823
1155829
1155841
1155851
1155859
1155863
1155899
1155901
1155907
1155919
1155923
1155929
1155937
1155943
1155953
1155961
1155967
1155971
1155977
1155997
1156009
1156013
1156019
1156031
1156033
1156037
1156039
1156073
1156079
1156087
1156097
1156109
1156121
1156151
1156157
1156171
1156217
1156229
1156231
1156249
1156261
1156271
1156291
1156297
1156303
1156307
1156327
1156333
1156343
1156367
1156369
1156387
1156403
1156423
1156427
1156429
1156451
1156453
1156457
1156483
1156501
1156523
1156537
1156541
1156553
1156567
1156591
1156613
1156627
1156633
1156637
1156643
1156681
1156699
1156709
1156711
1156721
1156741
1156747
1156751
1156769
1156783
1156801
1156807
1156819
1156823
1156847
1156849
1156873
1156907
1156927
1156949
1156963
1156997
1157011
1157017
1157033
1157053
1157059
1157063
1157069
1157077
1157099
1157111
1157131
1157159
1157171
1157179
1157183
1157201
1157203
1157209
1157213
1157227
1157237
1157243
1157251
1157257
1157263
1157279
1157293
1157327
1157333
1157339
1157341
1157357
1157363
1157369
1157381
1157393
1157413
1157437
1157449
1157489
1157491
1157503
1157531
1157539
1157557
1157579
1157591
1157609
1157621
1157627
1157641
1157669
1157671
1157699
1157701
1157711
1157713
1157729
1157747
1157749
1157759
1157771
1157773
1157791
1157831
1157833
1157837
1157839
1157851
1157869
1157873
1157899
1157929
1157953
1157969
1157977
1157987
1158007
1158011
1158037
1158071
1158077
1158089
1158121
1158133
1158139
1158161
1158187
1158197
1158203
1158217
1158247
1158251
1158263
1158271
1158293
1158301
1158307
1158317
1158323
1158341
1158361
1158383
1158389
1158401
1158407
1158419
1158427
1158457
1158461
1158467
1158473
1158481
1158491
1158523
1158529
1158539
1158541
1158551
1158569
1158587
1158593
1158607
1158611
1158613
1158617
1158629
1158643
1158653
1158673
1158679
1158683
1158713
1158719
1158743
1158757
1158761
1158769
1158799
1158821
1158823
1158827
1158841
1158847
1158863
1158881
1158887
1158923
1158953
1158961
1158977
1158991
1159001
1159007
1159027
1159031
1159049
1159063
1159073
1159079
1159087
1159091
1159127
1159139
1159153
1159187
1159189
1159199
1159201
1159229
1159231
1159241
1159243
1159259
1159271
1159283
1159303
1159337
1159339
1159381
1159393
1159397
1159421
1159423
1159429
1159447
1159463
1159489
1159517
1159523
1159531
1159541
1159577
1159583
1159597
1159601
1159633
1159649
1159661
1159663
1159709
1159721
1159777
1159787
1159789
1159811
1159813
1159843
1159853
1159861
1159877
1159889
1159901
1159909
1159919
There are 933 prime numbers in S179.
