S181(1172881~1185912)
1172893
1172903
1172921
1172929
1172933
1172939
1172953
1172957
1172959
1172981
1172993
1173001
1173013
1173043
1173059
1173101
1173121
1173127
1173157
1173163
1173173
1173181
1173191
1173199
1173223
1173239
1173259
1173281
1173283
1173301
1173343
1173349
1173373
1173397
1173401
1173407
1173433
1173439
1173463
1173481
1173511
1173521
1173539
1173541
1173551
1173553
1173581
1173583
1173587
1173589
1173593
1173617
1173631
1173709
1173743
1173749
1173779
1173787
1173803
1173811
1173827
1173829
1173841
1173853
1173881
1173883
1173917
1173937
1173941
1173947
1173959
1173961
1173979
1173983
1174021
1174027
1174031
1174049
1174073
1174079
1174091
1174093
1174099
1174141
1174163
1174171
1174193
1174211
1174213
1174231
1174237
1174247
1174259
1174267
1174273
1174301
1174307
1174319
1174331
1174337
1174339
1174361
1174387
1174399
1174423
1174441
1174451
1174463
1174469
1174477
1174487
1174489
1174499
1174507
1174519
1174531
1174549
1174571
1174583
1174601
1174603
1174619
1174627
1174669
1174673
1174681
1174687
1174709
1174721
1174727
1174739
1174759
1174763
1174769
1174781
1174783
1174793
1174801
1174829
1174847
1174879
1174883
1174891
1174897
1174913
1174919
1174949
1174951
1174969
1174973
1175003
1175021
1175029
1175039
1175071
1175077
1175099
1175107
1175123
1175143
1175149
1175173
1175191
1175219
1175243
1175249
1175257
1175267
1175297
1175351
1175353
1175371
1175387
1175389
1175407
1175411
1175413
1175417
1175437
1175467
1175479
1175483
1175497
1175509
1175521
1175561
1175569
1175579
1175591
1175617
1175623
1175627
1175651
1175659
1175677
1175683
1175687
1175711
1175717
1175723
1175729
1175743
1175767
1175789
1175791
1175803
1175807
1175813
1175819
1175821
1175833
1175849
1175857
1175887
1175899
1175927
1175939
1175953
1175959
1175963
1175969
1175981
1175989
1176023
1176029
1176031
1176041
1176061
1176083
1176089
1176113
1176121
1176127
1176137
1176163
1176173
1176187
1176191
1176221
1176223
1176239
1176277
1176293
1176323
1176353
1176361
1176367
1176377
1176391
1176397
1176403
1176407
1176421
1176433
1176449
1176463
1176509
1176521
1176529
1176533
1176557
1176583
1176589
1176599
1176601
1176607
1176631
1176641
1176647
1176671
1176673
1176701
1176709
1176713
1176737
1176767
1176779
1176787
1176793
1176797
1176811
1176827
1176869
1176871
1176881
1176899
1176911
1176937
1176943
1176947
1176949
1176983
1177009
1177019
1177027
1177037
1177067
1177073
1177087
1177093
1177103
1177129
1177147
1177153
1177157
1177159
1177171
1177181
1177201
1177207
1177219
1177223
1177237
1177243
1177247
1177277
1177291
1177331
1177387
1177399
1177427
1177433
1177447
1177453
1177459
1177481
1177489
1177499
1177507
1177513
1177529
1177541
1177543
1177549
1177571
1177609
1177613
1177619
1177621
1177637
1177651
1177667
1177681
1177697
1177711
1177717
1177723
1177733
1177739
1177741
1177751
1177763
1177769
1177801
1177843
1177859
1177873
1177877
1177901
1177919
1177921
1177933
1177949
1177987
1177997
1178003
1178017
1178033
1178039
1178041
1178059
1178069
1178087
1178101
1178113
1178123
1178131
1178141
1178159
1178161
1178167
1178173
1178189
1178197
1178201
1178207
1178213
1178227
1178231
1178237
1178239
1178263
1178269
1178273
1178297
1178347
1178363
1178369
1178371
1178377
1178393
1178417
1178447
1178461
1178479
1178483
1178521
1178533
1178537
1178549
1178557
1178591
1178609
1178621
1178623
1178633
1178641
1178659
1178669
1178689
1178699
1178701
1178707
1178711
1178717
1178719
1178743
1178753
1178767
1178803
1178809
1178833
1178843
1178851
1178887
1178897
1178909
1178921
1178927
1178939
1178953
1178959
1178963
1178971
1178977
1178981
1178993
1179011
1179019
1179047
1179109
1179127
1179149
1179151
1179173
1179179
1179193
1179203
1179223
1179251
1179253
1179259
1179263
1179281
1179287
1179289
1179293
1179317
1179319
1179323
1179329
1179331
1179337
1179379
1179383
1179389
1179403
1179413
1179419
1179421
1179427
1179467
1179491
1179499
1179527
1179547
1179551
1179553
1179569
1179571
1179583
1179589
1179599
1179637
1179641
1179649
1179677
1179733
1179751
1179757
1179779
1179793
1179797
1179839
1179847
1179853
1179859
1179863
1179869
1179883
1179901
1179907
1179929
1179947
1179961
1179973
1179977
1179979
1179989
1179991
1180009
1180013
1180019
1180027
1180031
1180043
1180057
1180073
1180087
1180093
1180099
1180111
1180117
1180121
1180133
1180141
1180159
1180171
1180219
1180237
1180241
1180243
1180247
1180253
1180279
1180303
1180313
1180351
1180369
1180373
1180381
1180391
1180397
1180409
1180423
1180427
1180447
1180477
1180493
1180507
1180519
1180537
1180547
1180549
1180577
1180591
1180631
1180637
1180643
1180657
1180661
1180691
1180693
1180709
1180721
1180723
1180727
1180733
1180757
1180771
1180799
1180807
1180811
1180819
1180847
1180849
1180853
1180859
1180873
1180877
1180891
1180897
1180901
1180903
1180913
1180931
1180937
1180951
1180957
1180961
1180979
1180987
1180997
1181017
1181023
1181039
1181051
1181053
1181057
1181093
1181099
1181137
1181149
1181153
1181171
1181183
1181197
1181203
1181209
1181237
1181263
1181267
1181269
1181281
1181293
1181309
1181311
1181321
1181329
1181407
1181413
1181437
1181443
1181461
1181471
1181473
1181501
1181507
1181519
1181527
1181549
1181561
1181563
1181573
1181581
1181611
1181617
1181633
1181647
1181681
1181699
1181701
1181723
1181729
1181731
1181759
1181767
1181771
1181773
1181777
1181839
1181879
1181881
1181893
1181897
1181911
1181923
1181927
1181963
1181969
1181981
1181987
1182007
1182019
1182023
1182031
1182043
1182073
1182121
1182133
1182143
1182157
1182211
1182253
1182277
1182281
1182283
1182287
1182289
1182331
1182341
1182343
1182347
1182353
1182383
1182397
1182403
1182413
1182421
1182431
1182437
1182439
1182449
1182451
1182463
1182479
1182487
1182491
1182509
1182521
1182539
1182547
1182581
1182593
1182611
1182659
1182677
1182679
1182689
1182691
1182697
1182703
1182737
1182739
1182757
1182763
1182767
1182781
1182787
1182791
1182817
1182847
1182869
1182889
1182893
1182901
1182917
1182919
1182947
1182953
1182967
1182989
1183003
1183027
1183031
1183033
1183057
1183079
1183093
1183103
1183121
1183123
1183141
1183151
1183157
1183159
1183163
1183181
1183199
1183201
1183211
1183213
1183241
1183261
1183267
1183271
1183277
1183279
1183333
1183337
1183349
1183381
1183393
1183397
1183409
1183411
1183423
1183447
1183451
1183471
1183477
1183531
1183537
1183541
1183561
1183571
1183579
1183597
1183607
1183613
1183687
1183697
1183709
1183723
1183729
1183733
1183739
1183753
1183759
1183769
1183771
1183781
1183799
1183811
1183813
1183837
1183843
1183877
1183913
1183933
1183939
1183943
1183951
1183961
1183969
1183981
1183993
1183997
1184003
1184011
1184047
1184059
1184069
1184077
1184081
1184083
1184093
1184119
1184123
1184129
1184143
1184149
1184171
1184173
1184207
1184219
1184243
1184269
1184291
1184299
1184303
1184317
1184329
1184347
1184357
1184363
1184369
1184377
1184399
1184411
1184413
1184423
1184429
1184453
1184459
1184461
1184471
1184473
1184483
1184489
1184507
1184527
1184537
1184539
1184549
1184551
1184587
1184609
1184653
1184663
1184671
1184683
1184731
1184741
1184749
1184759
1184767
1184791
1184797
1184837
1184839
1184867
1184881
1184893
1184903
1184923
1184927
1184933
1184947
1184957
1184959
1184987
1184993
1185013
1185017
1185071
1185077
1185089
1185103
1185109
1185113
1185127
1185131
1185179
1185181
1185241
1185281
1185287
1185299
1185307
1185313
1185319
1185329
1185337
1185343
1185361
1185367
1185377
1185383
1185389
1185403
1185439
1185463
1185469
1185493
1185497
1185511
1185523
1185551
1185559
1185577
1185589
1185601
1185617
1185623
1185637
1185643
1185647
1185659
1185661
1185671
1185677
1185683
1185689
1185697
1185703
1185707
1185721
1185749
1185787
1185791
1185797
1185817
1185823
1185827
1185851
1185859
1185871
1185883
1185889
1185893
1185907
There are 962 prime numbers in S181.
