S183(1199017~1212192)
1199039
1199047
1199069
1199083
1199087
1199089
1199117
1199123
1199131
1199137
1199167
1199183
1199189
1199203
1199257
1199309
1199329
1199351
1199357
1199369
1199371
1199377
1199389
1199417
1199423
1199437
1199441
1199447
1199459
1199461
1199467
1199477
1199491
1199507
1199509
1199521
1199551
1199557
1199573
1199587
1199591
1199593
1199617
1199621
1199623
1199629
1199659
1199663
1199677
1199683
1199689
1199699
1199711
1199719
1199767
1199777
1199789
1199801
1199813
1199819
1199833
1199839
1199851
1199857
1199879
1199893
1199899
1199909
1199923
1199929
1199953
1199969
1199993
1199999
1200007
1200061
1200077
1200083
1200109
1200139
1200161
1200167
1200179
1200187
1200191
1200233
1200253
1200307
1200313
1200323
1200341
1200349
1200359
1200361
1200371
1200373
1200377
1200383
1200389
1200403
1200443
1200449
1200461
1200467
1200491
1200499
1200509
1200527
1200581
1200583
1200607
1200611
1200637
1200643
1200673
1200679
1200691
1200697
1200701
1200739
1200751
1200779
1200799
1200809
1200811
1200833
1200839
1200869
1200883
1200887
1200889
1200917
1200929
1200937
1200943
1200949
1200959
1200989
1201001
1201003
1201019
1201021
1201027
1201043
1201049
1201061
1201073
1201087
1201097
1201103
1201111
1201117
1201141
1201153
1201163
1201171
1201183
1201201
1201217
1201229
1201241
1201247
1201261
1201283
1201307
1201309
1201327
1201337
1201381
1201439
1201469
1201481
1201483
1201489
1201493
1201513
1201523
1201531
1201553
1201559
1201567
1201583
1201601
1201633
1201637
1201643
1201687
1201691
1201699
1201703
1201709
1201729
1201787
1201793
1201813
1201829
1201841
1201843
1201853
1201873
1201909
1201919
1201939
1201961
1201969
1201999
1202009
1202017
1202023
1202027
1202029
1202041
1202057
1202063
1202077
1202081
1202099
1202107
1202129
1202147
1202153
1202183
1202191
1202219
1202221
1202231
1202239
1202251
1202261
1202269
1202293
1202303
1202317
1202321
1202329
1202347
1202363
1202387
1202423
1202429
1202437
1202447
1202471
1202473
1202477
1202483
1202497
1202501
1202507
1202549
1202561
1202569
1202603
1202609
1202627
1202629
1202633
1202689
1202741
1202743
1202771
1202779
1202783
1202791
1202807
1202813
1202819
1202827
1202837
1202843
1202849
1202857
1202863
1202867
1202881
1202939
1202959
1202963
1202977
1202987
1203019
1203067
1203077
1203101
1203121
1203127
1203149
1203151
1203161
1203179
1203193
1203211
1203217
1203221
1203229
1203233
1203263
1203283
1203287
1203329
1203331
1203343
1203359
1203361
1203421
1203437
1203443
1203457
1203463
1203467
1203487
1203493
1203509
1203533
1203557
1203571
1203581
1203607
1203611
1203619
1203641
1203661
1203667
1203689
1203691
1203731
1203733
1203739
1203757
1203773
1203779
1203791
1203793
1203799
1203809
1203817
1203827
1203841
1203863
1203887
1203893
1203899
1203901
1203913
1203919
1203929
1203931
1203941
1203949
1203953
1203959
1203971
1204003
1204019
1204037
1204097
1204103
1204117
1204139
1204141
1204153
1204169
1204171
1204183
1204207
1204219
1204243
1204271
1204279
1204289
1204309
1204337
1204363
1204369
1204397
1204409
1204421
1204447
1204451
1204453
1204471
1204477
1204493
1204507
1204519
1204529
1204561
1204583
1204597
1204607
1204613
1204633
1204649
1204669
1204681
1204699
1204711
1204729
1204741
1204781
1204783
1204787
1204813
1204823
1204859
1204871
1204873
1204883
1204891
1204937
1204967
1204969
1204981
1205027
1205047
1205081
1205089
1205093
1205101
1205117
1205119
1205123
1205159
1205173
1205179
1205219
1205231
1205251
1205257
1205287
1205293
1205339
1205377
1205387
1205411
1205437
1205447
1205459
1205467
1205471
1205473
1205489
1205513
1205527
1205537
1205539
1205549
1205557
1205563
1205609
1205627
1205629
1205639
1205647
1205653
1205663
1205669
1205681
1205693
1205707
1205713
1205717
1205731
1205749
1205753
1205767
1205773
1205779
1205819
1205843
1205891
1205899
1205903
1205921
1205947
1205951
1205969
1205977
1205999
1206013
1206017
1206043
1206053
1206059
1206061
1206071
1206113
1206131
1206151
1206157
1206169
1206173
1206181
1206187
1206199
1206209
1206223
1206229
1206259
1206263
1206277
1206307
1206319
1206323
1206341
1206347
1206353
1206377
1206383
1206391
1206407
1206433
1206449
1206461
1206467
1206479
1206497
1206529
1206539
1206553
1206563
1206577
1206581
1206587
1206619
1206637
1206679
1206683
1206691
1206701
1206703
1206713
1206721
1206731
1206743
1206749
1206761
1206767
1206769
1206773
1206781
1206791
1206809
1206827
1206841
1206869
1206941
1206973
1206979
1207001
1207027
1207033
1207039
1207043
1207079
1207093
1207097
1207111
1207117
1207121
1207123
1207133
1207147
1207159
1207211
1207223
1207237
1207249
1207259
1207267
1207291
1207307
1207309
1207313
1207319
1207331
1207343
1207351
1207363
1207379
1207387
1207403
1207417
1207429
1207439
1207441
1207447
1207489
1207501
1207511
1207519
1207529
1207537
1207597
1207603
1207627
1207649
1207681
1207699
1207721
1207727
1207751
1207757
1207769
1207841
1207883
1207903
1207909
1207919
1207933
1207957
1207961
1207979
1207981
1208017
1208021
1208023
1208027
1208033
1208057
1208069
1208089
1208113
1208117
1208131
1208149
1208159
1208177
1208189
1208209
1208219
1208237
1208239
1208243
1208269
1208279
1208297
1208299
1208303
1208341
1208371
1208387
1208399
1208407
1208413
1208423
1208447
1208461
1208507
1208521
1208561
1208569
1208573
1208591
1208651
1208657
1208663
1208677
1208681
1208689
1208707
1208731
1208741
1208777
1208789
1208791
1208797
1208813
1208821
1208833
1208843
1208849
1208863
1208873
1208927
1208939
1208941
1208957
1209007
1209017
1209029
1209053
1209073
1209079
1209083
1209107
1209113
1209121
1209139
1209151
1209163
1209181
1209191
1209199
1209209
1209223
1209233
1209239
1209251
1209269
1209277
1209281
1209287
1209311
1209337
1209347
1209353
1209367
1209379
1209427
1209437
1209457
1209463
1209469
1209487
1209491
1209517
1209539
1209557
1209563
1209577
1209583
1209587
1209617
1209629
1209631
1209647
1209671
1209697
1209707
1209709
1209739
1209757
1209763
1209773
1209779
1209781
1209809
1209811
1209821
1209841
1209853
1209877
1209883
1209889
1209931
1209947
1209959
1209973
1209979
1210003
1210019
1210021
1210037
1210039
1210049
1210051
1210067
1210093
1210103
1210123
1210127
1210151
1210163
1210169
1210177
1210193
1210207
1210211
1210229
1210241
1210259
1210289
1210351
1210369
1210379
1210387
1210393
1210397
1210399
1210403
1210409
1210411
1210427
1210439
1210441
1210459
1210477
1210483
1210499
1210523
1210541
1210549
1210597
1210609
1210613
1210631
1210637
1210639
1210711
1210717
1210747
1210753
1210777
1210787
1210793
1210799
1210801
1210817
1210819
1210831
1210843
1210871
1210873
1210877
1210879
1210883
1210897
1210903
1210921
1210933
1210939
1210949
1210967
1210987
1210999
1211027
1211039
1211051
1211057
1211059
1211081
1211083
1211087
1211141
1211167
1211179
1211183
1211191
1211207
1211227
1211261
1211279
1211281
1211303
1211311
1211333
1211339
1211381
1211389
1211393
1211407
1211411
1211423
1211443
1211477
1211489
1211501
1211503
1211531
1211537
1211543
1211549
1211563
1211593
1211597
1211599
1211603
1211621
1211629
1211647
1211653
1211657
1211659
1211669
1211677
1211689
1211701
1211719
1211723
1211731
1211737
1211741
1211761
1211767
1211779
1211789
1211797
1211807
1211813
1211827
1211843
1211857
1211863
1211897
1211911
1211921
1211923
1211933
1211983
1211999
1212011
1212017
1212023
1212047
1212053
1212061
1212103
1212119
1212121
1212149
1212173
1212187
1212191
There are 914 prime numbers in S183.
