S184(1212193~1225440)
1212199
1212221
1212227
1212241
1212251
1212259
1212283
1212293
1212301
1212319
1212331
1212347
1212361
1212373
1212397
1212401
1212427
1212433
1212437
1212439
1212443
1212473
1212479
1212487
1212517
1212521
1212551
1212569
1212611
1212613
1212641
1212649
1212671
1212677
1212683
1212697
1212703
1212709
1212719
1212737
1212769
1212773
1212781
1212787
1212793
1212811
1212817
1212839
1212847
1212851
1212853
1212857
1212877
1212889
1212907
1212917
1212919
1212923
1212931
1212943
1212973
1212989
1213007
1213019
1213021
1213027
1213033
1213049
1213057
1213063
1213081
1213087
1213097
1213109
1213129
1213133
1213141
1213151
1213153
1213183
1213189
1213213
1213241
1213253
1213259
1213271
1213301
1213327
1213339
1213357
1213367
1213379
1213427
1213439
1213451
1213469
1213481
1213483
1213517
1213529
1213547
1213561
1213573
1213577
1213591
1213601
1213607
1213627
1213631
1213633
1213643
1213651
1213657
1213661
1213673
1213721
1213741
1213747
1213757
1213759
1213763
1213781
1213801
1213829
1213837
1213841
1213873
1213879
1213897
1213907
1213909
1213913
1213921
1213931
1213939
1213943
1213951
1213981
1214011
1214023
1214039
1214047
1214077
1214093
1214113
1214117
1214131
1214137
1214141
1214159
1214167
1214183
1214189
1214197
1214219
1214221
1214237
1214261
1214273
1214281
1214299
1214333
1214357
1214371
1214393
1214401
1214407
1214413
1214417
1214431
1214441
1214453
1214459
1214471
1214483
1214489
1214519
1214533
1214567
1214573
1214579
1214593
1214617
1214623
1214639
1214641
1214657
1214659
1214663
1214669
1214671
1214683
1214687
1214711
1214729
1214737
1214743
1214749
1214767
1214819
1214827
1214849
1214867
1214891
1214909
1214923
1214933
1214947
1214957
1214959
1214963
1214971
1214977
1214981
1215017
1215029
1215047
1215079
1215083
1215103
1215121
1215133
1215157
1215161
1215167
1215173
1215197
1215209
1215229
1215239
1215271
1215283
1215299
1215301
1215311
1215329
1215349
1215359
1215367
1215391
1215397
1215407
1215421
1215433
1215437
1215439
1215451
1215457
1215463
1215497
1215499
1215509
1215521
1215553
1215569
1215583
1215587
1215623
1215629
1215631
1215637
1215647
1215649
1215673
1215679
1215703
1215719
1215743
1215769
1215779
1215787
1215827
1215839
1215847
1215853
1215859
1215881
1215899
1215917
1215919
1215923
1216009
1216013
1216021
1216043
1216067
1216069
1216087
1216091
1216109
1216123
1216147
1216151
1216177
1216213
1216249
1216273
1216277
1216337
1216339
1216349
1216351
1216373
1216379
1216387
1216393
1216417
1216421
1216433
1216441
1216451
1216459
1216489
1216507
1216529
1216543
1216547
1216559
1216561
1216577
1216583
1216591
1216601
1216603
1216619
1216681
1216693
1216711
1216717
1216729
1216751
1216759
1216763
1216777
1216793
1216799
1216807
1216823
1216841
1216847
1216849
1216867
1216871
1216879
1216903
1216913
1216937
1216939
1216951
1216961
1216973
1216987
1216997
1217009
1217017
1217023
1217033
1217053
1217057
1217063
1217071
1217077
1217089
1217093
1217107
1217113
1217119
1217131
1217141
1217143
1217147
1217171
1217179
1217191
1217207
1217213
1217219
1217233
1217261
1217269
1217297
1217299
1217303
1217309
1217317
1217329
1217351
1217393
1217399
1217407
1217417
1217423
1217443
1217467
1217471
1217473
1217477
1217483
1217509
1217521
1217533
1217537
1217561
1217617
1217647
1217651
1217663
1217669
1217677
1217683
1217687
1217719
1217731
1217753
1217759
1217771
1217809
1217813
1217831
1217833
1217861
1217893
1217899
1217903
1217917
1217921
1217927
1217933
1217941
1217947
1217963
1217977
1217989
1218017
1218043
1218089
1218121
1218131
1218157
1218167
1218179
1218197
1218199
1218209
1218211
1218221
1218247
1218251
1218257
1218263
1218277
1218281
1218307
1218313
1218367
1218383
1218391
1218401
1218421
1218433
1218449
1218457
1218463
1218467
1218473
1218487
1218533
1218557
1218559
1218571
1218583
1218601
1218617
1218631
1218649
1218653
1218683
1218691
1218709
1218727
1218731
1218739
1218761
1218773
1218779
1218787
1218821
1218829
1218853
1218859
1218901
1218911
1218913
1218923
1218941
1218949
1218953
1218989
1218991
1219003
1219061
1219081
1219091
1219109
1219111
1219123
1219129
1219147
1219177
1219213
1219237
1219241
1219271
1219279
1219297
1219301
1219303
1219307
1219313
1219343
1219349
1219357
1219399
1219411
1219433
1219453
1219457
1219469
1219481
1219487
1219489
1219501
1219507
1219549
1219577
1219607
1219613
1219619
1219639
1219643
1219649
1219651
1219657
1219663
1219679
1219703
1219717
1219721
1219727
1219739
1219747
1219753
1219763
1219783
1219787
1219789
1219793
1219807
1219811
1219831
1219837
1219843
1219847
1219849
1219859
1219861
1219871
1219877
1219879
1219891
1219909
1219913
1219919
1219931
1219949
1219951
1219957
1219961
1219963
1219991
1220027
1220029
1220041
1220071
1220077
1220099
1220147
1220171
1220203
1220239
1220249
1220251
1220257
1220309
1220327
1220333
1220347
1220353
1220363
1220369
1220393
1220411
1220423
1220437
1220489
1220491
1220497
1220507
1220591
1220599
1220623
1220657
1220663
1220669
1220689
1220699
1220711
1220717
1220729
1220743
1220761
1220773
1220777
1220783
1220797
1220801
1220803
1220819
1220833
1220839
1220893
1220897
1220903
1220917
1220927
1220953
1220969
1220981
1220983
1220993
1221019
1221029
1221049
1221061
1221079
1221083
1221089
1221097
1221113
1221119
1221131
1221163
1221167
1221193
1221197
1221221
1221223
1221239
1221247
1221251
1221289
1221299
1221373
1221379
1221383
1221391
1221421
1221427
1221443
1221449
1221457
1221463
1221469
1221499
1221503
1221523
1221527
1221533
1221541
1221551
1221557
1221559
1221589
1221593
1221601
1221631
1221641
1221653
1221659
1221667
1221707
1221749
1221751
1221761
1221767
1221791
1221793
1221811
1221821
1221823
1221853
1221863
1221907
1221917
1221937
1221959
1221971
1222003
1222019
1222027
1222037
1222049
1222057
1222063
1222097
1222129
1222157
1222159
1222171
1222187
1222219
1222229
1222231
1222241
1222253
1222259
1222267
1222271
1222279
1222307
1222373
1222393
1222409
1222411
1222433
1222471
1222483
1222493
1222499
1222513
1222523
1222537
1222561
1222567
1222583
1222597
1222601
1222603
1222633
1222643
1222651
1222667
1222679
1222681
1222693
1222717
1222723
1222729
1222751
1222757
1222769
1222777
1222789
1222801
1222811
1222829
1222831
1222847
1222853
1222889
1222909
1222913
1222931
1222943
1222957
1222967
1222993
1223003
1223021
1223029
1223039
1223051
1223059
1223077
1223083
1223093
1223119
1223149
1223161
1223177
1223179
1223197
1223203
1223207
1223231
1223237
1223263
1223279
1223281
1223309
1223311
1223323
1223329
1223351
1223357
1223381
1223419
1223437
1223447
1223449
1223459
1223471
1223489
1223491
1223527
1223533
1223549
1223561
1223569
1223587
1223591
1223603
1223633
1223683
1223687
1223689
1223693
1223723
1223731
1223749
1223753
1223767
1223773
1223777
1223857
1223863
1223867
1223879
1223897
1223921
1223939
1223941
1223953
1223977
1223987
1223993
1224029
1224031
1224053
1224059
1224077
1224079
1224089
1224109
1224121
1224131
1224133
1224149
1224163
1224169
1224193
1224203
1224217
1224229
1224233
1224239
1224257
1224259
1224269
1224271
1224281
1224287
1224299
1224329
1224337
1224347
1224389
1224403
1224413
1224437
1224439
1224473
1224479
1224481
1224529
1224533
1224577
1224599
1224637
1224673
1224677
1224701
1224703
1224709
1224739
1224763
1224767
1224809
1224823
1224851
1224857
1224859
1224863
1224869
1224887
1224889
1224893
1224913
1224919
1224943
1224953
1224967
1224973
1224983
1224991
1225009
1225019
1225061
1225067
1225073
1225079
1225087
1225093
1225097
1225099
1225109
1225111
1225117
1225123
1225127
1225129
1225153
1225157
1225183
1225219
1225223
1225261
1225283
1225297
1225303
1225319
1225327
1225331
1225361
1225373
1225381
1225397
1225409
There are 948 prime numbers in S184.
