S185(1225441~1238760)
1225459
1225493
1225501
1225507
1225517
1225529
1225541
1225559
1225571
1225577
1225579
1225589
1225591
1225603
1225621
1225643
1225657
1225663
1225687
1225691
1225703
1225723
1225727
1225729
1225759
1225769
1225787
1225817
1225849
1225871
1225879
1225883
1225891
1225897
1225907
1225909
1225919
1225927
1225933
1225949
1225963
1225981
1225997
1225999
1226011
1226041
1226053
1226063
1226077
1226083
1226087
1226101
1226111
1226117
1226179
1226189
1226191
1226209
1226213
1226237
1226257
1226263
1226293
1226297
1226299
1226311
1226321
1226339
1226341
1226347
1226353
1226377
1226387
1226417
1226461
1226471
1226479
1226483
1226501
1226503
1226531
1226539
1226549
1226557
1226581
1226593
1226609
1226611
1226623
1226629
1226651
1226663
1226677
1226681
1226683
1226699
1226707
1226711
1226713
1226741
1226767
1226779
1226783
1226789
1226801
1226803
1226807
1226821
1226831
1226851
1226857
1226861
1226867
1226891
1226899
1226959
1226977
1226983
1226993
1227047
1227053
1227101
1227103
1227131
1227133
1227143
1227151
1227157
1227167
1227173
1227181
1227241
1227271
1227277
1227299
1227301
1227319
1227323
1227329
1227337
1227353
1227379
1227407
1227431
1227437
1227463
1227469
1227491
1227497
1227539
1227547
1227559
1227563
1227619
1227637
1227649
1227659
1227683
1227701
1227703
1227713
1227719
1227769
1227797
1227829
1227833
1227841
1227847
1227871
1227881
1227887
1227911
1227917
1227929
1227943
1227949
1227973
1227977
1227979
1227983
1228001
1228009
1228013
1228021
1228091
1228099
1228109
1228133
1228147
1228153
1228159
1228163
1228181
1228187
1228193
1228219
1228243
1228247
1228273
1228277
1228291
1228303
1228309
1228327
1228333
1228351
1228373
1228391
1228393
1228397
1228399
1228429
1228441
1228457
1228459
1228489
1228501
1228519
1228537
1228541
1228543
1228547
1228567
1228571
1228583
1228589
1228603
1228613
1228631
1228651
1228657
1228679
1228691
1228693
1228741
1228763
1228783
1228789
1228837
1228841
1228849
1228861
1228883
1228889
1228891
1228907
1228919
1228937
1228943
1228949
1228951
1228961
1228963
1228987
1228993
1229021
1229023
1229071
1229077
1229093
1229113
1229131
1229141
1229149
1229159
1229197
1229201
1229203
1229209
1229213
1229227
1229237
1229257
1229269
1229273
1229279
1229297
1229309
1229311
1229317
1229329
1229351
1229353
1229359
1229369
1229377
1229381
1229401
1229443
1229447
1229453
1229461
1229483
1229489
1229519
1229521
1229531
1229561
1229563
1229581
1229597
1229617
1229633
1229647
1229663
1229689
1229707
1229719
1229731
1229743
1229773
1229783
1229807
1229827
1229869
1229873
1229897
1229903
1229911
1229939
1229941
1229957
1229981
1229993
1229999
1230013
1230023
1230029
1230067
1230071
1230107
1230127
1230167
1230169
1230181
1230199
1230223
1230227
1230233
1230241
1230263
1230301
1230311
1230329
1230331
1230337
1230343
1230347
1230349
1230367
1230371
1230373
1230377
1230379
1230391
1230401
1230433
1230461
1230469
1230479
1230491
1230521
1230529
1230539
1230547
1230571
1230587
1230599
1230629
1230631
1230637
1230667
1230689
1230727
1230739
1230743
1230751
1230769
1230791
1230829
1230863
1230869
1230871
1230881
1230907
1230913
1230941
1230949
1230967
1230997
1231001
1231003
1231039
1231049
1231051
1231063
1231073
1231091
1231093
1231099
1231127
1231129
1231141
1231171
1231177
1231193
1231199
1231201
1231207
1231229
1231231
1231247
1231261
1231267
1231277
1231283
1231301
1231303
1231309
1231313
1231319
1231337
1231339
1231357
1231379
1231381
1231387
1231411
1231421
1231423
1231453
1231457
1231459
1231469
1231481
1231487
1231511
1231513
1231547
1231553
1231577
1231579
1231589
1231597
1231613
1231631
1231663
1231669
1231687
1231691
1231697
1231709
1231721
1231733
1231753
1231757
1231771
1231781
1231787
1231799
1231807
1231817
1231829
1231831
1231843
1231859
1231873
1231877
1231883
1231889
1231943
1231961
1231981
1231987
1231999
1232003
1232069
1232071
1232083
1232089
1232171
1232183
1232201
1232213
1232221
1232227
1232243
1232269
1232291
1232299
1232327
1232339
1232351
1232353
1232377
1232389
1232393
1232401
1232411
1232417
1232431
1232437
1232453
1232461
1232477
1232527
1232531
1232537
1232563
1232573
1232603
1232611
1232617
1232657
1232659
1232683
1232689
1232713
1232719
1232771
1232797
1232801
1232809
1232831
1232843
1232849
1232851
1232879
1232893
1232909
1232941
1232947
1232977
1232981
1232983
1232999
1233019
1233047
1233073
1233079
1233097
1233101
1233107
1233121
1233143
1233179
1233181
1233187
1233209
1233241
1233251
1233259
1233263
1233301
1233313
1233319
1233361
1233371
1233373
1233377
1233409
1233431
1233433
1233437
1233439
1233473
1233493
1233497
1233509
1233523
1233527
1233539
1233563
1233569
1233577
1233587
1233593
1233599
1233607
1233611
1233619
1233641
1233647
1233653
1233709
1233721
1233751
1233761
1233763
1233779
1233781
1233851
1233887
1233899
1233907
1233923
1233929
1233949
1233983
1234001
1234003
1234039
1234049
1234063
1234067
1234099
1234109
1234117
1234133
1234147
1234187
1234231
1234237
1234241
1234243
1234253
1234271
1234309
1234333
1234349
1234351
1234367
1234379
1234391
1234393
1234417
1234439
1234463
1234511
1234517
1234531
1234537
1234543
1234547
1234577
1234603
1234613
1234627
1234657
1234687
1234703
1234721
1234747
1234757
1234759
1234769
1234777
1234787
1234789
1234799
1234813
1234819
1234837
1234841
1234843
1234853
1234873
1234889
1234901
1234951
1234967
1234969
1234991
1235021
1235027
1235041
1235063
1235083
1235093
1235099
1235131
1235137
1235141
1235149
1235159
1235167
1235177
1235183
1235191
1235239
1235243
1235249
1235251
1235263
1235281
1235287
1235303
1235309
1235321
1235327
1235363
1235369
1235383
1235389
1235417
1235419
1235431
1235447
1235449
1235459
1235473
1235477
1235497
1235501
1235503
1235539
1235569
1235573
1235593
1235651
1235653
1235659
1235669
1235701
1235711
1235761
1235789
1235791
1235803
1235807
1235821
1235831
1235833
1235867
1235879
1235887
1235891
1235909
1235929
1235933
1235947
1235977
1235981
1235987
1235999
1236017
1236073
1236077
1236161
1236163
1236173
1236203
1236211
1236229
1236233
1236239
1236259
1236307
1236317
1236329
1236337
1236383
1236397
1236419
1236439
1236449
1236467
1236479
1236481
1236491
1236517
1236527
1236533
1236541
1236553
1236583
1236611
1236623
1236629
1236643
1236659
1236661
1236667
1236701
1236709
1236713
1236727
1236737
1236743
1236751
1236757
1236761
1236769
1236787
1236791
1236797
1236803
1236811
1236827
1236857
1236883
1236901
1236953
1236959
1236979
1237001
1237013
1237031
1237037
1237043
1237051
1237057
1237063
1237079
1237091
1237121
1237129
1237139
1237151
1237163
1237177
1237199
1237207
1237211
1237213
1237217
1237231
1237253
1237273
1237279
1237283
1237297
1237309
1237349
1237363
1237373
1237387
1237393
1237403
1237417
1237433
1237441
1237471
1237487
1237493
1237499
1237501
1237513
1237519
1237529
1237531
1237543
1237547
1237567
1237571
1237589
1237619
1237627
1237661
1237721
1237727
1237739
1237757
1237763
1237783
1237813
1237823
1237829
1237843
1237849
1237853
1237867
1237877
1237897
1237919
1237931
1237939
1237949
1237961
1237963
1237967
1237993
1238023
1238033
1238051
1238063
1238071
1238087
1238089
1238101
1238119
1238129
1238137
1238177
1238179
1238189
1238197
1238201
1238219
1238267
1238269
1238273
1238291
1238317
1238327
1238333
1238371
1238381
1238383
1238407
1238411
1238423
1238429
1238431
1238437
1238449
1238459
1238491
1238509
1238521
1238533
1238537
1238551
1238597
1238599
1238621
1238647
1238659
1238681
1238683
1238687
1238693
1238717
1238719
1238747
1238749
1238759
There are 927 prime numbers in S185.
