S186(1238761~1252152)
1238761
1238767
1238771
1238789
1238801
1238821
1238827
1238833
1238843
1238863
1238893
1238903
1238911
1238917
1238921
1238947
1238989
1238999
1239001
1239013
1239023
1239041
1239067
1239089
1239103
1239109
1239127
1239151
1239179
1239191
1239197
1239223
1239229
1239239
1239247
1239269
1239281
1239311
1239319
1239323
1239341
1239347
1239353
1239361
1239367
1239377
1239379
1239397
1239421
1239443
1239449
1239457
1239461
1239481
1239499
1239509
1239517
1239523
1239529
1239533
1239551
1239569
1239583
1239593
1239599
1239607
1239619
1239643
1239661
1239671
1239697
1239727
1239737
1239739
1239751
1239761
1239773
1239803
1239817
1239839
1239877
1239893
1239899
1239911
1239913
1239919
1239923
1239943
1239961
1239971
1239983
1239989
1240007
1240009
1240013
1240021
1240027
1240039
1240081
1240087
1240097
1240117
1240139
1240153
1240159
1240181
1240193
1240199
1240207
1240219
1240231
1240241
1240247
1240271
1240273
1240307
1240319
1240333
1240361
1240363
1240387
1240391
1240399
1240423
1240483
1240487
1240511
1240517
1240523
1240543
1240553
1240559
1240607
1240621
1240637
1240667
1240669
1240691
1240699
1240703
1240709
1240717
1240739
1240741
1240751
1240763
1240769
1240777
1240793
1240807
1240817
1240831
1240859
1240861
1240931
1240957
1240973
1240979
1240991
1240999
1241003
1241027
1241033
1241039
1241059
1241077
1241081
1241087
1241159
1241161
1241173
1241197
1241203
1241243
1241249
1241257
1241263
1241267
1241269
1241291
1241321
1241341
1241347
1241351
1241369
1241377
1241381
1241389
1241407
1241413
1241417
1241423
1241437
1241447
1241467
1241477
1241483
1241489
1241491
1241507
1241509
1241549
1241551
1241557
1241573
1241579
1241587
1241627
1241651
1241659
1241677
1241699
1241741
1241743
1241761
1241771
1241789
1241813
1241819
1241827
1241869
1241879
1241893
1241921
1241923
1241927
1241939
1241941
1241951
1241957
1241963
1241971
1241987
1242001
1242029
1242061
1242067
1242089
1242097
1242103
1242107
1242119
1242121
1242151
1242167
1242169
1242181
1242191
1242193
1242217
1242221
1242233
1242251
1242271
1242289
1242317
1242347
1242359
1242361
1242379
1242403
1242407
1242413
1242419
1242421
1242457
1242487
1242503
1242517
1242569
1242601
1242611
1242617
1242623
1242629
1242641
1242643
1242739
1242757
1242763
1242767
1242781
1242803
1242811
1242817
1242823
1242827
1242841
1242859
1242869
1242889
1242893
1242929
1242931
1242937
1242947
1242959
1242977
1242979
1242991
1243003
1243013
1243093
1243097
1243111
1243129
1243133
1243141
1243147
1243157
1243169
1243181
1243211
1243271
1243273
1243309
1243337
1243343
1243349
1243367
1243369
1243373
1243387
1243391
1243393
1243421
1243427
1243439
1243471
1243477
1243481
1243483
1243511
1243523
1243537
1243547
1243559
1243577
1243579
1243609
1243631
1243639
1243643
1243663
1243673
1243691
1243709
1243717
1243741
1243747
1243783
1243789
1243793
1243807
1243811
1243819
1243841
1243843
1243859
1243877
1243883
1243889
1243927
1243933
1243939
1243943
1243951
1243961
1243967
1243969
1243997
1244003
1244021
1244027
1244029
1244039
1244041
1244053
1244057
1244059
1244083
1244099
1244141
1244143
1244149
1244153
1244167
1244183
1244197
1244203
1244233
1244249
1244261
1244263
1244279
1244293
1244333
1244357
1244359
1244363
1244381
1244393
1244401
1244423
1244429
1244437
1244447
1244459
1244471
1244479
1244483
1244501
1244521
1244531
1244533
1244543
1244567
1244591
1244603
1244609
1244611
1244627
1244629
1244647
1244687
1244699
1244713
1244729
1244741
1244753
1244759
1244777
1244797
1244813
1244819
1244821
1244833
1244839
1244857
1244863
1244879
1244909
1244911
1244923
1244953
1244987
1244989
1244993
1245001
1245017
1245019
1245037
1245067
1245091
1245103
1245113
1245121
1245137
1245149
1245169
1245187
1245191
1245217
1245227
1245281
1245331
1245353
1245379
1245397
1245401
1245421
1245449
1245451
1245479
1245509
1245527
1245529
1245551
1245557
1245589
1245613
1245617
1245619
1245623
1245649
1245683
1245689
1245691
1245701
1245707
1245719
1245721
1245763
1245767
1245779
1245781
1245791
1245799
1245817
1245833
1245847
1245863
1245877
1245883
1245917
1245929
1245943
1245953
1245961
1245971
1245973
1246013
1246033
1246057
1246061
1246073
1246081
1246093
1246099
1246103
1246181
1246187
1246199
1246207
1246213
1246241
1246243
1246247
1246249
1246261
1246283
1246303
1246307
1246313
1246319
1246327
1246331
1246339
1246351
1246361
1246363
1246367
1246369
1246373
1246379
1246387
1246397
1246429
1246433
1246451
1246459
1246471
1246477
1246481
1246489
1246499
1246501
1246513
1246517
1246529
1246537
1246543
1246561
1246573
1246579
1246589
1246591
1246601
1246631
1246639
1246667
1246673
1246697
1246703
1246711
1246733
1246747
1246757
1246781
1246823
1246829
1246841
1246867
1246879
1246891
1246907
1246919
1246943
1246961
1246963
1246997
1247009
1247017
1247033
1247053
1247063
1247089
1247101
1247107
1247117
1247119
1247167
1247177
1247189
1247209
1247231
1247243
1247263
1247269
1247291
1247297
1247303
1247317
1247321
1247327
1247329
1247371
1247383
1247401
1247417
1247419
1247429
1247447
1247453
1247459
1247479
1247501
1247509
1247527
1247549
1247557
1247563
1247569
1247581
1247591
1247599
1247611
1247621
1247627
1247641
1247651
1247663
1247693
1247699
1247737
1247759
1247761
1247767
1247777
1247797
1247801
1247833
1247837
1247861
1247867
1247879
1247881
1247893
1247923
1247947
1247951
1247959
1247969
1248001
1248007
1248011
1248017
1248019
1248031
1248041
1248059
1248061
1248083
1248101
1248103
1248113
1248119
1248151
1248193
1248199
1248209
1248211
1248217
1248229
1248239
1248241
1248253
1248271
1248323
1248329
1248337
1248341
1248347
1248349
1248353
1248383
1248391
1248407
1248413
1248427
1248449
1248451
1248469
1248493
1248503
1248529
1248539
1248551
1248553
1248563
1248571
1248589
1248593
1248631
1248641
1248671
1248673
1248691
1248697
1248703
1248721
1248757
1248781
1248799
1248809
1248829
1248833
1248847
1248857
1248859
1248869
1248881
1248893
1248917
1248941
1248953
1248977
1248979
1248991
1249013
1249019
1249033
1249037
1249043
1249049
1249057
1249063
1249091
1249099
1249111
1249121
1249133
1249139
1249141
1249151
1249159
1249163
1249187
1249201
1249217
1249243
1249247
1249273
1249301
1249319
1249321
1249333
1249343
1249361
1249363
1249373
1249397
1249403
1249411
1249427
1249433
1249477
1249481
1249487
1249489
1249499
1249511
1249519
1249531
1249559
1249603
1249621
1249627
1249631
1249643
1249657
1249669
1249681
1249691
1249693
1249727
1249733
1249739
1249741
1249747
1249757
1249799
1249811
1249817
1249819
1249837
1249841
1249847
1249849
1249861
1249873
1249901
1249921
1249939
1249943
1249999
1250003
1250009
1250021
1250023
1250057
1250069
1250083
1250087
1250099
1250107
1250141
1250147
1250149
1250173
1250177
1250189
1250201
1250203
1250237
1250243
1250273
1250281
1250297
1250309
1250351
1250357
1250407
1250413
1250437
1250443
1250449
1250453
1250461
1250471
1250479
1250497
1250507
1250519
1250521
1250527
1250551
1250593
1250609
1250611
1250629
1250647
1250653
1250677
1250701
1250737
1250749
1250761
1250771
1250773
1250779
1250783
1250801
1250813
1250831
1250839
1250863
1250867
1250917
1250923
1250929
1250939
1250969
1250971
1250981
1250983
1251011
1251037
1251043
1251053
1251071
1251083
1251097
1251101
1251109
1251121
1251157
1251161
1251179
1251227
1251247
1251259
1251287
1251301
1251307
1251317
1251323
1251329
1251409
1251427
1251431
1251433
1251461
1251463
1251527
1251529
1251533
1251571
1251577
1251581
1251583
1251641
1251661
1251667
1251671
1251697
1251703
1251707
1251713
1251721
1251743
1251787
1251791
1251797
1251827
1251841
1251851
1251857
1251869
1251871
1251881
1251907
1251911
1251919
1251923
1251937
1251947
1251953
1251961
1251983
1252021
1252037
1252049
1252057
1252063
1252073
1252079
1252103
1252109
1252123
1252129
1252151
There are 962 prime numbers in S186.
