S187(1252153~1265616)
1252159
1252177
1252187
1252193
1252201
1252211
1252217
1252219
1252247
1252259
1252267
1252283
1252331
1252343
1252357
1252399
1252403
1252411
1252421
1252429
1252439
1252451
1252457
1252469
1252483
1252507
1252523
1252579
1252609
1252631
1252639
1252661
1252663
1252681
1252711
1252717
1252721
1252729
1252739
1252751
1252777
1252799
1252817
1252819
1252843
1252873
1252877
1252897
1252903
1252913
1252921
1252943
1252957
1252963
1252987
1252991
1252997
1253011
1253023
1253027
1253047
1253059
1253071
1253089
1253093
1253099
1253111
1253137
1253167
1253171
1253249
1253251
1253261
1253279
1253323
1253327
1253333
1253347
1253377
1253381
1253401
1253437
1253453
1253471
1253479
1253513
1253519
1253521
1253557
1253587
1253591
1253599
1253621
1253627
1253683
1253689
1253701
1253717
1253723
1253729
1253737
1253741
1253761
1253783
1253803
1253831
1253839
1253849
1253851
1253887
1253897
1253909
1253911
1253947
1253951
1253953
1253963
1253969
1253999
1254013
1254017
1254023
1254031
1254037
1254049
1254053
1254059
1254061
1254079
1254091
1254109
1254119
1254131
1254137
1254151
1254157
1254161
1254179
1254193
1254203
1254217
1254241
1254251
1254257
1254269
1254293
1254301
1254317
1254329
1254367
1254371
1254373
1254377
1254427
1254433
1254467
1254469
1254479
1254497
1254503
1254523
1254527
1254529
1254541
1254553
1254557
1254577
1254593
1254607
1254613
1254619
1254623
1254637
1254647
1254653
1254661
1254667
1254683
1254689
1254731
1254733
1254739
1254751
1254761
1254767
1254791
1254793
1254823
1254833
1254839
1254863
1254899
1254907
1254941
1254959
1254971
1254983
1254997
1255013
1255021
1255039
1255049
1255063
1255069
1255081
1255103
1255109
1255117
1255123
1255129
1255139
1255147
1255153
1255157
1255169
1255181
1255183
1255187
1255201
1255211
1255237
1255249
1255253
1255259
1255279
1255301
1255307
1255313
1255321
1255333
1255337
1255357
1255361
1255367
1255391
1255393
1255421
1255427
1255451
1255453
1255477
1255519
1255549
1255559
1255567
1255591
1255601
1255609
1255619
1255633
1255651
1255663
1255679
1255687
1255693
1255721
1255747
1255757
1255759
1255799
1255801
1255811
1255829
1255831
1255847
1255861
1255907
1255913
1255927
1255931
1255939
1255949
1255963
1255967
1255993
1255997
1256009
1256023
1256029
1256041
1256063
1256107
1256149
1256161
1256197
1256201
1256209
1256231
1256243
1256267
1256279
1256303
1256323
1256347
1256369
1256383
1256389
1256393
1256407
1256429
1256449
1256477
1256531
1256533
1256543
1256573
1256579
1256587
1256597
1256611
1256617
1256621
1256659
1256681
1256687
1256693
1256707
1256711
1256729
1256737
1256747
1256753
1256777
1256797
1256809
1256813
1256819
1256821
1256837
1256863
1256867
1256873
1256887
1256891
1256897
1256903
1256911
1256917
1256923
1256939
1256953
1256989
1256993
1257013
1257017
1257029
1257041
1257043
1257049
1257071
1257073
1257077
1257079
1257089
1257103
1257119
1257131
1257163
1257199
1257209
1257229
1257233
1257239
1257241
1257247
1257251
1257253
1257281
1257293
1257307
1257313
1257317
1257323
1257331
1257359
1257397
1257409
1257437
1257457
1257461
1257463
1257491
1257493
1257499
1257517
1257521
1257547
1257559
1257563
1257569
1257587
1257589
1257611
1257647
1257653
1257689
1257691
1257713
1257719
1257721
1257749
1257787
1257827
1257829
1257853
1257859
1257869
1257877
1257911
1257931
1257953
1257959
1257961
1257973
1257989
1258001
1258013
1258027
1258039
1258079
1258087
1258097
1258099
1258109
1258133
1258139
1258141
1258151
1258163
1258171
1258177
1258181
1258183
1258207
1258211
1258217
1258219
1258241
1258267
1258291
1258297
1258303
1258319
1258337
1258343
1258349
1258373
1258403
1258409
1258417
1258421
1258423
1258429
1258441
1258451
1258457
1258469
1258471
1258483
1258487
1258511
1258531
1258559
1258589
1258597
1258601
1258627
1258637
1258639
1258643
1258657
1258661
1258667
1258681
1258709
1258711
1258717
1258723
1258753
1258771
1258781
1258783
1258787
1258811
1258819
1258837
1258847
1258871
1258877
1258889
1258903
1258927
1258931
1258937
1258967
1258973
1258993
1259017
1259029
1259033
1259039
1259047
1259051
1259053
1259057
1259077
1259081
1259087
1259099
1259107
1259113
1259123
1259129
1259143
1259171
1259179
1259191
1259213
1259231
1259243
1259249
1259287
1259299
1259317
1259329
1259371
1259389
1259393
1259413
1259429
1259477
1259509
1259527
1259537
1259539
1259543
1259551
1259563
1259569
1259593
1259603
1259627
1259639
1259653
1259659
1259663
1259669
1259677
1259689
1259701
1259737
1259743
1259749
1259759
1259767
1259777
1259803
1259821
1259851
1259873
1259899
1259903
1259927
1259939
1259953
1259977
1259983
1260011
1260019
1260031
1260047
1260059
1260067
1260113
1260121
1260131
1260143
1260157
1260163
1260167
1260169
1260191
1260223
1260269
1260277
1260283
1260293
1260317
1260319
1260323
1260341
1260359
1260361
1260383
1260401
1260419
1260437
1260439
1260461
1260473
1260481
1260487
1260509
1260541
1260547
1260551
1260569
1260577
1260583
1260599
1260629
1260641
1260643
1260661
1260673
1260691
1260713
1260719
1260731
1260733
1260751
1260757
1260767
1260769
1260797
1260799
1260827
1260829
1260841
1260851
1260877
1260881
1260887
1260893
1260899
1260901
1260911
1260971
1260979
1260989
1260991
1261033
1261069
1261079
1261081
1261109
1261121
1261133
1261157
1261171
1261177
1261199
1261217
1261223
1261259
1261261
1261279
1261289
1261301
1261313
1261321
1261327
1261333
1261357
1261363
1261373
1261387
1261411
1261427
1261459
1261487
1261489
1261523
1261531
1261549
1261567
1261571
1261627
1261639
1261643
1261649
1261697
1261699
1261717
1261721
1261739
1261747
1261759
1261763
1261769
1261789
1261801
1261823
1261829
1261831
1261837
1261861
1261889
1261891
1261901
1261913
1261933
1261943
1261963
1261969
1261973
1262011
1262017
1262057
1262071
1262081
1262083
1262087
1262099
1262101
1262119
1262143
1262147
1262203
1262207
1262221
1262231
1262237
1262269
1262281
1262291
1262293
1262299
1262311
1262321
1262363
1262377
1262411
1262419
1262441
1262453
1262461
1262479
1262483
1262491
1262509
1262519
1262543
1262557
1262563
1262581
1262587
1262617
1262621
1262623
1262629
1262633
1262669
1262671
1262693
1262711
1262713
1262717
1262731
1262741
1262753
1262771
1262783
1262819
1262839
1262851
1262869
1262881
1262887
1262893
1262897
1262903
1262917
1262927
1262929
1262939
1262941
1262957
1263007
1263047
1263071
1263077
1263079
1263103
1263107
1263109
1263113
1263121
1263133
1263173
1263179
1263181
1263187
1263191
1263193
1263209
1263239
1263247
1263259
1263263
1263299
1263307
1263319
1263323
1263331
1263337
1263341
1263347
1263373
1263377
1263391
1263403
1263461
1263463
1263473
1263487
1263499
1263503
1263511
1263539
1263541
1263547
1263569
1263583
1263599
1263607
1263629
1263631
1263659
1263667
1263677
1263697
1263701
1263751
1263761
1263767
1263793
1263799
1263803
1263817
1263853
1263863
1263887
1263917
1263929
1263931
1263943
1263947
1263949
1263953
1263961
1263973
1263979
1264009
1264027
1264033
1264037
1264049
1264061
1264063
1264129
1264177
1264189
1264199
1264213
1264231
1264259
1264261
1264267
1264271
1264301
1264303
1264331
1264337
1264363
1264387
1264411
1264447
1264451
1264499
1264537
1264541
1264559
1264561
1264573
1264577
1264597
1264607
1264643
1264649
1264651
1264657
1264663
1264667
1264687
1264699
1264733
1264741
1264763
1264787
1264801
1264807
1264819
1264829
1264853
1264859
1264867
1264873
1264877
1264883
1264889
1264897
1264903
1264909
1264933
1264969
1264979
1264981
1264997
1265029
1265041
1265051
1265053
1265063
1265081
1265083
1265087
1265093
1265101
1265111
1265113
1265119
1265129
1265167
1265177
1265179
1265197
1265233
1265249
1265273
1265279
1265281
1265311
1265321
1265333
1265347
1265353
1265377
1265387
1265393
1265431
1265443
1265449
1265461
1265471
1265477
1265479
1265503
1265519
1265521
1265527
1265549
1265557
1265573
1265581
1265597
1265603
1265611
There are 968 prime numbers in S187.
