S188(1265617~1279152)
1265617
1265623
1265639
1265653
1265657
1265681
1265729
1265741
1265777
1265779
1265801
1265813
1265827
1265843
1265857
1265861
1265863
1265867
1265899
1265903
1265909
1265911
1265921
1265923
1265941
1265959
1265969
1265977
1265981
1265987
1265993
1266019
1266043
1266047
1266059
1266073
1266077
1266079
1266091
1266101
1266107
1266113
1266149
1266157
1266163
1266191
1266197
1266229
1266241
1266247
1266259
1266263
1266269
1266271
1266277
1266281
1266301
1266323
1266337
1266341
1266359
1266371
1266373
1266379
1266389
1266409
1266413
1266431
1266451
1266469
1266487
1266491
1266493
1266511
1266523
1266527
1266539
1266557
1266563
1266583
1266589
1266593
1266611
1266631
1266677
1266719
1266731
1266743
1266751
1266757
1266761
1266763
1266767
1266779
1266781
1266799
1266841
1266847
1266851
1266869
1266883
1266893
1266899
1266913
1266919
1266929
1266931
1266943
1266949
1266953
1267009
1267043
1267051
1267067
1267103
1267109
1267117
1267121
1267127
1267151
1267157
1267159
1267183
1267193
1267199
1267223
1267237
1267291
1267297
1267303
1267307
1267349
1267381
1267403
1267411
1267429
1267447
1267451
1267459
1267463
1267481
1267501
1267517
1267529
1267531
1267549
1267577
1267579
1267589
1267613
1267633
1267649
1267663
1267681
1267709
1267711
1267723
1267727
1267757
1267771
1267787
1267789
1267823
1267831
1267837
1267859
1267873
1267883
1267891
1267897
1267907
1267933
1267939
1267943
1267951
1267957
1267961
1267999
1268011
1268017
1268039
1268051
1268053
1268077
1268093
1268119
1268143
1268147
1268167
1268173
1268177
1268207
1268213
1268221
1268233
1268261
1268279
1268287
1268291
1268299
1268327
1268341
1268357
1268359
1268369
1268413
1268419
1268429
1268447
1268453
1268461
1268467
1268479
1268537
1268549
1268563
1268567
1268593
1268599
1268621
1268623
1268627
1268633
1268669
1268681
1268713
1268731
1268741
1268747
1268753
1268759
1268777
1268783
1268789
1268791
1268797
1268803
1268807
1268843
1268849
1268867
1268881
1268899
1268921
1268929
1268947
1268963
1269001
1269007
1269013
1269017
1269041
1269043
1269049
1269061
1269077
1269091
1269113
1269119
1269131
1269167
1269173
1269179
1269187
1269193
1269197
1269221
1269223
1269239
1269241
1269253
1269263
1269283
1269287
1269299
1269311
1269337
1269343
1269377
1269379
1269383
1269391
1269413
1269427
1269461
1269467
1269493
1269497
1269529
1269547
1269559
1269563
1269571
1269589
1269601
1269641
1269643
1269683
1269691
1269703
1269731
1269733
1269743
1269757
1269797
1269847
1269859
1269869
1269871
1269901
1269907
1269911
1269923
1269929
1269937
1269953
1269971
1270001
1270013
1270033
1270051
1270063
1270067
1270079
1270097
1270103
1270111
1270123
1270141
1270147
1270151
1270183
1270193
1270201
1270231
1270237
1270249
1270271
1270279
1270301
1270309
1270319
1270327
1270333
1270337
1270343
1270361
1270391
1270417
1270421
1270429
1270433
1270441
1270471
1270483
1270499
1270513
1270531
1270537
1270541
1270547
1270559
1270561
1270567
1270571
1270573
1270579
1270609
1270627
1270639
1270649
1270651
1270657
1270667
1270669
1270679
1270747
1270757
1270771
1270817
1270823
1270849
1270859
1270861
1270879
1270897
1270901
1270909
1270933
1270943
1270961
1270981
1271027
1271029
1271033
1271047
1271051
1271059
1271069
1271087
1271089
1271111
1271117
1271129
1271147
1271161
1271167
1271173
1271183
1271197
1271201
1271203
1271213
1271227
1271239
1271251
1271293
1271299
1271317
1271321
1271339
1271351
1271353
1271359
1271383
1271393
1271399
1271401
1271419
1271429
1271449
1271471
1271483
1271503
1271507
1271513
1271521
1271531
1271551
1271561
1271597
1271603
1271609
1271657
1271659
1271671
1271687
1271701
1271717
1271731
1271747
1271749
1271791
1271797
1271807
1271813
1271827
1271833
1271839
1271843
1271849
1271903
1271927
1271929
1271939
1271953
1271971
1271987
1271999
1272001
1272043
1272049
1272067
1272071
1272079
1272091
1272109
1272113
1272133
1272151
1272157
1272163
1272169
1272191
1272203
1272211
1272223
1272233
1272247
1272253
1272269
1272281
1272283
1272287
1272289
1272329
1272343
1272347
1272361
1272367
1272377
1272379
1272409
1272421
1272443
1272451
1272461
1272539
1272547
1272559
1272577
1272589
1272617
1272629
1272631
1272641
1272647
1272653
1272673
1272679
1272749
1272811
1272827
1272833
1272847
1272851
1272857
1272863
1272881
1272883
1272893
1272899
1272913
1272917
1272919
1272937
1272941
1272961
1272983
1272989
1272991
1273001
1273021
1273033
1273037
1273039
1273087
1273099
1273109
1273117
1273121
1273127
1273157
1273159
1273199
1273213
1273231
1273241
1273267
1273289
1273291
1273301
1273309
1273313
1273331
1273333
1273343
1273367
1273381
1273403
1273409
1273411
1273417
1273421
1273423
1273457
1273463
1273471
1273483
1273499
1273507
1273541
1273543
1273549
1273561
1273567
1273609
1273637
1273639
1273663
1273673
1273681
1273687
1273693
1273721
1273729
1273733
1273739
1273757
1273771
1273781
1273787
1273823
1273843
1273879
1273889
1273891
1273903
1273907
1273919
1273933
1273939
1273957
1273981
1274011
1274017
1274041
1274051
1274071
1274087
1274089
1274111
1274113
1274129
1274137
1274149
1274183
1274209
1274227
1274249
1274267
1274291
1274293
1274297
1274309
1274323
1274333
1274353
1274363
1274381
1274389
1274401
1274411
1274423
1274437
1274461
1274509
1274549
1274557
1274561
1274599
1274617
1274621
1274629
1274633
1274671
1274701
1274719
1274723
1274737
1274759
1274771
1274773
1274803
1274851
1274857
1274873
1274879
1274899
1274921
1274929
1274939
1274941
1274989
1275011
1275019
1275041
1275067
1275107
1275121
1275133
1275173
1275179
1275193
1275199
1275203
1275227
1275269
1275277
1275283
1275293
1275319
1275341
1275349
1275359
1275361
1275401
1275437
1275457
1275467
1275499
1275503
1275523
1275539
1275541
1275553
1275559
1275563
1275569
1275583
1275601
1275611
1275643
1275661
1275667
1275683
1275691
1275707
1275709
1275719
1275737
1275749
1275751
1275779
1275803
1275817
1275823
1275829
1275839
1275847
1275851
1275863
1275877
1275889
1275893
1275899
1275931
1275947
1275973
1275977
1275979
1276001
1276007
1276013
1276027
1276031
1276039
1276049
1276057
1276069
1276103
1276117
1276123
1276129
1276133
1276147
1276157
1276169
1276183
1276193
1276213
1276237
1276243
1276271
1276279
1276307
1276313
1276351
1276357
1276361
1276397
1276409
1276433
1276441
1276447
1276481
1276501
1276511
1276529
1276543
1276571
1276579
1276589
1276603
1276619
1276621
1276631
1276637
1276657
1276679
1276687
1276711
1276721
1276733
1276739
1276747
1276763
1276771
1276777
1276817
1276829
1276861
1276867
1276871
1276889
1276897
1276903
1276927
1276949
1276967
1276969
1276973
1276987
1276999
1277011
1277021
1277039
1277041
1277063
1277069
1277071
1277083
1277093
1277099
1277113
1277137
1277147
1277197
1277207
1277209
1277233
1277249
1277257
1277267
1277299
1277321
1277323
1277357
1277359
1277369
1277387
1277429
1277449
1277461
1277477
1277483
1277491
1277501
1277543
1277557
1277569
1277593
1277597
1277621
1277629
1277651
1277657
1277677
1277699
1277723
1277729
1277741
1277743
1277753
1277761
1277791
1277803
1277813
1277819
1277833
1277849
1277863
1277867
1277879
1277897
1277909
1277911
1277957
1277971
1277993
1278007
1278029
1278031
1278047
1278097
1278107
1278113
1278131
1278139
1278163
1278181
1278191
1278197
1278203
1278209
1278217
1278227
1278253
1278287
1278289
1278323
1278337
1278341
1278371
1278373
1278379
1278391
1278397
1278401
1278419
1278437
1278439
1278463
1278467
1278479
1278481
1278493
1278527
1278551
1278583
1278601
1278611
1278617
1278619
1278623
1278631
1278637
1278659
1278671
1278701
1278709
1278713
1278721
1278733
1278769
1278779
1278787
1278799
1278803
1278811
1278817
1278839
1278857
1278881
1278899
1278911
1278983
1278997
1279001
1279013
1279021
1279027
1279039
1279043
1279081
1279087
1279093
1279111
1279123
1279133
1279141
There are 961 prime numbers in S188.
