S190(1292761~1306440)
1292783
1292789
1292801
1292813
1292831
1292843
1292857
1292887
1292927
1292947
1292953
1292957
1292971
1292983
1292989
1292999
1293001
1293011
1293031
1293077
1293119
1293133
1293137
1293157
1293169
1293179
1293199
1293203
1293233
1293239
1293247
1293251
1293277
1293283
1293287
1293307
1293317
1293319
1293323
1293329
1293361
1293367
1293373
1293401
1293419
1293421
1293433
1293473
1293491
1293493
1293499
1293529
1293533
1293541
1293553
1293559
1293583
1293587
1293613
1293619
1293647
1293659
1293701
1293739
1293757
1293763
1293791
1293797
1293821
1293829
1293839
1293841
1293857
1293869
1293899
1293917
1293923
1293931
1293947
1293949
1293961
1293967
1293977
1293979
1293983
1294019
1294021
1294031
1294037
1294039
1294061
1294081
1294087
1294103
1294121
1294123
1294129
1294169
1294177
1294199
1294201
1294231
1294253
1294273
1294277
1294301
1294303
1294309
1294339
1294351
1294361
1294367
1294369
1294393
1294399
1294453
1294459
1294471
1294477
1294483
1294561
1294571
1294583
1294597
1294609
1294621
1294627
1294633
1294639
1294649
1294651
1294691
1294721
1294723
1294729
1294753
1294757
1294759
1294817
1294823
1294841
1294849
1294939
1294957
1294967
1294973
1294987
1294999
1295003
1295027
1295033
1295051
1295057
1295069
1295071
1295081
1295089
1295113
1295131
1295137
1295159
1295183
1295191
1295201
1295207
1295219
1295221
1295243
1295263
1295279
1295293
1295297
1295299
1295309
1295317
1295321
1295323
1295339
1295347
1295369
1295377
1295387
1295389
1295447
1295473
1295491
1295501
1295513
1295533
1295543
1295549
1295551
1295561
1295563
1295603
1295611
1295617
1295639
1295647
1295653
1295681
1295711
1295717
1295737
1295741
1295747
1295761
1295783
1295803
1295809
1295813
1295839
1295849
1295867
1295869
1295873
1295881
1295947
1295953
1295989
1295993
1296007
1296011
1296019
1296023
1296037
1296041
1296059
1296077
1296089
1296101
1296109
1296137
1296143
1296167
1296181
1296187
1296209
1296227
1296277
1296283
1296287
1296293
1296319
1296331
1296341
1296343
1296371
1296391
1296409
1296413
1296419
1296467
1296473
1296481
1296499
1296511
1296521
1296523
1296551
1296557
1296563
1296571
1296583
1296587
1296593
1296601
1296613
1296623
1296629
1296649
1296679
1296689
1296703
1296721
1296727
1296749
1296781
1296787
1296803
1296817
1296829
1296833
1296839
1296877
1296899
1296907
1296929
1296949
1296973
1296983
1297001
1297003
1297013
1297019
1297027
1297057
1297061
1297063
1297091
1297103
1297123
1297129
1297139
1297147
1297157
1297169
1297171
1297193
1297201
1297211
1297217
1297229
1297243
1297249
1297271
1297273
1297279
1297297
1297313
1297333
1297337
1297349
1297357
1297367
1297369
1297393
1297397
1297399
1297403
1297411
1297421
1297447
1297451
1297459
1297477
1297487
1297501
1297507
1297519
1297523
1297537
1297561
1297573
1297601
1297607
1297619
1297631
1297633
1297649
1297651
1297657
1297669
1297687
1297693
1297727
1297739
1297771
1297781
1297799
1297841
1297847
1297853
1297873
1297927
1297963
1297973
1297979
1297993
1298027
1298039
1298047
1298053
1298057
1298111
1298113
1298117
1298119
1298131
1298149
1298161
1298173
1298191
1298197
1298221
1298261
1298279
1298291
1298309
1298317
1298329
1298333
1298351
1298357
1298371
1298387
1298467
1298489
1298491
1298537
1298551
1298573
1298581
1298611
1298617
1298641
1298651
1298653
1298699
1298719
1298723
1298747
1298771
1298779
1298789
1298797
1298809
1298819
1298831
1298849
1298863
1298887
1298909
1298911
1298923
1298951
1298963
1298981
1298989
1299007
1299013
1299019
1299029
1299041
1299059
1299061
1299079
1299097
1299101
1299143
1299169
1299173
1299187
1299203
1299209
1299211
1299223
1299227
1299257
1299269
1299283
1299289
1299299
1299317
1299323
1299341
1299343
1299349
1299359
1299367
1299377
1299379
1299437
1299439
1299449
1299451
1299457
1299491
1299499
1299533
1299541
1299553
1299583
1299601
1299631
1299637
1299647
1299653
1299673
1299689
1299709
1299721
1299743
1299763
1299791
1299811
1299817
1299821
1299827
1299833
1299841
1299853
1299869
1299877
1299887
1299899
1299917
1299919
1299941
1299953
1299979
1299989
1300021
1300027
1300031
1300051
1300073
1300097
1300111
1300127
1300129
1300133
1300139
1300141
1300147
1300153
1300181
1300193
1300199
1300237
1300253
1300283
1300289
1300297
1300307
1300309
1300319
1300333
1300339
1300367
1300391
1300421
1300423
1300433
1300451
1300457
1300463
1300471
1300477
1300487
1300501
1300511
1300553
1300571
1300573
1300583
1300597
1300609
1300613
1300633
1300639
1300669
1300681
1300709
1300711
1300727
1300751
1300769
1300771
1300781
1300813
1300829
1300837
1300841
1300843
1300907
1300921
1300927
1300931
1300963
1300967
1300979
1300997
1301011
1301017
1301021
1301023
1301033
1301057
1301077
1301081
1301099
1301119
1301123
1301147
1301149
1301171
1301173
1301219
1301221
1301233
1301239
1301243
1301249
1301257
1301273
1301281
1301297
1301323
1301347
1301353
1301387
1301389
1301393
1301413
1301423
1301437
1301453
1301459
1301467
1301471
1301497
1301507
1301527
1301533
1301539
1301543
1301551
1301561
1301581
1301591
1301603
1301617
1301621
1301669
1301693
1301701
1301711
1301719
1301761
1301779
1301821
1301827
1301849
1301851
1301857
1301863
1301879
1301887
1301893
1301903
1301921
1301929
1301939
1301941
1301957
1301959
1302017
1302019
1302029
1302043
1302061
1302079
1302107
1302121
1302137
1302151
1302163
1302173
1302179
1302181
1302199
1302209
1302221
1302227
1302233
1302239
1302253
1302269
1302277
1302281
1302293
1302313
1302331
1302347
1302349
1302373
1302377
1302383
1302391
1302397
1302443
1302449
1302461
1302491
1302493
1302563
1302571
1302577
1302607
1302617
1302647
1302667
1302673
1302683
1302689
1302701
1302737
1302739
1302757
1302787
1302803
1302827
1302839
1302841
1302869
1302901
1302911
1302919
1302929
1302937
1302953
1302991
1303009
1303013
1303031
1303037
1303051
1303061
1303069
1303073
1303091
1303097
1303109
1303117
1303121
1303129
1303139
1303151
1303163
1303171
1303189
1303199
1303213
1303219
1303223
1303241
1303243
1303261
1303279
1303283
1303297
1303307
1303321
1303327
1303331
1303363
1303409
1303411
1303417
1303427
1303439
1303453
1303469
1303481
1303493
1303499
1303507
1303517
1303537
1303541
1303553
1303567
1303573
1303591
1303597
1303613
1303633
1303667
1303669
1303693
1303703
1303711
1303739
1303741
1303751
1303787
1303789
1303793
1303807
1303823
1303831
1303859
1303867
1303871
1303873
1303879
1303903
1303919
1303931
1303933
1303961
1303963
1303979
1303987
1304003
1304029
1304033
1304071
1304081
1304089
1304111
1304113
1304129
1304131
1304137
1304167
1304183
1304207
1304209
1304221
1304227
1304231
1304239
1304243
1304249
1304267
1304273
1304299
1304309
1304321
1304357
1304371
1304389
1304411
1304419
1304477
1304503
1304519
1304531
1304539
1304543
1304551
1304581
1304591
1304599
1304603
1304609
1304627
1304659
1304669
1304687
1304707
1304713
1304741
1304753
1304783
1304803
1304833
1304837
1304857
1304867
1304887
1304893
1304923
1304929
1304957
1304969
1304981
1304983
1304987
1305011
1305013
1305047
1305061
1305097
1305121
1305137
1305149
1305151
1305163
1305169
1305229
1305233
1305247
1305251
1305253
1305287
1305289
1305301
1305307
1305371
1305373
1305383
1305391
1305401
1305427
1305431
1305449
1305511
1305517
1305527
1305533
1305559
1305571
1305581
1305587
1305589
1305593
1305599
1305607
1305637
1305643
1305653
1305659
1305679
1305691
1305701
1305709
1305713
1305739
1305743
1305749
1305797
1305803
1305823
1305869
1305881
1305893
1305907
1305919
1305947
1305959
1305961
1305971
1306001
1306007
1306027
1306033
1306051
1306069
1306087
1306099
1306103
1306121
1306133
1306139
1306157
1306159
1306169
1306181
1306213
1306223
1306237
1306241
1306243
1306259
1306267
1306273
1306289
1306313
1306339
1306343
1306351
1306367
1306373
1306381
1306387
1306391
1306411
1306429
1306439
There are 962 prime numbers in S190.
