S191(1306441~1320192)
1306447
1306451
1306477
1306483
1306489
1306499
1306517
1306519
1306541
1306589
1306597
1306601
1306633
1306661
1306663
1306667
1306691
1306693
1306717
1306733
1306751
1306757
1306759
1306777
1306817
1306819
1306829
1306831
1306849
1306853
1306873
1306889
1306891
1306901
1306913
1306933
1306961
1306973
1306979
1306997
1307051
1307057
1307063
1307069
1307077
1307081
1307083
1307087
1307093
1307101
1307107
1307123
1307153
1307161
1307183
1307197
1307209
1307221
1307261
1307281
1307303
1307309
1307311
1307347
1307353
1307393
1307417
1307431
1307437
1307441
1307461
1307473
1307479
1307483
1307497
1307507
1307519
1307539
1307557
1307591
1307627
1307633
1307641
1307651
1307671
1307689
1307693
1307701
1307729
1307731
1307741
1307753
1307767
1307771
1307809
1307821
1307833
1307863
1307893
1307909
1307923
1307927
1307951
1307981
1307993
1308011
1308019
1308029
1308037
1308049
1308077
1308091
1308121
1308137
1308157
1308173
1308191
1308193
1308221
1308247
1308287
1308299
1308301
1308313
1308323
1308331
1308343
1308353
1308367
1308383
1308403
1308413
1308421
1308457
1308467
1308491
1308497
1308499
1308521
1308523
1308529
1308547
1308551
1308557
1308563
1308581
1308583
1308589
1308599
1308607
1308611
1308613
1308647
1308649
1308691
1308707
1308709
1308719
1308731
1308737
1308757
1308773
1308803
1308829
1308841
1308863
1308869
1308883
1308887
1308899
1308911
1308917
1308919
1308943
1308977
1309013
1309039
1309057
1309067
1309073
1309079
1309093
1309103
1309117
1309123
1309127
1309129
1309163
1309177
1309181
1309207
1309211
1309219
1309237
1309249
1309283
1309291
1309313
1309333
1309337
1309339
1309349
1309351
1309369
1309397
1309411
1309421
1309463
1309501
1309513
1309531
1309549
1309559
1309571
1309589
1309591
1309601
1309631
1309639
1309661
1309673
1309691
1309699
1309709
1309717
1309723
1309739
1309747
1309753
1309757
1309769
1309793
1309801
1309807
1309811
1309817
1309829
1309831
1309849
1309877
1309883
1309907
1309921
1309927
1309939
1309949
1309961
1309963
1309999
1310033
1310039
1310041
1310053
1310063
1310077
1310083
1310087
1310093
1310117
1310119
1310123
1310137
1310143
1310147
1310171
1310189
1310209
1310233
1310251
1310261
1310269
1310279
1310293
1310311
1310327
1310329
1310359
1310363
1310369
1310371
1310381
1310383
1310389
1310399
1310417
1310431
1310467
1310473
1310489
1310509
1310527
1310537
1310549
1310579
1310591
1310599
1310611
1310627
1310629
1310633
1310657
1310669
1310681
1310693
1310719
1310723
1310741
1310759
1310779
1310789
1310797
1310801
1310807
1310809
1310851
1310891
1310899
1310923
1310927
1310963
1310987
1310993
1310999
1311001
1311029
1311031
1311043
1311047
1311053
1311067
1311097
1311103
1311109
1311127
1311131
1311143
1311173
1311181
1311217
1311223
1311229
1311239
1311241
1311251
1311259
1311263
1311287
1311301
1311307
1311311
1311341
1311353
1311367
1311377
1311383
1311403
1311407
1311419
1311433
1311449
1311473
1311481
1311493
1311503
1311509
1311523
1311547
1311553
1311559
1311577
1311599
1311617
1311619
1311623
1311643
1311689
1311691
1311701
1311721
1311733
1311749
1311767
1311769
1311773
1311797
1311799
1311829
1311847
1311853
1311857
1311899
1311901
1311917
1311923
1311967
1311971
1311991
1312001
1312019
1312027
1312079
1312093
1312133
1312139
1312153
1312169
1312177
1312183
1312187
1312189
1312211
1312229
1312237
1312277
1312301
1312303
1312319
1312331
1312343
1312351
1312373
1312379
1312391
1312393
1312397
1312411
1312459
1312471
1312513
1312517
1312523
1312543
1312547
1312559
1312561
1312567
1312579
1312583
1312601
1312603
1312637
1312657
1312667
1312669
1312673
1312681
1312733
1312739
1312769
1312777
1312789
1312813
1312823
1312841
1312847
1312853
1312867
1312873
1312877
1312889
1312891
1312907
1312921
1312931
1312937
1312951
1312963
1312967
1313041
1313057
1313069
1313083
1313087
1313141
1313153
1313161
1313171
1313219
1313237
1313239
1313293
1313297
1313311
1313317
1313329
1313339
1313357
1313359
1313363
1313371
1313383
1313423
1313443
1313447
1313449
1313453
1313467
1313567
1313569
1313579
1313597
1313621
1313623
1313629
1313633
1313651
1313657
1313677
1313699
1313701
1313723
1313731
1313747
1313761
1313771
1313797
1313813
1313827
1313839
1313843
1313857
1313863
1313881
1313891
1313899
1313911
1313929
1313953
1313957
1313959
1313987
1313999
1314011
1314017
1314023
1314043
1314101
1314109
1314113
1314127
1314133
1314143
1314149
1314161
1314163
1314169
1314179
1314191
1314199
1314217
1314233
1314239
1314259
1314283
1314301
1314317
1314359
1314361
1314371
1314377
1314409
1314433
1314437
1314451
1314463
1314479
1314497
1314503
1314517
1314527
1314539
1314563
1314569
1314571
1314587
1314601
1314613
1314659
1314671
1314673
1314701
1314767
1314769
1314779
1314809
1314821
1314823
1314851
1314853
1314871
1314883
1314893
1314917
1314941
1314953
1314997
1315003
1315007
1315019
1315037
1315049
1315073
1315081
1315087
1315151
1315159
1315177
1315183
1315187
1315211
1315213
1315229
1315231
1315243
1315253
1315283
1315289
1315291
1315297
1315309
1315367
1315373
1315397
1315399
1315441
1315451
1315453
1315463
1315481
1315487
1315493
1315507
1315519
1315537
1315543
1315549
1315553
1315591
1315597
1315603
1315607
1315621
1315627
1315637
1315651
1315661
1315673
1315697
1315711
1315723
1315729
1315747
1315771
1315781
1315801
1315823
1315837
1315849
1315861
1315871
1315889
1315891
1315901
1315907
1315927
1315931
1315943
1315949
1315961
1315967
1315969
1316009
1316017
1316033
1316039
1316041
1316071
1316099
1316143
1316177
1316209
1316213
1316239
1316251
1316257
1316261
1316279
1316299
1316303
1316311
1316321
1316323
1316347
1316363
1316389
1316401
1316407
1316417
1316431
1316437
1316479
1316507
1316509
1316519
1316527
1316533
1316537
1316591
1316593
1316603
1316621
1316639
1316647
1316657
1316669
1316671
1316677
1316699
1316717
1316729
1316741
1316743
1316761
1316767
1316779
1316801
1316813
1316831
1316869
1316873
1316881
1316899
1316921
1316923
1316951
1316963
1316971
1316983
1316989
1316999
1317013
1317031
1317059
1317067
1317079
1317083
1317091
1317119
1317131
1317157
1317161
1317191
1317193
1317223
1317227
1317229
1317247
1317257
1317259
1317271
1317299
1317301
1317307
1317317
1317319
1317359
1317361
1317377
1317397
1317401
1317409
1317413
1317419
1317427
1317443
1317451
1317461
1317487
1317493
1317521
1317523
1317541
1317553
1317571
1317583
1317587
1317599
1317629
1317671
1317677
1317683
1317691
1317697
1317703
1317713
1317727
1317751
1317761
1317763
1317773
1317787
1317793
1317817
1317839
1317853
1317881
1317887
1317917
1317929
1317941
1317947
1317961
1317971
1317989
1318003
1318013
1318019
1318033
1318039
1318063
1318067
1318073
1318099
1318103
1318139
1318147
1318157
1318169
1318183
1318193
1318211
1318241
1318249
1318259
1318267
1318279
1318283
1318301
1318313
1318349
1318379
1318409
1318411
1318441
1318451
1318459
1318463
1318477
1318487
1318489
1318517
1318549
1318553
1318579
1318609
1318633
1318661
1318663
1318697
1318699
1318703
1318711
1318721
1318727
1318729
1318739
1318753
1318781
1318783
1318789
1318829
1318831
1318841
1318859
1318861
1318879
1318883
1318897
1318901
1318903
1318913
1318927
1318931
1318937
1318943
1318963
1318973
1318987
1318991
1318997
1319023
1319033
1319053
1319057
1319077
1319083
1319107
1319137
1319147
1319167
1319191
1319207
1319209
1319261
1319273
1319281
1319293
1319321
1319323
1319333
1319371
1319377
1319389
1319399
1319401
1319407
1319411
1319419
1319429
1319443
1319459
1319477
1319509
1319543
1319561
1319567
1319609
1319623
1319651
1319687
1319707
1319711
1319719
1319723
1319729
1319737
1319741
1319743
1319777
1319779
1319803
1319821
1319839
1319849
1319861
1319869
1319893
1319909
1319917
1319933
1319951
1319963
1320019
1320023
1320031
1320037
1320061
1320091
1320107
1320113
1320119
1320127
1320149
1320157
1320161
1320173
1320181
1320191
There are 968 prime numbers in S191.
