S192(1320193~1334016)
1320199
1320211
1320247
1320251
1320287
1320301
1320307
1320331
1320337
1320343
1320353
1320377
1320379
1320391
1320409
1320413
1320421
1320427
1320433
1320437
1320533
1320541
1320607
1320617
1320623
1320667
1320721
1320727
1320731
1320749
1320751
1320773
1320791
1320799
1320811
1320859
1320871
1320881
1320887
1320889
1320901
1320911
1320923
1320929
1320931
1320947
1320961
1320973
1320983
1321007
1321031
1321063
1321079
1321093
1321109
1321139
1321141
1321157
1321163
1321169
1321171
1321193
1321213
1321219
1321247
1321249
1321259
1321267
1321273
1321283
1321289
1321301
1321303
1321319
1321349
1321351
1321357
1321363
1321379
1321391
1321399
1321409
1321417
1321421
1321429
1321447
1321451
1321457
1321459
1321477
1321483
1321487
1321513
1321517
1321549
1321571
1321577
1321589
1321601
1321627
1321633
1321637
1321651
1321657
1321669
1321679
1321681
1321693
1321711
1321729
1321753
1321757
1321759
1321763
1321769
1321813
1321823
1321841
1321847
1321867
1321891
1321897
1321919
1321927
1321939
1321951
1321961
1321981
1321997
1322003
1322011
1322021
1322033
1322089
1322117
1322129
1322137
1322143
1322147
1322149
1322159
1322161
1322171
1322173
1322177
1322179
1322203
1322219
1322221
1322227
1322257
1322261
1322281
1322287
1322303
1322317
1322323
1322327
1322329
1322333
1322341
1322357
1322359
1322369
1322389
1322423
1322437
1322443
1322449
1322467
1322471
1322483
1322501
1322507
1322521
1322527
1322543
1322557
1322579
1322591
1322593
1322597
1322599
1322611
1322621
1322641
1322669
1322681
1322689
1322693
1322731
1322743
1322747
1322749
1322767
1322813
1322831
1322843
1322851
1322857
1322869
1322873
1322887
1322897
1322903
1322917
1322921
1322927
1322939
1322941
1322953
1322963
1322977
1323001
1323017
1323041
1323043
1323053
1323073
1323079
1323107
1323109
1323131
1323137
1323139
1323143
1323149
1323169
1323187
1323197
1323199
1323221
1323233
1323247
1323253
1323281
1323307
1323319
1323323
1323337
1323349
1323367
1323373
1323389
1323409
1323431
1323437
1323457
1323461
1323479
1323499
1323503
1323529
1323533
1323541
1323551
1323571
1323577
1323593
1323599
1323611
1323629
1323649
1323659
1323689
1323691
1323727
1323733
1323737
1323743
1323779
1323797
1323799
1323851
1323869
1323871
1323877
1323893
1323899
1323919
1323923
1323941
1323967
1323997
1324007
1324033
1324039
1324051
1324061
1324069
1324093
1324097
1324117
1324123
1324151
1324159
1324171
1324187
1324199
1324201
1324217
1324223
1324261
1324313
1324327
1324361
1324369
1324381
1324387
1324391
1324403
1324429
1324441
1324451
1324457
1324481
1324511
1324513
1324567
1324571
1324573
1324577
1324579
1324591
1324607
1324613
1324619
1324621
1324627
1324649
1324651
1324663
1324667
1324679
1324681
1324717
1324721
1324733
1324753
1324783
1324819
1324831
1324837
1324849
1324867
1324871
1324907
1324913
1324949
1324951
1324957
1324969
1324979
1325011
1325017
1325021
1325047
1325063
1325083
1325089
1325111
1325119
1325123
1325143
1325173
1325179
1325183
1325197
1325227
1325251
1325263
1325267
1325273
1325287
1325293
1325309
1325333
1325351
1325399
1325417
1325419
1325431
1325449
1325483
1325491
1325501
1325509
1325521
1325543
1325557
1325567
1325579
1325581
1325617
1325627
1325633
1325657
1325659
1325663
1325669
1325693
1325707
1325761
1325771
1325773
1325791
1325803
1325861
1325867
1325873
1325903
1325911
1325923
1325939
1325941
1325959
1325977
1325993
1326001
1326037
1326041
1326047
1326049
1326053
1326071
1326089
1326097
1326109
1326133
1326137
1326151
1326161
1326167
1326197
1326239
1326251
1326253
1326271
1326277
1326287
1326301
1326307
1326313
1326319
1326343
1326349
1326359
1326383
1326389
1326419
1326427
1326443
1326449
1326461
1326463
1326467
1326491
1326499
1326503
1326511
1326529
1326551
1326587
1326607
1326613
1326623
1326631
1326641
1326649
1326653
1326659
1326673
1326683
1326691
1326701
1326727
1326739
1326757
1326781
1326791
1326797
1326817
1326821
1326823
1326839
1326859
1326869
1326881
1326887
1326889
1326917
1326929
1326943
1326947
1326967
1326971
1326989
1327009
1327013
1327019
1327043
1327063
1327091
1327099
1327111
1327133
1327147
1327159
1327181
1327199
1327201
1327217
1327231
1327237
1327267
1327289
1327297
1327303
1327349
1327351
1327363
1327369
1327373
1327379
1327387
1327409
1327427
1327481
1327489
1327517
1327561
1327577
1327603
1327619
1327631
1327673
1327679
1327709
1327759
1327769
1327783
1327789
1327793
1327801
1327831
1327841
1327849
1327871
1327877
1327889
1327901
1327903
1327933
1327973
1327987
1327999
1328003
1328017
1328051
1328077
1328087
1328099
1328101
1328111
1328143
1328161
1328167
1328179
1328183
1328203
1328207
1328213
1328219
1328231
1328237
1328269
1328279
1328297
1328311
1328317
1328323
1328351
1328357
1328387
1328407
1328417
1328447
1328449
1328473
1328477
1328479
1328491
1328497
1328501
1328507
1328521
1328531
1328539
1328563
1328573
1328603
1328611
1328617
1328647
1328653
1328671
1328683
1328699
1328711
1328729
1328731
1328741
1328749
1328777
1328783
1328797
1328807
1328827
1328843
1328861
1328863
1328891
1328893
1328897
1328909
1328911
1328923
1328927
1328953
1328969
1328981
1329011
1329061
1329067
1329073
1329091
1329103
1329109
1329127
1329131
1329143
1329161
1329197
1329217
1329233
1329241
1329269
1329277
1329283
1329287
1329313
1329337
1329353
1329359
1329371
1329379
1329397
1329407
1329437
1329439
1329457
1329479
1329499
1329509
1329529
1329533
1329541
1329569
1329593
1329599
1329619
1329623
1329631
1329637
1329661
1329673
1329701
1329703
1329707
1329709
1329719
1329721
1329733
1329761
1329763
1329767
1329787
1329799
1329847
1329863
1329871
1329899
1329907
1329941
1329949
1329953
1329971
1330001
1330003
1330009
1330031
1330061
1330073
1330093
1330103
1330111
1330129
1330157
1330177
1330207
1330211
1330213
1330223
1330229
1330237
1330249
1330253
1330309
1330313
1330321
1330337
1330393
1330397
1330411
1330423
1330453
1330487
1330493
1330499
1330501
1330519
1330529
1330541
1330547
1330559
1330577
1330583
1330601
1330603
1330621
1330633
1330649
1330691
1330699
1330727
1330733
1330751
1330783
1330787
1330789
1330831
1330843
1330859
1330867
1330873
1330909
1330933
1330943
1330957
1330961
1330963
1330997
1331023
1331039
1331041
1331051
1331059
1331063
1331093
1331107
1331119
1331123
1331153
1331207
1331227
1331243
1331249
1331251
1331261
1331269
1331279
1331293
1331299
1331327
1331329
1331333
1331339
1331347
1331377
1331381
1331383
1331399
1331411
1331431
1331437
1331443
1331471
1331489
1331497
1331513
1331521
1331527
1331549
1331567
1331573
1331579
1331587
1331591
1331597
1331599
1331611
1331633
1331641
1331647
1331657
1331663
1331683
1331699
1331711
1331719
1331749
1331761
1331773
1331779
1331783
1331789
1331801
1331821
1331851
1331857
1331921
1331923
1331929
1331951
1331959
1331969
1331987
1331989
1332017
1332047
1332059
1332077
1332119
1332127
1332151
1332167
1332169
1332181
1332187
1332193
1332217
1332251
1332277
1332281
1332283
1332313
1332319
1332329
1332343
1332361
1332371
1332379
1332389
1332421
1332427
1332431
1332433
1332439
1332449
1332467
1332479
1332491
1332503
1332509
1332517
1332547
1332553
1332557
1332571
1332587
1332589
1332631
1332649
1332671
1332673
1332691
1332701
1332713
1332719
1332733
1332739
1332757
1332763
1332767
1332769
1332797
1332803
1332823
1332833
1332841
1332847
1332853
1332893
1332913
1332917
1332941
1332949
1332959
1332973
1332979
1332997
1333019
1333027
1333091
1333117
1333121
1333133
1333139
1333141
1333151
1333153
1333169
1333181
1333193
1333219
1333231
1333253
1333261
1333271
1333273
1333289
1333291
1333313
1333331
1333357
1333393
1333411
1333417
1333457
1333483
1333489
1333511
1333537
1333543
1333547
1333567
1333571
1333583
1333597
1333601
1333613
1333621
1333649
1333663
1333669
1333679
1333687
1333691
1333697
1333721
1333723
1333733
1333741
1333751
1333777
1333799
1333807
1333811
1333831
1333841
1333867
1333883
1333889
1333901
1333909
1333919
1333949
1333963
1333967
1333991
1333993
1333999
There are 982 prime numbers in S192.
