S193(1334017~1347912)
1334057
1334071
1334077
1334093
1334101
1334107
1334111
1334117
1334119
1334129
1334141
1334233
1334239
1334273
1334287
1334297
1334327
1334329
1334339
1334341
1334353
1334357
1334363
1334369
1334371
1334393
1334401
1334407
1334413
1334423
1334441
1334453
1334461
1334467
1334477
1334491
1334507
1334537
1334549
1334561
1334563
1334569
1334603
1334629
1334633
1334651
1334681
1334717
1334719
1334737
1334743
1334747
1334771
1334797
1334813
1334819
1334833
1334881
1334903
1334933
1334947
1334969
1335007
1335023
1335043
1335053
1335067
1335079
1335137
1335157
1335167
1335199
1335209
1335211
1335233
1335239
1335241
1335259
1335277
1335287
1335289
1335319
1335331
1335343
1335349
1335361
1335371
1335379
1335391
1335407
1335409
1335413
1335431
1335457
1335461
1335497
1335527
1335533
1335557
1335563
1335611
1335617
1335619
1335637
1335641
1335647
1335661
1335667
1335683
1335689
1335743
1335749
1335751
1335781
1335791
1335797
1335847
1335853
1335869
1335889
1335899
1335907
1335941
1335949
1335953
1335977
1335989
1335991
1336003
1336009
1336019
1336021
1336031
1336037
1336039
1336057
1336091
1336103
1336121
1336133
1336141
1336151
1336169
1336171
1336177
1336187
1336189
1336201
1336211
1336229
1336241
1336253
1336261
1336267
1336271
1336273
1336333
1336337
1336339
1336343
1336393
1336399
1336417
1336429
1336453
1336457
1336463
1336469
1336481
1336487
1336493
1336499
1336519
1336529
1336547
1336561
1336567
1336579
1336589
1336597
1336603
1336613
1336619
1336637
1336649
1336663
1336729
1336747
1336781
1336793
1336799
1336801
1336817
1336861
1336873
1336877
1336883
1336891
1336901
1336919
1336927
1336939
1336943
1336949
1336957
1336961
1336963
1336997
1337003
1337023
1337027
1337057
1337071
1337093
1337153
1337159
1337173
1337209
1337227
1337261
1337263
1337267
1337269
1337293
1337299
1337317
1337327
1337333
1337351
1337359
1337363
1337377
1337383
1337389
1337411
1337419
1337431
1337443
1337447
1337459
1337489
1337507
1337527
1337551
1337563
1337591
1337593
1337603
1337617
1337621
1337627
1337629
1337647
1337663
1337671
1337689
1337701
1337723
1337729
1337731
1337753
1337779
1337783
1337801
1337803
1337813
1337851
1337873
1337891
1337899
1337909
1337911
1337969
1337971
1337977
1337981
1337983
1337989
1338013
1338041
1338049
1338101
1338107
1338109
1338167
1338217
1338229
1338241
1338247
1338269
1338277
1338299
1338319
1338331
1338343
1338349
1338361
1338367
1338371
1338377
1338391
1338397
1338413
1338433
1338443
1338451
1338457
1338473
1338479
1338481
1338499
1338517
1338521
1338539
1338551
1338559
1338581
1338587
1338637
1338641
1338647
1338653
1338661
1338671
1338679
1338703
1338731
1338737
1338749
1338751
1338781
1338787
1338791
1338793
1338803
1338809
1338811
1338823
1338851
1338863
1338871
1338877
1338881
1338907
1338923
1338941
1338979
1339001
1339003
1339027
1339031
1339057
1339061
1339069
1339087
1339097
1339109
1339111
1339127
1339147
1339153
1339157
1339187
1339199
1339207
1339211
1339223
1339229
1339259
1339297
1339333
1339337
1339339
1339343
1339357
1339381
1339391
1339399
1339409
1339411
1339427
1339433
1339463
1339487
1339523
1339529
1339567
1339571
1339577
1339601
1339607
1339619
1339627
1339631
1339643
1339661
1339669
1339673
1339687
1339691
1339693
1339711
1339729
1339759
1339777
1339781
1339813
1339817
1339843
1339853
1339859
1339873
1339901
1339903
1339907
1339909
1339931
1339951
1339969
1339973
1339993
1340011
1340021
1340033
1340039
1340041
1340047
1340069
1340071
1340083
1340107
1340113
1340149
1340153
1340159
1340179
1340221
1340237
1340243
1340281
1340291
1340321
1340323
1340327
1340329
1340333
1340357
1340359
1340363
1340369
1340387
1340401
1340407
1340411
1340419
1340441
1340447
1340459
1340477
1340489
1340491
1340497
1340527
1340557
1340561
1340587
1340617
1340627
1340639
1340653
1340681
1340687
1340701
1340707
1340723
1340743
1340747
1340749
1340753
1340761
1340767
1340777
1340789
1340797
1340803
1340827
1340837
1340861
1340879
1340891
1340897
1340903
1340929
1340947
1340959
1340981
1341007
1341017
1341019
1341023
1341071
1341073
1341089
1341097
1341101
1341103
1341121
1341143
1341167
1341173
1341187
1341203
1341209
1341217
1341257
1341259
1341293
1341313
1341323
1341359
1341371
1341409
1341433
1341437
1341443
1341449
1341467
1341469
1341481
1341491
1341493
1341523
1341539
1341547
1341551
1341553
1341559
1341577
1341581
1341611
1341617
1341619
1341677
1341689
1341701
1341707
1341713
1341733
1341737
1341757
1341779
1341787
1341839
1341841
1341863
1341869
1341871
1341877
1341881
1341883
1341911
1341919
1341931
1341947
1341983
1342001
1342007
1342049
1342051
1342063
1342067
1342069
1342079
1342087
1342093
1342109
1342111
1342139
1342153
1342163
1342177
1342181
1342199
1342213
1342219
1342223
1342241
1342247
1342259
1342261
1342267
1342277
1342279
1342283
1342291
1342333
1342339
1342343
1342361
1342379
1342403
1342409
1342423
1342433
1342489
1342493
1342499
1342501
1342519
1342531
1342547
1342567
1342571
1342573
1342591
1342633
1342651
1342657
1342661
1342667
1342669
1342697
1342699
1342723
1342727
1342739
1342741
1342751
1342753
1342799
1342801
1342829
1342849
1342871
1342877
1342883
1342897
1342907
1342909
1342963
1342969
1342973
1342987
1343003
1343009
1343029
1343033
1343047
1343057
1343059
1343071
1343081
1343113
1343161
1343183
1343197
1343203
1343219
1343233
1343257
1343263
1343299
1343311
1343317
1343327
1343333
1343341
1343351
1343369
1343383
1343387
1343389
1343413
1343423
1343431
1343467
1343477
1343479
1343491
1343501
1343519
1343549
1343567
1343569
1343579
1343593
1343597
1343627
1343651
1343653
1343669
1343677
1343681
1343689
1343717
1343723
1343743
1343747
1343759
1343767
1343789
1343791
1343801
1343863
1343873
1343887
1343893
1343899
1343911
1343917
1343941
1343957
1343963
1343971
1343983
1343987
1344011
1344017
1344029
1344043
1344053
1344073
1344113
1344127
1344151
1344157
1344163
1344169
1344181
1344199
1344227
1344271
1344283
1344311
1344319
1344337
1344347
1344359
1344389
1344401
1344403
1344407
1344457
1344461
1344463
1344487
1344491
1344503
1344509
1344559
1344569
1344583
1344589
1344593
1344599
1344601
1344641
1344647
1344667
1344671
1344709
1344727
1344743
1344767
1344779
1344781
1344793
1344797
1344799
1344821
1344823
1344829
1344857
1344859
1344869
1344899
1344901
1344907
1344943
1344947
1344949
1344979
1345009
1345013
1345027
1345033
1345037
1345051
1345079
1345117
1345129
1345139
1345153
1345177
1345207
1345229
1345231
1345241
1345243
1345271
1345273
1345277
1345297
1345301
1345303
1345343
1345349
1345361
1345423
1345441
1345451
1345453
1345457
1345471
1345481
1345507
1345537
1345541
1345549
1345559
1345577
1345583
1345621
1345627
1345633
1345649
1345651
1345667
1345691
1345693
1345699
1345711
1345733
1345759
1345777
1345781
1345783
1345787
1345811
1345859
1345879
1345889
1345913
1345921
1345931
1345933
1345951
1345957
1345973
1345987
1345997
1346003
1346021
1346039
1346063
1346083
1346117
1346119
1346123
1346129
1346143
1346159
1346161
1346173
1346183
1346243
1346249
1346273
1346309
1346311
1346333
1346341
1346353
1346357
1346363
1346369
1346377
1346419
1346437
1346447
1346461
1346479
1346483
1346491
1346533
1346537
1346539
1346567
1346591
1346593
1346603
1346623
1346629
1346641
1346647
1346669
1346693
1346711
1346729
1346743
1346747
1346753
1346773
1346827
1346831
1346843
1346861
1346881
1346899
1346909
1346951
1346953
1346957
1346971
1346977
1346987
1346993
1346999
1347001
1347013
1347019
1347053
1347077
1347091
1347103
1347113
1347127
1347149
1347191
1347209
1347211
1347221
1347223
1347263
1347277
1347287
1347289
1347293
1347329
1347331
1347337
1347341
1347377
1347389
1347391
1347397
1347413
1347433
1347457
1347469
1347473
1347481
1347487
1347527
1347553
1347557
1347569
1347587
1347611
1347617
1347623
1347637
1347667
1347679
1347707
1347713
1347733
1347739
1347757
1347763
1347767
1347769
1347781
1347791
1347817
1347877
1347881
1347893
1347901
There are 979 prime numbers in S193.
