S194(1347913~1361880)
1347919
1347937
1347953
1347967
1347971
1347989
1348001
1348013
1348027
1348033
1348051
1348063
1348073
1348111
1348129
1348133
1348157
1348177
1348211
1348223
1348231
1348247
1348271
1348309
1348313
1348331
1348357
1348363
1348379
1348381
1348387
1348393
1348409
1348427
1348441
1348483
1348489
1348493
1348507
1348511
1348517
1348537
1348541
1348547
1348549
1348553
1348561
1348573
1348577
1348583
1348597
1348619
1348621
1348637
1348673
1348727
1348733
1348747
1348757
1348769
1348793
1348843
1348847
1348849
1348871
1348873
1348889
1348891
1348901
1348913
1348931
1348937
1348939
1348951
1348957
1348961
1348987
1349003
1349017
1349053
1349059
1349063
1349077
1349087
1349119
1349129
1349143
1349147
1349149
1349177
1349189
1349207
1349219
1349233
1349251
1349281
1349287
1349317
1349339
1349357
1349363
1349371
1349393
1349401
1349407
1349423
1349471
1349473
1349531
1349533
1349651
1349669
1349671
1349683
1349687
1349701
1349707
1349713
1349737
1349753
1349773
1349807
1349809
1349827
1349867
1349891
1349897
1349903
1349917
1349927
1349941
1349947
1349977
1349993
1350001
1350017
1350023
1350029
1350047
1350049
1350053
1350059
1350061
1350073
1350101
1350119
1350127
1350133
1350187
1350203
1350229
1350247
1350257
1350277
1350287
1350313
1350317
1350319
1350331
1350341
1350343
1350367
1350373
1350379
1350383
1350403
1350449
1350457
1350467
1350469
1350473
1350487
1350509
1350511
1350521
1350533
1350541
1350551
1350553
1350563
1350593
1350607
1350623
1350641
1350647
1350677
1350697
1350703
1350709
1350731
1350743
1350749
1350751
1350761
1350773
1350779
1350799
1350809
1350823
1350847
1350851
1350857
1350883
1350889
1350893
1350911
1350959
1350961
1350977
1351019
1351027
1351037
1351039
1351061
1351069
1351079
1351087
1351093
1351099
1351111
1351117
1351121
1351123
1351127
1351151
1351169
1351171
1351183
1351199
1351213
1351241
1351243
1351247
1351249
1351253
1351267
1351283
1351289
1351291
1351309
1351327
1351373
1351387
1351397
1351403
1351417
1351421
1351423
1351439
1351459
1351523
1351529
1351541
1351543
1351547
1351589
1351621
1351639
1351663
1351667
1351697
1351703
1351711
1351747
1351751
1351781
1351783
1351799
1351813
1351829
1351837
1351841
1351843
1351853
1351897
1351901
1351913
1351919
1351921
1351949
1351957
1351967
1351979
1351981
1351991
1351997
1352069
1352093
1352107
1352111
1352119
1352123
1352149
1352167
1352171
1352191
1352201
1352203
1352207
1352209
1352227
1352257
1352269
1352279
1352291
1352293
1352311
1352317
1352347
1352359
1352369
1352371
1352383
1352389
1352419
1352441
1352443
1352447
1352459
1352489
1352521
1352543
1352557
1352597
1352599
1352627
1352641
1352657
1352669
1352749
1352753
1352761
1352773
1352777
1352779
1352783
1352803
1352807
1352839
1352849
1352861
1352863
1352873
1352881
1352893
1352903
1352917
1352921
1352957
1352963
1352969
1352977
1352987
1352993
1352999
1353007
1353019
1353029
1353043
1353059
1353089
1353091
1353101
1353133
1353137
1353173
1353179
1353197
1353221
1353223
1353239
1353241
1353257
1353259
1353269
1353277
1353281
1353293
1353301
1353311
1353329
1353371
1353377
1353383
1353397
1353433
1353449
1353463
1353479
1353487
1353551
1353581
1353593
1353607
1353613
1353629
1353641
1353679
1353689
1353701
1353707
1353713
1353733
1353743
1353763
1353767
1353791
1353809
1353827
1353839
1353857
1353881
1353887
1353893
1353901
1353917
1353949
1353967
1353973
1353977
1353983
1354007
1354009
1354013
1354019
1354021
1354037
1354043
1354051
1354057
1354063
1354069
1354081
1354127
1354153
1354159
1354181
1354193
1354207
1354229
1354231
1354247
1354267
1354289
1354291
1354303
1354307
1354321
1354333
1354337
1354343
1354349
1354361
1354391
1354393
1354471
1354481
1354487
1354499
1354501
1354523
1354547
1354571
1354583
1354589
1354601
1354603
1354637
1354649
1354651
1354663
1354687
1354711
1354741
1354777
1354811
1354813
1354819
1354823
1354841
1354853
1354877
1354889
1354901
1354931
1354937
1354939
1354943
1354949
1354957
1354981
1354987
1355021
1355047
1355063
1355071
1355089
1355113
1355119
1355129
1355131
1355153
1355191
1355219
1355243
1355261
1355267
1355269
1355279
1355281
1355293
1355297
1355303
1355309
1355311
1355323
1355329
1355353
1355357
1355363
1355371
1355399
1355401
1355423
1355429
1355443
1355447
1355449
1355483
1355503
1355507
1355513
1355533
1355573
1355579
1355591
1355609
1355623
1355647
1355657
1355659
1355677
1355681
1355693
1355713
1355741
1355743
1355749
1355759
1355771
1355777
1355803
1355807
1355819
1355831
1355843
1355857
1355863
1355867
1355881
1355891
1355917
1355923
1355933
1355941
1355947
1355957
1355983
1355987
1355989
1355999
1356007
1356037
1356053
1356059
1356067
1356077
1356079
1356083
1356101
1356109
1356133
1356143
1356151
1356167
1356169
1356181
1356197
1356221
1356227
1356247
1356253
1356259
1356269
1356319
1356331
1356337
1356371
1356389
1356401
1356409
1356427
1356431
1356451
1356461
1356463
1356473
1356491
1356497
1356499
1356503
1356539
1356547
1356571
1356577
1356599
1356611
1356623
1356629
1356643
1356647
1356659
1356671
1356689
1356697
1356709
1356713
1356721
1356727
1356737
1356743
1356757
1356763
1356811
1356829
1356857
1356869
1356871
1356877
1356899
1356907
1356911
1356913
1356919
1356947
1356973
1357001
1357003
1357009
1357021
1357039
1357043
1357061
1357063
1357079
1357091
1357129
1357163
1357183
1357193
1357201
1357333
1357337
1357351
1357361
1357423
1357427
1357429
1357453
1357463
1357507
1357513
1357537
1357547
1357549
1357561
1357571
1357589
1357619
1357651
1357661
1357669
1357673
1357679
1357703
1357717
1357729
1357753
1357771
1357781
1357787
1357801
1357817
1357823
1357843
1357871
1357883
1357901
1357907
1357919
1357927
1357969
1358009
1358029
1358033
1358039
1358047
1358057
1358059
1358083
1358087
1358111
1358143
1358153
1358167
1358171
1358179
1358183
1358197
1358209
1358213
1358221
1358251
1358257
1358263
1358281
1358297
1358299
1358303
1358309
1358323
1358333
1358353
1358359
1358363
1358369
1358377
1358387
1358393
1358411
1358417
1358437
1358459
1358471
1358477
1358479
1358491
1358507
1358509
1358537
1358561
1358611
1358639
1358647
1358689
1358701
1358713
1358717
1358729
1358741
1358743
1358779
1358783
1358801
1358803
1358807
1358809
1358813
1358821
1358831
1358837
1358857
1358881
1358887
1358891
1358927
1358933
1358939
1358953
1358957
1358977
1358983
1358993
1359023
1359053
1359077
1359091
1359097
1359161
1359173
1359179
1359181
1359209
1359223
1359233
1359247
1359271
1359283
1359307
1359311
1359313
1359329
1359349
1359361
1359367
1359373
1359377
1359401
1359427
1359467
1359487
1359493
1359499
1359509
1359521
1359529
1359563
1359571
1359581
1359619
1359641
1359647
1359661
1359679
1359689
1359719
1359727
1359731
1359733
1359739
1359769
1359803
1359817
1359823
1359833
1359857
1359859
1359871
1359901
1359913
1359937
1359947
1359959
1359971
1359977
1359979
1359991
1359997
1360027
1360049
1360067
1360069
1360081
1360087
1360097
1360103
1360141
1360159
1360171
1360189
1360193
1360201
1360207
1360213
1360223
1360237
1360241
1360253
1360259
1360277
1360279
1360283
1360309
1360313
1360319
1360327
1360349
1360367
1360409
1360417
1360423
1360439
1360441
1360451
1360507
1360511
1360517
1360529
1360531
1360537
1360589
1360591
1360607
1360613
1360631
1360637
1360673
1360687
1360699
1360729
1360747
1360753
1360759
1360763
1360769
1360781
1360783
1360787
1360789
1360811
1360819
1360829
1360847
1360861
1360873
1360889
1360903
1360921
1360943
1360967
1360973
1360981
1361011
1361021
1361023
1361029
1361047
1361051
1361053
1361069
1361081
1361089
1361099
1361123
1361131
1361137
1361149
1361153
1361183
1361197
1361273
1361279
1361287
1361291
1361299
1361317
1361357
1361363
1361383
1361387
1361389
1361401
1361417
1361431
1361441
1361443
1361453
1361471
1361491
1361497
1361533
1361573
1361587
1361593
1361599
1361603
1361609
1361629
1361677
1361699
1361707
1361713
1361741
1361743
1361777
1361791
1361803
1361809
1361813
1361827
1361831
1361839
1361849
1361879
There are 984 prime numbers in S194.
