S195(1361881~1375920)
1361903
1361911
1361929
1361953
1361957
1361959
1361963
1361999
1362017
1362019
1362041
1362059
1362071
1362089
1362103
1362131
1362161
1362181
1362203
1362209
1362211
1362223
1362247
1362271
1362287
1362293
1362299
1362301
1362337
1362341
1362343
1362349
1362353
1362367
1362371
1362401
1362407
1362409
1362421
1362437
1362443
1362457
1362461
1362463
1362479
1362511
1362521
1362523
1362551
1362607
1362619
1362629
1362631
1362637
1362643
1362653
1362689
1362701
1362707
1362709
1362719
1362731
1362761
1362763
1362787
1362833
1362863
1362869
1362883
1362919
1362929
1362931
1362937
1362967
1362973
1362989
1362997
1363027
1363031
1363051
1363069
1363081
1363093
1363099
1363121
1363133
1363139
1363151
1363157
1363171
1363183
1363189
1363207
1363217
1363223
1363259
1363267
1363273
1363277
1363301
1363309
1363321
1363331
1363333
1363361
1363367
1363381
1363393
1363403
1363409
1363429
1363433
1363447
1363469
1363477
1363489
1363511
1363513
1363541
1363547
1363559
1363577
1363603
1363627
1363631
1363673
1363679
1363717
1363727
1363751
1363753
1363771
1363781
1363787
1363793
1363807
1363811
1363837
1363847
1363867
1363883
1363891
1363897
1363909
1363913
1363933
1363937
1363949
1363963
1363979
1363993
1364009
1364017
1364039
1364047
1364059
1364071
1364101
1364137
1364141
1364161
1364177
1364179
1364183
1364191
1364201
1364203
1364213
1364221
1364239
1364243
1364263
1364287
1364299
1364303
1364309
1364323
1364327
1364329
1364339
1364351
1364359
1364381
1364399
1364401
1364417
1364423
1364431
1364453
1364477
1364483
1364491
1364533
1364569
1364581
1364609
1364617
1364621
1364633
1364663
1364677
1364717
1364719
1364731
1364747
1364761
1364771
1364773
1364791
1364809
1364821
1364861
1364897
1364911
1364917
1364953
1364963
1364969
1364971
1365011
1365019
1365029
1365037
1365043
1365047
1365071
1365079
1365097
1365103
1365107
1365109
1365127
1365137
1365139
1365149
1365163
1365167
1365181
1365193
1365197
1365223
1365239
1365251
1365269
1365281
1365289
1365307
1365311
1365313
1365347
1365361
1365367
1365373
1365383
1365431
1365449
1365461
1365467
1365499
1365503
1365547
1365557
1365563
1365571
1365577
1365583
1365659
1365667
1365703
1365709
1365719
1365731
1365733
1365761
1365787
1365799
1365811
1365821
1365869
1365877
1365907
1365911
1365913
1365919
1365977
1365979
1365983
1366009
1366019
1366021
1366031
1366087
1366093
1366109
1366117
1366121
1366159
1366163
1366187
1366213
1366241
1366279
1366289
1366291
1366297
1366303
1366327
1366333
1366349
1366367
1366397
1366427
1366433
1366459
1366471
1366481
1366483
1366493
1366507
1366517
1366523
1366529
1366531
1366543
1366549
1366577
1366597
1366601
1366609
1366627
1366639
1366643
1366649
1366657
1366661
1366663
1366667
1366693
1366709
1366721
1366747
1366753
1366763
1366769
1366793
1366801
1366829
1366831
1366837
1366843
1366861
1366877
1366889
1366903
1366907
1366921
1366933
1366943
1366957
1366979
1366991
1366997
1367017
1367027
1367057
1367059
1367077
1367087
1367101
1367117
1367137
1367141
1367153
1367159
1367161
1367167
1367203
1367231
1367257
1367279
1367291
1367299
1367323
1367339
1367341
1367383
1367393
1367417
1367423
1367447
1367459
1367461
1367479
1367501
1367507
1367519
1367521
1367533
1367539
1367543
1367551
1367573
1367579
1367581
1367593
1367617
1367647
1367687
1367711
1367713
1367749
1367761
1367777
1367783
1367789
1367819
1367827
1367831
1367851
1367857
1367869
1367881
1367887
1367893
1367903
1367921
1367929
1367953
1367963
1367987
1368013
1368053
1368071
1368077
1368079
1368083
1368119
1368121
1368127
1368161
1368163
1368167
1368173
1368181
1368187
1368203
1368229
1368233
1368251
1368253
1368259
1368271
1368281
1368287
1368319
1368329
1368331
1368337
1368343
1368349
1368373
1368377
1368397
1368401
1368439
1368443
1368461
1368463
1368467
1368469
1368473
1368487
1368491
1368509
1368527
1368529
1368547
1368599
1368617
1368643
1368659
1368673
1368683
1368727
1368737
1368739
1368761
1368791
1368793
1368797
1368803
1368811
1368827
1368839
1368841
1368847
1368869
1368907
1368911
1368943
1368967
1368971
1368979
1368989
1369009
1369013
1369019
1369021
1369033
1369051
1369057
1369097
1369099
1369103
1369133
1369139
1369153
1369169
1369183
1369201
1369217
1369219
1369223
1369229
1369243
1369297
1369309
1369321
1369337
1369339
1369369
1369373
1369391
1369393
1369411
1369427
1369429
1369451
1369457
1369483
1369499
1369517
1369531
1369541
1369559
1369561
1369597
1369607
1369619
1369651
1369657
1369723
1369727
1369733
1369747
1369759
1369763
1369783
1369787
1369789
1369793
1369801
1369813
1369831
1369853
1369861
1369871
1369883
1369897
1369943
1369961
1369969
1369981
1370027
1370051
1370053
1370059
1370063
1370069
1370077
1370093
1370099
1370101
1370111
1370113
1370143
1370177
1370189
1370197
1370219
1370227
1370263
1370269
1370287
1370297
1370311
1370321
1370323
1370329
1370359
1370377
1370389
1370407
1370431
1370449
1370459
1370461
1370471
1370483
1370491
1370503
1370519
1370521
1370531
1370533
1370573
1370587
1370597
1370599
1370617
1370623
1370657
1370669
1370683
1370687
1370701
1370723
1370741
1370749
1370773
1370779
1370819
1370821
1370833
1370839
1370857
1370861
1370891
1370899
1370909
1370921
1370933
1370953
1370977
1370981
1370987
1371001
1371017
1371031
1371047
1371061
1371079
1371089
1371103
1371107
1371113
1371119
1371121
1371137
1371151
1371157
1371179
1371187
1371193
1371217
1371229
1371259
1371263
1371301
1371343
1371353
1371389
1371397
1371431
1371449
1371493
1371499
1371511
1371541
1371551
1371563
1371569
1371581
1371583
1371589
1371593
1371599
1371607
1371619
1371641
1371647
1371653
1371661
1371683
1371703
1371731
1371749
1371763
1371767
1371779
1371803
1371817
1371827
1371841
1371863
1371893
1371899
1371911
1371913
1371943
1371947
1371949
1371989
1371991
1372027
1372043
1372051
1372079
1372081
1372097
1372103
1372109
1372127
1372139
1372171
1372183
1372187
1372207
1372211
1372243
1372253
1372271
1372303
1372307
1372331
1372363
1372369
1372373
1372379
1372391
1372403
1372411
1372417
1372421
1372451
1372471
1372493
1372531
1372537
1372543
1372549
1372559
1372583
1372607
1372621
1372627
1372633
1372661
1372667
1372673
1372727
1372739
1372747
1372757
1372759
1372771
1372799
1372829
1372843
1372849
1372867
1372879
1372913
1372933
1372951
1372957
1372961
1372963
1372979
1372981
1372991
1372999
1373027
1373041
1373051
1373059
1373081
1373087
1373129
1373137
1373147
1373153
1373159
1373161
1373167
1373173
1373189
1373191
1373201
1373219
1373227
1373233
1373321
1373341
1373347
1373357
1373363
1373369
1373371
1373381
1373417
1373419
1373431
1373441
1373473
1373483
1373497
1373501
1373521
1373531
1373539
1373543
1373557
1373563
1373591
1373611
1373627
1373639
1373677
1373683
1373689
1373717
1373761
1373777
1373789
1373803
1373819
1373839
1373843
1373849
1373851
1373861
1373873
1373881
1373887
1373891
1373959
1373989
1374007
1374019
1374029
1374041
1374053
1374067
1374073
1374077
1374083
1374101
1374133
1374157
1374173
1374187
1374209
1374211
1374239
1374257
1374271
1374277
1374299
1374301
1374311
1374313
1374341
1374367
1374377
1374379
1374407
1374413
1374431
1374437
1374473
1374481
1374497
1374511
1374533
1374539
1374547
1374551
1374557
1374559
1374589
1374601
1374613
1374617
1374619
1374673
1374677
1374683
1374691
1374697
1374713
1374719
1374721
1374731
1374743
1374749
1374761
1374787
1374827
1374833
1374847
1374851
1374869
1374887
1374929
1374937
1374941
1374953
1374983
1375007
1375013
1375019
1375021
1375037
1375039
1375043
1375051
1375063
1375091
1375103
1375109
1375111
1375117
1375133
1375141
1375159
1375189
1375211
1375219
1375223
1375237
1375243
1375261
1375303
1375307
1375313
1375337
1375357
1375373
1375379
1375411
1375417
1375421
1375433
1375457
1375481
1375513
1375531
1375547
1375567
1375571
1375597
1375601
1375609
1375637
1375639
1375669
1375679
1375681
1375709
1375723
1375727
1375729
1375739
1375747
1375757
1375769
1375783
1375799
1375807
1375813
1375817
1375819
1375823
1375853
1375877
1375879
1375901
There are 988 prime numbers in S195.
