S196(1375921~1390032)
1375921
1375937
1375949
1375951
1375981
1375987
1376003
1376009
1376017
1376033
1376071
1376077
1376093
1376131
1376147
1376153
1376161
1376171
1376173
1376191
1376197
1376203
1376213
1376231
1376237
1376257
1376317
1376321
1376339
1376359
1376377
1376383
1376393
1376407
1376423
1376429
1376443
1376447
1376449
1376461
1376467
1376471
1376491
1376497
1376503
1376509
1376513
1376533
1376539
1376567
1376591
1376603
1376621
1376623
1376653
1376693
1376699
1376701
1376719
1376723
1376729
1376737
1376747
1376773
1376777
1376789
1376819
1376827
1376839
1376897
1376899
1376923
1376929
1376939
1376957
1376971
1376981
1377023
1377031
1377037
1377041
1377043
1377071
1377107
1377121
1377127
1377133
1377137
1377151
1377157
1377169
1377179
1377191
1377223
1377269
1377281
1377293
1377317
1377347
1377349
1377353
1377359
1377371
1377377
1377379
1377403
1377407
1377421
1377427
1377451
1377457
1377469
1377479
1377487
1377491
1377499
1377517
1377533
1377553
1377577
1377589
1377601
1377637
1377643
1377653
1377659
1377667
1377679
1377713
1377737
1377749
1377751
1377757
1377773
1377781
1377787
1377791
1377793
1377811
1377821
1377829
1377847
1377851
1377853
1377881
1377911
1377913
1377923
1377931
1377967
1377973
1377977
1377983
1378001
1378007
1378009
1378019
1378031
1378033
1378057
1378061
1378067
1378073
1378081
1378099
1378103
1378129
1378141
1378147
1378151
1378163
1378187
1378189
1378199
1378217
1378219
1378231
1378249
1378253
1378271
1378277
1378301
1378319
1378337
1378339
1378373
1378387
1378397
1378427
1378439
1378441
1378499
1378501
1378511
1378519
1378529
1378541
1378561
1378567
1378579
1378589
1378591
1378603
1378613
1378639
1378669
1378673
1378679
1378681
1378691
1378703
1378721
1378733
1378759
1378763
1378777
1378799
1378801
1378807
1378813
1378823
1378831
1378841
1378843
1378847
1378859
1378903
1378907
1378943
1378957
1378961
1378969
1378997
1378999
1379003
1379017
1379029
1379047
1379069
1379071
1379089
1379099
1379107
1379111
1379129
1379137
1379141
1379167
1379173
1379201
1379207
1379237
1379239
1379251
1379263
1379291
1379321
1379353
1379359
1379369
1379383
1379387
1379423
1379447
1379449
1379461
1379467
1379473
1379489
1379491
1379503
1379509
1379513
1379519
1379549
1379579
1379603
1379621
1379629
1379633
1379639
1379641
1379657
1379659
1379663
1379681
1379699
1379753
1379797
1379801
1379803
1379809
1379813
1379821
1379857
1379867
1379869
1379879
1379887
1379897
1379923
1379929
1379947
1379953
1379957
1379969
1379981
1379993
1380007
1380013
1380031
1380047
1380053
1380083
1380149
1380157
1380163
1380199
1380221
1380227
1380233
1380241
1380251
1380259
1380271
1380277
1380283
1380289
1380307
1380317
1380319
1380329
1380341
1380377
1380389
1380397
1380419
1380427
1380439
1380443
1380469
1380499
1380517
1380551
1380557
1380563
1380571
1380607
1380611
1380619
1380623
1380629
1380637
1380653
1380671
1380677
1380679
1380707
1380721
1380727
1380763
1380779
1380781
1380793
1380811
1380817
1380853
1380881
1380887
1380889
1380913
1380931
1380947
1380949
1380959
1380971
1380983
1380997
1381027
1381033
1381043
1381057
1381069
1381103
1381109
1381111
1381141
1381147
1381153
1381187
1381207
1381213
1381217
1381229
1381231
1381271
1381273
1381277
1381279
1381291
1381297
1381307
1381313
1381327
1381337
1381349
1381381
1381397
1381409
1381411
1381421
1381427
1381439
1381441
1381451
1381459
1381483
1381487
1381489
1381493
1381507
1381517
1381519
1381529
1381537
1381553
1381559
1381609
1381613
1381621
1381637
1381643
1381649
1381693
1381697
1381727
1381739
1381747
1381759
1381769
1381819
1381837
1381859
1381871
1381883
1381901
1381907
1381921
1381967
1381969
1381973
1381979
1381993
1381997
1381999
1382021
1382023
1382039
1382057
1382089
1382099
1382107
1382113
1382123
1382159
1382167
1382177
1382179
1382189
1382191
1382201
1382207
1382221
1382237
1382243
1382279
1382291
1382309
1382327
1382393
1382419
1382449
1382477
1382501
1382503
1382519
1382527
1382533
1382543
1382551
1382567
1382597
1382609
1382621
1382629
1382651
1382663
1382671
1382677
1382681
1382753
1382767
1382779
1382819
1382827
1382861
1382891
1382893
1382939
1382957
1382959
1382977
1382987
1382989
1382999
1383037
1383043
1383047
1383077
1383089
1383113
1383121
1383139
1383169
1383191
1383199
1383203
1383209
1383287
1383301
1383323
1383331
1383359
1383367
1383377
1383379
1383391
1383401
1383433
1383449
1383451
1383479
1383493
1383497
1383509
1383517
1383521
1383553
1383583
1383589
1383593
1383607
1383653
1383659
1383667
1383691
1383731
1383737
1383743
1383757
1383761
1383769
1383797
1383799
1383803
1383829
1383853
1383857
1383881
1383901
1383913
1383917
1383923
1383937
1383947
1383959
1383961
1383983
1384013
1384027
1384043
1384067
1384069
1384079
1384087
1384091
1384099
1384109
1384121
1384139
1384171
1384189
1384193
1384219
1384231
1384237
1384241
1384247
1384249
1384303
1384309
1384337
1384343
1384349
1384351
1384387
1384391
1384403
1384433
1384477
1384499
1384501
1384507
1384561
1384601
1384613
1384619
1384631
1384661
1384673
1384679
1384697
1384699
1384711
1384717
1384727
1384741
1384781
1384787
1384813
1384829
1384843
1384847
1384849
1384861
1384879
1384909
1384913
1384919
1384921
1384937
1384951
1384961
1384963
1384979
1384993
1385003
1385009
1385017
1385023
1385039
1385051
1385057
1385071
1385077
1385093
1385099
1385101
1385113
1385117
1385147
1385149
1385171
1385179
1385183
1385191
1385203
1385213
1385273
1385287
1385291
1385299
1385303
1385327
1385333
1385341
1385369
1385383
1385387
1385389
1385393
1385399
1385401
1385411
1385429
1385437
1385441
1385459
1385471
1385477
1385479
1385507
1385521
1385561
1385563
1385569
1385603
1385609
1385621
1385647
1385693
1385743
1385749
1385753
1385767
1385777
1385779
1385801
1385809
1385827
1385833
1385837
1385843
1385861
1385863
1385869
1385873
1385887
1385893
1385899
1385921
1385929
1385947
1385953
1385963
1385977
1385987
1386013
1386037
1386043
1386053
1386079
1386083
1386089
1386097
1386139
1386149
1386167
1386179
1386181
1386193
1386199
1386211
1386223
1386239
1386263
1386271
1386283
1386293
1386311
1386313
1386317
1386337
1386361
1386377
1386379
1386383
1386419
1386443
1386457
1386479
1386491
1386499
1386551
1386557
1386569
1386587
1386607
1386611
1386617
1386631
1386643
1386659
1386667
1386691
1386703
1386731
1386733
1386757
1386767
1386773
1386779
1386787
1386811
1386821
1386823
1386839
1386857
1386863
1386881
1386883
1386901
1386929
1386947
1386949
1386953
1386977
1386991
1387007
1387021
1387037
1387039
1387069
1387109
1387117
1387121
1387123
1387129
1387147
1387151
1387163
1387189
1387207
1387213
1387231
1387259
1387261
1387271
1387289
1387313
1387327
1387349
1387357
1387363
1387367
1387403
1387417
1387427
1387433
1387499
1387501
1387517
1387531
1387571
1387579
1387583
1387597
1387601
1387649
1387667
1387669
1387681
1387691
1387717
1387721
1387733
1387781
1387783
1387801
1387807
1387819
1387823
1387847
1387849
1387871
1387877
1387879
1387913
1387921
1387927
1387943
1387961
1387987
1388003
1388011
1388021
1388029
1388041
1388053
1388059
1388063
1388069
1388077
1388081
1388113
1388117
1388141
1388161
1388171
1388183
1388227
1388243
1388269
1388279
1388287
1388293
1388297
1388323
1388327
1388353
1388357
1388363
1388369
1388381
1388393
1388411
1388419
1388449
1388461
1388467
1388473
1388477
1388479
1388483
1388587
1388593
1388603
1388623
1388627
1388633
1388641
1388659
1388669
1388687
1388693
1388701
1388719
1388743
1388773
1388789
1388791
1388797
1388819
1388837
1388873
1388887
1388927
1388941
1388953
1388963
1388969
1389001
1389007
1389083
1389097
1389107
1389133
1389139
1389149
1389163
1389169
1389173
1389191
1389209
1389211
1389217
1389221
1389229
1389233
1389251
1389259
1389277
1389281
1389301
1389319
1389329
1389347
1389371
1389383
1389403
1389431
1389433
1389439
1389469
1389473
1389481
1389491
1389511
1389533
1389539
1389547
1389551
1389559
1389569
1389587
1389589
1389623
1389629
1389643
1389667
1389673
1389677
1389697
1389727
1389749
1389769
1389797
1389809
1389811
1389833
1389841
1389851
1389853
1389877
1389887
1389893
1389911
1389917
1389919
1389943
1389961
1389989
1389991
1390003
1390019
1390027
There are 1006 prime numbers in S196.
