S197(1390033~1404216)
1390043
1390069
1390087
1390111
1390117
1390121
1390157
1390159
1390177
1390199
1390219
1390241
1390247
1390253
1390283
1390297
1390309
1390331
1390339
1390343
1390357
1390369
1390387
1390391
1390399
1390409
1390421
1390457
1390469
1390471
1390483
1390489
1390507
1390517
1390541
1390547
1390573
1390601
1390607
1390619
1390621
1390633
1390639
1390643
1390681
1390693
1390699
1390703
1390709
1390729
1390733
1390757
1390759
1390771
1390783
1390789
1390801
1390813
1390841
1390847
1390859
1390891
1390901
1390903
1390913
1390919
1390931
1390937
1390967
1390969
1390979
1390993
1391011
1391023
1391029
1391041
1391051
1391057
1391081
1391083
1391087
1391113
1391119
1391129
1391183
1391189
1391207
1391233
1391239
1391261
1391267
1391281
1391287
1391317
1391323
1391353
1391363
1391381
1391393
1391407
1391413
1391419
1391441
1391447
1391461
1391479
1391483
1391519
1391521
1391549
1391557
1391561
1391563
1391567
1391573
1391587
1391597
1391627
1391629
1391641
1391647
1391651
1391653
1391669
1391701
1391713
1391729
1391779
1391849
1391861
1391893
1391899
1391917
1391927
1391933
1391941
1391969
1391981
1391989
1392007
1392089
1392101
1392103
1392133
1392143
1392163
1392197
1392221
1392229
1392233
1392253
1392269
1392271
1392277
1392311
1392323
1392353
1392361
1392367
1392373
1392379
1392407
1392431
1392449
1392451
1392463
1392473
1392481
1392497
1392527
1392539
1392541
1392553
1392557
1392607
1392619
1392631
1392649
1392679
1392697
1392701
1392707
1392731
1392733
1392763
1392773
1392779
1392803
1392817
1392829
1392847
1392851
1392877
1392883
1392889
1392901
1392943
1392953
1392959
1392977
1392983
1393003
1393019
1393027
1393039
1393043
1393069
1393079
1393097
1393103
1393121
1393123
1393141
1393159
1393181
1393187
1393193
1393219
1393229
1393241
1393253
1393261
1393283
1393297
1393313
1393331
1393333
1393361
1393367
1393373
1393387
1393397
1393417
1393451
1393453
1393459
1393471
1393489
1393493
1393523
1393559
1393577
1393589
1393607
1393619
1393627
1393633
1393649
1393657
1393661
1393663
1393681
1393687
1393697
1393723
1393739
1393751
1393771
1393781
1393807
1393817
1393831
1393837
1393871
1393883
1393891
1393913
1393919
1393921
1393927
1393933
1393937
1393939
1393957
1393963
1393967
1393969
1393979
1393981
1393991
1393999
1394009
1394021
1394023
1394027
1394047
1394083
1394089
1394131
1394137
1394147
1394149
1394167
1394177
1394209
1394251
1394269
1394273
1394293
1394297
1394299
1394321
1394359
1394383
1394389
1394401
1394413
1394417
1394423
1394431
1394441
1394453
1394479
1394489
1394501
1394509
1394539
1394557
1394573
1394579
1394599
1394633
1394669
1394671
1394681
1394683
1394699
1394707
1394711
1394713
1394737
1394747
1394749
1394753
1394777
1394821
1394831
1394849
1394857
1394891
1394893
1394909
1394917
1394933
1394941
1394977
1394983
1394989
1394993
1395001
1395029
1395047
1395059
1395067
1395073
1395077
1395083
1395109
1395127
1395137
1395167
1395179
1395181
1395187
1395209
1395223
1395263
1395283
1395293
1395301
1395319
1395323
1395337
1395347
1395367
1395413
1395419
1395439
1395463
1395467
1395469
1395481
1395487
1395491
1395523
1395533
1395551
1395553
1395557
1395577
1395593
1395613
1395623
1395629
1395643
1395659
1395661
1395671
1395673
1395679
1395697
1395739
1395743
1395749
1395773
1395781
1395791
1395809
1395817
1395829
1395839
1395859
1395869
1395871
1395883
1395907
1395923
1395943
1395983
1395991
1395997
1396001
1396007
1396013
1396027
1396033
1396037
1396049
1396051
1396061
1396069
1396093
1396099
1396103
1396127
1396141
1396183
1396189
1396207
1396211
1396217
1396223
1396237
1396247
1396259
1396273
1396301
1396303
1396327
1396331
1396387
1396393
1396411
1396427
1396429
1396433
1396453
1396469
1396487
1396513
1396517
1396523
1396529
1396531
1396541
1396547
1396559
1396561
1396579
1396607
1396613
1396627
1396657
1396663
1396667
1396673
1396679
1396687
1396691
1396697
1396711
1396723
1396751
1396753
1396757
1396789
1396817
1396819
1396841
1396847
1396849
1396867
1396877
1396903
1396909
1396939
1396949
1396963
1396979
1396987
1396991
1396999
1397021
1397023
1397029
1397041
1397057
1397059
1397063
1397069
1397087
1397101
1397107
1397117
1397119
1397131
1397153
1397159
1397161
1397167
1397177
1397189
1397219
1397233
1397251
1397257
1397261
1397267
1397287
1397303
1397311
1397329
1397339
1397359
1397437
1397441
1397443
1397447
1397477
1397483
1397491
1397497
1397509
1397521
1397531
1397551
1397563
1397569
1397579
1397581
1397603
1397609
1397633
1397657
1397681
1397717
1397719
1397729
1397743
1397761
1397783
1397833
1397839
1397857
1397861
1397873
1397881
1397909
1397933
1397939
1397951
1397953
1397959
1397983
1397989
1397999
1398011
1398017
1398031
1398037
1398043
1398049
1398053
1398079
1398083
1398091
1398107
1398113
1398121
1398127
1398139
1398151
1398161
1398197
1398209
1398211
1398217
1398227
1398247
1398251
1398259
1398263
1398269
1398281
1398283
1398289
1398307
1398323
1398329
1398347
1398349
1398367
1398401
1398407
1398413
1398421
1398427
1398451
1398473
1398493
1398497
1398517
1398521
1398541
1398557
1398559
1398569
1398577
1398581
1398599
1398611
1398619
1398623
1398659
1398667
1398701
1398707
1398721
1398731
1398737
1398763
1398769
1398773
1398779
1398781
1398841
1398847
1398863
1398871
1398911
1398967
1398973
1398977
1398979
1398997
1399003
1399009
1399019
1399033
1399037
1399039
1399063
1399109
1399121
1399129
1399133
1399183
1399187
1399193
1399199
1399201
1399213
1399231
1399261
1399271
1399273
1399283
1399301
1399319
1399351
1399357
1399361
1399367
1399373
1399381
1399393
1399399
1399403
1399417
1399427
1399439
1399441
1399469
1399471
1399477
1399493
1399499
1399507
1399513
1399529
1399537
1399543
1399547
1399549
1399553
1399577
1399579
1399583
1399589
1399603
1399609
1399621
1399633
1399639
1399663
1399679
1399687
1399691
1399709
1399721
1399733
1399751
1399777
1399789
1399793
1399813
1399817
1399819
1399837
1399843
1399847
1399861
1399883
1399913
1399919
1399943
1399963
1399999
1400017
1400023
1400029
1400039
1400051
1400081
1400093
1400107
1400131
1400141
1400143
1400159
1400173
1400197
1400249
1400251
1400261
1400279
1400297
1400299
1400303
1400327
1400353
1400369
1400383
1400387
1400411
1400417
1400423
1400449
1400453
1400479
1400489
1400507
1400527
1400543
1400557
1400587
1400599
1400627
1400653
1400669
1400687
1400689
1400701
1400731
1400747
1400753
1400801
1400803
1400807
1400809
1400821
1400863
1400873
1400879
1400881
1400887
1400891
1400899
1400923
1400939
1400941
1400947
1400989
1401007
1401017
1401031
1401053
1401067
1401083
1401119
1401131
1401139
1401151
1401167
1401187
1401199
1401203
1401217
1401233
1401247
1401263
1401287
1401317
1401319
1401349
1401371
1401377
1401401
1401403
1401409
1401437
1401443
1401461
1401481
1401487
1401511
1401529
1401559
1401571
1401601
1401607
1401613
1401623
1401629
1401641
1401679
1401683
1401703
1401713
1401721
1401737
1401739
1401761
1401767
1401791
1401793
1401809
1401811
1401817
1401821
1401823
1401857
1401937
1401943
1401949
1401971
1401977
1401979
1401989
1402003
1402019
1402031
1402061
1402081
1402087
1402123
1402127
1402129
1402147
1402153
1402157
1402169
1402201
1402231
1402249
1402267
1402277
1402283
1402301
1402309
1402361
1402363
1402367
1402369
1402391
1402397
1402399
1402417
1402421
1402439
1402459
1402477
1402493
1402501
1402519
1402529
1402543
1402547
1402567
1402571
1402589
1402603
1402673
1402693
1402697
1402699
1402711
1402727
1402763
1402771
1402799
1402801
1402811
1402829
1402847
1402859
1402871
1402873
1402883
1402901
1402937
1402943
1402957
1403009
1403021
1403057
1403071
1403081
1403113
1403137
1403147
1403159
1403167
1403189
1403239
1403249
1403251
1403257
1403261
1403287
1403309
1403323
1403327
1403351
1403357
1403371
1403377
1403383
1403393
1403399
1403407
1403411
1403417
1403429
1403443
1403453
1403459
1403461
1403489
1403491
1403531
1403533
1403557
1403569
1403579
1403603
1403609
1403617
1403627
1403641
1403651
1403653
1403657
1403681
1403683
1403693
1403747
1403789
1403791
1403807
1403813
1403819
1403827
1403833
1403849
1403869
1403879
1403887
1403893
1403903
1403921
1403923
1403933
1403939
1403951
1403953
1403957
1403971
1403981
1404059
1404061
1404071
1404107
1404131
1404133
1404163
1404181
1404191
1404211
There are 1019 prime numbers in S197.
