S199(1418473~1432800)
1418491
1418513
1418551
1418561
1418567
1418569
1418579
1418581
1418611
1418621
1418687
1418689
1418693
1418741
1418759
1418771
1418783
1418797
1418831
1418849
1418867
1418869
1418873
1418881
1418917
1418951
1418953
1418959
1418983
1419001
1419023
1419029
1419037
1419059
1419073
1419079
1419083
1419097
1419137
1419157
1419161
1419163
1419179
1419199
1419233
1419239
1419247
1419251
1419263
1419269
1419293
1419311
1419317
1419337
1419349
1419359
1419371
1419373
1419377
1419389
1419403
1419427
1419469
1419487
1419493
1419497
1419511
1419527
1419533
1419557
1419563
1419589
1419611
1419617
1419641
1419643
1419673
1419679
1419683
1419689
1419697
1419701
1419713
1419739
1419749
1419763
1419791
1419799
1419809
1419827
1419829
1419833
1419839
1419877
1419883
1419911
1419919
1419947
1419961
1419967
1419973
1420009
1420031
1420037
1420039
1420057
1420063
1420073
1420091
1420093
1420099
1420109
1420121
1420123
1420151
1420169
1420201
1420207
1420253
1420259
1420261
1420277
1420283
1420291
1420301
1420303
1420357
1420369
1420373
1420399
1420403
1420429
1420483
1420493
1420501
1420511
1420519
1420561
1420577
1420583
1420603
1420607
1420613
1420621
1420631
1420633
1420651
1420667
1420697
1420717
1420721
1420729
1420753
1420777
1420789
1420807
1420817
1420819
1420831
1420841
1420847
1420879
1420883
1420891
1420901
1420919
1420921
1420931
1420933
1420949
1420967
1420981
1420999
1421011
1421027
1421039
1421041
1421083
1421093
1421099
1421113
1421141
1421153
1421159
1421191
1421213
1421221
1421227
1421243
1421249
1421267
1421291
1421293
1421309
1421317
1421339
1421351
1421389
1421401
1421417
1421437
1421449
1421461
1421471
1421473
1421479
1421501
1421521
1421527
1421543
1421549
1421569
1421603
1421611
1421621
1421627
1421639
1421647
1421663
1421669
1421677
1421689
1421711
1421731
1421737
1421741
1421747
1421759
1421773
1421779
1421801
1421813
1421857
1421867
1421909
1421911
1421933
1421963
1421969
1421977
1421989
1422007
1422011
1422013
1422023
1422061
1422089
1422097
1422103
1422107
1422119
1422133
1422163
1422191
1422193
1422199
1422221
1422227
1422229
1422241
1422257
1422277
1422287
1422293
1422367
1422409
1422419
1422433
1422437
1422439
1422461
1422469
1422493
1422521
1422523
1422541
1422563
1422583
1422593
1422599
1422601
1422637
1422647
1422661
1422671
1422677
1422691
1422709
1422721
1422727
1422749
1422763
1422797
1422821
1422833
1422857
1422877
1422899
1422907
1422923
1422937
1422961
1422973
1422977
1422979
1422991
1423003
1423039
1423061
1423067
1423073
1423091
1423111
1423127
1423129
1423159
1423181
1423183
1423187
1423193
1423231
1423237
1423243
1423259
1423273
1423277
1423283
1423297
1423307
1423319
1423321
1423327
1423333
1423339
1423361
1423369
1423379
1423381
1423391
1423399
1423403
1423417
1423439
1423441
1423451
1423453
1423463
1423469
1423481
1423483
1423507
1423511
1423547
1423553
1423579
1423589
1423603
1423607
1423627
1423637
1423663
1423691
1423703
1423711
1423717
1423753
1423757
1423759
1423781
1423789
1423819
1423843
1423853
1423897
1423901
1423909
1423921
1423931
1423943
1423949
1423957
1423967
1423969
1423979
1423991
1423997
1424021
1424023
1424041
1424077
1424119
1424123
1424149
1424177
1424191
1424231
1424237
1424257
1424261
1424263
1424317
1424323
1424341
1424347
1424351
1424359
1424369
1424399
1424407
1424417
1424431
1424441
1424443
1424471
1424477
1424483
1424497
1424503
1424513
1424519
1424531
1424539
1424557
1424561
1424569
1424573
1424581
1424603
1424659
1424681
1424699
1424701
1424707
1424723
1424737
1424743
1424749
1424767
1424771
1424779
1424789
1424803
1424809
1424831
1424837
1424849
1424851
1424869
1424881
1424903
1424911
1424933
1424939
1424947
1424959
1424963
1424989
1425007
1425029
1425049
1425071
1425077
1425079
1425091
1425097
1425113
1425121
1425139
1425169
1425187
1425199
1425217
1425227
1425251
1425253
1425271
1425293
1425299
1425301
1425311
1425337
1425343
1425367
1425371
1425427
1425439
1425451
1425469
1425481
1425491
1425497
1425503
1425511
1425521
1425527
1425539
1425547
1425583
1425601
1425607
1425629
1425649
1425653
1425661
1425667
1425707
1425733
1425757
1425769
1425791
1425797
1425811
1425821
1425863
1425877
1425881
1425883
1425889
1425899
1425911
1425913
1425917
1425929
1425953
1425967
1425973
1426003
1426043
1426057
1426063
1426067
1426081
1426097
1426109
1426111
1426123
1426127
1426129
1426141
1426151
1426153
1426157
1426163
1426169
1426171
1426199
1426211
1426213
1426223
1426231
1426237
1426247
1426277
1426289
1426291
1426301
1426303
1426331
1426343
1426361
1426367
1426379
1426393
1426427
1426429
1426457
1426471
1426489
1426499
1426511
1426519
1426541
1426543
1426553
1426559
1426567
1426583
1426613
1426619
1426627
1426643
1426669
1426673
1426693
1426699
1426703
1426717
1426723
1426741
1426751
1426753
1426781
1426801
1426807
1426811
1426847
1426877
1426883
1426889
1426891
1426907
1426913
1426927
1426933
1426939
1426949
1426951
1426969
1426981
1426987
1426991
1427017
1427021
1427039
1427047
1427089
1427093
1427117
1427141
1427143
1427191
1427221
1427227
1427233
1427281
1427291
1427297
1427323
1427329
1427341
1427347
1427359
1427383
1427389
1427399
1427401
1427407
1427411
1427431
1427453
1427479
1427483
1427501
1427509
1427513
1427521
1427539
1427551
1427561
1427563
1427567
1427599
1427617
1427627
1427653
1427663
1427681
1427687
1427707
1427737
1427747
1427749
1427753
1427773
1427809
1427821
1427843
1427851
1427879
1427887
1427893
1427897
1427911
1427917
1427927
1427957
1427963
1427969
1427999
1428013
1428029
1428041
1428079
1428109
1428113
1428127
1428137
1428143
1428151
1428157
1428169
1428179
1428197
1428199
1428209
1428233
1428247
1428253
1428257
1428281
1428359
1428389
1428409
1428419
1428431
1428473
1428491
1428521
1428529
1428541
1428571
1428587
1428593
1428601
1428613
1428631
1428649
1428671
1428673
1428677
1428689
1428703
1428709
1428751
1428767
1428769
1428787
1428793
1428811
1428839
1428851
1428853
1428863
1428887
1428893
1428899
1428923
1428929
1428937
1428949
1428953
1428979
1428991
1428997
1429027
1429061
1429063
1429067
1429081
1429093
1429097
1429117
1429133
1429163
1429187
1429201
1429231
1429247
1429249
1429261
1429279
1429283
1429303
1429319
1429349
1429367
1429369
1429387
1429397
1429399
1429403
1429409
1429423
1429451
1429469
1429481
1429507
1429523
1429529
1429531
1429543
1429553
1429567
1429573
1429583
1429591
1429601
1429609
1429619
1429633
1429651
1429661
1429669
1429697
1429721
1429733
1429741
1429759
1429763
1429777
1429783
1429801
1429811
1429817
1429829
1429837
1429843
1429849
1429859
1429861
1429867
1429871
1429889
1429907
1429913
1429927
1429943
1429951
1429969
1430027
1430041
1430063
1430089
1430119
1430131
1430167
1430179
1430183
1430197
1430201
1430237
1430239
1430243
1430279
1430281
1430287
1430291
1430293
1430321
1430357
1430381
1430413
1430419
1430441
1430461
1430479
1430503
1430521
1430543
1430587
1430593
1430603
1430617
1430641
1430647
1430659
1430677
1430683
1430687
1430707
1430711
1430713
1430717
1430729
1430749
1430783
1430789
1430797
1430801
1430813
1430851
1430857
1430861
1430879
1430881
1430887
1430903
1430921
1430939
1430953
1430959
1430969
1430971
1430987
1430993
1431007
1431013
1431029
1431047
1431071
1431097
1431107
1431113
1431119
1431127
1431139
1431149
1431161
1431173
1431191
1431193
1431203
1431211
1431217
1431223
1431253
1431257
1431263
1431277
1431307
1431317
1431323
1431337
1431347
1431361
1431373
1431377
1431379
1431389
1431413
1431421
1431439
1431449
1431461
1431467
1431491
1431503
1431511
1431523
1431539
1431557
1431569
1431571
1431581
1431601
1431607
1431613
1431637
1431649
1431659
1431713
1431721
1431733
1431737
1431751
1431763
1431769
1431779
1431799
1431809
1431827
1431841
1431847
1431851
1431869
1431907
1431917
1431919
1431923
1431929
1431959
1431967
1431977
1432001
1432019
1432021
1432031
1432073
1432091
1432103
1432111
1432129
1432139
1432147
1432177
1432181
1432217
1432243
1432271
1432273
1432297
1432303
1432313
1432351
1432357
1432363
1432411
1432423
1432427
1432439
1432441
1432447
1432451
1432469
1432481
1432489
1432493
1432511
1432517
1432531
1432547
1432549
1432559
1432577
1432583
1432589
1432591
1432621
1432637
1432649
1432667
1432679
1432681
1432699
1432703
1432723
1432729
1432741
1432757
1432799
There are 1020 prime numbers in S199.
