S200(1432801~1447200)
1432801
1432807
1432813
1432841
1432859
1432891
1432897
1432903
1432927
1432931
1432943
1432957
1432979
1432987
1432997
1433011
1433017
1433021
1433041
1433053
1433057
1433059
1433071
1433101
1433119
1433123
1433129
1433137
1433149
1433177
1433203
1433207
1433213
1433239
1433251
1433273
1433293
1433309
1433329
1433351
1433353
1433357
1433363
1433371
1433413
1433437
1433473
1433477
1433489
1433503
1433513
1433519
1433527
1433539
1433573
1433581
1433587
1433591
1433603
1433623
1433629
1433633
1433669
1433681
1433689
1433699
1433711
1433717
1433723
1433737
1433741
1433743
1433767
1433777
1433801
1433813
1433819
1433821
1433833
1433849
1433891
1433903
1433909
1433941
1433947
1433953
1433989
1434011
1434019
1434023
1434031
1434067
1434077
1434089
1434107
1434109
1434131
1434133
1434143
1434149
1434161
1434187
1434203
1434217
1434229
1434241
1434247
1434259
1434281
1434283
1434289
1434337
1434353
1434359
1434373
1434383
1434397
1434421
1434431
1434439
1434451
1434457
1434469
1434473
1434491
1434493
1434497
1434539
1434541
1434553
1434571
1434593
1434599
1434607
1434617
1434623
1434637
1434661
1434677
1434679
1434691
1434707
1434731
1434737
1434743
1434757
1434779
1434791
1434793
1434803
1434827
1434841
1434847
1434857
1434883
1434887
1434911
1434913
1434929
1434941
1434943
1434991
1434997
1435001
1435009
1435037
1435061
1435069
1435079
1435097
1435103
1435111
1435117
1435121
1435129
1435139
1435141
1435151
1435163
1435171
1435183
1435201
1435219
1435229
1435237
1435243
1435249
1435261
1435271
1435277
1435289
1435307
1435339
1435363
1435373
1435403
1435409
1435417
1435457
1435459
1435477
1435493
1435501
1435519
1435523
1435537
1435543
1435559
1435561
1435571
1435573
1435589
1435597
1435607
1435613
1435627
1435631
1435657
1435663
1435669
1435739
1435741
1435751
1435783
1435787
1435793
1435801
1435829
1435831
1435853
1435901
1435909
1435919
1435921
1435937
1435997
1436003
1436021
1436023
1436027
1436063
1436069
1436087
1436089
1436093
1436101
1436111
1436131
1436147
1436159
1436173
1436203
1436207
1436221
1436231
1436249
1436251
1436257
1436263
1436269
1436291
1436297
1436311
1436333
1436339
1436363
1436387
1436411
1436417
1436429
1436431
1436437
1436441
1436443
1436467
1436471
1436507
1436527
1436531
1436537
1436563
1436593
1436623
1436627
1436639
1436651
1436693
1436711
1436731
1436737
1436749
1436767
1436779
1436797
1436801
1436803
1436849
1436867
1436899
1436909
1436917
1436923
1436933
1436957
1436999
1437011
1437013
1437019
1437031
1437041
1437047
1437049
1437053
1437097
1437101
1437133
1437187
1437193
1437199
1437203
1437223
1437229
1437239
1437251
1437257
1437263
1437283
1437287
1437301
1437313
1437323
1437329
1437341
1437347
1437349
1437379
1437389
1437391
1437409
1437421
1437427
1437451
1437461
1437467
1437481
1437493
1437511
1437517
1437551
1437577
1437581
1437607
1437613
1437629
1437641
1437647
1437659
1437691
1437697
1437713
1437719
1437739
1437743
1437757
1437773
1437797
1437817
1437833
1437841
1437847
1437851
1437853
1437869
1437883
1437899
1437913
1437949
1437959
1437967
1437991
1438001
1438009
1438033
1438057
1438061
1438067
1438069
1438093
1438097
1438103
1438109
1438117
1438123
1438159
1438163
1438169
1438181
1438207
1438211
1438223
1438231
1438237
1438253
1438267
1438271
1438279
1438291
1438303
1438379
1438399
1438417
1438447
1438457
1438477
1438483
1438501
1438517
1438537
1438583
1438609
1438643
1438663
1438667
1438681
1438687
1438709
1438721
1438729
1438747
1438751
1438753
1438763
1438771
1438793
1438817
1438831
1438837
1438847
1438849
1438867
1438883
1438891
1438901
1438907
1438919
1438933
1438937
1438939
1438961
1438963
1438973
1438979
1438991
1438993
1439017
1439023
1439027
1439047
1439071
1439077
1439089
1439107
1439111
1439129
1439147
1439161
1439171
1439177
1439209
1439233
1439239
1439261
1439267
1439279
1439287
1439293
1439309
1439323
1439329
1439359
1439369
1439371
1439377
1439381
1439393
1439401
1439413
1439429
1439437
1439443
1439447
1439513
1439521
1439527
1439549
1439561
1439579
1439651
1439663
1439681
1439693
1439699
1439701
1439717
1439719
1439729
1439743
1439749
1439759
1439773
1439791
1439803
1439827
1439833
1439881
1439891
1439903
1439909
1439927
1439947
1439969
1439989
1440011
1440017
1440037
1440079
1440107
1440119
1440203
1440209
1440211
1440233
1440239
1440247
1440253
1440259
1440269
1440293
1440301
1440317
1440349
1440379
1440391
1440403
1440419
1440437
1440443
1440449
1440469
1440473
1440479
1440493
1440499
1440511
1440533
1440553
1440557
1440577
1440581
1440583
1440587
1440589
1440611
1440619
1440623
1440641
1440679
1440689
1440707
1440727
1440731
1440737
1440763
1440773
1440779
1440799
1440811
1440823
1440847
1440851
1440853
1440877
1440883
1440889
1440913
1440949
1440953
1440961
1440983
1441001
1441007
1441009
1441031
1441049
1441051
1441057
1441061
1441081
1441117
1441127
1441133
1441151
1441189
1441199
1441201
1441217
1441241
1441259
1441289
1441301
1441309
1441313
1441327
1441331
1441339
1441343
1441351
1441361
1441367
1441373
1441381
1441411
1441423
1441439
1441459
1441463
1441471
1441523
1441529
1441543
1441553
1441567
1441579
1441589
1441591
1441603
1441633
1441637
1441669
1441673
1441679
1441681
1441697
1441703
1441721
1441723
1441729
1441751
1441757
1441771
1441807
1441837
1441849
1441871
1441877
1441879
1441883
1441931
1441933
1441949
1441963
1441981
1442003
1442009
1442017
1442053
1442057
1442069
1442071
1442087
1442143
1442159
1442173
1442191
1442209
1442227
1442251
1442267
1442279
1442299
1442317
1442321
1442327
1442333
1442341
1442351
1442377
1442393
1442411
1442429
1442437
1442453
1442459
1442509
1442513
1442527
1442531
1442549
1442579
1442591
1442599
1442611
1442621
1442627
1442633
1442641
1442653
1442657
1442669
1442717
1442723
1442731
1442743
1442783
1442797
1442827
1442849
1442863
1442869
1442873
1442887
1442899
1442911
1442921
1442923
1442939
1442941
1442971
1442983
1442989
1443007
1443053
1443059
1443067
1443073
1443083
1443103
1443119
1443131
1443139
1443151
1443157
1443161
1443193
1443203
1443223
1443257
1443271
1443293
1443307
1443311
1443331
1443341
1443353
1443383
1443389
1443397
1443401
1443427
1443437
1443439
1443461
1443469
1443473
1443509
1443517
1443523
1443529
1443551
1443557
1443571
1443581
1443587
1443613
1443647
1443653
1443679
1443683
1443697
1443709
1443713
1443719
1443727
1443781
1443787
1443797
1443803
1443817
1443839
1443857
1443859
1443899
1443913
1443941
1443961
1443971
1443977
1443989
1444007
1444043
1444063
1444067
1444081
1444087
1444103
1444109
1444111
1444181
1444187
1444213
1444217
1444237
1444249
1444271
1444273
1444279
1444291
1444309
1444411
1444441
1444447
1444459
1444463
1444477
1444481
1444483
1444489
1444493
1444501
1444523
1444529
1444543
1444567
1444571
1444613
1444633
1444649
1444657
1444661
1444679
1444687
1444697
1444747
1444753
1444759
1444763
1444771
1444777
1444787
1444789
1444801
1444811
1444819
1444823
1444873
1444897
1444901
1444903
1444909
1444913
1444943
1444957
1444967
1444973
1444979
1444981
1444999
1445033
1445039
1445047
1445053
1445057
1445071
1445077
1445107
1445117
1445137
1445149
1445161
1445173
1445177
1445179
1445207
1445237
1445239
1445261
1445287
1445303
1445317
1445329
1445333
1445341
1445351
1445371
1445401
1445407
1445413
1445417
1445419
1445429
1445443
1445453
1445467
1445497
1445503
1445513
1445519
1445533
1445557
1445567
1445569
1445581
1445593
1445599
1445657
1445669
1445671
1445687
1445699
1445707
1445713
1445723
1445749
1445753
1445771
1445797
1445827
1445831
1445863
1445879
1445887
1445921
1445929
1445953
1445959
1445963
1445971
1445981
1445989
1446001
1446007
1446019
1446023
1446041
1446043
1446059
1446073
1446077
1446083
1446089
1446091
1446097
1446113
1446131
1446167
1446169
1446187
1446191
1446197
1446227
1446233
1446239
1446251
1446257
1446281
1446301
1446311
1446323
1446353
1446359
1446383
1446397
1446409
1446427
1446437
1446449
1446457
1446469
1446509
1446551
1446559
1446587
1446611
1446617
1446619
1446629
1446637
1446659
1446673
1446689
1446701
1446703
1446713
1446719
1446761
1446779
1446791
1446803
1446829
1446833
1446871
1446881
1446889
1446899
1446901
1446917
1446919
1446923
1446941
1446971
1446997
1447001
1447003
1447007
1447009
1447031
1447037
1447063
1447067
1447073
1447099
1447123
1447139
1447151
1447153
1447169
1447189
There are 1027 prime numbers in S200.
