S201(1447201~1461672)
1447213
1447217
1447219
1447223
1447231
1447241
1447247
1447273
1447279
1447283
1447291
1447309
1447331
1447333
1447343
1447349
1447351
1447373
1447379
1447387
1447399
1447409
1447427
1447429
1447441
1447471
1447487
1447507
1447529
1447543
1447549
1447559
1447561
1447571
1447583
1447609
1447627
1447631
1447639
1447661
1447711
1447717
1447727
1447759
1447777
1447799
1447807
1447811
1447813
1447843
1447861
1447867
1447877
1447889
1447891
1447913
1447949
1447951
1447961
1447969
1447973
1447981
1447987
1448003
1448021
1448039
1448053
1448059
1448063
1448081
1448087
1448171
1448177
1448189
1448191
1448203
1448207
1448219
1448221
1448303
1448309
1448357
1448371
1448387
1448401
1448411
1448423
1448431
1448443
1448449
1448453
1448477
1448497
1448533
1448569
1448593
1448611
1448659
1448663
1448683
1448687
1448717
1448737
1448743
1448761
1448767
1448771
1448779
1448789
1448801
1448803
1448819
1448827
1448833
1448849
1448857
1448873
1448879
1448903
1448929
1448947
1448983
1448989
1449001
1449013
1449017
1449061
1449067
1449089
1449113
1449121
1449127
1449163
1449167
1449169
1449191
1449193
1449209
1449211
1449241
1449271
1449289
1449293
1449307
1449311
1449319
1449337
1449361
1449367
1449379
1449389
1449431
1449439
1449443
1449479
1449509
1449517
1449521
1449523
1449551
1449557
1449563
1449577
1449583
1449587
1449589
1449599
1449601
1449611
1449619
1449647
1449649
1449661
1449671
1449673
1449683
1449691
1449733
1449779
1449817
1449823
1449827
1449829
1449841
1449863
1449869
1449893
1449907
1449911
1449937
1449941
1449949
1449953
1449967
1449977
1449979
1449983
1450019
1450021
1450051
1450063
1450069
1450073
1450103
1450109
1450139
1450147
1450157
1450177
1450199
1450201
1450231
1450237
1450243
1450249
1450271
1450277
1450283
1450297
1450307
1450331
1450333
1450367
1450391
1450399
1450429
1450439
1450447
1450453
1450469
1450481
1450487
1450489
1450499
1450507
1450513
1450531
1450543
1450571
1450573
1450577
1450613
1450619
1450637
1450639
1450651
1450697
1450699
1450711
1450727
1450739
1450741
1450747
1450753
1450759
1450819
1450847
1450849
1450853
1450861
1450871
1450873
1450877
1450903
1450907
1450913
1450919
1450927
1450931
1450963
1450979
1450991
1451003
1451039
1451041
1451053
1451057
1451059
1451081
1451083
1451119
1451123
1451143
1451147
1451161
1451179
1451209
1451213
1451237
1451243
1451249
1451257
1451267
1451291
1451321
1451339
1451347
1451371
1451383
1451393
1451423
1451509
1451521
1451531
1451539
1451557
1451561
1451573
1451603
1451609
1451623
1451633
1451641
1451663
1451677
1451713
1451717
1451719
1451729
1451741
1451743
1451759
1451767
1451797
1451831
1451833
1451837
1451839
1451867
1451893
1451899
1451909
1451911
1451929
1451959
1451969
1452047
1452079
1452083
1452109
1452127
1452131
1452149
1452169
1452181
1452193
1452203
1452211
1452221
1452223
1452229
1452247
1452263
1452271
1452277
1452281
1452299
1452301
1452317
1452323
1452329
1452377
1452383
1452413
1452419
1452421
1452433
1452439
1452449
1452457
1452461
1452487
1452491
1452511
1452527
1452533
1452541
1452553
1452557
1452559
1452613
1452631
1452637
1452653
1452709
1452713
1452727
1452743
1452751
1452767
1452779
1452791
1452809
1452827
1452833
1452839
1452851
1452853
1452859
1452863
1452907
1452923
1452947
1452961
1452977
1452991
1453003
1453009
1453019
1453033
1453037
1453043
1453057
1453061
1453091
1453093
1453129
1453141
1453169
1453171
1453181
1453201
1453223
1453241
1453267
1453307
1453321
1453337
1453339
1453343
1453369
1453391
1453399
1453411
1453427
1453429
1453453
1453457
1453469
1453477
1453489
1453493
1453499
1453513
1453537
1453547
1453549
1453553
1453597
1453603
1453607
1453609
1453643
1453651
1453657
1453681
1453703
1453723
1453729
1453759
1453783
1453817
1453831
1453847
1453871
1453877
1453883
1453889
1453897
1453909
1453913
1453919
1453927
1453939
1453943
1453957
1453961
1453997
1454003
1454021
1454029
1454041
1454053
1454059
1454071
1454081
1454099
1454119
1454143
1454149
1454177
1454191
1454207
1454209
1454239
1454249
1454261
1454273
1454339
1454347
1454351
1454371
1454377
1454381
1454399
1454417
1454419
1454441
1454443
1454459
1454461
1454477
1454513
1454521
1454533
1454539
1454549
1454567
1454569
1454573
1454587
1454591
1454597
1454599
1454633
1454657
1454683
1454689
1454699
1454701
1454711
1454731
1454743
1454759
1454767
1454779
1454801
1454807
1454821
1454839
1454851
1454863
1454891
1454897
1454899
1454927
1454939
1454941
1454953
1454969
1454977
1454983
1454987
1454989
1454993
1455007
1455011
1455019
1455023
1455029
1455031
1455037
1455043
1455053
1455067
1455079
1455089
1455119
1455121
1455127
1455143
1455151
1455193
1455197
1455199
1455203
1455211
1455227
1455241
1455253
1455257
1455263
1455301
1455317
1455323
1455329
1455341
1455359
1455361
1455367
1455373
1455379
1455383
1455403
1455409
1455431
1455437
1455439
1455491
1455499
1455527
1455563
1455569
1455599
1455607
1455613
1455653
1455661
1455673
1455677
1455683
1455697
1455703
1455721
1455757
1455767
1455781
1455809
1455821
1455827
1455833
1455841
1455847
1455859
1455871
1455893
1455901
1455907
1455911
1455929
1455941
1455947
1455953
1455959
1455973
1455983
1455991
1456001
1456019
1456057
1456087
1456099
1456121
1456123
1456127
1456157
1456159
1456171
1456187
1456219
1456229
1456241
1456243
1456267
1456289
1456313
1456321
1456333
1456381
1456391
1456393
1456417
1456439
1456451
1456501
1456517
1456519
1456529
1456537
1456541
1456547
1456561
1456603
1456627
1456633
1456643
1456657
1456667
1456687
1456691
1456703
1456709
1456717
1456739
1456759
1456789
1456799
1456823
1456837
1456867
1456877
1456891
1456919
1456921
1456927
1456937
1456943
1456963
1457011
1457021
1457033
1457039
1457051
1457059
1457069
1457077
1457083
1457111
1457143
1457147
1457149
1457161
1457177
1457201
1457207
1457213
1457219
1457251
1457273
1457293
1457321
1457333
1457353
1457363
1457371
1457381
1457389
1457411
1457419
1457429
1457437
1457459
1457479
1457483
1457497
1457501
1457503
1457513
1457551
1457633
1457639
1457647
1457653
1457663
1457683
1457741
1457749
1457783
1457791
1457803
1457821
1457849
1457857
1457861
1457867
1457873
1457879
1457887
1457891
1457921
1457933
1457941
1457957
1457959
1457969
1457983
1457999
1458011
1458019
1458031
1458049
1458053
1458071
1458097
1458101
1458113
1458151
1458157
1458167
1458169
1458179
1458203
1458229
1458239
1458253
1458257
1458283
1458293
1458319
1458337
1458343
1458349
1458371
1458397
1458403
1458409
1458427
1458433
1458461
1458463
1458469
1458473
1458487
1458521
1458533
1458547
1458593
1458599
1458601
1458607
1458619
1458623
1458629
1458631
1458641
1458659
1458673
1458697
1458703
1458707
1458713
1458727
1458749
1458757
1458817
1458841
1458857
1458871
1458881
1458883
1458907
1458911
1458971
1458973
1458997
1459027
1459061
1459069
1459091
1459099
1459109
1459111
1459123
1459141
1459153
1459163
1459177
1459207
1459217
1459253
1459259
1459261
1459277
1459301
1459319
1459351
1459369
1459411
1459421
1459427
1459429
1459439
1459453
1459457
1459481
1459517
1459531
1459537
1459543
1459583
1459589
1459597
1459609
1459631
1459651
1459663
1459681
1459691
1459709
1459727
1459771
1459793
1459811
1459823
1459849
1459853
1459873
1459891
1459901
1459907
1459921
1459933
1459937
1459949
1459951
1459957
1459963
1459993
1460003
1460021
1460027
1460029
1460033
1460059
1460071
1460077
1460087
1460089
1460099
1460101
1460111
1460117
1460143
1460153
1460161
1460167
1460171
1460177
1460189
1460213
1460233
1460267
1460269
1460281
1460311
1460341
1460369
1460377
1460383
1460413
1460423
1460429
1460447
1460467
1460479
1460483
1460497
1460507
1460567
1460593
1460603
1460609
1460617
1460629
1460633
1460651
1460653
1460671
1460681
1460687
1460729
1460731
1460737
1460741
1460743
1460747
1460773
1460821
1460857
1460863
1460867
1460887
1460903
1460911
1460923
1460941
1460951
1460957
1460971
1460981
1460989
1460993
1461001
1461073
1461077
1461079
1461091
1461101
1461127
1461139
1461151
1461169
1461179
1461181
1461193
1461209
1461211
1461283
1461287
1461289
1461293
1461301
1461311
1461329
1461349
1461353
1461359
1461367
1461391
1461401
1461403
1461407
1461409
1461413
1461419
1461437
1461451
1461479
1461497
1461511
1461517
1461553
1461563
1461583
1461587
1461599
1461601
1461623
1461631
1461637
1461641
1461659
1461661
1461667
1461671
There are 1025 prime numbers in S201.
