S203(1476217~1490832)
1476217
1476227
1476253
1476259
1476283
1476311
1476323
1476329
1476359
1476379
1476401
1476403
1476407
1476413
1476457
1476463
1476469
1476473
1476511
1476523
1476529
1476539
1476551
1476581
1476641
1476647
1476649
1476659
1476677
1476689
1476691
1476701
1476703
1476719
1476743
1476751
1476791
1476793
1476799
1476803
1476817
1476823
1476857
1476859
1476869
1476877
1476887
1476911
1476913
1476919
1476949
1476953
1476961
1476967
1476973
1476983
1476989
1477001
1477027
1477031
1477039
1477043
1477051
1477061
1477067
1477081
1477087
1477097
1477103
1477109
1477111
1477127
1477139
1477159
1477169
1477187
1477207
1477219
1477291
1477309
1477319
1477321
1477331
1477337
1477339
1477361
1477363
1477369
1477381
1477393
1477397
1477403
1477409
1477457
1477477
1477499
1477501
1477507
1477513
1477519
1477547
1477559
1477577
1477583
1477607
1477613
1477621
1477631
1477639
1477643
1477661
1477699
1477703
1477711
1477747
1477757
1477769
1477771
1477787
1477789
1477807
1477823
1477831
1477843
1477871
1477897
1477901
1477907
1477913
1477937
1477951
1477961
1477979
1477999
1478017
1478021
1478027
1478033
1478047
1478051
1478063
1478069
1478083
1478089
1478119
1478123
1478129
1478161
1478179
1478189
1478203
1478207
1478209
1478231
1478237
1478251
1478263
1478273
1478287
1478293
1478353
1478357
1478369
1478381
1478387
1478413
1478423
1478429
1478437
1478443
1478459
1478467
1478471
1478513
1478549
1478563
1478591
1478593
1478611
1478627
1478639
1478663
1478683
1478689
1478699
1478707
1478723
1478759
1478767
1478777
1478809
1478837
1478839
1478843
1478857
1478861
1478863
1478887
1478909
1478921
1478929
1478933
1478947
1478957
1478963
1478987
1478999
1479007
1479011
1479013
1479031
1479047
1479059
1479073
1479083
1479089
1479109
1479113
1479133
1479139
1479151
1479161
1479173
1479193
1479197
1479209
1479211
1479217
1479229
1479251
1479253
1479263
1479271
1479277
1479281
1479287
1479301
1479341
1479343
1479409
1479437
1479449
1479451
1479469
1479479
1479481
1479487
1479497
1479539
1479547
1479553
1479557
1479559
1479571
1479581
1479589
1479617
1479671
1479679
1479713
1479721
1479727
1479733
1479757
1479761
1479763
1479773
1479781
1479791
1479809
1479817
1479823
1479839
1479851
1479857
1479859
1479871
1479883
1479887
1479911
1479913
1479937
1479941
1479991
1479997
1480001
1480013
1480019
1480021
1480067
1480079
1480093
1480099
1480153
1480163
1480181
1480201
1480229
1480243
1480261
1480273
1480277
1480291
1480301
1480313
1480319
1480321
1480331
1480379
1480393
1480397
1480417
1480429
1480433
1480459
1480483
1480517
1480519
1480541
1480543
1480553
1480561
1480571
1480573
1480597
1480601
1480621
1480627
1480631
1480643
1480663
1480669
1480673
1480679
1480691
1480709
1480733
1480741
1480757
1480771
1480781
1480783
1480793
1480811
1480837
1480861
1480883
1480891
1480903
1480907
1480909
1480931
1480933
1480937
1480991
1481003
1481021
1481027
1481033
1481041
1481047
1481071
1481099
1481113
1481143
1481153
1481167
1481173
1481189
1481197
1481219
1481231
1481239
1481257
1481281
1481309
1481321
1481339
1481353
1481357
1481377
1481387
1481413
1481477
1481483
1481489
1481497
1481503
1481527
1481537
1481539
1481551
1481573
1481603
1481611
1481663
1481671
1481693
1481717
1481719
1481731
1481743
1481747
1481749
1481759
1481773
1481783
1481797
1481801
1481819
1481849
1481881
1481891
1481897
1481899
1481911
1481917
1481927
1481947
1481951
1481971
1481989
1481993
1481999
1482007
1482011
1482023
1482029
1482049
1482053
1482059
1482101
1482121
1482127
1482137
1482163
1482181
1482193
1482199
1482211
1482233
1482263
1482289
1482293
1482301
1482307
1482319
1482337
1482343
1482359
1482407
1482413
1482421
1482431
1482443
1482449
1482457
1482461
1482469
1482487
1482491
1482499
1482541
1482577
1482581
1482583
1482599
1482617
1482631
1482647
1482659
1482661
1482671
1482707
1482737
1482739
1482743
1482763
1482773
1482797
1482809
1482821
1482827
1482851
1482853
1482863
1482869
1482883
1482889
1482907
1482919
1482937
1482959
1482967
1483003
1483019
1483021
1483039
1483043
1483049
1483061
1483073
1483087
1483091
1483103
1483123
1483151
1483169
1483171
1483177
1483187
1483193
1483231
1483241
1483249
1483253
1483259
1483277
1483283
1483289
1483309
1483327
1483331
1483333
1483343
1483357
1483393
1483397
1483411
1483423
1483429
1483439
1483451
1483453
1483507
1483519
1483529
1483549
1483561
1483597
1483621
1483627
1483631
1483633
1483637
1483681
1483693
1483697
1483711
1483717
1483721
1483733
1483739
1483759
1483763
1483787
1483793
1483813
1483819
1483861
1483883
1483903
1483907
1483927
1483967
1483969
1483987
1483991
1483997
1484009
1484023
1484039
1484047
1484051
1484057
1484081
1484111
1484137
1484141
1484143
1484177
1484183
1484201
1484207
1484209
1484221
1484227
1484233
1484237
1484243
1484257
1484281
1484291
1484303
1484347
1484359
1484369
1484377
1484387
1484393
1484407
1484419
1484437
1484449
1484453
1484459
1484467
1484473
1484479
1484501
1484507
1484531
1484537
1484563
1484573
1484579
1484591
1484629
1484633
1484657
1484663
1484671
1484677
1484701
1484723
1484737
1484741
1484803
1484827
1484837
1484849
1484911
1484927
1484929
1484947
1484969
1484999
1485013
1485017
1485019
1485023
1485031
1485037
1485047
1485049
1485067
1485101
1485109
1485139
1485191
1485193
1485199
1485221
1485227
1485233
1485251
1485259
1485269
1485277
1485347
1485353
1485373
1485383
1485397
1485413
1485433
1485461
1485469
1485479
1485487
1485503
1485541
1485557
1485559
1485563
1485571
1485581
1485599
1485619
1485683
1485703
1485713
1485719
1485721
1485733
1485739
1485751
1485761
1485763
1485787
1485793
1485821
1485853
1485871
1485877
1485889
1485917
1485937
1485947
1486003
1486019
1486057
1486081
1486087
1486091
1486097
1486103
1486117
1486139
1486141
1486153
1486181
1486183
1486189
1486223
1486241
1486249
1486267
1486271
1486297
1486301
1486321
1486333
1486339
1486343
1486349
1486363
1486367
1486379
1486399
1486403
1486409
1486411
1486451
1486493
1486501
1486517
1486523
1486547
1486561
1486571
1486577
1486591
1486603
1486607
1486609
1486637
1486649
1486687
1486691
1486699
1486711
1486733
1486747
1486757
1486777
1486781
1486787
1486799
1486813
1486829
1486841
1486843
1486847
1486867
1486873
1486907
1486909
1486943
1486951
1486957
1486963
1486987
1486999
1487009
1487027
1487051
1487053
1487071
1487081
1487093
1487099
1487113
1487117
1487131
1487159
1487173
1487179
1487191
1487197
1487201
1487219
1487231
1487251
1487273
1487303
1487351
1487359
1487383
1487389
1487399
1487401
1487417
1487429
1487441
1487459
1487461
1487471
1487489
1487509
1487527
1487539
1487543
1487557
1487569
1487579
1487581
1487593
1487599
1487623
1487641
1487711
1487713
1487743
1487749
1487753
1487777
1487779
1487797
1487809
1487819
1487821
1487867
1487873
1487887
1487917
1487933
1487951
1487953
1487963
1487977
1487987
1487989
1488007
1488017
1488043
1488073
1488119
1488121
1488127
1488131
1488133
1488139
1488143
1488167
1488173
1488181
1488199
1488209
1488211
1488233
1488239
1488241
1488301
1488337
1488343
1488371
1488379
1488413
1488419
1488427
1488433
1488451
1488467
1488481
1488493
1488499
1488533
1488559
1488563
1488577
1488581
1488607
1488623
1488653
1488661
1488667
1488671
1488701
1488727
1488737
1488749
1488761
1488763
1488787
1488791
1488793
1488797
1488803
1488811
1488847
1488857
1488869
1488871
1488901
1488931
1488943
1488953
1488959
1488967
1488989
1489003
1489009
1489021
1489031
1489039
1489051
1489057
1489067
1489069
1489093
1489097
1489099
1489109
1489129
1489153
1489157
1489171
1489177
1489199
1489207
1489223
1489231
1489249
1489253
1489259
1489261
1489283
1489291
1489297
1489303
1489309
1489321
1489351
1489393
1489399
1489403
1489409
1489441
1489451
1489463
1489507
1489511
1489513
1489529
1489531
1489541
1489561
1489577
1489589
1489597
1489613
1489627
1489633
1489637
1489661
1489667
1489669
1489673
1489717
1489721
1489723
1489729
1489751
1489753
1489757
1489769
1489781
1489783
1489799
1489819
1489841
1489867
1489889
1489903
1489909
1489937
1489951
1489973
1489979
1489997
1490011
1490029
1490039
1490051
1490059
1490081
1490089
1490117
1490119
1490129
1490161
1490171
1490179
1490183
1490207
1490213
1490233
1490243
1490257
1490267
1490273
1490287
1490297
1490299
1490317
1490327
1490329
1490347
1490351
1490353
1490369
1490371
1490381
1490429
1490443
1490459
1490477
1490479
1490507
1490527
1490557
1490591
1490603
1490609
1490627
1490633
1490639
1490641
1490647
1490663
1490669
1490677
1490701
1490711
1490717
1490729
1490737
1490743
1490773
1490789
1490807
1490813
There are 1053 prime numbers in S203.
