S204(1490833~1505520)
1490833
1490843
1490869
1490893
1490899
1490921
1490933
1490941
1490953
1490959
1490963
1490969
1490999
1491001
1491013
1491031
1491041
1491079
1491097
1491103
1491109
1491157
1491179
1491199
1491227
1491233
1491239
1491241
1491247
1491271
1491299
1491377
1491401
1491403
1491407
1491419
1491421
1491437
1491439
1491449
1491491
1491493
1491509
1491517
1491521
1491547
1491571
1491577
1491583
1491587
1491601
1491629
1491641
1491643
1491649
1491653
1491661
1491667
1491683
1491701
1491719
1491727
1491739
1491761
1491769
1491773
1491797
1491821
1491839
1491851
1491859
1491863
1491911
1491913
1491929
1491943
1491947
1491953
1491961
1491967
1491977
1491979
1491989
1491991
1492009
1492019
1492063
1492069
1492087
1492097
1492103
1492111
1492133
1492147
1492159
1492163
1492177
1492181
1492187
1492189
1492201
1492213
1492219
1492223
1492261
1492273
1492289
1492303
1492307
1492313
1492331
1492343
1492357
1492411
1492417
1492453
1492457
1492459
1492499
1492501
1492511
1492529
1492541
1492567
1492571
1492577
1492597
1492607
1492627
1492637
1492643
1492649
1492657
1492661
1492703
1492709
1492739
1492747
1492783
1492789
1492793
1492801
1492807
1492819
1492823
1492859
1492871
1492873
1492879
1492901
1492919
1492943
1492951
1492969
1492993
1493027
1493057
1493071
1493099
1493101
1493159
1493171
1493189
1493197
1493207
1493213
1493221
1493249
1493257
1493273
1493279
1493281
1493291
1493293
1493299
1493311
1493329
1493333
1493339
1493369
1493377
1493383
1493389
1493423
1493441
1493447
1493449
1493461
1493473
1493483
1493489
1493491
1493537
1493539
1493563
1493567
1493573
1493581
1493599
1493617
1493621
1493623
1493633
1493641
1493651
1493659
1493663
1493677
1493683
1493693
1493717
1493719
1493729
1493731
1493741
1493743
1493749
1493759
1493771
1493783
1493813
1493839
1493867
1493879
1493903
1493927
1493929
1493963
1493971
1493981
1494019
1494029
1494037
1494047
1494049
1494061
1494067
1494071
1494089
1494133
1494137
1494151
1494161
1494187
1494191
1494197
1494247
1494253
1494257
1494263
1494289
1494299
1494313
1494343
1494347
1494349
1494359
1494371
1494373
1494377
1494391
1494401
1494403
1494421
1494461
1494463
1494473
1494481
1494509
1494511
1494539
1494557
1494583
1494599
1494607
1494613
1494617
1494641
1494643
1494659
1494671
1494677
1494679
1494697
1494707
1494709
1494719
1494739
1494743
1494781
1494799
1494803
1494811
1494853
1494859
1494869
1494881
1494887
1494907
1494937
1494943
1494947
1494973
1494989
1495003
1495009
1495019
1495063
1495073
1495093
1495097
1495157
1495159
1495163
1495177
1495181
1495231
1495261
1495267
1495279
1495283
1495297
1495301
1495321
1495343
1495349
1495363
1495369
1495379
1495381
1495387
1495421
1495447
1495451
1495463
1495469
1495477
1495489
1495511
1495517
1495553
1495561
1495567
1495597
1495601
1495631
1495633
1495687
1495691
1495717
1495723
1495727
1495751
1495771
1495777
1495783
1495817
1495829
1495831
1495853
1495859
1495861
1495867
1495877
1495919
1495939
1495961
1495973
1495979
1495987
1495993
1495999
1496009
1496039
1496059
1496069
1496071
1496083
1496111
1496129
1496141
1496149
1496167
1496171
1496189
1496203
1496227
1496237
1496251
1496267
1496273
1496279
1496291
1496309
1496321
1496353
1496359
1496387
1496393
1496399
1496423
1496431
1496437
1496471
1496477
1496479
1496489
1496491
1496507
1496519
1496533
1496543
1496549
1496563
1496567
1496569
1496581
1496597
1496639
1496641
1496647
1496657
1496669
1496707
1496717
1496723
1496741
1496749
1496753
1496767
1496779
1496783
1496791
1496797
1496827
1496837
1496917
1496927
1496939
1496941
1496987
1497019
1497031
1497043
1497049
1497053
1497061
1497103
1497107
1497121
1497127
1497149
1497151
1497161
1497187
1497193
1497211
1497227
1497229
1497233
1497253
1497263
1497271
1497281
1497283
1497289
1497313
1497317
1497337
1497341
1497347
1497359
1497407
1497421
1497439
1497493
1497511
1497521
1497533
1497541
1497557
1497571
1497577
1497593
1497619
1497653
1497659
1497667
1497673
1497701
1497707
1497719
1497721
1497731
1497757
1497787
1497799
1497803
1497809
1497841
1497851
1497857
1497863
1497869
1497877
1497911
1497949
1497961
1497983
1497997
1498001
1498009
1498027
1498073
1498097
1498121
1498129
1498139
1498141
1498153
1498213
1498223
1498229
1498279
1498303
1498309
1498319
1498327
1498333
1498349
1498351
1498361
1498379
1498391
1498403
1498411
1498417
1498429
1498433
1498439
1498457
1498481
1498489
1498513
1498529
1498531
1498543
1498561
1498577
1498583
1498619
1498621
1498649
1498661
1498667
1498687
1498697
1498729
1498741
1498751
1498789
1498799
1498801
1498811
1498813
1498823
1498829
1498843
1498921
1498927
1498951
1498961
1498969
1498993
1498997
1499011
1499041
1499053
1499059
1499123
1499149
1499153
1499161
1499167
1499189
1499207
1499219
1499221
1499227
1499231
1499237
1499243
1499257
1499273
1499287
1499291
1499321
1499353
1499357
1499359
1499369
1499389
1499413
1499419
1499429
1499447
1499467
1499471
1499497
1499521
1499549
1499551
1499567
1499569
1499579
1499593
1499609
1499611
1499627
1499681
1499683
1499699
1499713
1499759
1499767
1499779
1499831
1499843
1499857
1499881
1499891
1499921
1499933
1499963
1499977
1500007
1500019
1500041
1500043
1500047
1500061
1500071
1500073
1500101
1500113
1500127
1500133
1500139
1500143
1500151
1500157
1500181
1500229
1500241
1500269
1500277
1500283
1500293
1500337
1500341
1500347
1500349
1500353
1500371
1500379
1500397
1500407
1500409
1500413
1500419
1500463
1500467
1500469
1500479
1500491
1500503
1500511
1500517
1500523
1500529
1500533
1500593
1500613
1500619
1500643
1500647
1500649
1500691
1500701
1500703
1500713
1500731
1500739
1500761
1500767
1500769
1500781
1500787
1500797
1500799
1500817
1500823
1500827
1500833
1500839
1500847
1500853
1500857
1500859
1500871
1500893
1500899
1500929
1500931
1500937
1500973
1500991
1500997
1501009
1501021
1501037
1501043
1501081
1501139
1501169
1501177
1501193
1501207
1501217
1501223
1501229
1501261
1501303
1501307
1501333
1501343
1501351
1501363
1501369
1501411
1501427
1501429
1501441
1501447
1501471
1501481
1501483
1501499
1501501
1501523
1501529
1501541
1501561
1501573
1501583
1501597
1501607
1501613
1501639
1501663
1501667
1501673
1501679
1501681
1501699
1501723
1501777
1501781
1501783
1501807
1501811
1501837
1501847
1501849
1501859
1501873
1501889
1501897
1501901
1501909
1501921
1501937
1501943
1501949
1501957
1501961
1501999
1502021
1502023
1502041
1502047
1502057
1502063
1502093
1502099
1502101
1502141
1502143
1502161
1502183
1502191
1502201
1502203
1502209
1502219
1502227
1502233
1502269
1502297
1502309
1502323
1502327
1502329
1502381
1502407
1502419
1502437
1502467
1502471
1502503
1502551
1502563
1502569
1502581
1502591
1502621
1502629
1502639
1502651
1502687
1502689
1502717
1502719
1502723
1502741
1502747
1502759
1502771
1502801
1502819
1502827
1502861
1502863
1502869
1502887
1502909
1502923
1502929
1502933
1502939
1502947
1502959
1502971
1502989
1502993
1503017
1503031
1503037
1503043
1503049
1503053
1503059
1503091
1503113
1503127
1503137
1503149
1503163
1503169
1503181
1503233
1503241
1503247
1503253
1503263
1503269
1503287
1503311
1503317
1503319
1503329
1503353
1503367
1503371
1503373
1503377
1503401
1503419
1503431
1503461
1503473
1503479
1503499
1503503
1503517
1503521
1503529
1503583
1503611
1503613
1503637
1503647
1503653
1503659
1503661
1503683
1503713
1503721
1503731
1503739
1503751
1503767
1503781
1503787
1503811
1503823
1503829
1503847
1503863
1503881
1503883
1503899
1503913
1503919
1503937
1503941
1503959
1503961
1503967
1503989
1504033
1504037
1504057
1504067
1504073
1504093
1504103
1504117
1504121
1504147
1504157
1504171
1504187
1504231
1504247
1504267
1504271
1504289
1504297
1504319
1504339
1504379
1504409
1504411
1504417
1504421
1504429
1504463
1504469
1504471
1504487
1504493
1504501
1504513
1504519
1504537
1504543
1504571
1504579
1504583
1504589
1504609
1504627
1504631
1504651
1504661
1504663
1504669
1504673
1504681
1504691
1504693
1504697
1504717
1504733
1504739
1504747
1504757
1504777
1504793
1504801
1504813
1504817
1504831
1504843
1504847
1504859
1504861
1504879
1504903
1504907
1504949
1504961
1504967
1504969
1504981
1504991
1504999
1505003
1505011
1505033
1505083
1505087
1505089
1505093
1505099
1505107
1505111
1505117
1505131
1505137
1505167
1505173
1505177
1505183
1505191
1505201
1505209
1505227
1505243
1505261
1505279
1505291
1505293
1505311
1505323
1505341
1505353
1505369
1505381
1505407
1505411
1505417
1505431
1505437
1505443
1505447
1505459
1505489
1505507
1505519
There are 1051 prime numbers in S204.
