S205(1505521~1520280)
1505521
1505563
1505587
1505591
1505599
1505611
1505657
1505659
1505681
1505683
1505687
1505711
1505723
1505729
1505737
1505743
1505747
1505753
1505761
1505773
1505797
1505813
1505831
1505837
1505849
1505851
1505873
1505893
1505899
1505929
1505953
1505983
1505993
1506007
1506023
1506031
1506059
1506077
1506079
1506091
1506103
1506121
1506137
1506157
1506163
1506179
1506191
1506199
1506203
1506223
1506229
1506257
1506269
1506287
1506317
1506341
1506359
1506371
1506389
1506391
1506413
1506433
1506443
1506457
1506473
1506487
1506493
1506497
1506499
1506509
1506511
1506551
1506553
1506559
1506563
1506587
1506607
1506611
1506613
1506619
1506623
1506641
1506649
1506653
1506689
1506697
1506721
1506731
1506733
1506749
1506779
1506781
1506797
1506803
1506809
1506823
1506839
1506851
1506877
1506887
1506889
1506907
1506917
1506929
1506943
1506959
1506977
1506979
1506997
1507007
1507019
1507039
1507057
1507069
1507073
1507091
1507097
1507111
1507123
1507139
1507141
1507153
1507171
1507183
1507211
1507229
1507291
1507301
1507321
1507369
1507379
1507421
1507423
1507427
1507439
1507453
1507469
1507481
1507483
1507487
1507501
1507531
1507559
1507591
1507603
1507607
1507609
1507613
1507637
1507651
1507657
1507687
1507697
1507699
1507729
1507763
1507769
1507771
1507789
1507813
1507837
1507841
1507853
1507867
1507879
1507889
1507907
1507921
1507993
1507997
1508033
1508047
1508051
1508063
1508077
1508081
1508093
1508113
1508131
1508141
1508147
1508173
1508197
1508207
1508219
1508249
1508251
1508263
1508279
1508281
1508293
1508303
1508321
1508323
1508383
1508389
1508401
1508407
1508413
1508417
1508449
1508459
1508471
1508473
1508489
1508509
1508519
1508531
1508561
1508579
1508587
1508621
1508623
1508627
1508629
1508651
1508659
1508671
1508687
1508693
1508707
1508711
1508719
1508723
1508729
1508743
1508753
1508779
1508789
1508797
1508803
1508813
1508833
1508851
1508867
1508873
1508879
1508893
1508909
1508911
1508921
1508929
1508933
1508939
1508951
1508953
1508959
1508977
1508981
1508993
1509019
1509031
1509059
1509061
1509071
1509077
1509097
1509127
1509133
1509143
1509163
1509187
1509197
1509203
1509229
1509269
1509289
1509307
1509331
1509353
1509367
1509371
1509377
1509407
1509427
1509437
1509439
1509457
1509463
1509491
1509509
1509517
1509523
1509533
1509551
1509553
1509581
1509587
1509589
1509623
1509631
1509643
1509659
1509701
1509727
1509733
1509737
1509749
1509757
1509779
1509841
1509857
1509863
1509887
1509899
1509913
1509919
1509929
1509941
1509947
1509953
1509961
1509967
1509971
1509997
1510013
1510021
1510039
1510043
1510049
1510057
1510087
1510109
1510121
1510141
1510147
1510163
1510189
1510199
1510207
1510213
1510217
1510219
1510259
1510273
1510279
1510307
1510309
1510319
1510321
1510337
1510339
1510343
1510357
1510361
1510363
1510373
1510391
1510393
1510417
1510423
1510427
1510429
1510469
1510477
1510489
1510493
1510507
1510511
1510541
1510573
1510583
1510591
1510601
1510643
1510651
1510669
1510679
1510681
1510687
1510693
1510703
1510741
1510753
1510757
1510759
1510763
1510777
1510781
1510799
1510819
1510843
1510853
1510867
1510877
1510889
1510897
1510913
1510921
1510933
1510961
1510963
1510967
1510991
1511017
1511021
1511047
1511053
1511099
1511101
1511119
1511129
1511143
1511179
1511201
1511207
1511227
1511231
1511233
1511239
1511243
1511269
1511273
1511287
1511291
1511303
1511327
1511329
1511371
1511387
1511423
1511429
1511441
1511443
1511449
1511459
1511527
1511533
1511539
1511563
1511569
1511597
1511599
1511617
1511633
1511647
1511651
1511663
1511669
1511687
1511689
1511723
1511737
1511743
1511747
1511779
1511791
1511801
1511819
1511821
1511863
1511891
1511897
1511911
1511921
1511927
1511933
1511941
1511947
1511953
1511971
1511977
1511999
1512019
1512023
1512029
1512041
1512083
1512097
1512109
1512113
1512127
1512169
1512197
1512209
1512221
1512223
1512233
1512241
1512253
1512281
1512283
1512289
1512293
1512299
1512307
1512311
1512323
1512331
1512361
1512383
1512421
1512431
1512479
1512481
1512493
1512517
1512527
1512547
1512551
1512557
1512559
1512569
1512607
1512619
1512629
1512661
1512683
1512689
1512691
1512703
1512713
1512751
1512767
1512773
1512787
1512809
1512817
1512827
1512829
1512857
1512877
1512923
1512943
1512947
1512961
1513013
1513019
1513021
1513033
1513037
1513049
1513067
1513069
1513073
1513091
1513093
1513111
1513117
1513121
1513123
1513139
1513151
1513159
1513163
1513199
1513207
1513219
1513229
1513271
1513273
1513277
1513319
1513321
1513361
1513367
1513381
1513387
1513397
1513399
1513417
1513427
1513429
1513441
1513453
1513487
1513489
1513511
1513517
1513529
1513531
1513537
1513543
1513553
1513573
1513583
1513591
1513601
1513609
1513619
1513621
1513651
1513657
1513661
1513667
1513669
1513693
1513717
1513727
1513739
1513741
1513751
1513777
1513807
1513819
1513859
1513871
1513891
1513909
1513913
1513921
1513927
1513937
1513949
1513957
1513973
1513991
1514027
1514033
1514039
1514059
1514063
1514099
1514101
1514131
1514147
1514153
1514179
1514197
1514209
1514213
1514231
1514273
1514291
1514321
1514323
1514327
1514329
1514363
1514399
1514407
1514413
1514423
1514437
1514441
1514453
1514459
1514489
1514497
1514507
1514537
1514549
1514551
1514561
1514563
1514587
1514593
1514599
1514603
1514633
1514647
1514651
1514657
1514659
1514671
1514701
1514713
1514719
1514731
1514741
1514749
1514783
1514791
1514797
1514801
1514831
1514837
1514867
1514879
1514897
1514911
1514917
1514959
1514963
1514971
1515011
1515029
1515049
1515053
1515089
1515109
1515119
1515149
1515169
1515197
1515229
1515251
1515259
1515271
1515281
1515313
1515317
1515347
1515359
1515377
1515391
1515413
1515419
1515461
1515469
1515487
1515509
1515541
1515571
1515583
1515599
1515617
1515623
1515643
1515671
1515691
1515697
1515713
1515719
1515721
1515727
1515733
1515739
1515749
1515757
1515791
1515809
1515817
1515821
1515823
1515841
1515847
1515881
1515919
1515923
1515929
1515947
1515961
1515971
1515973
1515979
1515989
1516007
1516019
1516027
1516037
1516049
1516061
1516087
1516093
1516103
1516127
1516129
1516153
1516157
1516187
1516189
1516199
1516217
1516231
1516243
1516259
1516261
1516279
1516289
1516331
1516337
1516343
1516357
1516363
1516369
1516391
1516393
1516397
1516421
1516433
1516441
1516483
1516499
1516513
1516531
1516547
1516583
1516589
1516591
1516607
1516609
1516633
1516639
1516651
1516657
1516661
1516663
1516681
1516687
1516693
1516709
1516733
1516759
1516763
1516771
1516817
1516819
1516829
1516843
1516847
1516871
1516883
1516897
1516909
1516951
1516967
1516987
1517023
1517027
1517039
1517051
1517053
1517059
1517099
1517101
1517107
1517141
1517143
1517161
1517179
1517189
1517209
1517213
1517227
1517239
1517261
1517273
1517279
1517297
1517311
1517317
1517339
1517363
1517377
1517387
1517393
1517401
1517413
1517423
1517441
1517449
1517507
1517519
1517521
1517531
1517557
1517561
1517567
1517569
1517591
1517603
1517611
1517627
1517639
1517647
1517651
1517653
1517671
1517687
1517689
1517699
1517707
1517713
1517749
1517753
1517783
1517807
1517819
1517837
1517843
1517849
1517869
1517881
1517917
1517921
1517927
1517933
1517939
1517941
1517983
1517993
1518001
1518007
1518061
1518067
1518071
1518089
1518091
1518103
1518109
1518133
1518137
1518149
1518191
1518199
1518203
1518239
1518263
1518277
1518281
1518311
1518313
1518329
1518337
1518343
1518359
1518379
1518383
1518427
1518449
1518463
1518467
1518481
1518497
1518521
1518533
1518551
1518553
1518563
1518571
1518577
1518581
1518589
1518623
1518677
1518679
1518691
1518707
1518709
1518731
1518733
1518743
1518749
1518773
1518779
1518799
1518809
1518827
1518863
1518871
1518883
1518893
1518901
1518931
1518947
1518949
1518971
1518973
1518977
1519039
1519051
1519097
1519099
1519121
1519123
1519129
1519153
1519159
1519163
1519169
1519201
1519213
1519237
1519253
1519261
1519267
1519277
1519283
1519291
1519313
1519333
1519363
1519391
1519417
1519421
1519423
1519433
1519439
1519447
1519451
1519499
1519517
1519519
1519523
1519547
1519549
1519561
1519591
1519597
1519607
1519619
1519631
1519657
1519667
1519673
1519691
1519703
1519709
1519711
1519729
1519733
1519751
1519759
1519769
1519789
1519807
1519831
1519871
1519883
1519891
1519901
1519907
1519913
1519939
1519951
1519967
1520003
1520009
1520011
1520069
1520083
1520107
1520131
1520143
1520153
1520159
1520173
1520203
1520213
1520221
1520227
1520251
There are 1033 prime numbers in S205.
