S206(1520281~1535112)
1520287
1520291
1520329
1520339
1520341
1520347
1520357
1520359
1520381
1520401
1520417
1520423
1520443
1520447
1520473
1520483
1520501
1520503
1520509
1520527
1520537
1520539
1520543
1520549
1520579
1520587
1520611
1520621
1520639
1520653
1520681
1520683
1520689
1520693
1520707
1520711
1520719
1520723
1520747
1520759
1520777
1520801
1520821
1520851
1520879
1520887
1520903
1520923
1520947
1520971
1520983
1520989
1521011
1521017
1521029
1521031
1521043
1521049
1521067
1521089
1521103
1521119
1521133
1521193
1521199
1521209
1521217
1521227
1521229
1521241
1521269
1521281
1521287
1521293
1521301
1521323
1521337
1521361
1521371
1521391
1521397
1521479
1521491
1521497
1521547
1521563
1521571
1521589
1521593
1521599
1521613
1521617
1521623
1521629
1521643
1521649
1521671
1521673
1521677
1521731
1521739
1521757
1521763
1521769
1521781
1521791
1521803
1521809
1521853
1521859
1521869
1521893
1521901
1521913
1521937
1521973
1521983
1521991
1522009
1522019
1522021
1522049
1522051
1522057
1522063
1522067
1522097
1522111
1522127
1522153
1522159
1522187
1522201
1522249
1522253
1522321
1522331
1522343
1522357
1522361
1522363
1522369
1522387
1522399
1522427
1522447
1522457
1522459
1522463
1522483
1522487
1522511
1522517
1522541
1522553
1522579
1522589
1522601
1522607
1522643
1522663
1522681
1522691
1522693
1522711
1522727
1522733
1522769
1522771
1522789
1522799
1522811
1522837
1522841
1522897
1522933
1522951
1522973
1522981
1523003
1523009
1523063
1523069
1523077
1523087
1523089
1523099
1523101
1523107
1523117
1523131
1523141
1523153
1523161
1523177
1523219
1523233
1523261
1523281
1523293
1523297
1523311
1523323
1523329
1523339
1523351
1523369
1523377
1523381
1523393
1523407
1523419
1523429
1523441
1523443
1523453
1523491
1523503
1523507
1523521
1523527
1523531
1523539
1523551
1523563
1523567
1523569
1523581
1523603
1523609
1523617
1523633
1523651
1523653
1523663
1523671
1523701
1523707
1523737
1523749
1523783
1523789
1523801
1523807
1523813
1523849
1523861
1523891
1523917
1523939
1523941
1523953
1523969
1523981
1523983
1523987
1524007
1524013
1524023
1524059
1524071
1524073
1524077
1524079
1524097
1524109
1524113
1524119
1524137
1524139
1524143
1524179
1524181
1524217
1524223
1524241
1524247
1524253
1524277
1524287
1524293
1524319
1524337
1524349
1524359
1524361
1524377
1524379
1524401
1524403
1524409
1524431
1524433
1524449
1524469
1524473
1524493
1524517
1524529
1524533
1524547
1524569
1524571
1524587
1524613
1524629
1524631
1524637
1524641
1524683
1524689
1524697
1524701
1524703
1524707
1524763
1524767
1524773
1524799
1524811
1524827
1524829
1524839
1524841
1524847
1524851
1524871
1524899
1524931
1524953
1524989
1525021
1525031
1525033
1525039
1525049
1525057
1525063
1525067
1525093
1525099
1525109
1525123
1525133
1525157
1525163
1525171
1525207
1525217
1525219
1525229
1525243
1525261
1525267
1525273
1525297
1525331
1525333
1525343
1525351
1525357
1525367
1525409
1525421
1525423
1525471
1525477
1525493
1525501
1525507
1525561
1525571
1525607
1525609
1525633
1525637
1525639
1525669
1525679
1525697
1525703
1525709
1525717
1525723
1525729
1525747
1525763
1525781
1525787
1525819
1525831
1525837
1525859
1525873
1525877
1525921
1525933
1525957
1525961
1525963
1525967
1525969
1525987
1525999
1526053
1526069
1526071
1526087
1526089
1526093
1526117
1526123
1526149
1526167
1526179
1526191
1526227
1526263
1526267
1526269
1526279
1526297
1526321
1526339
1526341
1526351
1526363
1526377
1526381
1526387
1526401
1526411
1526423
1526431
1526449
1526467
1526521
1526537
1526557
1526561
1526587
1526597
1526611
1526621
1526633
1526639
1526641
1526653
1526659
1526687
1526741
1526747
1526807
1526813
1526831
1526867
1526873
1526909
1526929
1526933
1526977
1526999
1527017
1527023
1527041
1527047
1527061
1527079
1527083
1527107
1527109
1527121
1527133
1527137
1527143
1527157
1527173
1527179
1527187
1527203
1527247
1527271
1527287
1527289
1527299
1527311
1527313
1527347
1527349
1527371
1527389
1527443
1527457
1527497
1527521
1527523
1527529
1527541
1527551
1527553
1527563
1527577
1527583
1527599
1527607
1527613
1527629
1527677
1527679
1527689
1527703
1527709
1527727
1527731
1527737
1527761
1527769
1527791
1527793
1527803
1527811
1527839
1527857
1527859
1527887
1527893
1527899
1527901
1527931
1527941
1527949
1527971
1527973
1527979
1527983
1527997
1528001
1528013
1528019
1528061
1528073
1528103
1528127
1528139
1528141
1528157
1528171
1528187
1528199
1528223
1528229
1528237
1528243
1528253
1528259
1528291
1528313
1528321
1528333
1528399
1528409
1528421
1528427
1528441
1528447
1528459
1528463
1528469
1528529
1528537
1528543
1528577
1528601
1528609
1528613
1528621
1528627
1528633
1528643
1528661
1528669
1528687
1528697
1528717
1528733
1528771
1528781
1528789
1528799
1528811
1528823
1528831
1528853
1528859
1528871
1528897
1528937
1528939
1528979
1528993
1528999
1529009
1529027
1529029
1529041
1529053
1529069
1529071
1529081
1529089
1529093
1529119
1529149
1529153
1529189
1529191
1529233
1529243
1529249
1529263
1529267
1529273
1529279
1529309
1529327
1529357
1529369
1529377
1529383
1529387
1529389
1529393
1529401
1529413
1529419
1529449
1529459
1529471
1529501
1529503
1529513
1529531
1529533
1529537
1529573
1529581
1529599
1529603
1529611
1529621
1529629
1529659
1529683
1529701
1529741
1529761
1529777
1529791
1529797
1529807
1529831
1529849
1529851
1529863
1529867
1529893
1529903
1529909
1529917
1529933
1529947
1529963
1529971
1529977
1529989
1530019
1530037
1530071
1530073
1530077
1530091
1530097
1530103
1530107
1530131
1530143
1530149
1530157
1530173
1530197
1530227
1530229
1530233
1530281
1530293
1530311
1530313
1530329
1530343
1530349
1530409
1530457
1530511
1530517
1530521
1530523
1530539
1530541
1530553
1530559
1530569
1530589
1530601
1530611
1530623
1530631
1530647
1530667
1530679
1530691
1530703
1530709
1530713
1530721
1530779
1530791
1530803
1530827
1530829
1530839
1530847
1530853
1530863
1530869
1530871
1530911
1530913
1530937
1530943
1530953
1530967
1531021
1531027
1531031
1531051
1531081
1531091
1531093
1531111
1531129
1531147
1531157
1531181
1531199
1531217
1531253
1531279
1531297
1531303
1531331
1531333
1531337
1531357
1531367
1531373
1531379
1531447
1531469
1531477
1531487
1531499
1531549
1531561
1531567
1531591
1531619
1531627
1531631
1531633
1531657
1531661
1531669
1531681
1531697
1531709
1531721
1531729
1531769
1531793
1531807
1531811
1531813
1531843
1531847
1531861
1531897
1531909
1531987
1531991
1531997
1532009
1532017
1532021
1532029
1532033
1532039
1532077
1532081
1532093
1532107
1532117
1532123
1532131
1532143
1532161
1532173
1532183
1532231
1532243
1532249
1532257
1532287
1532291
1532303
1532327
1532351
1532353
1532359
1532371
1532413
1532449
1532471
1532507
1532543
1532551
1532579
1532581
1532593
1532603
1532611
1532627
1532633
1532639
1532647
1532659
1532681
1532693
1532701
1532719
1532723
1532731
1532767
1532779
1532803
1532827
1532833
1532849
1532887
1532899
1532903
1532917
1532929
1532933
1532957
1532963
1532983
1532987
1533029
1533041
1533083
1533101
1533107
1533109
1533127
1533137
1533139
1533163
1533197
1533199
1533211
1533221
1533239
1533283
1533293
1533307
1533313
1533331
1533347
1533379
1533397
1533401
1533407
1533431
1533437
1533439
1533443
1533457
1533461
1533463
1533481
1533487
1533503
1533517
1533527
1533533
1533557
1533583
1533593
1533599
1533619
1533629
1533643
1533659
1533673
1533683
1533691
1533713
1533731
1533743
1533793
1533797
1533799
1533809
1533817
1533841
1533871
1533877
1533881
1533899
1533901
1533907
1533937
1533947
1533953
1533971
1533977
1534019
1534021
1534051
1534061
1534067
1534069
1534073
1534081
1534103
1534121
1534133
1534139
1534147
1534151
1534153
1534171
1534189
1534207
1534213
1534217
1534219
1534223
1534289
1534321
1534327
1534331
1534349
1534373
1534397
1534411
1534451
1534453
1534457
1534483
1534499
1534513
1534517
1534549
1534579
1534591
1534601
1534609
1534633
1534657
1534661
1534667
1534727
1534739
1534751
1534783
1534787
1534789
1534823
1534837
1534843
1534853
1534861
1534873
1534889
1534901
1534921
1534931
1534957
1534961
1534963
1534969
1534979
1534993
1535011
1535041
1535069
1535071
1535077
1535101
1535111
There are 1011 prime numbers in S206.
