S207(1535113~1550016)
1535119
1535123
1535137
1535153
1535179
1535243
1535249
1535269
1535279
1535291
1535293
1535299
1535311
1535323
1535341
1535351
1535353
1535363
1535377
1535381
1535393
1535441
1535453
1535459
1535467
1535473
1535477
1535489
1535497
1535507
1535531
1535539
1535543
1535563
1535581
1535587
1535603
1535609
1535621
1535629
1535663
1535669
1535671
1535689
1535717
1535719
1535741
1535747
1535761
1535767
1535773
1535777
1535791
1535803
1535813
1535837
1535843
1535857
1535861
1535867
1535879
1535909
1535923
1535929
1535939
1535959
1535969
1535971
1535987
1536011
1536013
1536023
1536037
1536047
1536049
1536077
1536083
1536097
1536107
1536121
1536133
1536149
1536167
1536173
1536187
1536191
1536211
1536221
1536251
1536257
1536263
1536281
1536287
1536343
1536349
1536373
1536389
1536401
1536439
1536467
1536487
1536497
1536527
1536533
1536539
1536547
1536553
1536581
1536583
1536589
1536593
1536599
1536611
1536617
1536631
1536641
1536643
1536649
1536659
1536673
1536677
1536679
1536683
1536719
1536737
1536781
1536793
1536809
1536811
1536823
1536839
1536881
1536889
1536893
1536907
1536959
1536961
1536989
1536991
1537001
1537007
1537013
1537027
1537031
1537037
1537051
1537061
1537099
1537141
1537147
1537153
1537163
1537169
1537177
1537183
1537199
1537223
1537241
1537247
1537279
1537301
1537337
1537357
1537369
1537373
1537391
1537397
1537399
1537411
1537421
1537427
1537439
1537441
1537457
1537469
1537489
1537513
1537517
1537559
1537561
1537607
1537621
1537639
1537643
1537661
1537681
1537691
1537709
1537721
1537729
1537751
1537771
1537799
1537801
1537807
1537813
1537819
1537847
1537853
1537867
1537883
1537889
1537897
1537933
1537937
1537961
1537967
1537969
1537997
1537999
1538011
1538023
1538027
1538029
1538039
1538057
1538059
1538077
1538081
1538083
1538087
1538093
1538101
1538111
1538167
1538179
1538191
1538203
1538213
1538227
1538233
1538261
1538267
1538281
1538293
1538311
1538321
1538353
1538389
1538393
1538399
1538413
1538419
1538429
1538441
1538461
1538473
1538491
1538501
1538503
1538507
1538519
1538531
1538569
1538573
1538587
1538597
1538599
1538609
1538611
1538617
1538627
1538629
1538633
1538657
1538701
1538731
1538743
1538773
1538777
1538807
1538837
1538839
1538851
1538879
1538893
1538909
1538917
1538939
1538951
1538963
1538983
1538989
1539011
1539029
1539049
1539053
1539073
1539103
1539127
1539149
1539193
1539199
1539211
1539217
1539227
1539253
1539257
1539259
1539281
1539301
1539313
1539331
1539347
1539359
1539389
1539397
1539403
1539449
1539451
1539463
1539467
1539479
1539521
1539547
1539557
1539563
1539569
1539583
1539613
1539619
1539641
1539649
1539653
1539661
1539679
1539691
1539719
1539721
1539731
1539737
1539763
1539773
1539793
1539799
1539821
1539847
1539859
1539869
1539883
1539887
1539913
1539917
1539943
1539961
1539971
1539973
1539983
1539991
1539997
1540003
1540009
1540027
1540031
1540039
1540073
1540079
1540087
1540109
1540141
1540151
1540153
1540157
1540169
1540171
1540177
1540193
1540207
1540211
1540223
1540229
1540243
1540249
1540289
1540309
1540321
1540337
1540367
1540403
1540423
1540447
1540453
1540477
1540481
1540499
1540541
1540543
1540559
1540573
1540603
1540619
1540621
1540631
1540639
1540661
1540673
1540681
1540687
1540697
1540699
1540709
1540711
1540751
1540753
1540783
1540787
1540789
1540807
1540813
1540823
1540831
1540841
1540849
1540859
1540867
1540871
1540873
1540879
1540901
1540927
1540949
1540961
1540963
1540967
1540969
1540997
1541003
1541009
1541051
1541063
1541117
1541119
1541143
1541171
1541191
1541209
1541251
1541273
1541279
1541291
1541297
1541303
1541317
1541333
1541341
1541347
1541357
1541359
1541363
1541377
1541381
1541389
1541429
1541431
1541453
1541471
1541497
1541503
1541513
1541539
1541581
1541591
1541597
1541629
1541651
1541663
1541671
1541681
1541689
1541693
1541699
1541707
1541731
1541773
1541779
1541783
1541791
1541797
1541809
1541819
1541821
1541863
1541867
1541873
1541899
1541921
1541923
1541933
1541941
1541957
1541963
1541987
1541999
1542007
1542029
1542031
1542041
1542043
1542071
1542077
1542089
1542091
1542119
1542131
1542137
1542179
1542187
1542193
1542217
1542221
1542239
1542251
1542259
1542283
1542347
1542349
1542361
1542377
1542383
1542421
1542433
1542451
1542473
1542479
1542487
1542503
1542509
1542511
1542517
1542521
1542523
1542533
1542551
1542571
1542581
1542589
1542599
1542661
1542689
1542691
1542703
1542727
1542811
1542823
1542841
1542851
1542881
1542889
1542899
1542911
1542917
1542941
1542973
1542991
1542997
1543007
1543013
1543019
1543033
1543037
1543051
1543063
1543067
1543081
1543099
1543103
1543111
1543127
1543133
1543169
1543181
1543187
1543207
1543229
1543259
1543271
1543279
1543291
1543309
1543319
1543337
1543357
1543391
1543393
1543417
1543429
1543441
1543463
1543489
1543501
1543511
1543513
1543537
1543543
1543559
1543589
1543631
1543637
1543639
1543649
1543687
1543709
1543733
1543741
1543777
1543793
1543811
1543813
1543819
1543823
1543859
1543879
1543891
1543909
1543951
1543961
1543979
1543981
1543999
1544003
1544021
1544027
1544033
1544051
1544063
1544071
1544077
1544083
1544113
1544119
1544129
1544131
1544159
1544167
1544171
1544177
1544201
1544209
1544219
1544227
1544311
1544317
1544341
1544357
1544363
1544383
1544407
1544423
1544437
1544441
1544449
1544479
1544483
1544489
1544503
1544507
1544509
1544527
1544533
1544537
1544563
1544573
1544623
1544633
1544651
1544659
1544663
1544693
1544729
1544789
1544831
1544849
1544863
1544869
1544891
1544903
1544923
1544929
1544941
1544957
1544987
1545001
1545007
1545017
1545029
1545041
1545043
1545059
1545067
1545073
1545097
1545101
1545107
1545121
1545127
1545139
1545143
1545169
1545179
1545217
1545233
1545239
1545241
1545253
1545259
1545277
1545287
1545311
1545329
1545343
1545353
1545361
1545367
1545371
1545389
1545391
1545421
1545431
1545433
1545449
1545461
1545473
1545493
1545499
1545503
1545529
1545539
1545547
1545553
1545563
1545569
1545581
1545587
1545617
1545619
1545641
1545647
1545653
1545667
1545701
1545703
1545743
1545751
1545769
1545773
1545779
1545799
1545809
1545811
1545839
1545847
1545857
1545871
1545911
1545913
1545917
1545949
1545959
1545983
1545989
1546003
1546033
1546057
1546073
1546081
1546093
1546117
1546121
1546141
1546147
1546157
1546189
1546199
1546211
1546217
1546219
1546229
1546231
1546241
1546247
1546261
1546271
1546273
1546291
1546297
1546301
1546327
1546351
1546357
1546361
1546379
1546387
1546393
1546399
1546403
1546423
1546453
1546463
1546469
1546477
1546499
1546537
1546547
1546549
1546627
1546639
1546663
1546669
1546679
1546687
1546697
1546709
1546729
1546757
1546759
1546781
1546799
1546823
1546837
1546861
1546873
1546879
1546901
1546903
1546907
1546927
1546939
1546967
1546969
1546981
1546991
1546997
1547009
1547023
1547027
1547069
1547093
1547101
1547129
1547131
1547173
1547177
1547191
1547197
1547201
1547207
1547213
1547239
1547251
1547257
1547261
1547267
1547339
1547347
1547383
1547389
1547407
1547419
1547423
1547431
1547437
1547449
1547453
1547471
1547477
1547479
1547501
1547519
1547521
1547537
1547543
1547563
1547573
1547591
1547593
1547597
1547603
1547641
1547657
1547659
1547671
1547677
1547713
1547717
1547719
1547723
1547771
1547773
1547779
1547803
1547807
1547827
1547837
1547839
1547849
1547857
1547879
1547881
1547893
1547921
1547927
1547929
1547939
1547941
1547947
1547951
1547989
1547993
1548031
1548059
1548067
1548073
1548083
1548097
1548103
1548121
1548137
1548143
1548149
1548161
1548179
1548181
1548187
1548221
1548247
1548251
1548277
1548307
1548311
1548317
1548331
1548347
1548359
1548389
1548401
1548409
1548427
1548433
1548451
1548461
1548493
1548497
1548517
1548527
1548539
1548541
1548553
1548577
1548587
1548593
1548619
1548623
1548641
1548647
1548653
1548719
1548721
1548733
1548739
1548761
1548763
1548769
1548779
1548787
1548793
1548847
1548871
1548881
1548893
1548901
1548913
1548917
1548923
1548929
1548941
1548947
1548949
1548961
1548983
1548991
1548997
1549003
1549033
1549049
1549061
1549081
1549087
1549099
1549129
1549139
1549157
1549169
1549183
1549199
1549213
1549271
1549277
1549283
1549319
1549321
1549351
1549367
1549369
1549391
1549403
1549409
1549417
1549439
1549447
1549459
1549463
1549477
1549481
1549489
1549501
1549511
1549519
1549529
1549531
1549547
1549549
1549553
1549573
1549577
1549609
1549619
1549631
1549657
1549699
1549733
1549739
1549741
1549787
1549817
1549831
1549837
1549843
1549853
1549883
1549897
1549921
1549931
1549937
1549943
1549957
1549981
1549987
1549997
There are 1048 prime numbers in S207.
