S209(1564993~1580040)
1564993
1564999
1565009
1565017
1565023
1565027
1565033
1565041
1565051
1565059
1565099
1565117
1565129
1565141
1565149
1565153
1565167
1565171
1565177
1565183
1565189
1565191
1565203
1565209
1565233
1565251
1565261
1565269
1565281
1565287
1565293
1565323
1565341
1565351
1565381
1565383
1565413
1565437
1565441
1565471
1565489
1565491
1565519
1565521
1565539
1565549
1565561
1565563
1565569
1565579
1565591
1565609
1565611
1565651
1565659
1565671
1565693
1565737
1565741
1565743
1565747
1565789
1565791
1565807
1565813
1565821
1565827
1565833
1565867
1565869
1565873
1565891
1565897
1565911
1565917
1565929
1565933
1565947
1565969
1565987
1566031
1566043
1566049
1566079
1566083
1566101
1566107
1566121
1566137
1566143
1566163
1566179
1566197
1566199
1566209
1566211
1566217
1566239
1566251
1566263
1566281
1566283
1566289
1566307
1566343
1566349
1566353
1566359
1566371
1566401
1566403
1566427
1566449
1566451
1566479
1566517
1566529
1566559
1566571
1566577
1566583
1566613
1566637
1566659
1566673
1566731
1566739
1566743
1566749
1566751
1566767
1566769
1566779
1566793
1566811
1566821
1566823
1566827
1566847
1566857
1566881
1566883
1566889
1566893
1566923
1566937
1566953
1566997
1567001
1567003
1567031
1567037
1567039
1567057
1567067
1567079
1567087
1567103
1567109
1567117
1567127
1567133
1567141
1567147
1567169
1567171
1567219
1567249
1567259
1567261
1567271
1567297
1567301
1567303
1567327
1567333
1567339
1567343
1567361
1567373
1567409
1567411
1567429
1567469
1567477
1567483
1567487
1567493
1567499
1567513
1567541
1567549
1567567
1567589
1567603
1567607
1567627
1567637
1567661
1567667
1567679
1567693
1567721
1567729
1567759
1567771
1567789
1567829
1567837
1567847
1567901
1567903
1567931
1567981
1567987
1567999
1568033
1568041
1568053
1568087
1568107
1568123
1568129
1568141
1568143
1568153
1568159
1568173
1568179
1568207
1568213
1568221
1568243
1568251
1568257
1568263
1568293
1568309
1568341
1568351
1568353
1568377
1568389
1568419
1568423
1568449
1568453
1568459
1568503
1568509
1568519
1568521
1568533
1568543
1568561
1568563
1568579
1568599
1568629
1568657
1568687
1568729
1568741
1568767
1568771
1568867
1568873
1568891
1568909
1568921
1568923
1568927
1568933
1568951
1568969
1568971
1568977
1568993
1569011
1569013
1569023
1569047
1569053
1569097
1569101
1569121
1569131
1569149
1569157
1569163
1569173
1569181
1569187
1569203
1569209
1569241
1569257
1569259
1569263
1569289
1569301
1569307
1569311
1569317
1569319
1569329
1569331
1569349
1569367
1569391
1569397
1569401
1569413
1569431
1569443
1569473
1569479
1569487
1569517
1569541
1569551
1569553
1569599
1569611
1569619
1569637
1569643
1569649
1569677
1569703
1569731
1569749
1569781
1569787
1569793
1569803
1569811
1569817
1569833
1569839
1569859
1569889
1569901
1569923
1569937
1569961
1569977
1569983
1570007
1570043
1570061
1570067
1570073
1570081
1570087
1570091
1570097
1570099
1570117
1570123
1570189
1570193
1570199
1570229
1570237
1570241
1570267
1570271
1570291
1570319
1570339
1570343
1570351
1570357
1570381
1570399
1570421
1570427
1570433
1570447
1570451
1570453
1570487
1570493
1570501
1570519
1570531
1570577
1570603
1570607
1570619
1570631
1570633
1570637
1570649
1570663
1570697
1570729
1570753
1570759
1570763
1570769
1570771
1570781
1570837
1570841
1570847
1570859
1570871
1570873
1570879
1570883
1570889
1570897
1570903
1570913
1570927
1570931
1570937
1570951
1570957
1570963
1570967
1570981
1570991
1570999
1571023
1571027
1571029
1571093
1571113
1571137
1571149
1571183
1571189
1571201
1571209
1571221
1571233
1571237
1571239
1571267
1571287
1571309
1571329
1571363
1571377
1571387
1571393
1571411
1571417
1571419
1571461
1571467
1571477
1571513
1571551
1571569
1571579
1571587
1571611
1571621
1571629
1571657
1571663
1571681
1571683
1571707
1571711
1571719
1571729
1571741
1571743
1571747
1571749
1571761
1571777
1571783
1571789
1571807
1571827
1571833
1571839
1571849
1571873
1571881
1571893
1571897
1571923
1571929
1571953
1571957
1571959
1571989
1572017
1572023
1572029
1572047
1572083
1572091
1572097
1572101
1572113
1572149
1572163
1572187
1572191
1572203
1572217
1572239
1572247
1572251
1572253
1572271
1572281
1572283
1572287
1572323
1572331
1572341
1572353
1572359
1572367
1572377
1572379
1572401
1572407
1572419
1572427
1572433
1572443
1572509
1572511
1572521
1572539
1572547
1572559
1572569
1572577
1572587
1572589
1572607
1572617
1572629
1572643
1572647
1572677
1572679
1572689
1572713
1572731
1572749
1572751
1572773
1572799
1572803
1572821
1572841
1572853
1572869
1572871
1572887
1572911
1572919
1572929
1572997
1573009
1573021
1573037
1573051
1573057
1573079
1573081
1573087
1573109
1573111
1573133
1573139
1573141
1573151
1573153
1573183
1573193
1573207
1573217
1573237
1573283
1573301
1573303
1573339
1573357
1573379
1573387
1573391
1573399
1573477
1573483
1573487
1573501
1573541
1573543
1573547
1573549
1573553
1573577
1573603
1573613
1573643
1573651
1573667
1573669
1573679
1573699
1573709
1573717
1573723
1573727
1573753
1573771
1573799
1573811
1573813
1573823
1573829
1573837
1573879
1573907
1573909
1573921
1573927
1573931
1573933
1573937
1573939
1573961
1573969
1573973
1573997
1574003
1574009
1574011
1574029
1574039
1574057
1574059
1574071
1574107
1574123
1574129
1574137
1574159
1574161
1574173
1574197
1574201
1574219
1574231
1574249
1574269
1574311
1574317
1574333
1574341
1574357
1574369
1574371
1574393
1574401
1574411
1574431
1574437
1574467
1574479
1574491
1574501
1574527
1574543
1574563
1574569
1574579
1574597
1574611
1574623
1574627
1574647
1574653
1574669
1574681
1574717
1574737
1574747
1574773
1574791
1574827
1574843
1574849
1574857
1574869
1574873
1574917
1574939
1574953
1574957
1574981
1574987
1575011
1575029
1575031
1575071
1575083
1575113
1575131
1575137
1575139
1575143
1575151
1575187
1575199
1575209
1575227
1575239
1575253
1575263
1575269
1575281
1575283
1575289
1575307
1575331
1575337
1575341
1575397
1575401
1575421
1575433
1575437
1575443
1575463
1575467
1575473
1575479
1575481
1575517
1575521
1575547
1575551
1575557
1575583
1575593
1575617
1575631
1575641
1575643
1575647
1575653
1575659
1575677
1575683
1575697
1575709
1575731
1575733
1575757
1575767
1575811
1575817
1575829
1575869
1575887
1575913
1575919
1575961
1575989
1575991
1576007
1576013
1576021
1576033
1576037
1576039
1576049
1576073
1576093
1576097
1576103
1576111
1576117
1576139
1576177
1576229
1576241
1576243
1576247
1576277
1576283
1576321
1576339
1576343
1576357
1576363
1576391
1576403
1576417
1576483
1576493
1576499
1576501
1576507
1576511
1576517
1576537
1576543
1576559
1576571
1576579
1576583
1576613
1576649
1576651
1576661
1576669
1576693
1576703
1576717
1576721
1576723
1576747
1576763
1576769
1576777
1576781
1576793
1576837
1576843
1576849
1576871
1576879
1576889
1576891
1576907
1576921
1576931
1576951
1576957
1576973
1576997
1577021
1577027
1577071
1577099
1577101
1577117
1577119
1577137
1577143
1577153
1577183
1577189
1577201
1577203
1577221
1577231
1577267
1577291
1577293
1577297
1577299
1577309
1577321
1577341
1577353
1577357
1577377
1577383
1577431
1577449
1577453
1577479
1577489
1577503
1577507
1577509
1577531
1577533
1577539
1577561
1577567
1577573
1577579
1577591
1577599
1577623
1577657
1577659
1577663
1577671
1577689
1577699
1577701
1577711
1577729
1577759
1577767
1577801
1577813
1577839
1577843
1577879
1577897
1577903
1577909
1577941
1577959
1577963
1577987
1577999
1578001
1578011
1578019
1578023
1578029
1578043
1578047
1578061
1578077
1578091
1578133
1578169
1578193
1578217
1578221
1578257
1578277
1578281
1578289
1578293
1578299
1578323
1578347
1578361
1578389
1578397
1578407
1578439
1578469
1578509
1578517
1578553
1578581
1578607
1578611
1578631
1578641
1578701
1578713
1578719
1578727
1578749
1578769
1578779
1578793
1578803
1578809
1578821
1578823
1578833
1578839
1578851
1578853
1578859
1578877
1578883
1578911
1578931
1578961
1578979
1579001
1579009
1579013
1579027
1579031
1579037
1579043
1579051
1579057
1579091
1579099
1579103
1579139
1579141
1579163
1579169
1579183
1579187
1579217
1579219
1579231
1579297
1579313
1579321
1579339
1579343
1579363
1579367
1579381
1579397
1579399
1579421
1579429
1579439
1579469
1579511
1579517
1579541
1579553
1579561
1579579
1579583
1579597
1579609
1579619
1579621
1579631
1579637
1579639
1579651
1579673
1579703
1579723
1579727
1579733
1579751
1579769
1579783
1579807
1579813
1579819
1579867
1579873
1579883
1579889
1579901
1579909
1579931
1579933
1579951
1579969
1579979
1579993
1580003
1580023
1580027
There are 1052 prime numbers in S209.
