S21(15121~16632)
15121
15131
15137
15139
15149
15161
15173
15187
15193
15199
15217
15227
15233
15241
15259
15263
15269
15271
15277
15287
15289
15299
15307
15313
15319
15329
15331
15349
15359
15361
15373
15377
15383
15391
15401
15413
15427
15439
15443
15451
15461
15467
15473
15493
15497
15511
15527
15541
15551
15559
15569
15581
15583
15601
15607
15619
15629
15641
15643
15647
15649
15661
15667
15671
15679
15683
15727
15731
15733
15737
15739
15749
15761
15767
15773
15787
15791
15797
15803
15809
15817
15823
15859
15877
15881
15887
15889
15901
15907
15913
15919
15923
15937
15959
15971
15973
15991
16001
16007
16033
16057
16061
16063
16067
16069
16073
16087
16091
16097
16103
16111
16127
16139
16141
16183
16187
16189
16193
16217
16223
16229
16231
16249
16253
16267
16273
16301
16319
16333
16339
16349
16361
16363
16369
16381
16411
16417
16421
16427
16433
16447
16451
16453
16477
16481
16487
16493
16519
16529
16547
16553
16561
16567
16573
16603
16607
16619
16631
There are 158 prime numbers in S21.
