S210(1580041~1595160)
1580041
1580053
1580057
1580081
1580087
1580107
1580119
1580141
1580171
1580177
1580203
1580213
1580251
1580273
1580279
1580309
1580339
1580351
1580357
1580387
1580393
1580417
1580419
1580429
1580431
1580437
1580441
1580459
1580461
1580479
1580483
1580489
1580503
1580521
1580533
1580561
1580567
1580573
1580581
1580617
1580627
1580633
1580647
1580651
1580653
1580671
1580687
1580699
1580707
1580713
1580717
1580737
1580753
1580759
1580771
1580773
1580797
1580801
1580849
1580851
1580861
1580897
1580911
1580921
1580923
1580959
1580977
1580987
1581007
1581011
1581037
1581053
1581061
1581071
1581077
1581079
1581091
1581101
1581113
1581131
1581157
1581163
1581169
1581191
1581193
1581211
1581257
1581271
1581287
1581299
1581311
1581317
1581367
1581379
1581413
1581421
1581431
1581439
1581443
1581449
1581469
1581473
1581479
1581487
1581499
1581533
1581539
1581553
1581577
1581581
1581607
1581611
1581623
1581637
1581649
1581653
1581673
1581707
1581709
1581719
1581721
1581737
1581743
1581751
1581757
1581829
1581857
1581859
1581869
1581889
1581911
1581919
1581929
1581949
1582001
1582019
1582033
1582043
1582069
1582079
1582081
1582109
1582117
1582127
1582151
1582159
1582169
1582171
1582177
1582247
1582267
1582283
1582297
1582319
1582337
1582351
1582363
1582381
1582387
1582391
1582393
1582409
1582429
1582447
1582459
1582463
1582489
1582517
1582531
1582541
1582549
1582573
1582577
1582579
1582583
1582589
1582597
1582621
1582673
1582697
1582703
1582709
1582729
1582753
1582759
1582799
1582811
1582813
1582877
1582901
1582927
1582937
1582949
1582957
1582961
1582963
1582967
1582981
1582991
1583003
1583027
1583033
1583039
1583047
1583053
1583089
1583093
1583107
1583117
1583149
1583161
1583167
1583171
1583177
1583191
1583203
1583233
1583249
1583273
1583287
1583291
1583293
1583299
1583311
1583321
1583339
1583347
1583353
1583357
1583359
1583369
1583447
1583459
1583471
1583497
1583509
1583521
1583531
1583539
1583591
1583599
1583629
1583651
1583653
1583657
1583671
1583689
1583731
1583741
1583749
1583753
1583761
1583767
1583773
1583801
1583807
1583809
1583833
1583837
1583843
1583851
1583861
1583863
1583867
1583887
1583899
1583909
1583917
1583927
1583929
1583999
1584001
1584017
1584031
1584047
1584059
1584083
1584101
1584103
1584113
1584127
1584137
1584139
1584151
1584157
1584169
1584203
1584227
1584257
1584259
1584269
1584283
1584307
1584311
1584343
1584367
1584371
1584389
1584403
1584409
1584413
1584431
1584433
1584437
1584439
1584469
1584481
1584487
1584491
1584509
1584547
1584551
1584571
1584577
1584607
1584613
1584623
1584629
1584641
1584643
1584697
1584701
1584703
1584721
1584731
1584743
1584767
1584797
1584811
1584827
1584829
1584881
1584889
1584899
1584901
1584929
1584931
1584941
1584943
1584949
1584959
1584967
1584971
1584983
1585007
1585009
1585013
1585021
1585027
1585033
1585093
1585127
1585147
1585201
1585219
1585249
1585253
1585261
1585279
1585289
1585291
1585313
1585319
1585373
1585387
1585393
1585399
1585411
1585427
1585447
1585457
1585469
1585477
1585481
1585483
1585489
1585499
1585513
1585523
1585537
1585541
1585547
1585559
1585583
1585589
1585603
1585631
1585637
1585657
1585663
1585669
1585673
1585679
1585687
1585697
1585699
1585723
1585747
1585763
1585769
1585799
1585819
1585889
1585897
1585901
1585937
1585963
1585967
1585973
1585993
1586023
1586027
1586041
1586077
1586089
1586093
1586099
1586111
1586113
1586147
1586161
1586191
1586197
1586201
1586209
1586251
1586257
1586309
1586311
1586327
1586339
1586371
1586381
1586393
1586401
1586419
1586437
1586467
1586513
1586527
1586531
1586537
1586539
1586551
1586567
1586581
1586587
1586617
1586621
1586623
1586647
1586693
1586699
1586707
1586719
1586723
1586737
1586771
1586773
1586777
1586789
1586791
1586813
1586821
1586857
1586867
1586869
1586881
1586887
1586891
1586911
1586939
1586951
1586953
1586971
1586989
1587007
1587011
1587067
1587077
1587101
1587109
1587121
1587167
1587197
1587221
1587251
1587283
1587301
1587323
1587343
1587349
1587361
1587389
1587407
1587413
1587449
1587473
1587491
1587499
1587503
1587527
1587533
1587557
1587563
1587569
1587577
1587581
1587587
1587611
1587617
1587629
1587637
1587653
1587673
1587679
1587683
1587701
1587709
1587737
1587739
1587743
1587787
1587799
1587809
1587829
1587841
1587847
1587869
1587871
1587877
1587899
1587917
1587923
1587959
1587961
1587973
1587977
1587991
1587997
1588019
1588031
1588043
1588049
1588051
1588063
1588073
1588087
1588091
1588117
1588121
1588133
1588141
1588159
1588163
1588183
1588187
1588189
1588193
1588211
1588231
1588253
1588273
1588289
1588297
1588303
1588309
1588333
1588387
1588393
1588399
1588423
1588439
1588451
1588507
1588511
1588513
1588523
1588567
1588577
1588597
1588603
1588661
1588663
1588673
1588681
1588687
1588711
1588729
1588733
1588747
1588751
1588753
1588757
1588759
1588777
1588793
1588801
1588813
1588819
1588841
1588859
1588861
1588877
1588879
1588883
1588889
1588901
1588903
1588907
1588921
1588931
1588933
1588949
1588963
1588987
1589017
1589053
1589059
1589069
1589083
1589089
1589123
1589129
1589183
1589207
1589209
1589219
1589239
1589249
1589251
1589257
1589281
1589297
1589299
1589303
1589317
1589327
1589333
1589359
1589363
1589377
1589387
1589389
1589411
1589431
1589443
1589453
1589459
1589473
1589501
1589503
1589513
1589537
1589561
1589563
1589569
1589573
1589591
1589633
1589641
1589647
1589657
1589663
1589669
1589671
1589677
1589683
1589689
1589701
1589713
1589719
1589747
1589771
1589803
1589813
1589827
1589831
1589837
1589849
1589851
1589881
1589893
1589899
1589911
1589923
1589933
1589941
1589969
1589981
1590019
1590037
1590047
1590049
1590073
1590077
1590079
1590101
1590107
1590119
1590131
1590133
1590137
1590161
1590203
1590221
1590229
1590233
1590241
1590247
1590263
1590271
1590293
1590311
1590317
1590343
1590373
1590377
1590383
1590397
1590403
1590437
1590461
1590467
1590481
1590487
1590493
1590521
1590539
1590541
1590551
1590553
1590559
1590643
1590653
1590671
1590683
1590713
1590727
1590731
1590739
1590791
1590793
1590803
1590829
1590857
1590893
1590907
1590913
1590917
1590931
1590937
1590949
1590961
1590991
1591001
1591021
1591033
1591097
1591099
1591103
1591127
1591141
1591159
1591189
1591207
1591211
1591229
1591237
1591241
1591253
1591267
1591273
1591277
1591313
1591339
1591351
1591363
1591367
1591391
1591397
1591417
1591441
1591463
1591483
1591487
1591507
1591511
1591547
1591553
1591567
1591589
1591621
1591631
1591637
1591663
1591697
1591721
1591729
1591753
1591783
1591787
1591813
1591841
1591859
1591871
1591873
1591883
1591901
1591913
1591921
1591927
1591949
1591969
1591973
1591981
1592027
1592047
1592051
1592069
1592081
1592099
1592111
1592113
1592117
1592159
1592167
1592183
1592197
1592207
1592243
1592251
1592263
1592273
1592281
1592321
1592323
1592329
1592341
1592387
1592401
1592411
1592429
1592431
1592471
1592489
1592533
1592557
1592573
1592579
1592581
1592609
1592621
1592623
1592639
1592653
1592659
1592663
1592671
1592683
1592693
1592699
1592729
1592737
1592753
1592761
1592777
1592779
1592797
1592807
1592821
1592831
1592861
1592863
1592867
1592869
1592879
1592881
1592923
1592939
1592947
1592953
1592963
1592993
1593029
1593037
1593043
1593047
1593061
1593071
1593133
1593149
1593167
1593181
1593191
1593197
1593199
1593217
1593227
1593239
1593247
1593269
1593271
1593281
1593299
1593323
1593329
1593341
1593349
1593377
1593379
1593401
1593409
1593421
1593433
1593467
1593481
1593491
1593497
1593499
1593523
1593539
1593541
1593583
1593589
1593593
1593607
1593619
1593643
1593653
1593659
1593703
1593743
1593749
1593773
1593797
1593799
1593821
1593827
1593833
1593841
1593847
1593857
1593859
1593887
1593899
1593931
1593947
1594027
1594031
1594037
1594049
1594057
1594063
1594093
1594097
1594111
1594123
1594127
1594129
1594133
1594147
1594169
1594183
1594207
1594211
1594223
1594249
1594253
1594259
1594261
1594267
1594273
1594279
1594283
1594289
1594297
1594301
1594331
1594339
1594387
1594403
1594421
1594433
1594451
1594459
1594471
1594477
1594517
1594529
1594553
1594559
1594573
1594597
1594631
1594633
1594639
1594643
1594657
1594661
1594669
1594693
1594709
1594721
1594729
1594763
1594771
1594783
1594793
1594807
1594819
1594837
1594849
1594861
1594867
1594871
1594883
1594897
1594903
1594909
1594921
1594927
1594933
1594937
1594951
1594961
1594987
1595003
1595047
1595051
1595053
1595057
1595063
1595071
1595081
1595101
1595117
1595149
There are 1038 prime numbers in S210.
