S212(1610353~1625616)
1610353
1610369
1610377
1610387
1610417
1610423
1610429
1610431
1610443
1610467
1610471
1610473
1610501
1610513
1610519
1610527
1610533
1610537
1610551
1610561
1610569
1610579
1610591
1610627
1610639
1610657
1610659
1610681
1610701
1610753
1610761
1610771
1610773
1610779
1610783
1610789
1610797
1610809
1610813
1610837
1610867
1610887
1610893
1610899
1610923
1610927
1610933
1610941
1610957
1610963
1610969
1610981
1610993
1611031
1611053
1611059
1611079
1611089
1611097
1611131
1611139
1611151
1611157
1611161
1611187
1611199
1611217
1611223
1611227
1611241
1611251
1611289
1611293
1611299
1611307
1611319
1611331
1611343
1611353
1611361
1611367
1611391
1611397
1611419
1611433
1611439
1611451
1611469
1611479
1611499
1611517
1611529
1611539
1611553
1611563
1611593
1611601
1611607
1611613
1611667
1611689
1611691
1611697
1611707
1611737
1611749
1611761
1611763
1611773
1611781
1611809
1611851
1611853
1611877
1611881
1611899
1611901
1611917
1611947
1611949
1611971
1612007
1612019
1612033
1612063
1612069
1612073
1612111
1612123
1612133
1612141
1612157
1612181
1612183
1612189
1612211
1612213
1612223
1612249
1612267
1612271
1612307
1612309
1612319
1612327
1612333
1612361
1612363
1612393
1612427
1612439
1612451
1612463
1612477
1612493
1612517
1612537
1612561
1612601
1612609
1612619
1612621
1612649
1612669
1612679
1612693
1612697
1612703
1612727
1612733
1612747
1612759
1612763
1612771
1612781
1612823
1612859
1612903
1612913
1612927
1612931
1612937
1612957
1612991
1612997
1612999
1613033
1613041
1613057
1613069
1613093
1613099
1613123
1613141
1613149
1613153
1613173
1613179
1613201
1613279
1613321
1613323
1613329
1613363
1613371
1613393
1613399
1613407
1613411
1613413
1613441
1613471
1613483
1613497
1613503
1613509
1613539
1613543
1613587
1613593
1613597
1613609
1613621
1613639
1613641
1613653
1613669
1613671
1613683
1613707
1613713
1613741
1613761
1613771
1613809
1613813
1613831
1613867
1613873
1613921
1613947
1613951
1613959
1613981
1613987
1614001
1614007
1614017
1614023
1614037
1614073
1614083
1614149
1614157
1614187
1614191
1614229
1614233
1614241
1614247
1614251
1614257
1614281
1614289
1614307
1614311
1614317
1614329
1614331
1614359
1614367
1614377
1614383
1614391
1614397
1614409
1614413
1614443
1614461
1614463
1614467
1614479
1614491
1614493
1614533
1614553
1614559
1614583
1614589
1614593
1614619
1614629
1614631
1614637
1614647
1614649
1614659
1614661
1614671
1614707
1614719
1614721
1614733
1614757
1614787
1614793
1614803
1614817
1614859
1614863
1614871
1614911
1614913
1614917
1614929
1614947
1614961
1614973
1614989
1615001
1615021
1615027
1615043
1615049
1615067
1615073
1615079
1615121
1615139
1615151
1615157
1615177
1615181
1615183
1615199
1615223
1615231
1615253
1615279
1615307
1615331
1615333
1615337
1615351
1615363
1615403
1615421
1615433
1615447
1615477
1615483
1615487
1615499
1615501
1615511
1615529
1615541
1615591
1615613
1615631
1615633
1615637
1615643
1615651
1615657
1615661
1615673
1615693
1615699
1615717
1615723
1615739
1615763
1615777
1615781
1615837
1615841
1615843
1615847
1615849
1615853
1615871
1615891
1615919
1615921
1615949
1615963
1615981
1615987
1616009
1616029
1616033
1616039
1616047
1616057
1616063
1616077
1616099
1616113
1616119
1616161
1616171
1616183
1616201
1616221
1616227
1616231
1616269
1616281
1616291
1616297
1616347
1616359
1616401
1616429
1616437
1616443
1616453
1616473
1616491
1616497
1616519
1616533
1616543
1616551
1616569
1616597
1616603
1616609
1616611
1616617
1616621
1616623
1616627
1616633
1616639
1616651
1616669
1616677
1616687
1616689
1616711
1616723
1616749
1616801
1616803
1616807
1616809
1616821
1616827
1616833
1616851
1616861
1616891
1616897
1616899
1616939
1616947
1616963
1616983
1617019
1617029
1617037
1617043
1617047
1617079
1617103
1617137
1617139
1617149
1617211
1617247
1617251
1617269
1617277
1617283
1617289
1617311
1617347
1617349
1617373
1617391
1617433
1617437
1617439
1617443
1617463
1617493
1617503
1617509
1617523
1617541
1617547
1617557
1617563
1617569
1617589
1617619
1617647
1617661
1617689
1617691
1617697
1617727
1617739
1617743
1617757
1617767
1617769
1617773
1617779
1617809
1617817
1617827
1617871
1617883
1617893
1617923
1617929
1617943
1617949
1617971
1617977
1617989
1618003
1618007
1618033
1618039
1618049
1618051
1618079
1618081
1618087
1618091
1618093
1618129
1618139
1618153
1618181
1618187
1618189
1618207
1618217
1618223
1618241
1618261
1618271
1618277
1618291
1618307
1618319
1618327
1618333
1618367
1618369
1618373
1618387
1618399
1618411
1618433
1618453
1618457
1618459
1618471
1618481
1618489
1618501
1618517
1618531
1618537
1618549
1618559
1618601
1618613
1618619
1618627
1618637
1618663
1618679
1618681
1618703
1618739
1618741
1618769
1618777
1618807
1618817
1618823
1618829
1618831
1618849
1618853
1618891
1618909
1618931
1618937
1618943
1618957
1618963
1618973
1618979
1619021
1619053
1619069
1619071
1619087
1619113
1619119
1619153
1619159
1619171
1619179
1619207
1619209
1619227
1619239
1619243
1619249
1619257
1619281
1619287
1619311
1619327
1619329
1619339
1619341
1619353
1619381
1619383
1619417
1619419
1619473
1619507
1619531
1619549
1619551
1619557
1619561
1619593
1619599
1619603
1619633
1619647
1619663
1619669
1619671
1619677
1619687
1619689
1619699
1619713
1619741
1619747
1619753
1619759
1619773
1619791
1619831
1619837
1619857
1619861
1619887
1619899
1619903
1619909
1619929
1619941
1619957
1619983
1619987
1620001
1620013
1620019
1620041
1620071
1620103
1620107
1620121
1620133
1620161
1620209
1620217
1620233
1620239
1620247
1620251
1620257
1620271
1620319
1620329
1620331
1620337
1620347
1620371
1620379
1620391
1620403
1620413
1620431
1620439
1620449
1620461
1620467
1620469
1620497
1620517
1620523
1620539
1620547
1620551
1620569
1620571
1620589
1620611
1620613
1620617
1620629
1620631
1620667
1620677
1620679
1620733
1620739
1620743
1620769
1620803
1620811
1620823
1620841
1620881
1620887
1620893
1620917
1620923
1620929
1620961
1620973
1620977
1620989
1621019
1621031
1621033
1621043
1621049
1621079
1621093
1621097
1621127
1621133
1621141
1621153
1621163
1621177
1621219
1621231
1621237
1621241
1621259
1621283
1621309
1621349
1621351
1621357
1621363
1621369
1621381
1621391
1621397
1621421
1621423
1621439
1621457
1621469
1621471
1621481
1621489
1621519
1621537
1621541
1621559
1621583
1621597
1621619
1621621
1621637
1621639
1621643
1621657
1621667
1621679
1621699
1621717
1621721
1621723
1621727
1621729
1621751
1621769
1621771
1621793
1621819
1621843
1621849
1621861
1621871
1621877
1621909
1621931
1621933
1621979
1621993
1622009
1622039
1622041
1622053
1622059
1622063
1622077
1622081
1622141
1622143
1622149
1622189
1622207
1622209
1622233
1622263
1622273
1622287
1622297
1622311
1622333
1622359
1622377
1622407
1622419
1622431
1622437
1622449
1622471
1622473
1622479
1622483
1622549
1622557
1622573
1622587
1622591
1622597
1622609
1622617
1622639
1622641
1622659
1622669
1622671
1622681
1622693
1622707
1622711
1622729
1622743
1622749
1622773
1622779
1622791
1622813
1622827
1622833
1622839
1622849
1622861
1622867
1622879
1622917
1622947
1622953
1622977
1622981
1622987
1623023
1623029
1623047
1623053
1623059
1623071
1623077
1623091
1623107
1623137
1623157
1623161
1623163
1623169
1623173
1623197
1623203
1623229
1623233
1623263
1623269
1623283
1623287
1623289
1623299
1623319
1623361
1623367
1623403
1623421
1623431
1623437
1623451
1623463
1623467
1623473
1623487
1623533
1623539
1623553
1623599
1623631
1623647
1623667
1623679
1623701
1623707
1623733
1623763
1623767
1623781
1623793
1623799
1623827
1623829
1623833
1623847
1623859
1623863
1623883
1623901
1623907
1623917
1623929
1623931
1623943
1623977
1623989
1624009
1624019
1624037
1624057
1624069
1624081
1624111
1624141
1624151
1624159
1624169
1624171
1624193
1624199
1624201
1624213
1624223
1624241
1624277
1624279
1624309
1624321
1624327
1624331
1624349
1624351
1624361
1624373
1624387
1624417
1624423
1624429
1624453
1624471
1624487
1624501
1624507
1624523
1624529
1624573
1624589
1624591
1624603
1624607
1624627
1624661
1624663
1624681
1624687
1624691
1624699
1624717
1624729
1624757
1624807
1624811
1624813
1624829
1624849
1624913
1624933
1624943
1624963
1624967
1624969
1624991
1624993
1625017
1625021
1625027
1625059
1625123
1625147
1625153
1625167
1625171
1625177
1625179
1625201
1625207
1625209
1625227
1625257
1625263
1625287
1625297
1625303
1625311
1625321
1625329
1625339
1625347
1625359
1625383
1625417
1625419
1625453
1625461
1625471
1625483
1625497
1625501
1625513
1625539
1625543
1625551
1625573
1625581
1625587
There are 1057 prime numbers in S212.
