S216(1671841~1687392)
1671907
1671941
1671947
1671961
1671977
1671983
1671997
1672003
1672009
1672037
1672051
1672063
1672079
1672081
1672087
1672091
1672117
1672129
1672199
1672219
1672243
1672271
1672301
1672331
1672337
1672339
1672379
1672381
1672393
1672421
1672423
1672441
1672453
1672457
1672469
1672471
1672487
1672499
1672501
1672507
1672519
1672523
1672529
1672549
1672553
1672603
1672607
1672609
1672631
1672637
1672639
1672651
1672663
1672747
1672751
1672753
1672771
1672787
1672799
1672849
1672861
1672873
1672889
1672897
1672901
1672921
1672927
1672939
1672949
1672961
1672963
1672967
1672999
1673011
1673017
1673027
1673053
1673069
1673071
1673081
1673099
1673107
1673131
1673137
1673167
1673171
1673179
1673183
1673207
1673209
1673237
1673249
1673279
1673281
1673297
1673317
1673339
1673377
1673381
1673389
1673393
1673401
1673407
1673437
1673447
1673453
1673461
1673489
1673509
1673513
1673519
1673527
1673543
1673563
1673569
1673591
1673627
1673629
1673663
1673669
1673681
1673713
1673719
1673723
1673731
1673741
1673747
1673753
1673759
1673797
1673807
1673809
1673813
1673827
1673831
1673839
1673849
1673857
1673897
1673923
1673927
1673933
1673941
1673951
1673953
1673981
1673983
1673993
1674011
1674047
1674053
1674067
1674073
1674107
1674133
1674151
1674157
1674161
1674163
1674181
1674203
1674209
1674259
1674269
1674271
1674289
1674301
1674319
1674329
1674353
1674371
1674391
1674433
1674437
1674457
1674461
1674473
1674503
1674523
1674539
1674557
1674559
1674577
1674581
1674587
1674593
1674599
1674601
1674613
1674623
1674637
1674643
1674649
1674667
1674683
1674703
1674733
1674737
1674763
1674767
1674769
1674787
1674797
1674817
1674821
1674847
1674887
1674889
1674901
1674913
1674917
1674919
1674931
1674941
1674947
1674949
1674971
1674989
1674991
1674997
1675001
1675007
1675013
1675039
1675049
1675057
1675073
1675087
1675109
1675111
1675117
1675133
1675139
1675181
1675183
1675199
1675213
1675217
1675259
1675273
1675279
1675283
1675291
1675307
1675321
1675327
1675339
1675351
1675361
1675369
1675379
1675393
1675411
1675441
1675447
1675459
1675463
1675507
1675561
1675567
1675577
1675579
1675589
1675607
1675613
1675627
1675631
1675637
1675679
1675697
1675703
1675717
1675721
1675733
1675747
1675759
1675763
1675769
1675771
1675787
1675789
1675799
1675801
1675831
1675847
1675859
1675867
1675873
1675931
1675937
1675943
1675951
1675963
1675967
1675981
1675991
1676023
1676027
1676029
1676041
1676053
1676069
1676071
1676083
1676111
1676167
1676173
1676221
1676243
1676261
1676267
1676281
1676303
1676321
1676333
1676347
1676383
1676393
1676413
1676417
1676431
1676453
1676471
1676473
1676497
1676501
1676533
1676551
1676561
1676569
1676593
1676599
1676611
1676621
1676627
1676629
1676641
1676651
1676663
1676687
1676711
1676713
1676749
1676767
1676771
1676783
1676813
1676827
1676833
1676837
1676869
1676879
1676887
1676891
1676893
1676911
1676923
1676947
1676963
1676971
1676981
1676993
1677001
1677019
1677031
1677037
1677047
1677083
1677089
1677113
1677121
1677133
1677163
1677167
1677191
1677197
1677199
1677209
1677217
1677251
1677253
1677281
1677283
1677287
1677323
1677329
1677337
1677343
1677349
1677353
1677359
1677443
1677451
1677457
1677461
1677463
1677499
1677521
1677523
1677527
1677539
1677569
1677583
1677589
1677593
1677631
1677667
1677673
1677703
1677707
1677721
1677727
1677733
1677743
1677773
1677779
1677787
1677791
1677811
1677847
1677857
1677877
1677887
1677899
1677941
1677961
1677971
1677997
1678009
1678013
1678021
1678031
1678037
1678067
1678069
1678073
1678091
1678093
1678111
1678129
1678133
1678151
1678153
1678181
1678199
1678207
1678217
1678219
1678231
1678249
1678267
1678277
1678301
1678319
1678321
1678331
1678337
1678349
1678361
1678363
1678367
1678381
1678399
1678409
1678421
1678423
1678429
1678459
1678463
1678507
1678531
1678543
1678553
1678571
1678577
1678601
1678603
1678613
1678627
1678639
1678657
1678673
1678679
1678687
1678693
1678697
1678711
1678717
1678739
1678751
1678753
1678757
1678759
1678769
1678771
1678777
1678837
1678843
1678847
1678861
1678871
1678877
1678879
1678883
1678889
1678891
1678921
1678951
1678961
1678979
1678993
1679009
1679017
1679033
1679057
1679059
1679077
1679099
1679101
1679113
1679123
1679131
1679143
1679159
1679189
1679203
1679213
1679233
1679261
1679267
1679273
1679281
1679287
1679291
1679297
1679323
1679329
1679333
1679351
1679371
1679383
1679417
1679443
1679459
1679471
1679473
1679479
1679501
1679521
1679533
1679539
1679599
1679603
1679609
1679627
1679633
1679641
1679653
1679659
1679669
1679681
1679683
1679687
1679693
1679701
1679723
1679773
1679779
1679801
1679807
1679831
1679833
1679849
1679857
1679863
1679903
1679917
1679939
1679959
1679963
1679981
1680013
1680023
1680071
1680079
1680089
1680101
1680103
1680121
1680131
1680149
1680167
1680179
1680181
1680191
1680247
1680253
1680269
1680271
1680277
1680313
1680317
1680319
1680323
1680359
1680361
1680373
1680377
1680401
1680407
1680421
1680431
1680439
1680457
1680461
1680491
1680509
1680527
1680529
1680551
1680557
1680583
1680589
1680593
1680617
1680643
1680647
1680659
1680689
1680697
1680703
1680709
1680743
1680761
1680779
1680787
1680793
1680803
1680821
1680823
1680839
1680859
1680871
1680881
1680893
1680901
1680907
1680919
1680929
1680961
1680967
1680979
1680983
1681003
1681007
1681027
1681033
1681061
1681073
1681091
1681103
1681129
1681151
1681157
1681187
1681193
1681201
1681219
1681241
1681247
1681259
1681261
1681271
1681279
1681289
1681307
1681321
1681349
1681363
1681397
1681403
1681411
1681423
1681469
1681501
1681513
1681517
1681541
1681571
1681573
1681579
1681591
1681597
1681619
1681621
1681639
1681649
1681651
1681661
1681679
1681703
1681711
1681717
1681721
1681723
1681787
1681807
1681817
1681837
1681853
1681871
1681873
1681877
1681879
1681891
1681903
1681907
1681931
1681957
1681973
1681991
1682017
1682047
1682069
1682081
1682101
1682111
1682119
1682123
1682143
1682159
1682179
1682207
1682237
1682249
1682251
1682257
1682281
1682287
1682293
1682311
1682333
1682363
1682383
1682389
1682399
1682407
1682413
1682423
1682449
1682477
1682479
1682489
1682509
1682521
1682531
1682537
1682539
1682543
1682557
1682561
1682567
1682573
1682581
1682627
1682663
1682669
1682671
1682693
1682701
1682713
1682717
1682753
1682801
1682809
1682827
1682831
1682833
1682843
1682867
1682893
1682911
1682939
1682951
1682987
1682999
1683007
1683013
1683029
1683037
1683041
1683043
1683049
1683053
1683067
1683089
1683103
1683113
1683169
1683223
1683233
1683239
1683251
1683259
1683271
1683293
1683299
1683313
1683317
1683359
1683373
1683397
1683403
1683433
1683467
1683469
1683491
1683497
1683503
1683523
1683553
1683581
1683589
1683601
1683631
1683637
1683667
1683673
1683679
1683691
1683719
1683733
1683749
1683767
1683779
1683817
1683839
1683841
1683887
1683949
1683971
1683977
1684019
1684031
1684063
1684079
1684091
1684097
1684099
1684127
1684169
1684171
1684187
1684223
1684229
1684231
1684237
1684247
1684259
1684283
1684289
1684297
1684301
1684303
1684307
1684327
1684337
1684373
1684379
1684387
1684399
1684409
1684427
1684477
1684481
1684489
1684511
1684531
1684537
1684549
1684561
1684577
1684591
1684607
1684609
1684667
1684679
1684691
1684693
1684703
1684733
1684741
1684763
1684769
1684777
1684789
1684801
1684829
1684843
1684861
1684867
1684873
1684877
1684883
1684919
1684937
1684951
1684973
1684979
1684993
1684999
1685011
1685039
1685051
1685071
1685077
1685087
1685093
1685107
1685111
1685113
1685119
1685153
1685171
1685179
1685207
1685209
1685221
1685231
1685267
1685269
1685273
1685297
1685317
1685323
1685381
1685399
1685407
1685419
1685423
1685429
1685441
1685443
1685447
1685449
1685459
1685473
1685477
1685479
1685483
1685503
1685521
1685527
1685543
1685549
1685573
1685581
1685591
1685599
1685617
1685627
1685681
1685701
1685707
1685711
1685713
1685731
1685759
1685767
1685773
1685777
1685779
1685809
1685819
1685821
1685833
1685837
1685861
1685863
1685869
1685881
1685897
1685911
1685917
1685933
1685951
1685953
1685963
1685977
1685989
1686017
1686029
1686049
1686067
1686071
1686109
1686119
1686133
1686137
1686143
1686149
1686169
1686173
1686197
1686203
1686229
1686239
1686257
1686259
1686271
1686287
1686319
1686329
1686341
1686343
1686353
1686367
1686389
1686403
1686409
1686439
1686449
1686473
1686479
1686491
1686511
1686527
1686547
1686551
1686563
1686569
1686583
1686593
1686631
1686637
1686647
1686661
1686667
1686673
1686677
1686683
1686697
1686701
1686703
1686743
1686749
1686779
1686823
1686827
1686851
1686857
1686871
1686907
1686913
1686931
1686943
1686967
1686973
1686983
1687009
1687033
1687039
1687057
1687061
1687087
1687111
1687117
1687129
1687139
1687151
1687157
1687171
1687177
1687183
1687187
1687193
1687247
1687289
1687297
1687319
1687327
1687331
1687339
1687373
1687381
There are 1085 prime numbers in S216.
