S217(1687393~1703016)
1687393
1687421
1687451
1687453
1687489
1687507
1687531
1687549
1687559
1687571
1687583
1687591
1687603
1687613
1687627
1687633
1687643
1687657
1687661
1687667
1687669
1687729
1687739
1687757
1687759
1687781
1687783
1687799
1687801
1687823
1687831
1687837
1687843
1687849
1687853
1687859
1687909
1687937
1687949
1687963
1687969
1687991
1687999
1688041
1688047
1688069
1688077
1688081
1688101
1688123
1688143
1688147
1688153
1688161
1688173
1688179
1688189
1688201
1688213
1688231
1688237
1688243
1688261
1688263
1688279
1688299
1688311
1688317
1688327
1688329
1688341
1688363
1688369
1688371
1688387
1688411
1688413
1688443
1688471
1688497
1688509
1688543
1688573
1688579
1688623
1688629
1688651
1688657
1688669
1688677
1688681
1688741
1688759
1688773
1688789
1688803
1688809
1688837
1688857
1688861
1688887
1688893
1688903
1688909
1688917
1688923
1688927
1688969
1688971
1688977
1688987
1689031
1689049
1689053
1689067
1689071
1689109
1689113
1689167
1689197
1689199
1689211
1689217
1689253
1689263
1689277
1689287
1689319
1689343
1689353
1689367
1689377
1689379
1689397
1689431
1689437
1689451
1689497
1689503
1689521
1689533
1689551
1689553
1689601
1689607
1689617
1689641
1689659
1689661
1689703
1689707
1689713
1689719
1689739
1689757
1689763
1689767
1689773
1689781
1689829
1689847
1689869
1689881
1689893
1689907
1689911
1689913
1689923
1689929
1689931
1689967
1690009
1690019
1690043
1690057
1690067
1690079
1690081
1690097
1690099
1690103
1690121
1690153
1690187
1690189
1690193
1690211
1690217
1690219
1690229
1690231
1690253
1690267
1690277
1690303
1690309
1690313
1690319
1690349
1690357
1690387
1690393
1690421
1690427
1690433
1690441
1690483
1690519
1690529
1690537
1690547
1690571
1690573
1690597
1690603
1690609
1690621
1690651
1690669
1690673
1690681
1690687
1690691
1690693
1690727
1690739
1690757
1690781
1690783
1690811
1690831
1690847
1690849
1690853
1690883
1690901
1690933
1690967
1690993
1691003
1691023
1691033
1691051
1691069
1691087
1691093
1691099
1691101
1691113
1691119
1691141
1691161
1691189
1691219
1691227
1691231
1691237
1691243
1691257
1691269
1691273
1691293
1691297
1691303
1691321
1691359
1691369
1691387
1691401
1691411
1691413
1691419
1691423
1691429
1691441
1691461
1691479
1691507
1691519
1691527
1691531
1691533
1691561
1691567
1691593
1691611
1691621
1691633
1691647
1691659
1691681
1691689
1691693
1691737
1691747
1691759
1691771
1691803
1691821
1691827
1691839
1691843
1691849
1691861
1691863
1691867
1691869
1691897
1691917
1691927
1691933
1691939
1691983
1692013
1692017
1692023
1692043
1692049
1692059
1692071
1692091
1692107
1692137
1692139
1692149
1692161
1692167
1692181
1692191
1692199
1692203
1692217
1692221
1692233
1692239
1692241
1692247
1692253
1692283
1692293
1692337
1692377
1692407
1692413
1692421
1692433
1692461
1692473
1692479
1692499
1692511
1692541
1692563
1692583
1692589
1692629
1692637
1692641
1692667
1692679
1692683
1692697
1692709
1692721
1692727
1692737
1692749
1692763
1692791
1692827
1692829
1692839
1692857
1692863
1692871
1692883
1692907
1692917
1692947
1692949
1692959
1692967
1692983
1692989
1693001
1693031
1693051
1693067
1693073
1693091
1693093
1693103
1693129
1693169
1693171
1693187
1693201
1693249
1693267
1693271
1693273
1693277
1693303
1693309
1693327
1693331
1693333
1693343
1693357
1693361
1693411
1693427
1693429
1693441
1693493
1693501
1693511
1693529
1693537
1693541
1693553
1693577
1693579
1693583
1693607
1693613
1693621
1693631
1693633
1693639
1693649
1693661
1693663
1693667
1693691
1693711
1693729
1693753
1693763
1693777
1693807
1693817
1693841
1693859
1693883
1693889
1693891
1693921
1693943
1693957
1693987
1694023
1694027
1694029
1694051
1694081
1694083
1694089
1694123
1694129
1694141
1694159
1694167
1694171
1694177
1694191
1694197
1694207
1694213
1694221
1694227
1694233
1694239
1694263
1694281
1694291
1694309
1694311
1694327
1694351
1694353
1694359
1694369
1694377
1694393
1694423
1694443
1694447
1694449
1694467
1694503
1694507
1694513
1694521
1694533
1694551
1694573
1694599
1694603
1694621
1694647
1694681
1694689
1694701
1694717
1694723
1694729
1694761
1694767
1694779
1694809
1694821
1694831
1694837
1694851
1694879
1694897
1694909
1694921
1694929
1694941
1694977
1694989
1695041
1695061
1695073
1695091
1695107
1695131
1695139
1695143
1695157
1695163
1695191
1695209
1695233
1695259
1695283
1695289
1695293
1695319
1695329
1695341
1695347
1695349
1695401
1695403
1695413
1695433
1695437
1695439
1695457
1695467
1695481
1695493
1695509
1695511
1695527
1695553
1695559
1695581
1695593
1695611
1695623
1695641
1695643
1695653
1695671
1695691
1695697
1695709
1695737
1695751
1695761
1695763
1695779
1695781
1695797
1695809
1695817
1695823
1695839
1695847
1695853
1695871
1695887
1695899
1695913
1695929
1695961
1695989
1696001
1696021
1696027
1696033
1696069
1696081
1696099
1696109
1696127
1696153
1696157
1696169
1696193
1696199
1696207
1696213
1696231
1696237
1696241
1696249
1696259
1696283
1696291
1696313
1696327
1696333
1696363
1696369
1696391
1696417
1696421
1696423
1696439
1696451
1696459
1696463
1696493
1696501
1696511
1696517
1696523
1696543
1696547
1696571
1696577
1696579
1696589
1696601
1696609
1696649
1696657
1696691
1696693
1696697
1696711
1696729
1696801
1696811
1696859
1696861
1696879
1696883
1696943
1696951
1696969
1696973
1696979
1697027
1697039
1697041
1697053
1697057
1697063
1697071
1697077
1697083
1697107
1697149
1697159
1697173
1697191
1697197
1697231
1697243
1697257
1697261
1697287
1697291
1697299
1697309
1697317
1697321
1697347
1697351
1697357
1697383
1697389
1697401
1697407
1697411
1697413
1697419
1697453
1697459
1697461
1697471
1697477
1697491
1697503
1697519
1697533
1697551
1697581
1697587
1697621
1697623
1697627
1697651
1697677
1697701
1697719
1697723
1697737
1697741
1697743
1697753
1697767
1697771
1697797
1697803
1697827
1697833
1697867
1697869
1697873
1697881
1697887
1697903
1697953
1697957
1697959
1697987
1697989
1698001
1698007
1698013
1698023
1698029
1698043
1698061
1698071
1698077
1698089
1698101
1698119
1698121
1698127
1698131
1698133
1698139
1698167
1698217
1698227
1698233
1698241
1698247
1698253
1698259
1698271
1698289
1698311
1698313
1698349
1698377
1698379
1698409
1698413
1698427
1698449
1698461
1698469
1698497
1698509
1698511
1698539
1698553
1698569
1698607
1698611
1698643
1698647
1698679
1698689
1698701
1698709
1698713
1698727
1698751
1698773
1698797
1698799
1698821
1698833
1698857
1698859
1698869
1698871
1698877
1698881
1698883
1698913
1698943
1698947
1698953
1698967
1698971
1699001
1699007
1699039
1699043
1699063
1699067
1699069
1699073
1699091
1699109
1699111
1699129
1699153
1699157
1699177
1699193
1699213
1699219
1699223
1699237
1699249
1699279
1699289
1699297
1699301
1699307
1699319
1699331
1699333
1699349
1699361
1699381
1699391
1699393
1699421
1699427
1699457
1699469
1699471
1699499
1699501
1699517
1699543
1699547
1699571
1699597
1699619
1699627
1699639
1699651
1699667
1699679
1699681
1699703
1699717
1699727
1699739
1699741
1699781
1699783
1699787
1699793
1699799
1699801
1699829
1699837
1699853
1699871
1699877
1699879
1699897
1699921
1699933
1699937
1699939
1699969
1699993
1700021
1700047
1700053
1700059
1700077
1700087
1700099
1700107
1700129
1700141
1700143
1700161
1700173
1700189
1700197
1700219
1700233
1700267
1700269
1700287
1700297
1700327
1700339
1700341
1700353
1700359
1700371
1700383
1700423
1700431
1700437
1700441
1700471
1700477
1700513
1700533
1700549
1700563
1700591
1700593
1700603
1700609
1700617
1700627
1700651
1700659
1700669
1700683
1700687
1700719
1700723
1700729
1700749
1700759
1700761
1700767
1700771
1700801
1700807
1700813
1700819
1700849
1700851
1700917
1700921
1700981
1700983
1700987
1701017
1701019
1701023
1701041
1701043
1701047
1701059
1701061
1701079
1701101
1701121
1701137
1701151
1701179
1701181
1701199
1701233
1701239
1701263
1701269
1701277
1701289
1701299
1701307
1701313
1701361
1701367
1701389
1701391
1701397
1701433
1701437
1701439
1701449
1701461
1701487
1701493
1701503
1701509
1701521
1701523
1701527
1701533
1701571
1701577
1701589
1701607
1701613
1701617
1701629
1701641
1701643
1701647
1701653
1701709
1701719
1701727
1701731
1701743
1701757
1701761
1701767
1701803
1701809
1701827
1701829
1701841
1701851
1701857
1701859
1701871
1701877
1701881
1701899
1701901
1701911
1701913
1701967
1701971
1701979
1701991
1702009
1702013
1702061
1702079
1702087
1702093
1702109
1702121
1702133
1702139
1702171
1702177
1702189
1702219
1702237
1702243
1702249
1702291
1702313
1702319
1702321
1702339
1702369
1702373
1702409
1702417
1702423
1702429
1702507
1702511
1702523
1702543
1702549
1702553
1702573
1702577
1702627
1702637
1702639
1702643
1702661
1702663
1702697
1702709
1702711
1702717
1702721
1702739
1702741
1702747
1702751
1702781
1702783
1702801
1702807
1702817
1702819
1702823
1702849
1702867
1702879
1702891
1702901
1702903
1702927
1702931
1702933
1702949
1702963
1702969
1702991
1702993
There are 1105 prime numbers in S217.
