S218(1703017~1718712)
1703041
1703063
1703071
1703089
1703113
1703123
1703159
1703183
1703203
1703227
1703231
1703237
1703267
1703269
1703287
1703291
1703297
1703323
1703381
1703399
1703413
1703437
1703447
1703453
1703461
1703467
1703479
1703501
1703557
1703563
1703573
1703593
1703599
1703627
1703651
1703683
1703687
1703693
1703707
1703717
1703719
1703731
1703773
1703783
1703809
1703833
1703843
1703851
1703857
1703899
1703903
1703941
1703957
1703963
1703983
1703993
1704023
1704041
1704067
1704077
1704103
1704119
1704121
1704137
1704149
1704161
1704169
1704181
1704187
1704203
1704211
1704217
1704229
1704251
1704271
1704289
1704299
1704343
1704347
1704371
1704377
1704397
1704407
1704421
1704431
1704449
1704463
1704487
1704499
1704511
1704517
1704529
1704551
1704559
1704587
1704589
1704601
1704611
1704613
1704671
1704673
1704679
1704683
1704713
1704727
1704751
1704757
1704763
1704793
1704799
1704803
1704809
1704841
1704847
1704877
1704887
1704893
1704919
1704929
1704931
1704943
1704953
1704961
1704971
1704979
1704991
1705001
1705009
1705021
1705051
1705097
1705103
1705111
1705127
1705129
1705139
1705141
1705153
1705157
1705181
1705189
1705199
1705211
1705241
1705247
1705267
1705271
1705273
1705303
1705309
1705331
1705339
1705369
1705387
1705393
1705397
1705399
1705409
1705433
1705447
1705463
1705481
1705493
1705549
1705579
1705591
1705597
1705601
1705637
1705667
1705679
1705721
1705747
1705757
1705799
1705807
1705813
1705817
1705819
1705829
1705843
1705849
1705859
1705861
1705871
1705883
1705889
1705897
1705903
1705931
1705943
1705973
1705997
1706009
1706057
1706063
1706077
1706087
1706113
1706129
1706141
1706153
1706167
1706179
1706191
1706213
1706227
1706233
1706249
1706251
1706281
1706291
1706293
1706311
1706317
1706323
1706363
1706381
1706387
1706399
1706417
1706437
1706449
1706459
1706473
1706483
1706489
1706491
1706501
1706527
1706533
1706539
1706567
1706569
1706591
1706603
1706629
1706633
1706641
1706651
1706657
1706659
1706687
1706689
1706701
1706741
1706743
1706777
1706791
1706797
1706801
1706821
1706843
1706849
1706857
1706863
1706867
1706869
1706897
1706927
1706951
1706977
1706981
1706989
1707067
1707071
1707073
1707107
1707113
1707119
1707127
1707137
1707161
1707163
1707179
1707197
1707253
1707257
1707301
1707331
1707341
1707347
1707353
1707367
1707371
1707379
1707389
1707403
1707413
1707421
1707437
1707443
1707457
1707467
1707499
1707509
1707521
1707523
1707529
1707533
1707539
1707551
1707577
1707581
1707611
1707617
1707631
1707647
1707649
1707707
1707709
1707733
1707737
1707757
1707767
1707779
1707787
1707791
1707833
1707851
1707863
1707869
1707887
1707889
1707899
1707907
1707913
1707919
1707931
1707941
1707943
1707947
1707977
1707983
1708009
1708033
1708037
1708039
1708051
1708067
1708079
1708087
1708103
1708159
1708163
1708169
1708181
1708207
1708219
1708229
1708247
1708283
1708307
1708321
1708339
1708351
1708363
1708373
1708387
1708391
1708397
1708409
1708411
1708439
1708453
1708457
1708493
1708507
1708513
1708523
1708529
1708541
1708543
1708571
1708573
1708579
1708607
1708621
1708639
1708649
1708657
1708669
1708703
1708717
1708741
1708769
1708781
1708783
1708799
1708807
1708829
1708853
1708859
1708871
1708909
1708939
1708943
1708951
1708961
1708963
1708979
1708981
1708991
1708997
1709009
1709017
1709033
1709047
1709077
1709087
1709093
1709131
1709137
1709143
1709161
1709189
1709203
1709209
1709233
1709243
1709251
1709261
1709263
1709269
1709287
1709317
1709321
1709327
1709339
1709341
1709353
1709359
1709377
1709387
1709443
1709453
1709473
1709479
1709483
1709489
1709497
1709501
1709507
1709509
1709527
1709593
1709599
1709611
1709633
1709663
1709671
1709689
1709693
1709699
1709711
1709713
1709749
1709767
1709783
1709789
1709837
1709861
1709863
1709909
1709923
1709933
1709941
1709951
1709959
1709963
1709969
1709971
1709989
1709993
1709999
1710011
1710017
1710061
1710077
1710083
1710091
1710097
1710131
1710139
1710161
1710167
1710179
1710193
1710197
1710199
1710221
1710229
1710253
1710263
1710287
1710299
1710307
1710311
1710337
1710341
1710343
1710347
1710383
1710389
1710403
1710407
1710409
1710413
1710419
1710431
1710439
1710493
1710517
1710529
1710539
1710593
1710601
1710607
1710613
1710617
1710619
1710629
1710647
1710661
1710677
1710689
1710691
1710697
1710701
1710757
1710767
1710781
1710791
1710799
1710833
1710851
1710853
1710857
1710869
1710871
1710881
1710923
1710937
1710953
1710959
1710997
1711019
1711043
1711049
1711051
1711069
1711081
1711091
1711093
1711097
1711103
1711117
1711123
1711153
1711163
1711181
1711189
1711207
1711277
1711279
1711289
1711291
1711327
1711351
1711379
1711397
1711399
1711427
1711447
1711459
1711471
1711481
1711487
1711511
1711517
1711519
1711547
1711553
1711561
1711573
1711613
1711621
1711639
1711643
1711651
1711669
1711673
1711687
1711753
1711763
1711793
1711799
1711811
1711813
1711817
1711819
1711859
1711889
1711891
1711901
1711909
1711921
1711937
1711949
1711961
1711967
1711973
1711979
1711981
1711993
1712017
1712047
1712057
1712077
1712129
1712141
1712149
1712153
1712171
1712173
1712177
1712197
1712203
1712213
1712219
1712231
1712237
1712267
1712287
1712311
1712329
1712339
1712353
1712369
1712371
1712383
1712387
1712401
1712407
1712411
1712437
1712467
1712497
1712509
1712519
1712531
1712549
1712551
1712567
1712569
1712617
1712621
1712629
1712639
1712707
1712743
1712747
1712759
1712761
1712771
1712791
1712807
1712813
1712839
1712861
1712881
1712891
1712899
1712917
1712927
1712929
1712933
1712951
1712969
1712981
1712987
1713007
1713043
1713071
1713083
1713121
1713133
1713167
1713181
1713221
1713223
1713227
1713251
1713281
1713289
1713317
1713319
1713329
1713343
1713353
1713373
1713389
1713403
1713449
1713457
1713469
1713493
1713497
1713511
1713521
1713541
1713557
1713559
1713599
1713601
1713637
1713641
1713671
1713683
1713689
1713709
1713713
1713737
1713749
1713763
1713769
1713779
1713791
1713797
1713809
1713823
1713847
1713853
1713863
1713883
1713913
1713919
1713931
1713941
1713977
1713979
1713989
1713997
1714003
1714049
1714057
1714067
1714091
1714117
1714133
1714147
1714151
1714157
1714159
1714171
1714177
1714183
1714187
1714189
1714211
1714241
1714253
1714261
1714289
1714327
1714369
1714387
1714403
1714409
1714411
1714417
1714421
1714423
1714439
1714441
1714457
1714477
1714483
1714499
1714507
1714519
1714529
1714547
1714577
1714591
1714621
1714631
1714633
1714639
1714651
1714663
1714667
1714723
1714729
1714747
1714751
1714759
1714777
1714787
1714789
1714793
1714813
1714819
1714831
1714837
1714849
1714859
1714861
1714871
1714891
1714901
1714919
1714931
1714939
1714957
1714963
1715033
1715039
1715047
1715059
1715099
1715107
1715117
1715123
1715143
1715167
1715177
1715213
1715237
1715243
1715269
1715293
1715309
1715341
1715353
1715369
1715387
1715393
1715407
1715411
1715429
1715449
1715459
1715471
1715473
1715479
1715489
1715507
1715513
1715533
1715537
1715561
1715569
1715599
1715603
1715617
1715621
1715627
1715683
1715711
1715713
1715717
1715723
1715729
1715737
1715741
1715761
1715767
1715771
1715783
1715789
1715797
1715807
1715821
1715849
1715851
1715867
1715873
1715887
1715899
1715911
1715927
1715971
1715983
1716037
1716041
1716047
1716049
1716059
1716079
1716089
1716103
1716107
1716109
1716139
1716149
1716163
1716181
1716203
1716217
1716241
1716263
1716271
1716277
1716287
1716311
1716313
1716317
1716343
1716359
1716361
1716367
1716389
1716391
1716397
1716401
1716413
1716419
1716427
1716443
1716457
1716469
1716497
1716499
1716509
1716521
1716529
1716551
1716557
1716577
1716599
1716613
1716619
1716623
1716647
1716653
1716661
1716667
1716683
1716691
1716703
1716733
1716751
1716761
1716787
1716791
1716797
1716839
1716853
1716889
1716893
1716901
1716917
1716931
1716937
1716941
1716943
1716971
1716991
1717007
1717043
1717063
1717081
1717099
1717117
1717129
1717139
1717151
1717169
1717181
1717217
1717229
1717237
1717241
1717283
1717297
1717321
1717337
1717343
1717349
1717361
1717363
1717379
1717393
1717399
1717439
1717447
1717451
1717477
1717489
1717501
1717517
1717553
1717567
1717591
1717603
1717609
1717621
1717627
1717631
1717637
1717669
1717673
1717687
1717739
1717747
1717787
1717817
1717829
1717853
1717861
1717913
1717951
1717957
1717973
1717981
1717993
1718011
1718027
1718029
1718033
1718039
1718053
1718069
1718083
1718107
1718131
1718137
1718141
1718153
1718159
1718177
1718191
1718203
1718219
1718251
1718267
1718281
1718287
1718291
1718293
1718333
1718357
1718369
1718371
1718383
1718389
1718393
1718401
1718407
1718429
1718441
1718447
1718449
1718459
1718467
1718471
1718473
1718477
1718489
1718503
1718551
1718557
1718567
1718573
1718593
1718599
1718653
1718663
1718669
1718693
1718699
1718701
1718707
1718711
There are 1075 prime numbers in S218.
