S219(1718713~1734480)
1718713
1718719
1718723
1718747
1718749
1718771
1718789
1718791
1718807
1718861
1718863
1718867
1718869
1718879
1718881
1718891
1718923
1718929
1718933
1718947
1718971
1719001
1719049
1719059
1719143
1719187
1719197
1719203
1719209
1719217
1719233
1719239
1719241
1719271
1719293
1719299
1719301
1719317
1719337
1719343
1719359
1719409
1719413
1719433
1719451
1719469
1719491
1719493
1719517
1719541
1719547
1719551
1719583
1719607
1719611
1719623
1719629
1719643
1719647
1719659
1719667
1719701
1719719
1719721
1719743
1719749
1719763
1719799
1719829
1719841
1719853
1719857
1719859
1719863
1719869
1719877
1719901
1719919
1719923
1719931
1719943
1719947
1719967
1719983
1719989
1720003
1720031
1720039
1720049
1720057
1720063
1720109
1720123
1720133
1720151
1720157
1720163
1720171
1720177
1720181
1720183
1720189
1720211
1720217
1720219
1720223
1720231
1720273
1720289
1720291
1720297
1720307
1720321
1720339
1720361
1720363
1720379
1720399
1720421
1720427
1720429
1720457
1720471
1720513
1720517
1720549
1720591
1720597
1720603
1720613
1720619
1720633
1720639
1720643
1720669
1720679
1720703
1720709
1720711
1720769
1720777
1720781
1720787
1720799
1720843
1720847
1720867
1720897
1720909
1720931
1720933
1720937
1720949
1720951
1720973
1720991
1721003
1721009
1721011
1721023
1721081
1721123
1721143
1721147
1721149
1721183
1721197
1721201
1721227
1721243
1721257
1721261
1721273
1721299
1721323
1721327
1721339
1721347
1721371
1721383
1721407
1721417
1721441
1721449
1721453
1721477
1721497
1721501
1721507
1721509
1721513
1721521
1721543
1721557
1721567
1721569
1721579
1721593
1721633
1721639
1721651
1721659
1721683
1721689
1721693
1721717
1721719
1721729
1721749
1721767
1721773
1721779
1721807
1721809
1721827
1721831
1721857
1721887
1721891
1721893
1721899
1721903
1721911
1721921
1721927
1721983
1722013
1722029
1722031
1722037
1722053
1722067
1722073
1722089
1722113
1722131
1722137
1722163
1722173
1722181
1722187
1722191
1722199
1722209
1722211
1722241
1722251
1722283
1722307
1722319
1722323
1722359
1722373
1722377
1722419
1722431
1722443
1722449
1722463
1722481
1722529
1722551
1722557
1722563
1722587
1722599
1722601
1722607
1722619
1722647
1722649
1722653
1722667
1722713
1722719
1722731
1722737
1722739
1722751
1722793
1722821
1722829
1722839
1722857
1722869
1722883
1722893
1722923
1722937
1722983
1722989
1722991
1723003
1723027
1723031
1723037
1723063
1723109
1723147
1723177
1723193
1723219
1723223
1723231
1723247
1723277
1723291
1723303
1723327
1723333
1723339
1723361
1723369
1723417
1723451
1723453
1723481
1723487
1723489
1723523
1723541
1723573
1723577
1723583
1723609
1723619
1723621
1723627
1723637
1723639
1723651
1723669
1723721
1723723
1723727
1723747
1723751
1723769
1723801
1723807
1723811
1723823
1723837
1723853
1723861
1723903
1723957
1723961
1723973
1723991
1724027
1724029
1724033
1724059
1724083
1724113
1724131
1724147
1724153
1724183
1724201
1724209
1724221
1724227
1724263
1724273
1724299
1724309
1724321
1724329
1724339
1724347
1724351
1724357
1724363
1724389
1724399
1724407
1724413
1724417
1724423
1724441
1724447
1724449
1724453
1724473
1724483
1724507
1724509
1724537
1724551
1724557
1724579
1724581
1724587
1724617
1724627
1724641
1724651
1724663
1724669
1724677
1724683
1724689
1724699
1724713
1724741
1724743
1724761
1724783
1724791
1724813
1724819
1724843
1724857
1724861
1724887
1724893
1724923
1724927
1724929
1724969
1724971
1724981
1724999
1725011
1725013
1725071
1725077
1725079
1725083
1725089
1725091
1725121
1725127
1725133
1725151
1725173
1725179
1725197
1725221
1725223
1725233
1725247
1725259
1725287
1725301
1725307
1725343
1725359
1725379
1725389
1725419
1725463
1725469
1725481
1725497
1725499
1725509
1725527
1725539
1725541
1725557
1725583
1725593
1725617
1725641
1725671
1725683
1725697
1725707
1725743
1725767
1725781
1725811
1725821
1725833
1725859
1725869
1725907
1725923
1725929
1725931
1725937
1725947
1725953
1725961
1725967
1725991
1726003
1726009
1726031
1726033
1726037
1726079
1726091
1726103
1726139
1726147
1726159
1726171
1726189
1726199
1726201
1726211
1726217
1726237
1726253
1726259
1726267
1726273
1726289
1726303
1726313
1726327
1726339
1726343
1726349
1726363
1726379
1726409
1726411
1726429
1726433
1726441
1726447
1726453
1726471
1726477
1726481
1726489
1726513
1726561
1726567
1726577
1726591
1726597
1726601
1726603
1726609
1726643
1726651
1726661
1726667
1726691
1726693
1726729
1726757
1726759
1726787
1726811
1726841
1726859
1726883
1726897
1726903
1726913
1726919
1726927
1726931
1726937
1726939
1726943
1726951
1726957
1726969
1726993
1726997
1727021
1727023
1727029
1727051
1727057
1727069
1727071
1727101
1727113
1727129
1727137
1727161
1727179
1727189
1727191
1727221
1727261
1727263
1727273
1727287
1727291
1727293
1727317
1727321
1727329
1727339
1727377
1727381
1727393
1727417
1727437
1727441
1727483
1727491
1727503
1727513
1727521
1727527
1727533
1727563
1727569
1727573
1727587
1727597
1727623
1727639
1727653
1727669
1727683
1727701
1727711
1727717
1727743
1727749
1727771
1727773
1727777
1727779
1727797
1727813
1727819
1727827
1727839
1727851
1727881
1727903
1727911
1727923
1727939
1727941
1727951
1727969
1727987
1727989
1728017
1728019
1728043
1728061
1728071
1728091
1728119
1728121
1728149
1728163
1728179
1728193
1728229
1728247
1728253
1728257
1728269
1728317
1728319
1728323
1728329
1728341
1728361
1728403
1728409
1728439
1728451
1728457
1728481
1728511
1728527
1728539
1728541
1728547
1728581
1728583
1728593
1728659
1728689
1728691
1728697
1728733
1728737
1728739
1728761
1728767
1728773
1728809
1728821
1728823
1728827
1728871
1728889
1728907
1728911
1728949
1728953
1728959
1728967
1728971
1728977
1728983
1728997
1729001
1729033
1729037
1729043
1729051
1729103
1729109
1729127
1729129
1729141
1729153
1729157
1729187
1729193
1729207
1729229
1729237
1729249
1729253
1729261
1729279
1729283
1729307
1729309
1729327
1729333
1729363
1729369
1729373
1729379
1729391
1729433
1729447
1729457
1729477
1729487
1729493
1729499
1729517
1729523
1729543
1729591
1729621
1729633
1729681
1729687
1729697
1729709
1729711
1729723
1729727
1729747
1729757
1729759
1729771
1729789
1729799
1729813
1729823
1729829
1729841
1729843
1729877
1729891
1729901
1729909
1729921
1729927
1729943
1729957
1729961
1730041
1730063
1730081
1730087
1730089
1730101
1730119
1730147
1730149
1730153
1730167
1730171
1730177
1730207
1730213
1730237
1730263
1730299
1730303
1730317
1730353
1730357
1730371
1730429
1730431
1730437
1730441
1730461
1730471
1730473
1730507
1730551
1730567
1730579
1730581
1730591
1730623
1730657
1730671
1730683
1730693
1730713
1730717
1730723
1730741
1730779
1730789
1730791
1730797
1730809
1730831
1730849
1730851
1730863
1730867
1730873
1730887
1730891
1730899
1730917
1730921
1730929
1730941
1730959
1730983
1730999
1731007
1731013
1731053
1731073
1731083
1731091
1731113
1731167
1731179
1731181
1731199
1731209
1731221
1731227
1731251
1731253
1731287
1731311
1731313
1731349
1731361
1731377
1731383
1731397
1731407
1731421
1731437
1731449
1731479
1731491
1731493
1731497
1731511
1731539
1731551
1731559
1731571
1731589
1731593
1731617
1731643
1731659
1731701
1731703
1731721
1731731
1731733
1731767
1731823
1731853
1731857
1731871
1731887
1731893
1731913
1731929
1731931
1731937
1731941
1731949
1731953
1731971
1731979
1731991
1732037
1732039
1732043
1732051
1732057
1732109
1732117
1732139
1732193
1732219
1732231
1732253
1732261
1732267
1732271
1732273
1732277
1732301
1732307
1732319
1732321
1732327
1732331
1732333
1732343
1732361
1732369
1732387
1732397
1732399
1732421
1732447
1732457
1732463
1732469
1732483
1732499
1732501
1732519
1732529
1732531
1732579
1732597
1732609
1732631
1732649
1732669
1732681
1732697
1732723
1732727
1732763
1732777
1732799
1732811
1732817
1732831
1732847
1732859
1732867
1732873
1732879
1732883
1732891
1732901
1732903
1732909
1732921
1732961
1732967
1732979
1732987
1733003
1733021
1733033
1733041
1733057
1733063
1733077
1733087
1733101
1733113
1733129
1733141
1733143
1733159
1733177
1733183
1733197
1733213
1733227
1733231
1733267
1733273
1733279
1733297
1733309
1733311
1733321
1733327
1733353
1733363
1733383
1733393
1733399
1733449
1733519
1733527
1733539
1733549
1733569
1733581
1733623
1733639
1733647
1733651
1733653
1733659
1733663
1733701
1733713
1733723
1733729
1733741
1733777
1733791
1733801
1733827
1733843
1733869
1733873
1733899
1733903
1733909
1733911
1733917
1733929
1733981
1733989
1733999
1734011
1734023
1734037
1734041
1734043
1734049
1734067
1734071
1734097
1734101
1734121
1734133
1734143
1734151
1734167
1734179
1734193
1734197
1734203
1734247
1734277
1734281
1734311
1734349
1734353
1734367
1734371
1734373
1734401
1734427
1734431
1734463
There are 1078 prime numbers in S219.
