S22(16633~18216)
16633
16649
16651
16657
16661
16673
16691
16693
16699
16703
16729
16741
16747
16759
16763
16787
16811
16823
16829
16831
16843
16871
16879
16883
16889
16901
16903
16921
16927
16931
16937
16943
16963
16979
16981
16987
16993
17011
17021
17027
17029
17033
17041
17047
17053
17077
17093
17099
17107
17117
17123
17137
17159
17167
17183
17189
17191
17203
17207
17209
17231
17239
17257
17291
17293
17299
17317
17321
17327
17333
17341
17351
17359
17377
17383
17387
17389
17393
17401
17417
17419
17431
17443
17449
17467
17471
17477
17483
17489
17491
17497
17509
17519
17539
17551
17569
17573
17579
17581
17597
17599
17609
17623
17627
17657
17659
17669
17681
17683
17707
17713
17729
17737
17747
17749
17761
17783
17789
17791
17807
17827
17837
17839
17851
17863
17881
17891
17903
17909
17911
17921
17923
17929
17939
17957
17959
17971
17977
17981
17987
17989
18013
18041
18043
18047
18049
18059
18061
18077
18089
18097
18119
18121
18127
18131
18133
18143
18149
18169
18181
18191
18199
18211
There are 163 prime numbers in S22.
