S222(1766233~1782216)
1766243
1766251
1766279
1766291
1766309
1766327
1766333
1766353
1766357
1766363
1766399
1766441
1766447
1766459
1766461
1766507
1766509
1766533
1766537
1766539
1766573
1766579
1766581
1766587
1766603
1766617
1766627
1766629
1766663
1766689
1766701
1766707
1766717
1766719
1766729
1766747
1766749
1766761
1766773
1766801
1766803
1766879
1766881
1766899
1766903
1766911
1766939
1766971
1767001
1767011
1767023
1767037
1767041
1767043
1767053
1767071
1767079
1767089
1767091
1767121
1767131
1767137
1767149
1767187
1767203
1767211
1767229
1767239
1767281
1767307
1767313
1767317
1767329
1767331
1767373
1767383
1767397
1767401
1767407
1767419
1767421
1767427
1767449
1767461
1767487
1767499
1767503
1767509
1767517
1767523
1767539
1767553
1767559
1767569
1767593
1767611
1767617
1767641
1767679
1767683
1767691
1767697
1767707
1767737
1767739
1767751
1767763
1767767
1767781
1767809
1767833
1767863
1767877
1767889
1767907
1767911
1767917
1767919
1767923
1767937
1767943
1767947
1767959
1767973
1767979
1768001
1768003
1768037
1768057
1768069
1768127
1768141
1768157
1768181
1768199
1768223
1768229
1768231
1768241
1768243
1768253
1768303
1768313
1768321
1768339
1768343
1768367
1768373
1768379
1768381
1768399
1768411
1768421
1768423
1768433
1768439
1768441
1768471
1768477
1768499
1768517
1768523
1768537
1768541
1768553
1768583
1768589
1768597
1768607
1768609
1768619
1768639
1768651
1768661
1768667
1768673
1768709
1768721
1768727
1768747
1768757
1768759
1768771
1768787
1768801
1768831
1768849
1768853
1768873
1768903
1768927
1768937
1768951
1768967
1768973
1768993
1769017
1769023
1769041
1769069
1769093
1769099
1769101
1769111
1769113
1769129
1769153
1769161
1769167
1769171
1769189
1769197
1769227
1769239
1769281
1769291
1769293
1769297
1769323
1769329
1769333
1769357
1769371
1769399
1769401
1769423
1769431
1769441
1769473
1769501
1769507
1769531
1769539
1769543
1769563
1769591
1769623
1769627
1769633
1769639
1769687
1769701
1769737
1769741
1769749
1769771
1769777
1769791
1769813
1769839
1769851
1769863
1769881
1769891
1769893
1769897
1769909
1769917
1769927
1769947
1769981
1769987
1770001
1770029
1770053
1770061
1770071
1770077
1770089
1770113
1770127
1770143
1770151
1770157
1770163
1770169
1770187
1770199
1770217
1770221
1770233
1770239
1770259
1770271
1770277
1770313
1770331
1770337
1770409
1770427
1770437
1770449
1770463
1770481
1770491
1770493
1770497
1770511
1770521
1770539
1770547
1770551
1770557
1770583
1770589
1770617
1770679
1770683
1770707
1770719
1770739
1770757
1770763
1770773
1770787
1770799
1770817
1770829
1770841
1770851
1770859
1770871
1770883
1770887
1770893
1770911
1770919
1770949
1770961
1770973
1770983
1770991
1770997
1771027
1771031
1771039
1771051
1771057
1771087
1771093
1771097
1771103
1771139
1771151
1771157
1771169
1771177
1771183
1771193
1771201
1771223
1771261
1771271
1771283
1771327
1771337
1771361
1771373
1771387
1771397
1771411
1771421
1771423
1771453
1771457
1771459
1771463
1771481
1771489
1771493
1771507
1771531
1771543
1771559
1771607
1771613
1771633
1771657
1771673
1771687
1771717
1771741
1771747
1771751
1771787
1771793
1771799
1771849
1771877
1771879
1771937
1771963
1771981
1771993
1771999
1772003
1772011
1772033
1772047
1772077
1772087
1772101
1772107
1772119
1772167
1772201
1772209
1772213
1772227
1772237
1772249
1772273
1772291
1772293
1772297
1772317
1772327
1772333
1772341
1772359
1772387
1772399
1772401
1772423
1772461
1772467
1772473
1772483
1772497
1772501
1772531
1772557
1772569
1772579
1772581
1772591
1772593
1772597
1772609
1772623
1772629
1772647
1772677
1772711
1772713
1772723
1772737
1772747
1772759
1772767
1772783
1772801
1772809
1772819
1772851
1772867
1772873
1772893
1772923
1772959
1772971
1772987
1772989
1772993
1773007
1773017
1773029
1773041
1773059
1773067
1773071
1773131
1773143
1773157
1773173
1773179
1773181
1773203
1773227
1773229
1773241
1773259
1773271
1773281
1773283
1773307
1773319
1773337
1773349
1773361
1773371
1773377
1773397
1773407
1773413
1773419
1773439
1773469
1773487
1773511
1773523
1773571
1773581
1773587
1773589
1773601
1773613
1773637
1773641
1773643
1773649
1773671
1773677
1773679
1773683
1773689
1773703
1773713
1773719
1773721
1773749
1773767
1773781
1773791
1773799
1773803
1773823
1773841
1773847
1773853
1773869
1773881
1773883
1773887
1773907
1773911
1773917
1773923
1773949
1773971
1773977
1773979
1773997
1774007
1774009
1774021
1774027
1774043
1774061
1774067
1774117
1774121
1774139
1774159
1774169
1774177
1774183
1774207
1774217
1774247
1774259
1774271
1774301
1774303
1774313
1774321
1774327
1774337
1774349
1774363
1774369
1774373
1774403
1774433
1774447
1774453
1774463
1774489
1774499
1774517
1774523
1774529
1774541
1774547
1774559
1774583
1774601
1774609
1774621
1774637
1774639
1774649
1774667
1774691
1774697
1774699
1774723
1774741
1774757
1774769
1774777
1774813
1774819
1774823
1774859
1774879
1774901
1774909
1774921
1774937
1774939
1774951
1774957
1774973
1774991
1775009
1775017
1775041
1775063
1775069
1775171
1775173
1775183
1775201
1775203
1775219
1775231
1775243
1775261
1775269
1775273
1775281
1775309
1775317
1775329
1775353
1775359
1775387
1775399
1775419
1775441
1775471
1775483
1775489
1775491
1775503
1775533
1775537
1775549
1775551
1775563
1775573
1775591
1775597
1775611
1775629
1775647
1775663
1775671
1775687
1775689
1775717
1775729
1775731
1775737
1775743
1775747
1775777
1775783
1775819
1775831
1775843
1775867
1775869
1775881
1775887
1775903
1775909
1775927
1775933
1775953
1775981
1776011
1776013
1776023
1776031
1776053
1776067
1776091
1776097
1776113
1776119
1776133
1776149
1776169
1776193
1776197
1776209
1776223
1776227
1776239
1776241
1776251
1776263
1776277
1776289
1776301
1776311
1776317
1776319
1776323
1776389
1776403
1776419
1776421
1776433
1776457
1776461
1776469
1776493
1776499
1776539
1776581
1776587
1776617
1776623
1776637
1776659
1776673
1776683
1776701
1776739
1776751
1776757
1776767
1776779
1776787
1776791
1776793
1776821
1776833
1776839
1776847
1776881
1776913
1776923
1776941
1776953
1776961
1776967
1776989
1776997
1777007
1777031
1777043
1777057
1777067
1777079
1777081
1777093
1777103
1777109
1777121
1777133
1777169
1777213
1777219
1777247
1777267
1777289
1777313
1777339
1777351
1777379
1777403
1777411
1777423
1777427
1777441
1777453
1777459
1777481
1777483
1777487
1777513
1777541
1777543
1777547
1777553
1777609
1777661
1777687
1777691
1777703
1777717
1777733
1777751
1777753
1777771
1777781
1777799
1777807
1777823
1777859
1777861
1777871
1777879
1777891
1777907
1777927
1777931
1777933
1777939
1777957
1777973
1777981
1778003
1778009
1778011
1778027
1778033
1778041
1778059
1778069
1778071
1778099
1778111
1778137
1778141
1778159
1778171
1778177
1778197
1778209
1778213
1778219
1778221
1778239
1778243
1778261
1778263
1778279
1778299
1778303
1778317
1778321
1778323
1778341
1778347
1778393
1778411
1778417
1778423
1778443
1778453
1778459
1778461
1778471
1778473
1778477
1778531
1778537
1778549
1778551
1778561
1778593
1778597
1778611
1778633
1778639
1778663
1778677
1778683
1778719
1778729
1778731
1778743
1778747
1778753
1778759
1778801
1778807
1778813
1778851
1778857
1778869
1778879
1778899
1778921
1778927
1778929
1778963
1778971
1778977
1778983
1778993
1779007
1779013
1779017
1779053
1779097
1779109
1779131
1779133
1779137
1779149
1779161
1779163
1779191
1779223
1779227
1779241
1779247
1779269
1779287
1779289
1779299
1779301
1779311
1779329
1779341
1779347
1779361
1779403
1779409
1779443
1779451
1779457
1779461
1779497
1779511
1779529
1779541
1779571
1779601
1779607
1779619
1779623
1779647
1779649
1779677
1779683
1779689
1779691
1779703
1779709
1779761
1779779
1779821
1779823
1779829
1779847
1779857
1779871
1779881
1779889
1779893
1779913
1779931
1779941
1779961
1779983
1780001
1780003
1780007
1780013
1780021
1780027
1780061
1780067
1780069
1780081
1780099
1780127
1780133
1780147
1780151
1780169
1780171
1780187
1780201
1780231
1780253
1780271
1780277
1780283
1780301
1780307
1780309
1780321
1780333
1780349
1780351
1780367
1780379
1780381
1780399
1780411
1780439
1780447
1780459
1780463
1780469
1780481
1780483
1780487
1780489
1780517
1780523
1780549
1780573
1780577
1780579
1780601
1780607
1780613
1780619
1780627
1780633
1780643
1780663
1780703
1780711
1780717
1780771
1780777
1780787
1780799
1780817
1780829
1780837
1780873
1780879
1780901
1780939
1780943
1780957
1780967
1780969
1781009
1781027
1781029
1781047
1781053
1781057
1781063
1781089
1781099
1781113
1781119
1781173
1781203
1781233
1781239
1781287
1781293
1781309
1781317
1781321
1781341
1781357
1781359
1781363
1781369
1781393
1781399
1781407
1781449
1781453
1781467
1781503
1781509
1781519
1781531
1781537
1781543
1781551
1781561
1781567
1781569
1781581
1781609
1781621
1781641
1781653
1781669
1781677
1781693
1781699
1781707
1781743
1781771
1781777
1781779
1781783
1781803
1781827
1781831
1781837
1781851
1781863
1781873
1781881
1781893
1781903
1781921
1781939
1781981
1782043
1782061
1782071
1782083
1782103
1782113
1782139
1782167
1782169
1782173
1782197
1782199
1782203
1782211
There are 1122 prime numbers in S222.
