S223(1782217~1798272)
1782239
1782241
1782269
1782271
1782281
1782289
1782301
1782329
1782373
1782377
1782379
1782413
1782461
1782463
1782493
1782497
1782499
1782503
1782509
1782511
1782527
1782533
1782551
1782553
1782559
1782563
1782577
1782589
1782607
1782611
1782619
1782629
1782647
1782667
1782679
1782689
1782709
1782743
1782769
1782791
1782797
1782811
1782817
1782829
1782839
1782863
1782883
1782887
1782901
1782917
1782929
1782931
1782947
1782959
1782961
1782971
1782997
1783009
1783037
1783043
1783051
1783069
1783073
1783087
1783099
1783129
1783139
1783163
1783189
1783193
1783211
1783219
1783237
1783241
1783261
1783273
1783277
1783319
1783333
1783361
1783373
1783387
1783391
1783409
1783423
1783427
1783429
1783447
1783469
1783477
1783493
1783499
1783501
1783517
1783519
1783531
1783543
1783553
1783571
1783577
1783601
1783619
1783643
1783667
1783669
1783693
1783699
1783711
1783723
1783729
1783751
1783781
1783783
1783799
1783801
1783813
1783829
1783841
1783843
1783867
1783879
1783883
1783889
1783897
1783907
1783921
1783933
1783937
1783981
1784021
1784023
1784053
1784137
1784171
1784173
1784191
1784203
1784213
1784227
1784231
1784239
1784243
1784257
1784273
1784281
1784287
1784291
1784297
1784327
1784333
1784353
1784389
1784401
1784429
1784441
1784459
1784527
1784533
1784551
1784557
1784561
1784567
1784579
1784581
1784599
1784603
1784611
1784617
1784633
1784641
1784647
1784659
1784683
1784693
1784707
1784719
1784723
1784737
1784743
1784753
1784767
1784773
1784789
1784807
1784833
1784873
1784891
1784903
1784911
1784929
1784941
1784957
1784963
1784977
1784989
1785001
1785019
1785023
1785029
1785041
1785071
1785079
1785097
1785101
1785103
1785109
1785143
1785149
1785151
1785209
1785227
1785241
1785253
1785257
1785293
1785313
1785319
1785331
1785337
1785347
1785367
1785401
1785419
1785431
1785439
1785457
1785473
1785481
1785491
1785503
1785541
1785557
1785587
1785593
1785599
1785613
1785643
1785647
1785683
1785689
1785691
1785701
1785709
1785713
1785727
1785761
1785769
1785779
1785793
1785803
1785811
1785821
1785851
1785853
1785857
1785869
1785913
1785947
1785961
1785977
1786021
1786039
1786079
1786087
1786093
1786097
1786117
1786121
1786129
1786159
1786193
1786201
1786217
1786219
1786223
1786229
1786261
1786271
1786277
1786283
1786327
1786331
1786333
1786339
1786357
1786363
1786381
1786391
1786439
1786441
1786451
1786457
1786459
1786469
1786483
1786489
1786501
1786511
1786541
1786553
1786583
1786591
1786597
1786613
1786621
1786637
1786639
1786667
1786679
1786691
1786699
1786711
1786721
1786727
1786753
1786769
1786781
1786787
1786831
1786843
1786861
1786867
1786909
1786913
1786937
1786943
1786949
1786963
1786973
1786979
1786997
1787011
1787021
1787029
1787033
1787039
1787041
1787087
1787089
1787101
1787129
1787143
1787161
1787167
1787173
1787179
1787189
1787237
1787249
1787251
1787267
1787281
1787293
1787309
1787323
1787333
1787339
1787341
1787347
1787351
1787369
1787377
1787393
1787407
1787417
1787437
1787447
1787453
1787459
1787479
1787509
1787519
1787521
1787557
1787561
1787573
1787587
1787603
1787633
1787651
1787659
1787663
1787683
1787699
1787701
1787707
1787717
1787719
1787741
1787783
1787827
1787831
1787837
1787861
1787869
1787893
1787899
1787911
1787923
1787953
1788011
1788013
1788023
1788037
1788041
1788067
1788097
1788103
1788139
1788151
1788187
1788191
1788211
1788217
1788221
1788229
1788239
1788253
1788257
1788263
1788271
1788313
1788331
1788341
1788361
1788373
1788377
1788433
1788439
1788443
1788473
1788487
1788497
1788509
1788511
1788529
1788539
1788547
1788551
1788571
1788601
1788613
1788623
1788629
1788637
1788649
1788653
1788659
1788667
1788673
1788727
1788739
1788763
1788767
1788769
1788827
1788847
1788863
1788881
1788901
1788911
1788931
1788937
1788949
1788973
1788991
1789001
1789003
1789027
1789033
1789037
1789091
1789093
1789153
1789159
1789163
1789169
1789181
1789201
1789217
1789219
1789223
1789247
1789261
1789309
1789343
1789349
1789367
1789373
1789391
1789399
1789427
1789433
1789451
1789457
1789481
1789483
1789493
1789499
1789517
1789519
1789559
1789583
1789597
1789603
1789621
1789649
1789681
1789687
1789693
1789721
1789751
1789769
1789783
1789787
1789829
1789849
1789867
1789891
1789897
1789919
1789927
1789951
1789973
1789979
1789987
1789993
1789999
1790029
1790051
1790053
1790059
1790071
1790077
1790081
1790111
1790137
1790149
1790203
1790209
1790213
1790221
1790231
1790233
1790263
1790279
1790291
1790293
1790303
1790309
1790311
1790323
1790339
1790353
1790357
1790359
1790363
1790401
1790417
1790419
1790443
1790479
1790483
1790501
1790507
1790521
1790531
1790539
1790557
1790561
1790587
1790599
1790603
1790611
1790623
1790641
1790647
1790651
1790669
1790671
1790683
1790707
1790713
1790743
1790749
1790753
1790759
1790771
1790783
1790791
1790809
1790819
1790857
1790863
1790869
1790879
1790897
1790917
1790939
1790951
1790969
1790989
1791017
1791019
1791037
1791043
1791047
1791077
1791089
1791091
1791113
1791121
1791161
1791169
1791173
1791191
1791193
1791203
1791221
1791247
1791269
1791277
1791289
1791319
1791323
1791329
1791343
1791371
1791403
1791407
1791421
1791431
1791451
1791457
1791463
1791473
1791487
1791497
1791523
1791541
1791551
1791553
1791563
1791599
1791617
1791623
1791637
1791679
1791683
1791689
1791697
1791701
1791709
1791731
1791733
1791737
1791739
1791773
1791787
1791791
1791793
1791847
1791857
1791863
1791883
1791899
1791901
1791941
1791943
1791961
1791967
1791973
1791989
1791991
1792013
1792027
1792031
1792033
1792039
1792051
1792073
1792093
1792103
1792117
1792121
1792129
1792139
1792159
1792163
1792177
1792201
1792207
1792237
1792247
1792249
1792267
1792277
1792279
1792309
1792313
1792319
1792331
1792337
1792339
1792379
1792381
1792387
1792409
1792423
1792433
1792477
1792489
1792493
1792501
1792507
1792523
1792543
1792547
1792559
1792579
1792591
1792601
1792603
1792621
1792663
1792673
1792691
1792709
1792711
1792753
1792757
1792759
1792771
1792787
1792789
1792793
1792849
1792891
1792913
1792927
1792933
1792957
1792979
1792981
1792991
1793017
1793023
1793047
1793059
1793081
1793101
1793107
1793117
1793119
1793123
1793137
1793147
1793153
1793161
1793171
1793173
1793179
1793203
1793219
1793227
1793237
1793251
1793263
1793303
1793321
1793329
1793357
1793359
1793369
1793383
1793387
1793399
1793417
1793419
1793459
1793479
1793497
1793503
1793507
1793569
1793579
1793591
1793599
1793611
1793633
1793639
1793647
1793663
1793669
1793699
1793717
1793719
1793731
1793761
1793767
1793773
1793819
1793833
1793843
1793863
1793887
1793921
1793927
1793929
1793941
1793947
1793963
1793971
1793983
1793989
1794007
1794017
1794029
1794041
1794049
1794053
1794083
1794127
1794137
1794179
1794181
1794203
1794217
1794223
1794229
1794239
1794257
1794269
1794271
1794277
1794293
1794301
1794313
1794323
1794343
1794349
1794361
1794371
1794427
1794431
1794439
1794517
1794521
1794523
1794539
1794547
1794557
1794587
1794589
1794599
1794619
1794623
1794647
1794649
1794659
1794671
1794677
1794679
1794697
1794703
1794719
1794731
1794733
1794757
1794761
1794763
1794769
1794773
1794787
1794811
1794817
1794823
1794829
1794841
1794893
1794913
1794929
1794941
1794967
1794973
1794983
1795007
1795009
1795033
1795039
1795043
1795049
1795061
1795067
1795091
1795099
1795109
1795133
1795141
1795151
1795153
1795181
1795201
1795223
1795229
1795247
1795271
1795273
1795279
1795307
1795327
1795331
1795333
1795337
1795363
1795369
1795411
1795439
1795483
1795487
1795511
1795517
1795529
1795531
1795537
1795543
1795559
1795561
1795571
1795583
1795601
1795603
1795621
1795627
1795639
1795649
1795663
1795669
1795687
1795697
1795699
1795733
1795763
1795769
1795777
1795793
1795811
1795813
1795837
1795847
1795853
1795867
1795877
1795889
1795891
1795921
1795951
1795957
1795961
1795967
1795979
1795987
1795991
1796009
1796021
1796059
1796071
1796099
1796107
1796111
1796129
1796131
1796143
1796147
1796167
1796177
1796183
1796189
1796191
1796219
1796227
1796269
1796281
1796309
1796321
1796341
1796351
1796363
1796413
1796437
1796477
1796479
1796489
1796503
1796519
1796527
1796567
1796573
1796581
1796591
1796617
1796657
1796671
1796677
1796693
1796699
1796759
1796761
1796777
1796779
1796801
1796803
1796819
1796833
1796843
1796863
1796897
1796911
1796941
1796947
1796953
1796959
1796983
1796987
1797011
1797017
1797031
1797049
1797067
1797097
1797109
1797161
1797167
1797181
1797193
1797203
1797209
1797227
1797239
1797241
1797277
1797281
1797293
1797307
1797319
1797331
1797337
1797371
1797373
1797377
1797379
1797407
1797413
1797437
1797463
1797469
1797503
1797539
1797541
1797547
1797581
1797589
1797617
1797637
1797641
1797667
1797673
1797751
1797769
1797773
1797779
1797781
1797821
1797823
1797827
1797833
1797839
1797847
1797857
1797877
1797893
1797911
1797947
1797953
1797967
1798001
1798003
1798009
1798021
1798033
1798037
1798051
1798057
1798081
1798109
1798123
1798127
1798129
1798133
1798151
1798157
1798171
1798177
1798183
1798187
1798189
1798201
1798207
1798211
1798241
1798253
1798271
There are 1112 prime numbers in S223.
