S224(1798273~1814400)
1798273
1798289
1798309
1798327
1798333
1798351
1798367
1798387
1798409
1798421
1798427
1798429
1798441
1798451
1798457
1798469
1798487
1798519
1798523
1798529
1798543
1798571
1798591
1798603
1798613
1798619
1798631
1798633
1798637
1798639
1798649
1798679
1798697
1798703
1798717
1798721
1798723
1798729
1798739
1798747
1798759
1798763
1798781
1798801
1798813
1798817
1798861
1798871
1798891
1798897
1798913
1798919
1798921
1798931
1798943
1798963
1798967
1798987
1798997
1798999
1799003
1799009
1799011
1799041
1799071
1799081
1799089
1799099
1799107
1799117
1799123
1799137
1799141
1799153
1799173
1799177
1799179
1799219
1799227
1799233
1799251
1799261
1799269
1799279
1799309
1799311
1799381
1799393
1799407
1799417
1799423
1799453
1799477
1799503
1799521
1799527
1799533
1799549
1799563
1799573
1799579
1799591
1799599
1799617
1799621
1799627
1799639
1799701
1799713
1799731
1799741
1799753
1799761
1799783
1799797
1799801
1799803
1799839
1799843
1799849
1799867
1799881
1799887
1799923
1799929
1799951
1799969
1799983
1799999
1800017
1800037
1800047
1800067
1800083
1800091
1800103
1800119
1800121
1800137
1800157
1800167
1800179
1800191
1800199
1800209
1800221
1800257
1800259
1800277
1800301
1800311
1800313
1800341
1800343
1800361
1800377
1800389
1800397
1800401
1800413
1800431
1800451
1800473
1800493
1800499
1800529
1800541
1800551
1800553
1800563
1800577
1800593
1800599
1800613
1800619
1800637
1800641
1800677
1800707
1800709
1800713
1800719
1800727
1800731
1800767
1800787
1800803
1800809
1800811
1800823
1800829
1800833
1800853
1800859
1800863
1800889
1800907
1800913
1800937
1800949
1800959
1800961
1800973
1800979
1801003
1801013
1801021
1801039
1801073
1801091
1801109
1801117
1801187
1801207
1801213
1801223
1801229
1801237
1801259
1801273
1801297
1801309
1801339
1801357
1801361
1801363
1801403
1801411
1801433
1801453
1801469
1801477
1801489
1801517
1801529
1801531
1801549
1801577
1801589
1801601
1801619
1801669
1801673
1801691
1801717
1801727
1801733
1801747
1801759
1801769
1801771
1801777
1801781
1801817
1801819
1801823
1801853
1801867
1801871
1801873
1801897
1801901
1801907
1801913
1801927
1801931
1801967
1801997
1802029
1802039
1802057
1802077
1802081
1802083
1802107
1802113
1802117
1802137
1802149
1802189
1802197
1802219
1802231
1802239
1802261
1802267
1802279
1802287
1802293
1802327
1802347
1802363
1802393
1802407
1802419
1802491
1802503
1802513
1802519
1802531
1802597
1802599
1802609
1802621
1802641
1802651
1802653
1802657
1802659
1802683
1802687
1802693
1802699
1802707
1802711
1802719
1802737
1802753
1802791
1802797
1802803
1802821
1802837
1802839
1802897
1802909
1802923
1802989
1803001
1803023
1803029
1803031
1803059
1803077
1803079
1803089
1803097
1803101
1803103
1803127
1803149
1803163
1803167
1803169
1803203
1803209
1803211
1803227
1803251
1803253
1803259
1803293
1803299
1803317
1803323
1803337
1803349
1803353
1803371
1803379
1803383
1803419
1803421
1803449
1803457
1803469
1803493
1803497
1803509
1803511
1803517
1803523
1803533
1803541
1803551
1803553
1803563
1803569
1803577
1803583
1803629
1803647
1803667
1803671
1803677
1803679
1803691
1803701
1803743
1803761
1803799
1803811
1803817
1803863
1803881
1803889
1803947
1803973
1804007
1804013
1804037
1804063
1804073
1804079
1804093
1804129
1804133
1804139
1804199
1804207
1804213
1804219
1804249
1804267
1804273
1804303
1804307
1804321
1804349
1804381
1804391
1804399
1804403
1804421
1804433
1804447
1804459
1804463
1804469
1804477
1804489
1804493
1804501
1804507
1804513
1804529
1804547
1804549
1804559
1804577
1804609
1804613
1804619
1804631
1804643
1804657
1804687
1804709
1804711
1804763
1804793
1804799
1804801
1804813
1804819
1804841
1804871
1804919
1804921
1804927
1804937
1804939
1804951
1804961
1804963
1804973
1804991
1804993
1804997
1805003
1805039
1805053
1805059
1805081
1805087
1805093
1805117
1805123
1805137
1805143
1805147
1805203
1805227
1805231
1805239
1805261
1805263
1805299
1805303
1805327
1805357
1805359
1805369
1805371
1805381
1805393
1805413
1805473
1805483
1805491
1805497
1805501
1805521
1805537
1805549
1805561
1805579
1805581
1805591
1805593
1805597
1805603
1805633
1805641
1805651
1805653
1805663
1805677
1805701
1805729
1805747
1805761
1805767
1805773
1805789
1805819
1805821
1805827
1805833
1805857
1805863
1805873
1805879
1805887
1805897
1805911
1805941
1805963
1805989
1806001
1806011
1806017
1806023
1806031
1806041
1806059
1806061
1806089
1806107
1806113
1806137
1806143
1806151
1806191
1806193
1806209
1806221
1806223
1806227
1806241
1806247
1806251
1806263
1806269
1806281
1806313
1806331
1806341
1806347
1806353
1806361
1806373
1806379
1806383
1806407
1806421
1806461
1806479
1806487
1806491
1806499
1806503
1806509
1806527
1806533
1806551
1806557
1806569
1806589
1806617
1806631
1806643
1806683
1806689
1806697
1806703
1806713
1806733
1806769
1806781
1806797
1806803
1806839
1806841
1806859
1806863
1806869
1806877
1806887
1806899
1806901
1806941
1806943
1806953
1806971
1806977
1807027
1807037
1807061
1807063
1807067
1807093
1807097
1807121
1807129
1807153
1807171
1807177
1807187
1807189
1807199
1807213
1807231
1807237
1807243
1807249
1807277
1807297
1807301
1807313
1807327
1807357
1807361
1807387
1807391
1807397
1807439
1807453
1807469
1807493
1807499
1807511
1807513
1807537
1807543
1807549
1807571
1807577
1807607
1807609
1807633
1807643
1807691
1807693
1807697
1807711
1807723
1807733
1807759
1807769
1807781
1807807
1807811
1807829
1807837
1807853
1807867
1807891
1807903
1807909
1807913
1807921
1807943
1807957
1807963
1807969
1807987
1807997
1807999
1808003
1808017
1808029
1808033
1808039
1808041
1808071
1808077
1808083
1808089
1808117
1808119
1808161
1808167
1808207
1808243
1808269
1808281
1808293
1808297
1808309
1808327
1808377
1808399
1808431
1808453
1808459
1808479
1808489
1808491
1808497
1808501
1808507
1808539
1808549
1808557
1808561
1808567
1808581
1808617
1808627
1808669
1808683
1808687
1808699
1808707
1808713
1808761
1808767
1808773
1808801
1808803
1808813
1808831
1808839
1808843
1808869
1808887
1808921
1808923
1808951
1808959
1808969
1808977
1808981
1808993
1809029
1809079
1809083
1809091
1809097
1809113
1809121
1809133
1809149
1809163
1809167
1809169
1809173
1809193
1809209
1809211
1809217
1809221
1809229
1809233
1809271
1809277
1809287
1809299
1809319
1809323
1809331
1809349
1809373
1809383
1809391
1809403
1809413
1809419
1809421
1809449
1809461
1809481
1809487
1809491
1809517
1809523
1809527
1809529
1809539
1809551
1809553
1809557
1809581
1809583
1809601
1809631
1809671
1809673
1809683
1809751
1809757
1809763
1809767
1809793
1809799
1809823
1809833
1809851
1809853
1809859
1809881
1809887
1809901
1809911
1809917
1809937
1809949
1809953
1809967
1809971
1809979
1809991
1810001
1810013
1810033
1810043
1810057
1810063
1810069
1810087
1810097
1810129
1810153
1810199
1810213
1810217
1810219
1810241
1810243
1810247
1810253
1810271
1810283
1810309
1810337
1810357
1810363
1810397
1810409
1810421
1810423
1810433
1810439
1810451
1810469
1810477
1810481
1810507
1810511
1810531
1810553
1810561
1810573
1810577
1810579
1810597
1810603
1810607
1810609
1810649
1810667
1810693
1810709
1810723
1810733
1810747
1810751
1810771
1810799
1810819
1810867
1810877
1810889
1810931
1810933
1810937
1810967
1810969
1810973
1810979
1810981
1810999
1811041
1811053
1811059
1811071
1811081
1811083
1811107
1811119
1811141
1811167
1811179
1811209
1811219
1811287
1811291
1811297
1811321
1811323
1811347
1811353
1811357
1811371
1811377
1811387
1811389
1811413
1811431
1811443
1811473
1811489
1811507
1811519
1811527
1811533
1811539
1811561
1811567
1811569
1811603
1811627
1811647
1811651
1811657
1811681
1811683
1811723
1811731
1811737
1811743
1811759
1811767
1811791
1811819
1811827
1811837
1811851
1811867
1811893
1811899
1811903
1811923
1811939
1811959
1811983
1811987
1811993
1812037
1812053
1812059
1812061
1812073
1812089
1812091
1812103
1812121
1812131
1812137
1812157
1812199
1812227
1812233
1812263
1812269
1812271
1812301
1812311
1812341
1812347
1812359
1812361
1812379
1812383
1812401
1812403
1812409
1812431
1812439
1812443
1812449
1812457
1812509
1812511
1812527
1812541
1812553
1812563
1812571
1812589
1812611
1812623
1812661
1812673
1812677
1812683
1812689
1812721
1812749
1812763
1812773
1812793
1812817
1812821
1812823
1812827
1812851
1812869
1812871
1812907
1812917
1812947
1812949
1812959
1812983
1812989
1813001
1813003
1813039
1813073
1813081
1813121
1813139
1813157
1813177
1813211
1813219
1813223
1813277
1813291
1813313
1813319
1813321
1813327
1813337
1813351
1813367
1813369
1813387
1813391
1813421
1813429
1813447
1813459
1813477
1813499
1813517
1813523
1813547
1813561
1813579
1813583
1813597
1813613
1813627
1813639
1813667
1813673
1813681
1813699
1813729
1813739
1813741
1813751
1813789
1813793
1813813
1813817
1813829
1813843
1813853
1813897
1813901
1813913
1813937
1813939
1813943
1813961
1813969
1813991
1813993
1814003
1814011
1814023
1814039
1814047
1814051
1814069
1814083
1814107
1814117
1814119
1814129
1814143
1814161
1814167
1814179
1814233
1814237
1814261
1814279
1814311
1814339
1814347
1814357
1814363
1814377
1814381
1814383
There are 1130 prime numbers in S224.
