S225(1814401~1830600)
1814413
1814429
1814431
1814453
1814459
1814467
1814473
1814507
1814509
1814531
1814543
1814569
1814573
1814581
1814599
1814609
1814611
1814639
1814641
1814651
1814653
1814669
1814693
1814713
1814719
1814737
1814749
1814753
1814759
1814777
1814803
1814807
1814809
1814819
1814821
1814843
1814851
1814909
1814921
1814927
1814929
1814951
1814983
1814993
1815001
1815007
1815043
1815053
1815061
1815083
1815101
1815103
1815131
1815179
1815199
1815217
1815221
1815223
1815251
1815259
1815269
1815271
1815287
1815301
1815323
1815337
1815343
1815347
1815349
1815353
1815361
1815377
1815383
1815389
1815397
1815403
1815427
1815449
1815461
1815467
1815491
1815497
1815509
1815523
1815533
1815547
1815557
1815559
1815587
1815599
1815629
1815631
1815637
1815647
1815673
1815691
1815703
1815707
1815731
1815733
1815739
1815799
1815809
1815817
1815823
1815839
1815841
1815859
1815871
1815881
1815883
1815899
1815907
1815911
1815917
1815941
1815943
1815959
1815977
1816007
1816027
1816051
1816063
1816069
1816091
1816099
1816117
1816121
1816141
1816147
1816159
1816187
1816189
1816193
1816207
1816211
1816237
1816247
1816253
1816261
1816271
1816279
1816301
1816337
1816387
1816403
1816411
1816421
1816429
1816439
1816453
1816489
1816511
1816523
1816543
1816553
1816559
1816567
1816583
1816613
1816627
1816643
1816651
1816679
1816699
1816729
1816769
1816777
1816783
1816813
1816831
1816849
1816853
1816861
1816901
1816933
1816949
1816957
1816963
1816979
1816987
1817009
1817041
1817063
1817077
1817083
1817087
1817093
1817099
1817131
1817149
1817159
1817177
1817197
1817213
1817261
1817267
1817269
1817273
1817279
1817281
1817303
1817311
1817327
1817341
1817383
1817393
1817399
1817411
1817447
1817449
1817471
1817507
1817513
1817533
1817539
1817549
1817581
1817603
1817611
1817663
1817677
1817687
1817689
1817701
1817707
1817737
1817771
1817779
1817791
1817801
1817821
1817833
1817839
1817843
1817873
1817891
1817909
1817947
1817969
1817987
1817999
1818013
1818017
1818023
1818049
1818067
1818077
1818079
1818107
1818109
1818151
1818161
1818163
1818199
1818209
1818221
1818233
1818241
1818277
1818293
1818307
1818317
1818331
1818347
1818353
1818373
1818379
1818407
1818409
1818413
1818419
1818431
1818437
1818451
1818457
1818469
1818499
1818521
1818527
1818529
1818533
1818539
1818559
1818569
1818577
1818611
1818617
1818631
1818647
1818667
1818689
1818703
1818721
1818727
1818743
1818769
1818781
1818787
1818799
1818833
1818871
1818919
1818923
1818931
1818937
1818977
1818979
1818989
1818991
1819007
1819043
1819057
1819061
1819063
1819067
1819109
1819123
1819151
1819157
1819183
1819189
1819217
1819261
1819271
1819273
1819283
1819333
1819339
1819343
1819361
1819381
1819387
1819393
1819397
1819409
1819423
1819471
1819481
1819487
1819513
1819523
1819541
1819577
1819583
1819591
1819603
1819637
1819651
1819667
1819679
1819693
1819709
1819711
1819723
1819729
1819739
1819747
1819751
1819757
1819759
1819781
1819819
1819841
1819843
1819847
1819849
1819871
1819879
1819891
1819913
1819931
1819933
1819957
1819999
1820009
1820023
1820033
1820047
1820051
1820087
1820089
1820111
1820123
1820129
1820153
1820171
1820201
1820213
1820237
1820249
1820261
1820267
1820279
1820281
1820293
1820303
1820311
1820339
1820341
1820347
1820353
1820387
1820389
1820407
1820419
1820431
1820449
1820461
1820471
1820501
1820509
1820521
1820527
1820549
1820551
1820557
1820573
1820579
1820597
1820617
1820629
1820633
1820641
1820647
1820669
1820671
1820677
1820699
1820701
1820711
1820737
1820743
1820747
1820759
1820773
1820783
1820809
1820813
1820821
1820837
1820843
1820857
1820869
1820891
1820899
1820927
1820947
1820957
1820969
1820977
1820983
1820999
1821013
1821019
1821037
1821067
1821101
1821107
1821121
1821137
1821139
1821151
1821167
1821181
1821191
1821233
1821257
1821263
1821289
1821311
1821319
1821331
1821353
1821371
1821373
1821377
1821401
1821409
1821427
1821433
1821481
1821487
1821497
1821509
1821541
1821551
1821553
1821571
1821583
1821613
1821641
1821649
1821679
1821691
1821707
1821709
1821713
1821731
1821733
1821749
1821763
1821779
1821791
1821821
1821847
1821857
1821871
1821877
1821893
1821913
1821923
1821943
1821959
1821997
1822003
1822013
1822019
1822021
1822027
1822063
1822091
1822109
1822123
1822147
1822169
1822181
1822187
1822189
1822207
1822217
1822229
1822241
1822259
1822277
1822307
1822319
1822321
1822367
1822391
1822393
1822411
1822427
1822439
1822441
1822463
1822477
1822481
1822487
1822493
1822501
1822517
1822529
1822547
1822549
1822559
1822571
1822633
1822637
1822649
1822661
1822663
1822669
1822673
1822693
1822703
1822781
1822787
1822811
1822823
1822837
1822867
1822871
1822903
1822907
1822939
1822943
1822963
1822967
1822981
1822999
1823009
1823011
1823021
1823033
1823047
1823051
1823053
1823057
1823077
1823093
1823099
1823117
1823119
1823123
1823149
1823153
1823179
1823189
1823191
1823197
1823207
1823219
1823231
1823257
1823281
1823287
1823291
1823293
1823303
1823357
1823377
1823383
1823401
1823407
1823413
1823429
1823431
1823443
1823447
1823483
1823489
1823531
1823533
1823537
1823543
1823567
1823579
1823581
1823599
1823603
1823609
1823617
1823621
1823659
1823663
1823669
1823671
1823681
1823683
1823687
1823713
1823719
1823729
1823737
1823771
1823779
1823797
1823813
1823827
1823837
1823849
1823863
1823903
1823911
1823953
1823957
1823963
1823993
1823999
1824001
1824007
1824037
1824041
1824047
1824073
1824077
1824113
1824139
1824143
1824167
1824169
1824227
1824239
1824259
1824269
1824271
1824281
1824289
1824307
1824331
1824341
1824349
1824353
1824367
1824371
1824373
1824379
1824391
1824397
1824401
1824409
1824421
1824451
1824461
1824463
1824467
1824479
1824481
1824499
1824523
1824539
1824577
1824583
1824601
1824607
1824617
1824649
1824673
1824677
1824679
1824689
1824701
1824707
1824721
1824727
1824731
1824743
1824749
1824761
1824773
1824827
1824829
1824839
1824841
1824847
1824857
1824859
1824871
1824881
1824887
1824917
1824919
1824943
1824947
1824959
1824971
1824973
1824989
1824997
1825003
1825039
1825079
1825081
1825129
1825139
1825141
1825157
1825163
1825169
1825177
1825183
1825193
1825207
1825217
1825261
1825277
1825297
1825309
1825319
1825331
1825333
1825337
1825357
1825379
1825381
1825391
1825403
1825429
1825451
1825457
1825459
1825489
1825493
1825513
1825517
1825531
1825553
1825591
1825597
1825601
1825627
1825631
1825661
1825667
1825673
1825679
1825687
1825693
1825699
1825711
1825723
1825739
1825757
1825781
1825787
1825819
1825829
1825861
1825867
1825871
1825883
1825891
1825897
1825933
1825937
1825963
1825969
1826003
1826023
1826047
1826051
1826059
1826063
1826093
1826107
1826113
1826119
1826129
1826137
1826141
1826161
1826171
1826173
1826183
1826189
1826197
1826207
1826239
1826257
1826281
1826291
1826311
1826323
1826329
1826371
1826389
1826399
1826411
1826417
1826423
1826443
1826459
1826477
1826491
1826501
1826519
1826521
1826537
1826543
1826549
1826557
1826563
1826567
1826609
1826611
1826639
1826651
1826659
1826687
1826689
1826711
1826723
1826743
1826753
1826761
1826771
1826777
1826807
1826819
1826849
1826863
1826873
1826879
1826887
1826893
1826897
1826899
1826917
1826933
1826947
1826969
1826977
1826987
1826999
1827017
1827071
1827101
1827103
1827107
1827127
1827139
1827151
1827179
1827181
1827193
1827197
1827209
1827227
1827229
1827253
1827257
1827269
1827271
1827277
1827283
1827307
1827311
1827337
1827341
1827361
1827367
1827379
1827389
1827421
1827431
1827479
1827487
1827509
1827533
1827563
1827583
1827589
1827593
1827613
1827647
1827659
1827673
1827697
1827703
1827731
1827733
1827737
1827751
1827757
1827767
1827773
1827779
1827799
1827803
1827809
1827817
1827829
1827863
1827869
1827901
1827929
1827937
1827949
1827953
1827983
1828003
1828019
1828051
1828069
1828093
1828117
1828121
1828153
1828193
1828217
1828223
1828243
1828249
1828259
1828271
1828273
1828279
1828283
1828291
1828301
1828303
1828319
1828331
1828361
1828373
1828381
1828397
1828399
1828423
1828433
1828439
1828451
1828471
1828481
1828487
1828499
1828501
1828507
1828517
1828531
1828543
1828549
1828583
1828591
1828601
1828609
1828627
1828633
1828637
1828649
1828663
1828667
1828669
1828681
1828691
1828703
1828709
1828727
1828759
1828763
1828781
1828789
1828793
1828829
1828831
1828847
1828867
1828901
1828903
1828933
1828973
1828993
1828999
1829011
1829017
1829027
1829041
1829057
1829089
1829119
1829137
1829141
1829143
1829171
1829197
1829203
1829209
1829221
1829227
1829249
1829257
1829281
1829293
1829299
1829309
1829389
1829417
1829441
1829449
1829459
1829473
1829479
1829483
1829497
1829501
1829519
1829533
1829537
1829549
1829551
1829563
1829579
1829587
1829609
1829617
1829621
1829623
1829629
1829647
1829671
1829683
1829699
1829701
1829717
1829743
1829747
1829753
1829759
1829771
1829777
1829797
1829801
1829803
1829827
1829831
1829843
1829873
1829879
1829911
1829923
1829959
1829963
1830011
1830013
1830029
1830047
1830053
1830071
1830077
1830079
1830083
1830089
1830113
1830119
1830163
1830181
1830211
1830223
1830253
1830263
1830287
1830307
1830319
1830331
1830337
1830341
1830343
1830347
1830349
1830379
1830391
1830401
1830419
1830421
1830431
1830443
1830469
1830481
1830511
1830523
1830533
1830539
1830557
1830559
1830571
1830583
1830589
1830599
There are 1139 prime numbers in S225.
