S226(1830601~1846872)
1830613
1830617
1830623
1830629
1830637
1830659
1830677
1830701
1830733
1830739
1830749
1830757
1830817
1830833
1830839
1830863
1830887
1830889
1830901
1830911
1830923
1830931
1830943
1830967
1830971
1830977
1831001
1831003
1831009
1831013
1831021
1831033
1831051
1831079
1831103
1831111
1831127
1831129
1831133
1831153
1831169
1831171
1831187
1831211
1831243
1831253
1831267
1831273
1831289
1831307
1831331
1831339
1831343
1831369
1831373
1831381
1831399
1831411
1831441
1831447
1831451
1831469
1831477
1831481
1831483
1831493
1831507
1831517
1831523
1831589
1831591
1831601
1831633
1831667
1831673
1831679
1831681
1831693
1831703
1831723
1831741
1831747
1831751
1831783
1831787
1831799
1831807
1831811
1831831
1831849
1831853
1831861
1831867
1831877
1831909
1831913
1831933
1831939
1831967
1831969
1831979
1831987
1831993
1832011
1832029
1832057
1832063
1832071
1832093
1832099
1832119
1832123
1832137
1832143
1832147
1832177
1832179
1832183
1832197
1832213
1832219
1832221
1832239
1832251
1832261
1832279
1832291
1832293
1832309
1832329
1832333
1832353
1832371
1832377
1832381
1832393
1832407
1832419
1832459
1832461
1832471
1832477
1832497
1832513
1832543
1832561
1832629
1832641
1832653
1832657
1832669
1832681
1832693
1832707
1832711
1832791
1832819
1832833
1832839
1832851
1832861
1832863
1832881
1832927
1832933
1832947
1832969
1832977
1832983
1833001
1833019
1833023
1833067
1833079
1833089
1833113
1833121
1833131
1833137
1833157
1833163
1833173
1833179
1833257
1833259
1833269
1833317
1833319
1833341
1833343
1833347
1833383
1833389
1833401
1833427
1833431
1833437
1833439
1833451
1833457
1833473
1833487
1833509
1833521
1833523
1833527
1833529
1833551
1833571
1833581
1833613
1833631
1833647
1833653
1833673
1833677
1833679
1833697
1833701
1833731
1833737
1833749
1833751
1833761
1833763
1833781
1833787
1833803
1833809
1833817
1833851
1833863
1833883
1833911
1833919
1833947
1833961
1833983
1834031
1834033
1834037
1834039
1834067
1834069
1834099
1834109
1834111
1834117
1834139
1834141
1834153
1834159
1834193
1834199
1834207
1834229
1834237
1834243
1834253
1834303
1834307
1834309
1834321
1834333
1834373
1834397
1834403
1834421
1834429
1834433
1834439
1834447
1834451
1834477
1834501
1834513
1834523
1834597
1834601
1834603
1834607
1834619
1834631
1834639
1834643
1834663
1834667
1834669
1834717
1834727
1834741
1834747
1834751
1834753
1834757
1834783
1834799
1834813
1834831
1834879
1834883
1834901
1834907
1834909
1834919
1834967
1834969
1834981
1834991
1834993
1834999
1835003
1835017
1835027
1835051
1835081
1835083
1835087
1835117
1835129
1835131
1835161
1835177
1835189
1835227
1835257
1835263
1835291
1835297
1835299
1835321
1835329
1835333
1835359
1835363
1835399
1835401
1835411
1835413
1835453
1835461
1835467
1835501
1835527
1835557
1835569
1835573
1835591
1835593
1835633
1835651
1835657
1835689
1835737
1835741
1835753
1835767
1835797
1835809
1835819
1835839
1835861
1835863
1835879
1835909
1835921
1835923
1835941
1835947
1835957
1835969
1835993
1836011
1836031
1836041
1836047
1836053
1836059
1836061
1836073
1836091
1836151
1836157
1836239
1836259
1836271
1836277
1836287
1836299
1836301
1836319
1836379
1836383
1836413
1836427
1836433
1836437
1836449
1836451
1836467
1836473
1836479
1836511
1836517
1836539
1836553
1836563
1836581
1836623
1836641
1836647
1836689
1836691
1836727
1836733
1836761
1836763
1836797
1836811
1836827
1836839
1836853
1836911
1836929
1836931
1836937
1836943
1836949
1836959
1836971
1836973
1836979
1837007
1837009
1837027
1837061
1837067
1837097
1837103
1837117
1837123
1837127
1837151
1837159
1837181
1837189
1837223
1837249
1837271
1837273
1837289
1837313
1837349
1837361
1837379
1837387
1837391
1837393
1837397
1837399
1837427
1837453
1837477
1837481
1837489
1837529
1837541
1837573
1837601
1837607
1837621
1837639
1837657
1837663
1837681
1837687
1837709
1837727
1837729
1837733
1837739
1837741
1837763
1837789
1837831
1837837
1837867
1837873
1837879
1837903
1837919
1837931
1837937
1837943
1837961
1837967
1837973
1837981
1838033
1838047
1838051
1838063
1838069
1838087
1838101
1838131
1838141
1838143
1838167
1838173
1838191
1838203
1838209
1838233
1838237
1838257
1838297
1838299
1838327
1838341
1838371
1838377
1838401
1838407
1838423
1838429
1838453
1838461
1838519
1838521
1838527
1838531
1838549
1838569
1838587
1838591
1838621
1838659
1838671
1838693
1838717
1838719
1838741
1838743
1838747
1838761
1838773
1838791
1838807
1838813
1838819
1838843
1838869
1838909
1838911
1838923
1838933
1838957
1838983
1838987
1838989
1838999
1839001
1839059
1839073
1839091
1839121
1839127
1839133
1839169
1839203
1839221
1839283
1839293
1839317
1839329
1839347
1839353
1839359
1839361
1839373
1839377
1839401
1839413
1839427
1839433
1839449
1839457
1839463
1839469
1839473
1839479
1839491
1839493
1839511
1839559
1839589
1839601
1839611
1839631
1839647
1839653
1839659
1839667
1839671
1839697
1839727
1839737
1839743
1839763
1839767
1839769
1839787
1839809
1839833
1839853
1839857
1839907
1839911
1839913
1839919
1839923
1839947
1839949
1839953
1839967
1839983
1839991
1839997
1840019
1840031
1840043
1840049
1840051
1840057
1840073
1840087
1840109
1840117
1840123
1840171
1840183
1840219
1840231
1840259
1840261
1840297
1840313
1840327
1840331
1840337
1840351
1840393
1840429
1840441
1840453
1840457
1840459
1840469
1840493
1840519
1840537
1840541
1840561
1840577
1840591
1840603
1840633
1840649
1840651
1840669
1840673
1840679
1840697
1840703
1840711
1840723
1840733
1840747
1840771
1840781
1840789
1840829
1840843
1840847
1840871
1840877
1840921
1840939
1840957
1840961
1840973
1841003
1841011
1841039
1841057
1841069
1841071
1841087
1841089
1841107
1841111
1841113
1841141
1841153
1841171
1841201
1841221
1841237
1841249
1841251
1841261
1841267
1841291
1841293
1841299
1841317
1841327
1841339
1841377
1841383
1841387
1841401
1841429
1841443
1841447
1841473
1841479
1841513
1841519
1841531
1841557
1841579
1841599
1841603
1841621
1841639
1841641
1841657
1841659
1841681
1841699
1841701
1841711
1841713
1841759
1841779
1841783
1841821
1841837
1841849
1841857
1841869
1841891
1841911
1841923
1841929
1841941
1841947
1841951
1841969
1842011
1842023
1842041
1842067
1842073
1842079
1842083
1842097
1842101
1842131
1842133
1842151
1842161
1842173
1842187
1842199
1842229
1842233
1842251
1842263
1842287
1842289
1842293
1842311
1842317
1842329
1842349
1842377
1842391
1842413
1842419
1842431
1842469
1842473
1842479
1842481
1842493
1842497
1842509
1842523
1842527
1842539
1842551
1842557
1842569
1842583
1842587
1842611
1842619
1842641
1842661
1842667
1842703
1842719
1842727
1842767
1842769
1842779
1842781
1842793
1842803
1842809
1842811
1842839
1842847
1842853
1842877
1842887
1842889
1842899
1842901
1842913
1842931
1842941
1842949
1842961
1842977
1842989
1843003
1843027
1843033
1843063
1843067
1843087
1843091
1843099
1843111
1843117
1843129
1843139
1843141
1843147
1843159
1843169
1843183
1843189
1843201
1843207
1843213
1843217
1843241
1843253
1843273
1843277
1843313
1843321
1843349
1843357
1843421
1843423
1843433
1843447
1843487
1843489
1843493
1843511
1843537
1843547
1843549
1843561
1843571
1843579
1843591
1843607
1843619
1843631
1843643
1843649
1843687
1843697
1843753
1843757
1843771
1843783
1843789
1843801
1843823
1843843
1843859
1843867
1843889
1843901
1843909
1843943
1843949
1843967
1843981
1843993
1843997
1843999
1844021
1844027
1844033
1844039
1844077
1844093
1844099
1844111
1844119
1844123
1844131
1844153
1844179
1844189
1844201
1844207
1844243
1844257
1844263
1844287
1844291
1844299
1844317
1844329
1844333
1844341
1844357
1844369
1844377
1844383
1844411
1844417
1844441
1844473
1844477
1844497
1844503
1844519
1844527
1844537
1844567
1844569
1844581
1844617
1844641
1844659
1844677
1844681
1844683
1844707
1844723
1844737
1844741
1844747
1844749
1844813
1844819
1844827
1844837
1844863
1844867
1844897
1844917
1844923
1844939
1844963
1844971
1844977
1844981
1844987
1845017
1845023
1845029
1845047
1845049
1845073
1845119
1845133
1845139
1845143
1845149
1845157
1845161
1845167
1845187
1845199
1845209
1845211
1845229
1845271
1845289
1845293
1845307
1845317
1845331
1845353
1845373
1845379
1845419
1845421
1845427
1845457
1845463
1845491
1845499
1845509
1845521
1845539
1845541
1845551
1845559
1845563
1845577
1845581
1845583
1845601
1845611
1845637
1845713
1845719
1845721
1845731
1845751
1845757
1845769
1845791
1845827
1845829
1845841
1845881
1845901
1845913
1845919
1845931
1845941
1845959
1846001
1846037
1846057
1846063
1846067
1846073
1846079
1846093
1846099
1846121
1846129
1846139
1846153
1846157
1846171
1846177
1846181
1846219
1846223
1846231
1846241
1846253
1846261
1846283
1846289
1846297
1846321
1846331
1846333
1846357
1846367
1846373
1846379
1846393
1846399
1846441
1846457
1846469
1846487
1846511
1846529
1846541
1846547
1846561
1846567
1846571
1846609
1846613
1846619
1846631
1846643
1846657
1846673
1846703
1846711
1846729
1846751
1846769
1846777
1846811
1846837
1846843
1846847
1846849
1846861
There are 1112 prime numbers in S226.
