S228(1863217~1879632)
1863223
1863229
1863241
1863247
1863263
1863269
1863271
1863307
1863313
1863331
1863347
1863361
1863371
1863377
1863401
1863403
1863413
1863451
1863457
1863461
1863473
1863479
1863481
1863493
1863497
1863509
1863517
1863527
1863541
1863559
1863581
1863583
1863593
1863601
1863607
1863613
1863637
1863647
1863649
1863671
1863677
1863683
1863707
1863721
1863731
1863769
1863779
1863787
1863811
1863839
1863853
1863857
1863871
1863877
1863889
1863893
1863899
1863913
1863923
1863929
1863941
1863971
1863997
1864001
1864003
1864039
1864043
1864069
1864087
1864111
1864117
1864151
1864153
1864189
1864217
1864241
1864253
1864259
1864267
1864297
1864307
1864361
1864363
1864391
1864399
1864417
1864427
1864453
1864463
1864469
1864483
1864507
1864517
1864529
1864547
1864549
1864553
1864559
1864567
1864571
1864589
1864591
1864601
1864649
1864657
1864661
1864691
1864693
1864703
1864711
1864739
1864769
1864783
1864789
1864801
1864823
1864847
1864853
1864859
1864861
1864871
1864873
1864879
1864897
1864901
1864921
1864939
1864979
1864987
1865011
1865023
1865027
1865057
1865063
1865069
1865081
1865107
1865119
1865137
1865141
1865147
1865159
1865161
1865179
1865203
1865221
1865233
1865243
1865261
1865263
1865267
1865299
1865321
1865327
1865329
1865333
1865341
1865371
1865389
1865399
1865411
1865417
1865419
1865431
1865443
1865447
1865453
1865467
1865471
1865489
1865491
1865509
1865527
1865533
1865537
1865543
1865551
1865561
1865569
1865573
1865579
1865587
1865603
1865609
1865659
1865671
1865681
1865687
1865693
1865711
1865719
1865729
1865791
1865821
1865827
1865837
1865839
1865849
1865863
1865881
1865887
1865893
1865911
1865917
1865939
1865957
1865959
1865987
1865999
1866001
1866019
1866031
1866037
1866043
1866049
1866083
1866091
1866101
1866113
1866127
1866131
1866143
1866191
1866203
1866211
1866223
1866233
1866239
1866247
1866251
1866269
1866281
1866283
1866301
1866307
1866331
1866341
1866343
1866349
1866367
1866373
1866409
1866437
1866439
1866451
1866457
1866461
1866467
1866499
1866517
1866521
1866547
1866551
1866569
1866577
1866593
1866637
1866649
1866659
1866677
1866679
1866721
1866737
1866751
1866757
1866779
1866827
1866833
1866847
1866857
1866859
1866863
1866869
1866871
1866877
1866901
1866941
1866961
1866967
1866971
1866973
1866989
1867001
1867003
1867009
1867013
1867039
1867051
1867069
1867079
1867109
1867123
1867147
1867157
1867183
1867193
1867211
1867213
1867219
1867231
1867237
1867241
1867249
1867253
1867259
1867303
1867319
1867321
1867337
1867343
1867351
1867367
1867373
1867421
1867423
1867429
1867469
1867477
1867553
1867573
1867597
1867601
1867609
1867631
1867651
1867693
1867709
1867711
1867717
1867727
1867729
1867751
1867753
1867769
1867771
1867783
1867787
1867799
1867813
1867819
1867823
1867847
1867849
1867867
1867883
1867897
1867907
1867913
1867927
1867949
1867951
1867969
1867973
1867979
1867993
1868017
1868033
1868039
1868051
1868057
1868059
1868063
1868107
1868149
1868159
1868173
1868179
1868183
1868189
1868201
1868231
1868239
1868257
1868261
1868287
1868291
1868309
1868333
1868371
1868381
1868387
1868407
1868423
1868443
1868459
1868483
1868501
1868513
1868519
1868527
1868533
1868549
1868561
1868567
1868569
1868591
1868599
1868617
1868627
1868639
1868641
1868663
1868677
1868687
1868693
1868701
1868717
1868719
1868723
1868747
1868749
1868753
1868777
1868807
1868813
1868837
1868843
1868851
1868863
1868879
1868917
1868947
1868983
1868987
1868989
1869029
1869041
1869053
1869071
1869073
1869097
1869113
1869139
1869169
1869173
1869181
1869191
1869193
1869199
1869209
1869221
1869227
1869251
1869271
1869293
1869299
1869319
1869341
1869379
1869383
1869389
1869403
1869407
1869419
1869433
1869443
1869449
1869487
1869521
1869529
1869547
1869551
1869563
1869577
1869617
1869631
1869649
1869691
1869709
1869719
1869731
1869737
1869757
1869761
1869793
1869823
1869839
1869853
1869859
1869871
1869929
1869947
1869953
1869971
1869991
1870019
1870021
1870049
1870067
1870079
1870097
1870103
1870111
1870117
1870129
1870139
1870147
1870159
1870163
1870207
1870213
1870223
1870229
1870247
1870249
1870259
1870279
1870307
1870327
1870343
1870361
1870369
1870373
1870381
1870399
1870403
1870411
1870433
1870441
1870469
1870499
1870507
1870511
1870541
1870577
1870591
1870597
1870601
1870619
1870639
1870643
1870651
1870667
1870669
1870709
1870711
1870717
1870723
1870733
1870777
1870783
1870787
1870793
1870807
1870829
1870853
1870859
1870861
1870879
1870907
1870919
1870927
1870933
1870951
1870961
1870991
1871017
1871021
1871029
1871039
1871057
1871081
1871083
1871099
1871113
1871137
1871147
1871153
1871171
1871183
1871213
1871249
1871263
1871279
1871293
1871321
1871327
1871339
1871351
1871383
1871413
1871417
1871437
1871447
1871449
1871459
1871461
1871473
1871477
1871491
1871503
1871509
1871531
1871543
1871549
1871561
1871591
1871603
1871621
1871627
1871629
1871641
1871651
1871669
1871677
1871693
1871699
1871711
1871713
1871743
1871777
1871783
1871789
1871813
1871827
1871839
1871843
1871851
1871879
1871917
1871923
1871927
1871929
1871951
1871957
1871981
1871983
1872001
1872007
1872043
1872049
1872097
1872109
1872113
1872137
1872149
1872173
1872217
1872229
1872239
1872253
1872259
1872271
1872281
1872287
1872289
1872301
1872313
1872319
1872323
1872337
1872389
1872419
1872421
1872427
1872461
1872463
1872473
1872491
1872503
1872529
1872547
1872553
1872557
1872569
1872581
1872587
1872589
1872623
1872631
1872667
1872671
1872691
1872713
1872721
1872727
1872743
1872751
1872763
1872769
1872799
1872817
1872841
1872847
1872859
1872889
1872911
1872919
1872929
1872943
1872953
1872971
1873013
1873019
1873021
1873031
1873049
1873057
1873093
1873099
1873121
1873133
1873141
1873147
1873159
1873163
1873171
1873181
1873211
1873217
1873219
1873231
1873271
1873283
1873297
1873307
1873321
1873337
1873357
1873367
1873379
1873409
1873411
1873433
1873441
1873471
1873499
1873507
1873513
1873517
1873523
1873541
1873549
1873567
1873583
1873589
1873607
1873633
1873637
1873657
1873679
1873681
1873687
1873699
1873721
1873727
1873769
1873771
1873783
1873831
1873849
1873867
1873877
1873889
1873967
1873969
1873979
1874003
1874021
1874039
1874051
1874083
1874099
1874101
1874107
1874111
1874143
1874153
1874177
1874189
1874207
1874209
1874261
1874263
1874303
1874311
1874317
1874351
1874377
1874387
1874399
1874417
1874441
1874443
1874449
1874461
1874491
1874503
1874513
1874527
1874549
1874599
1874603
1874611
1874623
1874627
1874629
1874633
1874657
1874659
1874669
1874699
1874723
1874729
1874759
1874767
1874791
1874797
1874819
1874833
1874837
1874839
1874857
1874869
1874881
1874893
1874903
1874921
1874923
1874941
1874953
1874959
1874987
1874993
1875007
1875011
1875037
1875043
1875059
1875061
1875067
1875073
1875077
1875103
1875109
1875131
1875143
1875149
1875161
1875163
1875173
1875179
1875191
1875229
1875233
1875239
1875241
1875277
1875311
1875317
1875331
1875337
1875361
1875371
1875373
1875403
1875427
1875431
1875439
1875449
1875451
1875479
1875481
1875487
1875499
1875521
1875529
1875541
1875553
1875557
1875569
1875583
1875611
1875619
1875677
1875683
1875707
1875743
1875751
1875773
1875793
1875803
1875821
1875833
1875859
1875869
1875877
1875893
1875901
1875943
1875947
1875953
1875959
1875971
1875977
1875983
1875989
1875997
1876009
1876019
1876057
1876073
1876081
1876093
1876109
1876123
1876129
1876157
1876163
1876169
1876181
1876183
1876187
1876211
1876223
1876241
1876247
1876249
1876261
1876267
1876289
1876291
1876309
1876327
1876331
1876333
1876339
1876367
1876373
1876379
1876403
1876417
1876451
1876453
1876481
1876499
1876507
1876513
1876517
1876519
1876541
1876549
1876559
1876597
1876607
1876627
1876631
1876643
1876657
1876669
1876697
1876703
1876711
1876717
1876733
1876741
1876747
1876781
1876807
1876829
1876841
1876859
1876949
1876951
1876999
1877003
1877009
1877011
1877017
1877023
1877033
1877041
1877059
1877069
1877077
1877087
1877107
1877111
1877137
1877147
1877159
1877171
1877177
1877179
1877189
1877209
1877221
1877231
1877233
1877243
1877261
1877279
1877297
1877299
1877303
1877347
1877353
1877357
1877363
1877389
1877399
1877401
1877443
1877459
1877461
1877471
1877479
1877483
1877501
1877503
1877521
1877573
1877609
1877621
1877669
1877671
1877683
1877693
1877717
1877723
1877741
1877753
1877761
1877773
1877797
1877801
1877819
1877833
1877839
1877857
1877873
1877891
1877917
1877933
1877951
1877959
1877977
1877983
1878013
1878043
1878047
1878049
1878053
1878059
1878061
1878089
1878091
1878119
1878139
1878181
1878187
1878193
1878199
1878209
1878221
1878223
1878229
1878257
1878263
1878277
1878281
1878287
1878293
1878299
1878319
1878323
1878353
1878367
1878389
1878403
1878419
1878421
1878431
1878439
1878451
1878463
1878491
1878493
1878553
1878557
1878559
1878563
1878577
1878581
1878593
1878623
1878629
1878641
1878659
1878677
1878683
1878689
1878697
1878733
1878757
1878769
1878781
1878791
1878803
1878827
1878839
1878841
1878869
1878883
1878887
1878889
1878911
1878913
1878931
1878949
1878977
1878979
1878991
1879049
1879067
1879069
1879079
1879099
1879103
1879109
1879121
1879151
1879187
1879211
1879243
1879253
1879279
1879291
1879301
1879351
1879357
1879363
1879379
1879387
1879391
1879421
1879429
1879439
1879453
1879459
1879463
1879477
1879511
1879517
1879523
1879543
1879567
1879589
1879597
1879601
1879607
1879621
There are 1152 prime numbers in S228.
