S229(1879633~1896120)
1879643
1879663
1879723
1879729
1879781
1879789
1879807
1879811
1879817
1879847
1879849
1879873
1879897
1879901
1879909
1879921
1879931
1879937
1879939
1879949
1879961
1879967
1880017
1880023
1880027
1880093
1880111
1880117
1880129
1880159
1880167
1880189
1880201
1880209
1880233
1880257
1880267
1880287
1880309
1880321
1880323
1880327
1880339
1880341
1880357
1880363
1880369
1880381
1880401
1880413
1880441
1880467
1880497
1880509
1880513
1880521
1880537
1880551
1880561
1880573
1880581
1880597
1880603
1880633
1880647
1880653
1880657
1880663
1880689
1880701
1880707
1880729
1880741
1880789
1880803
1880807
1880819
1880831
1880833
1880839
1880843
1880849
1880869
1880881
1880887
1880899
1880903
1880909
1880929
1880933
1880939
1880941
1880947
1880951
1880959
1880971
1880993
1881031
1881037
1881041
1881071
1881079
1881083
1881109
1881119
1881127
1881151
1881157
1881161
1881163
1881181
1881197
1881199
1881211
1881221
1881223
1881241
1881263
1881277
1881289
1881307
1881311
1881329
1881343
1881349
1881389
1881391
1881401
1881403
1881419
1881431
1881461
1881463
1881479
1881493
1881499
1881511
1881521
1881533
1881559
1881587
1881601
1881617
1881619
1881631
1881641
1881697
1881749
1881751
1881757
1881767
1881769
1881787
1881799
1881811
1881821
1881823
1881851
1881853
1881863
1881881
1881889
1881899
1881907
1881937
1881949
1881961
1881983
1881989
1882009
1882031
1882037
1882039
1882051
1882063
1882073
1882081
1882099
1882117
1882141
1882147
1882163
1882169
1882171
1882183
1882207
1882211
1882229
1882247
1882253
1882259
1882271
1882313
1882319
1882327
1882367
1882369
1882403
1882409
1882417
1882421
1882429
1882453
1882457
1882459
1882469
1882471
1882519
1882541
1882561
1882579
1882589
1882607
1882667
1882681
1882703
1882717
1882721
1882747
1882781
1882787
1882823
1882861
1882877
1882891
1882921
1882939
1882963
1882997
1883003
1883017
1883023
1883027
1883047
1883051
1883053
1883087
1883113
1883129
1883153
1883177
1883183
1883191
1883197
1883201
1883207
1883213
1883227
1883237
1883257
1883267
1883279
1883293
1883317
1883341
1883351
1883359
1883363
1883369
1883377
1883381
1883383
1883389
1883393
1883407
1883429
1883459
1883471
1883477
1883491
1883501
1883503
1883513
1883533
1883551
1883573
1883599
1883611
1883621
1883627
1883639
1883647
1883659
1883669
1883671
1883689
1883699
1883731
1883737
1883743
1883759
1883773
1883857
1883879
1883881
1883939
1883941
1883969
1883971
1883989
1883993
1884007
1884011
1884013
1884053
1884061
1884083
1884109
1884119
1884121
1884133
1884193
1884199
1884209
1884221
1884227
1884247
1884293
1884313
1884341
1884343
1884347
1884353
1884359
1884409
1884427
1884437
1884451
1884461
1884469
1884479
1884481
1884503
1884517
1884523
1884527
1884529
1884539
1884563
1884577
1884587
1884593
1884599
1884601
1884607
1884611
1884677
1884679
1884713
1884721
1884731
1884749
1884791
1884793
1884803
1884809
1884821
1884829
1884833
1884853
1884877
1884881
1884887
1884889
1884901
1884907
1884917
1884923
1884947
1884973
1885007
1885021
1885033
1885043
1885069
1885151
1885153
1885159
1885171
1885183
1885201
1885207
1885243
1885253
1885259
1885267
1885271
1885277
1885291
1885307
1885309
1885321
1885339
1885349
1885363
1885381
1885391
1885393
1885423
1885439
1885459
1885469
1885489
1885501
1885519
1885523
1885529
1885553
1885561
1885567
1885573
1885577
1885601
1885603
1885607
1885613
1885619
1885627
1885633
1885649
1885673
1885703
1885711
1885717
1885729
1885733
1885753
1885757
1885789
1885801
1885811
1885847
1885859
1885867
1885879
1885907
1885909
1885913
1885943
1885979
1885981
1885991
1885993
1886011
1886021
1886029
1886047
1886051
1886081
1886107
1886113
1886119
1886153
1886173
1886179
1886197
1886231
1886233
1886237
1886243
1886267
1886279
1886293
1886317
1886327
1886329
1886347
1886351
1886389
1886411
1886413
1886447
1886449
1886459
1886471
1886503
1886509
1886513
1886527
1886543
1886557
1886561
1886569
1886611
1886623
1886657
1886659
1886663
1886671
1886693
1886699
1886701
1886723
1886743
1886749
1886777
1886783
1886809
1886821
1886849
1886867
1886869
1886887
1886891
1886903
1886917
1886923
1886957
1886981
1886993
1886999
1887013
1887019
1887029
1887049
1887071
1887079
1887091
1887103
1887113
1887131
1887133
1887143
1887161
1887167
1887169
1887181
1887199
1887209
1887211
1887217
1887229
1887247
1887253
1887283
1887307
1887341
1887359
1887409
1887419
1887421
1887433
1887437
1887443
1887451
1887463
1887499
1887511
1887521
1887539
1887563
1887569
1887577
1887607
1887617
1887619
1887637
1887643
1887659
1887667
1887671
1887713
1887719
1887727
1887737
1887749
1887757
1887773
1887797
1887803
1887811
1887857
1887877
1887883
1887917
1887923
1887947
1887967
1888031
1888043
1888063
1888069
1888079
1888097
1888121
1888123
1888129
1888151
1888157
1888169
1888171
1888189
1888193
1888199
1888213
1888217
1888223
1888247
1888253
1888267
1888279
1888283
1888301
1888307
1888331
1888349
1888351
1888361
1888399
1888409
1888421
1888441
1888457
1888463
1888483
1888487
1888559
1888561
1888571
1888597
1888609
1888633
1888651
1888673
1888723
1888727
1888753
1888759
1888763
1888769
1888793
1888807
1888837
1888841
1888849
1888879
1888897
1888907
1888919
1888927
1888933
1888963
1888979
1888981
1889009
1889011
1889029
1889039
1889051
1889053
1889077
1889081
1889087
1889099
1889101
1889117
1889131
1889143
1889177
1889191
1889201
1889213
1889219
1889221
1889267
1889273
1889287
1889309
1889311
1889317
1889347
1889351
1889359
1889369
1889383
1889387
1889389
1889399
1889401
1889411
1889423
1889429
1889441
1889453
1889471
1889477
1889483
1889491
1889497
1889501
1889509
1889521
1889527
1889539
1889551
1889561
1889579
1889603
1889617
1889621
1889647
1889651
1889653
1889677
1889689
1889707
1889717
1889743
1889747
1889753
1889761
1889801
1889803
1889819
1889831
1889957
1889969
1889981
1889999
1890019
1890023
1890029
1890037
1890041
1890079
1890089
1890103
1890107
1890113
1890121
1890149
1890167
1890173
1890193
1890211
1890221
1890227
1890241
1890257
1890269
1890277
1890283
1890289
1890299
1890313
1890319
1890331
1890337
1890373
1890379
1890389
1890397
1890401
1890403
1890467
1890479
1890487
1890509
1890521
1890523
1890527
1890529
1890541
1890547
1890571
1890593
1890599
1890601
1890611
1890617
1890631
1890641
1890643
1890677
1890697
1890701
1890719
1890731
1890743
1890769
1890793
1890799
1890809
1890827
1890851
1890869
1890877
1890901
1890913
1890923
1890953
1890997
1891007
1891027
1891039
1891049
1891069
1891073
1891103
1891111
1891133
1891147
1891163
1891171
1891187
1891189
1891213
1891223
1891243
1891249
1891273
1891277
1891283
1891291
1891297
1891303
1891319
1891333
1891361
1891367
1891381
1891387
1891391
1891429
1891433
1891447
1891457
1891489
1891499
1891501
1891529
1891537
1891541
1891567
1891579
1891601
1891619
1891627
1891639
1891657
1891661
1891663
1891667
1891679
1891711
1891739
1891753
1891789
1891807
1891829
1891843
1891859
1891861
1891889
1891907
1891909
1891927
1891933
1891949
1891951
1891969
1891987
1891991
1891997
1892017
1892021
1892029
1892057
1892089
1892113
1892119
1892123
1892161
1892167
1892171
1892183
1892197
1892203
1892239
1892249
1892257
1892299
1892309
1892311
1892329
1892353
1892357
1892383
1892399
1892413
1892431
1892441
1892461
1892477
1892489
1892497
1892503
1892507
1892531
1892537
1892551
1892563
1892591
1892599
1892617
1892621
1892629
1892633
1892651
1892663
1892669
1892677
1892687
1892699
1892701
1892713
1892719
1892749
1892753
1892771
1892773
1892777
1892783
1892827
1892833
1892843
1892857
1892861
1892867
1892879
1892887
1892893
1892911
1892921
1892927
1892977
1892983
1892999
1893029
1893049
1893071
1893083
1893131
1893163
1893173
1893181
1893187
1893191
1893193
1893197
1893209
1893211
1893223
1893277
1893289
1893299
1893317
1893329
1893347
1893349
1893361
1893371
1893373
1893377
1893391
1893403
1893413
1893427
1893431
1893457
1893467
1893469
1893473
1893481
1893517
1893527
1893533
1893539
1893581
1893587
1893589
1893599
1893607
1893643
1893701
1893707
1893713
1893719
1893733
1893737
1893757
1893779
1893781
1893799
1893809
1893823
1893877
1893887
1893911
1893917
1893929
1893937
1893949
1893967
1893971
1893973
1893979
1894001
1894003
1894033
1894037
1894043
1894049
1894051
1894063
1894099
1894103
1894117
1894121
1894127
1894163
1894171
1894181
1894213
1894229
1894247
1894253
1894267
1894271
1894283
1894307
1894337
1894339
1894369
1894381
1894393
1894397
1894411
1894439
1894481
1894489
1894577
1894583
1894601
1894603
1894609
1894631
1894639
1894643
1894663
1894687
1894691
1894727
1894729
1894741
1894757
1894787
1894793
1894811
1894817
1894853
1894859
1894873
1894883
1894913
1894931
1894933
1894969
1895009
1895011
1895017
1895027
1895051
1895057
1895071
1895081
1895083
1895093
1895099
1895119
1895129
1895141
1895167
1895189
1895191
1895207
1895219
1895233
1895239
1895249
1895261
1895263
1895273
1895287
1895317
1895321
1895351
1895357
1895359
1895479
1895489
1895501
1895507
1895513
1895521
1895533
1895539
1895563
1895567
1895581
1895587
1895599
1895603
1895609
1895623
1895627
1895633
1895657
1895693
1895711
1895713
1895749
1895753
1895767
1895779
1895797
1895809
1895833
1895851
1895869
1895893
1895903
1895909
1895939
1895981
1895989
1896001
1896017
1896019
1896023
1896031
1896043
1896047
1896071
1896077
1896091
1896101
1896109
There are 1148 prime numbers in S229.
