S230(1896121~1912680)
1896133
1896149
1896151
1896157
1896161
1896173
1896199
1896203
1896211
1896221
1896227
1896229
1896241
1896247
1896259
1896263
1896269
1896313
1896317
1896331
1896341
1896353
1896407
1896413
1896421
1896431
1896443
1896451
1896463
1896473
1896527
1896529
1896547
1896563
1896577
1896581
1896593
1896607
1896617
1896647
1896659
1896667
1896677
1896683
1896689
1896721
1896737
1896761
1896767
1896781
1896823
1896847
1896871
1896883
1896887
1896889
1896893
1896899
1896901
1896959
1896989
1896991
1897001
1897009
1897037
1897057
1897069
1897073
1897079
1897087
1897097
1897099
1897121
1897127
1897139
1897141
1897163
1897171
1897177
1897199
1897219
1897229
1897237
1897243
1897277
1897279
1897327
1897361
1897367
1897403
1897409
1897429
1897459
1897481
1897517
1897529
1897537
1897561
1897573
1897583
1897589
1897601
1897627
1897639
1897667
1897669
1897681
1897691
1897703
1897711
1897717
1897729
1897733
1897741
1897751
1897787
1897793
1897801
1897807
1897823
1897843
1897871
1897939
1897943
1897949
1897957
1897969
1897979
1897991
1898009
1898011
1898023
1898027
1898047
1898051
1898053
1898069
1898077
1898087
1898107
1898123
1898131
1898153
1898179
1898201
1898209
1898227
1898243
1898249
1898257
1898279
1898297
1898317
1898353
1898363
1898371
1898383
1898389
1898417
1898419
1898431
1898447
1898467
1898483
1898521
1898527
1898539
1898549
1898557
1898563
1898569
1898573
1898591
1898593
1898609
1898621
1898629
1898641
1898681
1898693
1898711
1898737
1898749
1898759
1898761
1898773
1898783
1898801
1898807
1898861
1898863
1898867
1898873
1898881
1898887
1898893
1898921
1898959
1898977
1898983
1899017
1899047
1899049
1899059
1899077
1899083
1899089
1899101
1899109
1899119
1899137
1899167
1899187
1899193
1899197
1899199
1899253
1899263
1899281
1899301
1899307
1899311
1899323
1899341
1899343
1899347
1899371
1899377
1899419
1899421
1899437
1899473
1899481
1899497
1899503
1899509
1899511
1899523
1899589
1899637
1899641
1899647
1899659
1899661
1899673
1899683
1899701
1899707
1899721
1899757
1899769
1899797
1899809
1899827
1899847
1899901
1899907
1899917
1899923
1899929
1899949
1899983
1900009
1900037
1900043
1900049
1900079
1900111
1900121
1900147
1900153
1900159
1900169
1900177
1900181
1900189
1900201
1900219
1900231
1900253
1900267
1900273
1900291
1900303
1900313
1900337
1900363
1900369
1900373
1900397
1900429
1900433
1900441
1900463
1900487
1900489
1900499
1900501
1900511
1900529
1900531
1900537
1900541
1900543
1900553
1900571
1900597
1900603
1900607
1900609
1900621
1900667
1900673
1900687
1900709
1900711
1900721
1900733
1900757
1900763
1900777
1900813
1900831
1900861
1900867
1900879
1900891
1900903
1900907
1900937
1900981
1901021
1901027
1901033
1901087
1901089
1901117
1901131
1901147
1901177
1901191
1901201
1901209
1901219
1901231
1901267
1901299
1901329
1901353
1901357
1901359
1901363
1901369
1901371
1901377
1901407
1901413
1901429
1901437
1901461
1901489
1901507
1901519
1901531
1901551
1901563
1901567
1901597
1901639
1901651
1901681
1901699
1901717
1901719
1901749
1901759
1901771
1901777
1901803
1901831
1901833
1901839
1901857
1901891
1901897
1901899
1901917
1901923
1901947
1901951
1901969
1901981
1901987
1901993
1902007
1902029
1902037
1902049
1902053
1902097
1902107
1902119
1902127
1902143
1902157
1902193
1902203
1902209
1902217
1902221
1902239
1902269
1902287
1902289
1902293
1902301
1902311
1902319
1902343
1902347
1902367
1902379
1902389
1902391
1902403
1902421
1902427
1902431
1902437
1902457
1902463
1902469
1902497
1902517
1902539
1902569
1902611
1902613
1902617
1902619
1902643
1902653
1902671
1902737
1902743
1902757
1902763
1902779
1902829
1902833
1902839
1902847
1902863
1902877
1902881
1902883
1902899
1902917
1902931
1902961
1902973
1902977
1902991
1903003
1903007
1903061
1903063
1903073
1903081
1903091
1903103
1903117
1903123
1903147
1903159
1903199
1903207
1903229
1903247
1903271
1903277
1903289
1903301
1903313
1903339
1903373
1903379
1903381
1903387
1903409
1903441
1903459
1903463
1903471
1903483
1903487
1903501
1903511
1903513
1903529
1903579
1903597
1903619
1903639
1903651
1903661
1903669
1903673
1903703
1903709
1903747
1903757
1903787
1903789
1903801
1903807
1903817
1903859
1903861
1903873
1903877
1903897
1903907
1903921
1903931
1903961
1903969
1903973
1903981
1903987
1903991
1904011
1904027
1904029
1904041
1904069
1904087
1904093
1904099
1904117
1904129
1904143
1904167
1904171
1904179
1904191
1904233
1904249
1904263
1904267
1904281
1904293
1904297
1904311
1904407
1904429
1904447
1904467
1904471
1904473
1904477
1904479
1904489
1904509
1904519
1904521
1904531
1904533
1904537
1904543
1904549
1904587
1904597
1904621
1904647
1904681
1904687
1904701
1904719
1904729
1904741
1904753
1904761
1904803
1904809
1904827
1904831
1904849
1904869
1904879
1904891
1904897
1904939
1904941
1904951
1904963
1904971
1904977
1904999
1905017
1905023
1905031
1905041
1905049
1905053
1905077
1905109
1905121
1905131
1905157
1905161
1905179
1905181
1905199
1905247
1905257
1905269
1905283
1905317
1905331
1905347
1905359
1905361
1905367
1905383
1905391
1905433
1905437
1905443
1905473
1905493
1905499
1905517
1905577
1905583
1905593
1905599
1905613
1905653
1905661
1905667
1905671
1905679
1905689
1905691
1905697
1905703
1905713
1905727
1905733
1905737
1905767
1905773
1905779
1905781
1905791
1905797
1905821
1905863
1905899
1905923
1905979
1905983
1906007
1906013
1906043
1906063
1906087
1906109
1906117
1906123
1906133
1906139
1906153
1906183
1906187
1906211
1906237
1906241
1906243
1906259
1906271
1906297
1906321
1906337
1906343
1906361
1906379
1906381
1906391
1906393
1906417
1906439
1906453
1906477
1906481
1906511
1906523
1906537
1906543
1906559
1906579
1906589
1906603
1906607
1906613
1906621
1906627
1906637
1906643
1906673
1906691
1906693
1906699
1906711
1906727
1906733
1906739
1906747
1906757
1906811
1906829
1906831
1906843
1906867
1906871
1906889
1906909
1906963
1906969
1906987
1906997
1907023
1907029
1907041
1907053
1907063
1907071
1907107
1907123
1907141
1907153
1907189
1907203
1907209
1907231
1907233
1907249
1907291
1907303
1907309
1907317
1907329
1907333
1907357
1907369
1907371
1907377
1907431
1907441
1907447
1907449
1907453
1907471
1907473
1907483
1907501
1907527
1907561
1907567
1907573
1907593
1907599
1907611
1907617
1907623
1907627
1907639
1907669
1907687
1907693
1907701
1907713
1907729
1907743
1907747
1907749
1907761
1907767
1907783
1907797
1907803
1907819
1907837
1907849
1907861
1907863
1907903
1907909
1907911
1907933
1907963
1907981
1907987
1907989
1907993
1908013
1908031
1908041
1908043
1908047
1908061
1908077
1908083
1908089
1908091
1908121
1908133
1908157
1908167
1908169
1908173
1908197
1908209
1908217
1908223
1908239
1908251
1908259
1908289
1908299
1908311
1908317
1908323
1908343
1908367
1908373
1908407
1908421
1908433
1908443
1908449
1908451
1908499
1908521
1908523
1908527
1908581
1908601
1908611
1908617
1908631
1908659
1908661
1908667
1908679
1908703
1908707
1908713
1908737
1908749
1908757
1908761
1908769
1908779
1908787
1908817
1908857
1908869
1908871
1908883
1908923
1908943
1908967
1908971
1908979
1908989
1908997
1909003
1909021
1909027
1909043
1909051
1909079
1909081
1909087
1909091
1909109
1909111
1909121
1909129
1909147
1909153
1909183
1909199
1909213
1909217
1909223
1909231
1909241
1909267
1909279
1909283
1909307
1909309
1909319
1909333
1909343
1909363
1909373
1909381
1909399
1909409
1909421
1909429
1909441
1909451
1909463
1909477
1909487
1909489
1909513
1909561
1909573
1909603
1909619
1909637
1909651
1909669
1909703
1909717
1909741
1909757
1909769
1909777
1909783
1909799
1909801
1909807
1909811
1909837
1909841
1909907
1909909
1909927
1909949
1909951
1909981
1909987
1909991
1909997
1910009
1910023
1910047
1910059
1910063
1910071
1910087
1910101
1910107
1910119
1910123
1910131
1910147
1910159
1910177
1910179
1910257
1910261
1910263
1910267
1910269
1910287
1910297
1910323
1910333
1910339
1910369
1910399
1910401
1910413
1910417
1910423
1910429
1910471
1910509
1910527
1910537
1910551
1910567
1910593
1910611
1910651
1910663
1910669
1910677
1910683
1910687
1910693
1910719
1910729
1910737
1910759
1910767
1910813
1910827
1910837
1910869
1910873
1910891
1910899
1910903
1910911
1910917
1910927
1910941
1910971
1910977
1910989
1910999
1911011
1911017
1911029
1911031
1911037
1911043
1911053
1911061
1911073
1911079
1911083
1911101
1911103
1911109
1911121
1911149
1911163
1911167
1911199
1911209
1911211
1911227
1911251
1911253
1911263
1911269
1911281
1911289
1911311
1911317
1911319
1911347
1911373
1911401
1911433
1911439
1911451
1911467
1911493
1911517
1911523
1911529
1911583
1911589
1911607
1911617
1911619
1911641
1911653
1911661
1911671
1911673
1911697
1911713
1911733
1911757
1911787
1911839
1911841
1911851
1911857
1911881
1911887
1911893
1911911
1911919
1911929
1911937
1911961
1911977
1911991
1912019
1912061
1912063
1912067
1912069
1912087
1912093
1912121
1912129
1912133
1912139
1912147
1912159
1912193
1912213
1912241
1912259
1912277
1912283
1912301
1912307
1912357
1912373
1912387
1912423
1912429
1912451
1912453
1912457
1912459
1912481
1912487
1912489
1912499
1912507
1912513
1912529
1912531
1912541
1912543
1912553
1912577
1912583
1912601
1912613
1912621
1912633
1912639
1912643
1912661
1912679
There are 1142 prime numbers in S230.
