S231(1912681~1929312)
1912681
1912693
1912709
1912727
1912733
1912739
1912741
1912763
1912829
1912831
1912843
1912847
1912873
1912879
1912903
1912913
1912919
1912921
1912943
1912949
1912951
1912969
1912991
1913003
1913017
1913039
1913047
1913063
1913069
1913081
1913089
1913099
1913123
1913147
1913161
1913201
1913213
1913221
1913251
1913269
1913273
1913287
1913291
1913293
1913297
1913341
1913377
1913389
1913407
1913419
1913437
1913441
1913447
1913467
1913473
1913477
1913489
1913497
1913501
1913533
1913539
1913551
1913581
1913609
1913627
1913641
1913651
1913683
1913687
1913701
1913719
1913749
1913773
1913789
1913803
1913819
1913827
1913831
1913833
1913861
1913867
1913893
1913903
1913917
1913939
1913941
1913957
1913959
1913963
1913969
1913983
1913993
1913999
1914001
1914007
1914023
1914043
1914053
1914061
1914067
1914097
1914103
1914127
1914131
1914139
1914163
1914179
1914197
1914239
1914247
1914259
1914323
1914361
1914371
1914379
1914389
1914427
1914433
1914439
1914443
1914457
1914469
1914481
1914487
1914499
1914503
1914509
1914511
1914527
1914541
1914569
1914581
1914587
1914593
1914613
1914623
1914637
1914641
1914673
1914691
1914707
1914709
1914719
1914739
1914743
1914751
1914767
1914769
1914791
1914811
1914817
1914821
1914853
1914883
1914889
1914923
1914947
1914949
1914959
1914961
1914967
1914971
1915007
1915019
1915031
1915051
1915057
1915099
1915103
1915117
1915153
1915163
1915183
1915201
1915213
1915223
1915229
1915241
1915253
1915259
1915267
1915289
1915307
1915313
1915321
1915337
1915343
1915399
1915411
1915423
1915427
1915439
1915451
1915469
1915471
1915477
1915481
1915483
1915489
1915499
1915517
1915531
1915567
1915591
1915609
1915619
1915633
1915649
1915663
1915687
1915691
1915703
1915721
1915729
1915733
1915741
1915757
1915759
1915763
1915777
1915799
1915811
1915813
1915817
1915841
1915843
1915853
1915891
1915909
1915919
1915931
1915933
1915937
1915939
1915957
1915961
1915981
1915993
1915997
1916021
1916023
1916027
1916051
1916069
1916099
1916129
1916147
1916179
1916183
1916231
1916249
1916251
1916269
1916279
1916281
1916287
1916293
1916309
1916311
1916333
1916339
1916351
1916353
1916363
1916371
1916413
1916419
1916423
1916443
1916471
1916531
1916539
1916543
1916573
1916591
1916599
1916611
1916617
1916633
1916641
1916647
1916653
1916687
1916689
1916729
1916731
1916737
1916741
1916749
1916753
1916773
1916779
1916809
1916833
1916839
1916857
1916867
1916881
1916909
1916917
1916921
1916939
1916951
1916953
1916977
1917001
1917017
1917023
1917029
1917049
1917059
1917077
1917079
1917089
1917101
1917121
1917137
1917173
1917187
1917191
1917197
1917203
1917239
1917259
1917281
1917287
1917301
1917313
1917317
1917329
1917337
1917341
1917343
1917353
1917367
1917373
1917397
1917407
1917427
1917431
1917463
1917467
1917479
1917493
1917511
1917521
1917523
1917527
1917541
1917557
1917563
1917569
1917571
1917581
1917623
1917631
1917653
1917659
1917667
1917697
1917703
1917731
1917733
1917737
1917739
1917743
1917749
1917767
1917793
1917847
1917859
1917871
1917887
1917893
1917899
1917931
1917943
1917959
1917961
1917967
1917977
1918003
1918013
1918019
1918027
1918067
1918079
1918087
1918097
1918121
1918129
1918151
1918157
1918181
1918193
1918219
1918237
1918243
1918247
1918283
1918303
1918307
1918313
1918327
1918351
1918363
1918391
1918417
1918429
1918439
1918451
1918463
1918471
1918489
1918507
1918517
1918519
1918523
1918529
1918537
1918549
1918571
1918607
1918643
1918649
1918661
1918667
1918687
1918733
1918747
1918769
1918771
1918799
1918811
1918817
1918837
1918849
1918859
1918879
1918897
1918919
1918921
1918933
1918967
1918979
1918991
1919009
1919039
1919041
1919053
1919063
1919119
1919123
1919149
1919161
1919231
1919273
1919279
1919287
1919293
1919297
1919299
1919311
1919341
1919347
1919363
1919369
1919377
1919383
1919387
1919429
1919431
1919441
1919459
1919461
1919471
1919479
1919503
1919509
1919549
1919581
1919591
1919633
1919647
1919669
1919677
1919689
1919693
1919711
1919719
1919761
1919767
1919773
1919783
1919789
1919839
1919843
1919851
1919881
1919891
1919917
1919927
1919947
1919959
1919987
1920001
1920011
1920013
1920043
1920049
1920089
1920101
1920143
1920161
1920173
1920187
1920199
1920203
1920211
1920221
1920223
1920227
1920239
1920257
1920271
1920283
1920299
1920343
1920361
1920377
1920379
1920383
1920397
1920403
1920407
1920427
1920433
1920437
1920469
1920487
1920497
1920521
1920533
1920551
1920571
1920587
1920593
1920599
1920601
1920613
1920617
1920631
1920637
1920671
1920679
1920683
1920701
1920713
1920731
1920739
1920761
1920769
1920797
1920803
1920811
1920817
1920839
1920851
1920859
1920883
1920889
1920901
1920911
1920913
1920917
1920923
1920959
1920991
1921013
1921021
1921027
1921037
1921063
1921069
1921079
1921097
1921103
1921123
1921133
1921159
1921169
1921177
1921181
1921211
1921229
1921247
1921253
1921267
1921273
1921277
1921307
1921319
1921327
1921363
1921393
1921417
1921427
1921457
1921477
1921481
1921483
1921499
1921529
1921531
1921537
1921553
1921559
1921573
1921631
1921657
1921681
1921687
1921691
1921693
1921709
1921723
1921729
1921739
1921747
1921763
1921769
1921771
1921781
1921789
1921813
1921819
1921823
1921841
1921847
1921849
1921873
1921879
1921883
1921889
1921919
1921921
1921937
1921967
1921981
1922027
1922047
1922077
1922111
1922119
1922147
1922153
1922209
1922213
1922233
1922269
1922273
1922329
1922339
1922351
1922353
1922383
1922387
1922407
1922423
1922429
1922447
1922461
1922471
1922491
1922507
1922519
1922533
1922551
1922561
1922563
1922567
1922579
1922603
1922611
1922621
1922663
1922677
1922689
1922693
1922719
1922749
1922771
1922773
1922783
1922803
1922807
1922813
1922821
1922863
1922867
1922873
1922891
1922909
1922923
1922951
1922957
1922983
1923013
1923017
1923029
1923037
1923049
1923059
1923073
1923079
1923083
1923107
1923109
1923127
1923133
1923137
1923139
1923151
1923157
1923167
1923169
1923197
1923203
1923221
1923253
1923263
1923277
1923281
1923289
1923293
1923307
1923323
1923349
1923353
1923377
1923401
1923403
1923409
1923419
1923437
1923443
1923463
1923469
1923479
1923491
1923521
1923547
1923611
1923613
1923653
1923659
1923671
1923683
1923689
1923707
1923709
1923749
1923751
1923763
1923781
1923787
1923791
1923793
1923797
1923811
1923833
1923841
1923853
1923869
1923871
1923877
1923893
1923917
1923979
1923983
1923989
1923991
1924003
1924031
1924033
1924067
1924079
1924081
1924093
1924129
1924141
1924147
1924199
1924217
1924231
1924243
1924261
1924283
1924289
1924291
1924297
1924303
1924327
1924331
1924343
1924393
1924397
1924409
1924457
1924459
1924463
1924487
1924501
1924513
1924523
1924537
1924543
1924547
1924561
1924579
1924619
1924627
1924631
1924649
1924651
1924661
1924669
1924679
1924693
1924721
1924751
1924753
1924781
1924799
1924829
1924837
1924849
1924861
1924889
1924903
1924921
1924957
1924963
1924969
1924973
1925017
1925039
1925041
1925047
1925057
1925059
1925071
1925081
1925087
1925117
1925129
1925149
1925171
1925177
1925179
1925191
1925219
1925227
1925243
1925257
1925293
1925299
1925311
1925321
1925323
1925333
1925359
1925381
1925383
1925387
1925389
1925393
1925431
1925459
1925461
1925489
1925501
1925507
1925509
1925531
1925533
1925557
1925563
1925579
1925603
1925611
1925621
1925639
1925653
1925681
1925711
1925717
1925719
1925747
1925753
1925773
1925779
1925801
1925827
1925837
1925839
1925851
1925857
1925863
1925867
1925873
1925881
1925899
1925909
1925929
1925933
1925971
1925993
1926007
1926019
1926031
1926037
1926047
1926053
1926077
1926079
1926097
1926149
1926157
1926161
1926167
1926187
1926191
1926217
1926241
1926259
1926263
1926269
1926283
1926289
1926293
1926299
1926329
1926341
1926343
1926359
1926361
1926367
1926377
1926403
1926413
1926427
1926437
1926439
1926461
1926469
1926473
1926481
1926487
1926493
1926521
1926523
1926541
1926569
1926571
1926601
1926611
1926623
1926637
1926647
1926649
1926653
1926667
1926697
1926703
1926707
1926721
1926739
1926767
1926773
1926791
1926803
1926811
1926833
1926839
1926851
1926863
1926893
1926901
1926907
1926913
1926919
1926931
1926937
1926949
1926973
1927007
1927019
1927031
1927033
1927067
1927073
1927087
1927097
1927109
1927111
1927129
1927139
1927157
1927187
1927223
1927241
1927249
1927259
1927271
1927279
1927297
1927313
1927319
1927327
1927333
1927337
1927349
1927351
1927357
1927361
1927397
1927399
1927411
1927421
1927433
1927459
1927481
1927483
1927501
1927507
1927537
1927547
1927553
1927559
1927567
1927571
1927573
1927577
1927591
1927603
1927619
1927631
1927633
1927669
1927687
1927691
1927693
1927703
1927729
1927741
1927753
1927781
1927789
1927813
1927823
1927853
1927867
1927879
1927897
1927901
1927903
1927909
1927957
1927963
1927967
1927969
1927979
1927993
1927997
1928011
1928023
1928029
1928041
1928071
1928093
1928099
1928141
1928161
1928167
1928183
1928203
1928207
1928219
1928237
1928257
1928261
1928287
1928317
1928321
1928323
1928351
1928359
1928369
1928371
1928383
1928387
1928401
1928411
1928419
1928447
1928449
1928467
1928473
1928489
1928501
1928513
1928539
1928543
1928561
1928567
1928569
1928621
1928623
1928629
1928653
1928659
1928677
1928687
1928741
1928743
1928753
1928767
1928791
1928807
1928809
1928813
1928821
1928831
1928869
1928873
1928929
1928947
1928951
1928957
1928959
1928963
1928989
1929043
1929047
1929049
1929061
1929071
1929073
1929113
1929119
1929121
1929149
1929157
1929163
1929197
1929199
1929227
1929229
1929251
1929271
1929287
1929289
1929307
1929311
There are 1165 prime numbers in S231.
