S233(1946017~1962792)
1946017
1946029
1946033
1946059
1946069
1946081
1946093
1946117
1946141
1946171
1946173
1946183
1946207
1946209
1946257
1946281
1946297
1946299
1946369
1946377
1946389
1946401
1946407
1946429
1946443
1946447
1946453
1946471
1946473
1946489
1946501
1946507
1946537
1946543
1946561
1946563
1946579
1946603
1946617
1946621
1946627
1946629
1946641
1946647
1946657
1946663
1946669
1946671
1946689
1946699
1946701
1946713
1946723
1946731
1946761
1946767
1946771
1946779
1946801
1946809
1946839
1946851
1946869
1946899
1946909
1946921
1946933
1946939
1946947
1946963
1946969
1946981
1946999
1947041
1947073
1947091
1947107
1947109
1947119
1947137
1947149
1947151
1947193
1947217
1947223
1947227
1947229
1947241
1947247
1947259
1947269
1947287
1947307
1947311
1947359
1947371
1947383
1947391
1947397
1947419
1947431
1947457
1947467
1947487
1947493
1947497
1947499
1947511
1947527
1947551
1947593
1947607
1947619
1947629
1947641
1947653
1947661
1947667
1947683
1947691
1947703
1947719
1947731
1947733
1947763
1947773
1947779
1947811
1947851
1947853
1947919
1947923
1947941
1947971
1947973
1947977
1947983
1947989
1947991
1947997
1948021
1948043
1948049
1948069
1948073
1948091
1948097
1948099
1948109
1948129
1948139
1948147
1948171
1948181
1948187
1948223
1948229
1948231
1948237
1948267
1948273
1948283
1948301
1948313
1948327
1948337
1948343
1948369
1948411
1948433
1948447
1948483
1948493
1948511
1948517
1948519
1948549
1948553
1948559
1948571
1948601
1948603
1948613
1948619
1948627
1948637
1948649
1948669
1948699
1948703
1948729
1948741
1948747
1948759
1948763
1948777
1948783
1948789
1948799
1948801
1948847
1948861
1948867
1948883
1948907
1948909
1948927
1948937
1948981
1948987
1948993
1949023
1949053
1949081
1949111
1949113
1949117
1949141
1949161
1949179
1949201
1949251
1949257
1949309
1949327
1949333
1949341
1949357
1949359
1949371
1949383
1949417
1949459
1949471
1949473
1949501
1949527
1949531
1949539
1949557
1949573
1949579
1949581
1949627
1949639
1949657
1949707
1949719
1949737
1949741
1949771
1949777
1949791
1949809
1949813
1949819
1949821
1949833
1949839
1949881
1949887
1949911
1949929
1949933
1949939
1949947
1949999
1950017
1950023
1950037
1950043
1950061
1950071
1950073
1950089
1950107
1950133
1950139
1950149
1950161
1950167
1950173
1950181
1950187
1950211
1950227
1950253
1950269
1950271
1950283
1950287
1950317
1950323
1950343
1950349
1950367
1950383
1950391
1950401
1950409
1950419
1950433
1950449
1950457
1950463
1950517
1950527
1950539
1950577
1950617
1950623
1950629
1950643
1950649
1950661
1950667
1950679
1950691
1950703
1950757
1950761
1950763
1950803
1950827
1950833
1950853
1950881
1950889
1950913
1950919
1950941
1950959
1950979
1950989
1951003
1951007
1951013
1951043
1951049
1951051
1951093
1951097
1951099
1951123
1951127
1951133
1951139
1951153
1951177
1951193
1951199
1951223
1951237
1951249
1951253
1951289
1951303
1951321
1951403
1951429
1951441
1951457
1951459
1951463
1951483
1951489
1951493
1951501
1951511
1951529
1951553
1951561
1951591
1951597
1951601
1951603
1951627
1951633
1951657
1951669
1951687
1951693
1951709
1951721
1951739
1951759
1951783
1951793
1951811
1951819
1951823
1951837
1951843
1951867
1951871
1951879
1951891
1951949
1951951
1951967
1951993
1951997
1952021
1952023
1952047
1952053
1952087
1952089
1952099
1952123
1952129
1952131
1952173
1952191
1952201
1952207
1952219
1952221
1952227
1952257
1952261
1952267
1952311
1952317
1952323
1952339
1952351
1952381
1952407
1952413
1952437
1952441
1952449
1952477
1952479
1952519
1952537
1952551
1952557
1952563
1952567
1952579
1952591
1952623
1952627
1952641
1952647
1952653
1952663
1952689
1952693
1952729
1952737
1952747
1952767
1952779
1952813
1952833
1952837
1952851
1952887
1952893
1952911
1952921
1952933
1952939
1952957
1952963
1952981
1952989
1953001
1953013
1953041
1953043
1953053
1953059
1953101
1953109
1953151
1953157
1953163
1953167
1953233
1953253
1953269
1953277
1953299
1953307
1953311
1953323
1953331
1953349
1953359
1953373
1953379
1953383
1953437
1953451
1953463
1953467
1953473
1953481
1953491
1953493
1953503
1953509
1953517
1953529
1953547
1953557
1953559
1953569
1953577
1953587
1953593
1953613
1953617
1953629
1953659
1953673
1953697
1953709
1953727
1953761
1953767
1953799
1953803
1953811
1953821
1953823
1953829
1953839
1953857
1953863
1953869
1953901
1953911
1953943
1953949
1953967
1953977
1953983
1954003
1954033
1954087
1954097
1954111
1954151
1954153
1954157
1954159
1954177
1954187
1954193
1954217
1954231
1954237
1954247
1954273
1954279
1954289
1954291
1954297
1954301
1954313
1954319
1954327
1954343
1954349
1954357
1954361
1954363
1954367
1954369
1954373
1954387
1954391
1954411
1954423
1954427
1954441
1954483
1954487
1954489
1954523
1954531
1954543
1954553
1954573
1954597
1954607
1954613
1954621
1954627
1954639
1954649
1954661
1954679
1954691
1954699
1954709
1954717
1954741
1954753
1954759
1954763
1954769
1954811
1954819
1954873
1954877
1954889
1954907
1954933
1954943
1954951
1954957
1954963
1954987
1954991
1955021
1955027
1955033
1955047
1955071
1955099
1955113
1955123
1955131
1955137
1955141
1955179
1955183
1955197
1955203
1955237
1955251
1955279
1955281
1955287
1955293
1955333
1955381
1955389
1955399
1955407
1955417
1955467
1955489
1955491
1955501
1955507
1955509
1955521
1955531
1955533
1955539
1955543
1955579
1955587
1955593
1955609
1955633
1955641
1955671
1955687
1955693
1955711
1955747
1955761
1955771
1955773
1955777
1955801
1955809
1955819
1955827
1955831
1955839
1955873
1955887
1955893
1955939
1955957
1955959
1955977
1955983
1956001
1956011
1956029
1956047
1956049
1956089
1956091
1956109
1956161
1956169
1956179
1956203
1956211
1956217
1956239
1956257
1956287
1956289
1956299
1956313
1956323
1956329
1956337
1956341
1956359
1956391
1956419
1956431
1956433
1956439
1956481
1956517
1956527
1956529
1956533
1956553
1956583
1956589
1956599
1956611
1956613
1956631
1956637
1956653
1956667
1956719
1956737
1956743
1956749
1956761
1956763
1956769
1956793
1956811
1956839
1956847
1956859
1956881
1956883
1956901
1956907
1956953
1956961
1956979
1956991
1957013
1957027
1957031
1957037
1957049
1957051
1957069
1957079
1957097
1957099
1957117
1957121
1957129
1957147
1957157
1957187
1957243
1957283
1957289
1957301
1957303
1957321
1957327
1957357
1957367
1957379
1957391
1957441
1957453
1957469
1957477
1957517
1957519
1957523
1957547
1957573
1957583
1957591
1957621
1957639
1957651
1957663
1957667
1957693
1957729
1957759
1957763
1957777
1957789
1957799
1957801
1957831
1957847
1957849
1957853
1957859
1957861
1957871
1957903
1957909
1957913
1957937
1957939
1957957
1957981
1957997
1957999
1958029
1958041
1958063
1958069
1958107
1958137
1958183
1958189
1958233
1958237
1958249
1958287
1958303
1958309
1958317
1958321
1958351
1958357
1958413
1958419
1958423
1958431
1958449
1958461
1958471
1958497
1958513
1958531
1958557
1958563
1958569
1958591
1958603
1958617
1958633
1958639
1958641
1958651
1958681
1958683
1958687
1958699
1958707
1958711
1958731
1958753
1958773
1958777
1958813
1958821
1958833
1958837
1958861
1958867
1958897
1958899
1958909
1958917
1958941
1958959
1958993
1959011
1959017
1959019
1959031
1959047
1959053
1959073
1959079
1959091
1959149
1959151
1959161
1959173
1959179
1959197
1959227
1959239
1959241
1959253
1959263
1959283
1959311
1959313
1959317
1959319
1959323
1959361
1959371
1959401
1959407
1959421
1959427
1959457
1959473
1959487
1959521
1959523
1959583
1959593
1959599
1959619
1959637
1959647
1959649
1959673
1959689
1959697
1959701
1959707
1959719
1959721
1959731
1959739
1959751
1959773
1959787
1959799
1959821
1959827
1959833
1959847
1959857
1959863
1959883
1959889
1959941
1959943
1959949
1959961
1959967
1959973
1960009
1960019
1960033
1960051
1960061
1960067
1960093
1960111
1960121
1960141
1960163
1960177
1960183
1960199
1960201
1960213
1960237
1960247
1960261
1960271
1960279
1960289
1960291
1960303
1960307
1960331
1960351
1960369
1960379
1960391
1960397
1960421
1960447
1960481
1960493
1960529
1960531
1960549
1960573
1960613
1960631
1960639
1960643
1960649
1960669
1960703
1960711
1960733
1960769
1960771
1960787
1960789
1960799
1960813
1960837
1960867
1960877
1960879
1960891
1960901
1960909
1960913
1960919
1960921
1960943
1960961
1960969
1960979
1960991
1960993
1961021
1961027
1961033
1961039
1961059
1961077
1961083
1961093
1961107
1961129
1961131
1961147
1961173
1961213
1961221
1961231
1961249
1961251
1961257
1961321
1961327
1961329
1961347
1961363
1961381
1961411
1961413
1961419
1961431
1961441
1961447
1961461
1961467
1961483
1961489
1961501
1961513
1961527
1961537
1961549
1961551
1961581
1961593
1961623
1961633
1961651
1961653
1961657
1961669
1961671
1961683
1961737
1961741
1961747
1961753
1961759
1961767
1961797
1961819
1961833
1961857
1961863
1961873
1961887
1961893
1961899
1961903
1961909
1961917
1961929
1961933
1961957
1961963
1961983
1961989
1962001
1962011
1962013
1962041
1962049
1962071
1962091
1962097
1962119
1962131
1962139
1962161
1962193
1962209
1962211
1962239
1962271
1962283
1962287
1962299
1962307
1962319
1962347
1962379
1962397
1962403
1962409
1962413
1962419
1962437
1962449
1962451
1962461
1962469
1962473
1962503
1962523
1962551
1962557
1962577
1962581
1962589
1962593
1962637
1962661
1962689
1962707
1962731
1962743
1962761
1962787
There are 1147 prime numbers in S233.
