S234(1962793~1979640)
1962809
1962811
1962817
1962839
1962847
1962859
1962881
1962911
1962929
1962941
1962943
1962949
1962953
1962959
1962967
1962991
1962997
1963001
1963019
1963037
1963057
1963063
1963081
1963103
1963111
1963127
1963133
1963139
1963153
1963187
1963193
1963201
1963207
1963219
1963231
1963243
1963249
1963253
1963259
1963267
1963277
1963309
1963319
1963321
1963333
1963369
1963391
1963397
1963411
1963433
1963457
1963459
1963463
1963469
1963471
1963513
1963537
1963543
1963567
1963639
1963657
1963667
1963679
1963691
1963693
1963711
1963727
1963747
1963751
1963769
1963781
1963799
1963807
1963811
1963813
1963873
1963877
1963883
1963889
1963921
1963981
1963999
1964009
1964033
1964041
1964047
1964059
1964063
1964077
1964093
1964101
1964113
1964117
1964119
1964143
1964159
1964173
1964189
1964203
1964213
1964243
1964297
1964311
1964317
1964323
1964363
1964381
1964387
1964399
1964411
1964419
1964437
1964447
1964461
1964477
1964483
1964531
1964549
1964561
1964569
1964579
1964593
1964603
1964617
1964623
1964629
1964659
1964671
1964719
1964723
1964773
1964789
1964791
1964797
1964801
1964813
1964827
1964849
1964857
1964861
1964881
1964887
1964899
1964917
1964927
1964947
1964951
1964969
1964981
1964983
1964987
1965077
1965091
1965109
1965133
1965167
1965179
1965193
1965203
1965239
1965247
1965259
1965263
1965277
1965289
1965323
1965347
1965377
1965389
1965391
1965407
1965413
1965427
1965437
1965443
1965449
1965451
1965461
1965463
1965497
1965503
1965517
1965521
1965527
1965541
1965553
1965571
1965577
1965619
1965629
1965631
1965637
1965641
1965643
1965647
1965661
1965673
1965701
1965709
1965731
1965751
1965767
1965781
1965851
1965853
1965883
1965889
1965893
1965913
1965923
1965937
1965941
1965959
1965967
1965973
1965979
1965983
1966007
1966009
1966031
1966043
1966049
1966079
1966123
1966127
1966163
1966189
1966207
1966219
1966241
1966259
1966297
1966301
1966303
1966331
1966337
1966343
1966381
1966387
1966397
1966399
1966409
1966417
1966427
1966429
1966463
1966493
1966499
1966507
1966511
1966561
1966583
1966589
1966597
1966603
1966607
1966619
1966663
1966667
1966669
1966681
1966697
1966787
1966793
1966807
1966813
1966817
1966819
1966831
1966841
1966843
1966847
1966871
1966873
1966879
1966889
1966897
1966901
1966907
1966931
1966933
1966963
1966967
1966973
1966999
1967011
1967023
1967027
1967039
1967047
1967071
1967101
1967107
1967129
1967137
1967149
1967171
1967191
1967239
1967243
1967261
1967263
1967297
1967299
1967309
1967323
1967347
1967369
1967377
1967387
1967411
1967417
1967419
1967429
1967453
1967479
1967501
1967521
1967533
1967543
1967587
1967593
1967599
1967633
1967639
1967657
1967671
1967683
1967711
1967717
1967729
1967741
1967753
1967759
1967789
1967803
1967813
1967821
1967851
1967891
1967893
1967897
1967909
1967923
1967939
1967947
1968017
1968019
1968023
1968047
1968053
1968059
1968061
1968079
1968103
1968137
1968139
1968149
1968157
1968163
1968173
1968193
1968199
1968203
1968233
1968251
1968257
1968269
1968293
1968301
1968331
1968341
1968349
1968353
1968359
1968361
1968383
1968391
1968401
1968403
1968427
1968467
1968487
1968521
1968539
1968541
1968563
1968569
1968581
1968599
1968611
1968613
1968641
1968679
1968683
1968691
1968721
1968739
1968749
1968751
1968767
1968773
1968797
1968803
1968817
1968829
1968853
1968871
1968899
1968919
1968977
1968979
1968983
1968997
1969001
1969021
1969031
1969049
1969057
1969069
1969073
1969111
1969147
1969153
1969157
1969181
1969183
1969199
1969207
1969223
1969241
1969249
1969273
1969277
1969291
1969307
1969343
1969381
1969403
1969411
1969423
1969447
1969453
1969459
1969489
1969511
1969519
1969531
1969543
1969567
1969573
1969589
1969609
1969619
1969633
1969657
1969661
1969691
1969699
1969729
1969741
1969757
1969777
1969801
1969811
1969819
1969829
1969831
1969889
1969907
1969921
1969949
1969967
1969969
1969987
1969993
1969997
1970029
1970039
1970071
1970083
1970119
1970123
1970149
1970161
1970183
1970201
1970209
1970219
1970233
1970237
1970257
1970261
1970263
1970279
1970291
1970327
1970333
1970359
1970363
1970369
1970401
1970407
1970413
1970417
1970429
1970431
1970459
1970461
1970467
1970473
1970491
1970513
1970519
1970531
1970543
1970567
1970581
1970597
1970599
1970621
1970627
1970629
1970641
1970677
1970681
1970711
1970713
1970719
1970729
1970743
1970783
1970791
1970809
1970867
1970873
1970921
1970923
1970957
1970959
1970977
1970987
1970999
1971007
1971023
1971029
1971049
1971091
1971107
1971119
1971127
1971143
1971149
1971161
1971181
1971199
1971209
1971241
1971251
1971253
1971289
1971313
1971329
1971349
1971377
1971401
1971427
1971433
1971443
1971451
1971467
1971469
1971479
1971481
1971503
1971517
1971521
1971527
1971539
1971553
1971577
1971589
1971601
1971637
1971647
1971659
1971667
1971691
1971707
1971709
1971727
1971799
1971829
1971833
1971857
1971869
1971887
1971889
1971901
1971911
1971967
1972007
1972013
1972031
1972037
1972049
1972079
1972093
1972097
1972099
1972111
1972121
1972123
1972129
1972133
1972147
1972169
1972177
1972207
1972231
1972247
1972249
1972259
1972277
1972283
1972291
1972297
1972307
1972343
1972349
1972361
1972379
1972381
1972417
1972423
1972441
1972471
1972483
1972511
1972541
1972567
1972571
1972583
1972589
1972591
1972603
1972613
1972627
1972643
1972651
1972657
1972669
1972717
1972721
1972739
1972741
1972777
1972781
1972787
1972807
1972813
1972823
1972829
1972847
1972849
1972889
1972891
1972913
1972921
1972931
1972939
1972967
1972981
1972987
1973011
1973021
1973033
1973047
1973051
1973053
1973087
1973113
1973129
1973143
1973149
1973177
1973197
1973203
1973233
1973261
1973281
1973287
1973291
1973297
1973299
1973317
1973339
1973347
1973353
1973369
1973381
1973407
1973417
1973431
1973437
1973467
1973471
1973501
1973507
1973509
1973519
1973527
1973539
1973557
1973563
1973567
1973579
1973591
1973597
1973627
1973633
1973651
1973669
1973687
1973689
1973723
1973731
1973737
1973747
1973749
1973761
1973779
1973813
1973821
1973831
1973857
1973893
1973897
1973903
1973911
1973927
1973957
1973971
1973977
1973999
1974029
1974041
1974053
1974073
1974079
1974121
1974149
1974163
1974221
1974229
1974239
1974263
1974277
1974299
1974319
1974331
1974353
1974361
1974373
1974383
1974391
1974403
1974433
1974457
1974493
1974503
1974541
1974547
1974551
1974559
1974569
1974641
1974647
1974649
1974659
1974701
1974719
1974743
1974751
1974761
1974767
1974779
1974781
1974787
1974851
1974881
1974883
1974887
1974919
1974923
1974937
1974961
1974967
1974983
1974989
1975019
1975021
1975027
1975037
1975049
1975067
1975073
1975091
1975117
1975121
1975123
1975133
1975147
1975153
1975163
1975187
1975199
1975201
1975223
1975243
1975249
1975279
1975301
1975313
1975321
1975333
1975367
1975381
1975387
1975399
1975409
1975423
1975427
1975439
1975481
1975499
1975511
1975517
1975529
1975543
1975573
1975609
1975613
1975619
1975627
1975651
1975657
1975663
1975669
1975691
1975693
1975709
1975751
1975789
1975811
1975817
1975819
1975823
1975901
1975921
1975931
1975933
1975949
1975957
1975991
1975997
1976011
1976017
1976047
1976053
1976069
1976071
1976081
1976099
1976113
1976141
1976167
1976173
1976197
1976201
1976213
1976239
1976243
1976297
1976309
1976327
1976333
1976347
1976357
1976371
1976383
1976393
1976411
1976419
1976431
1976453
1976477
1976519
1976537
1976543
1976549
1976563
1976593
1976599
1976603
1976609
1976617
1976629
1976633
1976647
1976657
1976683
1976687
1976699
1976707
1976717
1976729
1976731
1976747
1976749
1976759
1976761
1976771
1976789
1976791
1976797
1976803
1976809
1976831
1976837
1976851
1976857
1976861
1976869
1976903
1976911
1976917
1976927
1976929
1976939
1976941
1976983
1976987
1976993
1977023
1977067
1977077
1977089
1977091
1977119
1977139
1977163
1977187
1977203
1977223
1977233
1977251
1977259
1977301
1977319
1977323
1977329
1977343
1977359
1977361
1977403
1977407
1977427
1977433
1977499
1977509
1977529
1977541
1977551
1977557
1977571
1977581
1977601
1977611
1977617
1977623
1977631
1977637
1977667
1977673
1977697
1977709
1977719
1977721
1977727
1977737
1977743
1977749
1977751
1977757
1977779
1977809
1977817
1977821
1977823
1977827
1977863
1977917
1977929
1977953
1977961
1977971
1977979
1977991
1978021
1978027
1978037
1978051
1978063
1978087
1978091
1978111
1978117
1978153
1978157
1978159
1978181
1978189
1978199
1978201
1978219
1978267
1978289
1978297
1978313
1978343
1978349
1978363
1978393
1978411
1978421
1978423
1978429
1978433
1978439
1978441
1978463
1978469
1978507
1978523
1978531
1978541
1978567
1978589
1978591
1978597
1978631
1978661
1978663
1978673
1978687
1978693
1978709
1978727
1978741
1978763
1978771
1978799
1978807
1978849
1978853
1978877
1978883
1978891
1978909
1978913
1978927
1978981
1978993
1978997
1979039
1979051
1979053
1979057
1979063
1979069
1979077
1979101
1979119
1979129
1979141
1979143
1979147
1979149
1979171
1979177
1979183
1979189
1979207
1979209
1979227
1979233
1979251
1979261
1979269
1979281
1979291
1979303
1979317
1979321
1979323
1979339
1979347
1979353
1979359
1979371
1979387
1979399
1979413
1979437
1979441
1979473
1979489
1979491
1979507
1979539
1979543
1979563
1979573
1979581
1979609
1979617
There are 1127 prime numbers in S234.
