S235(1979641~1996560)
1979683
1979689
1979713
1979717
1979723
1979729
1979741
1979749
1979773
1979779
1979807
1979827
1979891
1979893
1979897
1979899
1979911
1979941
1979947
1979993
1980019
1980023
1980029
1980031
1980053
1980067
1980073
1980079
1980089
1980101
1980103
1980113
1980169
1980191
1980221
1980227
1980229
1980233
1980247
1980263
1980269
1980281
1980283
1980289
1980301
1980317
1980337
1980343
1980353
1980361
1980367
1980371
1980383
1980397
1980401
1980409
1980413
1980431
1980443
1980469
1980491
1980521
1980523
1980529
1980577
1980581
1980607
1980631
1980637
1980659
1980661
1980673
1980697
1980701
1980703
1980707
1980743
1980749
1980757
1980761
1980763
1980773
1980791
1980809
1980817
1980821
1980859
1980863
1980877
1980899
1980907
1980911
1980919
1980929
1980941
1980947
1980949
1980983
1980991
1981037
1981081
1981093
1981099
1981141
1981153
1981159
1981169
1981181
1981201
1981237
1981247
1981267
1981277
1981297
1981337
1981349
1981361
1981393
1981403
1981409
1981417
1981429
1981457
1981471
1981477
1981487
1981493
1981513
1981517
1981523
1981543
1981547
1981583
1981589
1981597
1981607
1981619
1981621
1981627
1981631
1981649
1981663
1981667
1981669
1981687
1981691
1981699
1981711
1981739
1981753
1981787
1981813
1981853
1981867
1981879
1981883
1981891
1981901
1981919
1981921
1981939
1981949
1981963
1981997
1982011
1982021
1982033
1982051
1982059
1982069
1982077
1982083
1982087
1982093
1982111
1982129
1982153
1982159
1982173
1982191
1982203
1982207
1982219
1982263
1982269
1982273
1982287
1982291
1982293
1982371
1982381
1982401
1982417
1982437
1982443
1982447
1982467
1982471
1982501
1982509
1982521
1982537
1982551
1982567
1982573
1982579
1982587
1982599
1982609
1982611
1982627
1982633
1982639
1982641
1982671
1982681
1982713
1982723
1982741
1982779
1982797
1982803
1982809
1982833
1982837
1982839
1982843
1982857
1982861
1982873
1982879
1982881
1982887
1982891
1982909
1982917
1982921
1982951
1982957
1982969
1982987
1982989
1982993
1983001
1983013
1983019
1983053
1983061
1983077
1983097
1983103
1983109
1983143
1983197
1983227
1983229
1983253
1983257
1983301
1983323
1983341
1983343
1983347
1983361
1983379
1983383
1983389
1983409
1983413
1983427
1983437
1983439
1983463
1983479
1983491
1983493
1983503
1983523
1983559
1983563
1983587
1983599
1983601
1983643
1983647
1983649
1983689
1983697
1983701
1983731
1983743
1983749
1983763
1983767
1983833
1983851
1983853
1983859
1983871
1983881
1983889
1983913
1983929
1983931
1983967
1983979
1983997
1984007
1984013
1984039
1984043
1984057
1984061
1984069
1984079
1984091
1984109
1984117
1984123
1984133
1984139
1984159
1984163
1984181
1984183
1984201
1984211
1984247
1984259
1984261
1984271
1984309
1984319
1984327
1984331
1984337
1984343
1984351
1984361
1984363
1984397
1984399
1984429
1984453
1984457
1984459
1984471
1984511
1984537
1984547
1984561
1984571
1984639
1984649
1984667
1984709
1984711
1984727
1984729
1984747
1984753
1984777
1984783
1984793
1984799
1984813
1984817
1984841
1984849
1984859
1984867
1984891
1984897
1984901
1984907
1984921
1984979
1984981
1984991
1985003
1985017
1985041
1985047
1985051
1985057
1985077
1985167
1985183
1985189
1985213
1985219
1985227
1985237
1985239
1985257
1985279
1985287
1985293
1985303
1985317
1985363
1985377
1985407
1985419
1985441
1985453
1985471
1985483
1985491
1985509
1985513
1985537
1985551
1985561
1985573
1985587
1985591
1985593
1985623
1985639
1985663
1985677
1985689
1985713
1985729
1985741
1985743
1985759
1985771
1985779
1985791
1985803
1985849
1985873
1985887
1985897
1985903
1985939
1985987
1985989
1986001
1986029
1986037
1986043
1986053
1986067
1986071
1986097
1986109
1986121
1986133
1986137
1986167
1986169
1986199
1986217
1986223
1986233
1986253
1986277
1986289
1986293
1986301
1986311
1986323
1986337
1986359
1986373
1986401
1986421
1986437
1986443
1986461
1986497
1986499
1986527
1986539
1986541
1986547
1986553
1986577
1986581
1986601
1986629
1986631
1986679
1986683
1986689
1986713
1986749
1986757
1986769
1986779
1986781
1986797
1986823
1986839
1986869
1986871
1986889
1986893
1986899
1986913
1986923
1986949
1986967
1986989
1986991
1986997
1987003
1987031
1987043
1987049
1987057
1987067
1987081
1987091
1987099
1987121
1987123
1987127
1987151
1987157
1987189
1987201
1987217
1987231
1987241
1987247
1987261
1987277
1987291
1987303
1987309
1987313
1987333
1987339
1987373
1987411
1987429
1987439
1987451
1987471
1987477
1987481
1987483
1987501
1987519
1987523
1987537
1987543
1987547
1987549
1987577
1987619
1987621
1987649
1987673
1987679
1987681
1987693
1987697
1987703
1987709
1987789
1987819
1987829
1987841
1987849
1987873
1987879
1987883
1987889
1987891
1987901
1987919
1987939
1987969
1987981
1987987
1987991
1988011
1988023
1988033
1988057
1988087
1988089
1988101
1988113
1988137
1988177
1988183
1988197
1988219
1988221
1988227
1988237
1988243
1988249
1988251
1988257
1988263
1988267
1988279
1988291
1988297
1988299
1988323
1988339
1988341
1988347
1988353
1988411
1988423
1988453
1988471
1988513
1988531
1988533
1988537
1988549
1988551
1988561
1988563
1988579
1988587
1988599
1988611
1988633
1988653
1988659
1988669
1988671
1988683
1988689
1988699
1988729
1988759
1988797
1988801
1988807
1988837
1988839
1988843
1988851
1988887
1988891
1988897
1988933
1988941
1988963
1988999
1989007
1989019
1989049
1989059
1989073
1989077
1989101
1989107
1989131
1989133
1989151
1989161
1989193
1989203
1989217
1989233
1989241
1989259
1989263
1989277
1989307
1989329
1989341
1989353
1989401
1989413
1989419
1989479
1989499
1989517
1989551
1989553
1989563
1989571
1989583
1989613
1989619
1989643
1989671
1989679
1989683
1989721
1989769
1989787
1989791
1989803
1989811
1989847
1989863
1989877
1989899
1989919
1989947
1989959
1989961
1989973
1989979
1989989
1990007
1990031
1990033
1990039
1990069
1990081
1990103
1990111
1990123
1990133
1990141
1990147
1990151
1990159
1990171
1990187
1990189
1990211
1990223
1990229
1990237
1990243
1990249
1990253
1990273
1990277
1990279
1990319
1990321
1990327
1990337
1990361
1990379
1990381
1990433
1990441
1990447
1990453
1990463
1990481
1990487
1990493
1990507
1990523
1990529
1990543
1990553
1990559
1990577
1990579
1990607
1990621
1990643
1990657
1990661
1990679
1990691
1990693
1990753
1990759
1990787
1990823
1990829
1990831
1990867
1990871
1990883
1990889
1990907
1990927
1990939
1990951
1990957
1990969
1990973
1990981
1990987
1991027
1991047
1991063
1991071
1991089
1991107
1991123
1991131
1991137
1991147
1991153
1991177
1991189
1991239
1991243
1991251
1991267
1991279
1991281
1991293
1991351
1991357
1991359
1991387
1991389
1991413
1991443
1991449
1991461
1991477
1991489
1991491
1991503
1991519
1991527
1991551
1991573
1991597
1991603
1991609
1991617
1991623
1991641
1991653
1991677
1991681
1991707
1991723
1991729
1991753
1991761
1991779
1991797
1991819
1991837
1991849
1991861
1991863
1991879
1991881
1991893
1991911
1991921
1991929
1991933
1991947
1991959
1991963
1991989
1991993
1991999
1992031
1992041
1992049
1992073
1992079
1992101
1992119
1992139
1992163
1992167
1992181
1992197
1992203
1992227
1992241
1992251
1992257
1992259
1992269
1992299
1992307
1992337
1992343
1992373
1992407
1992409
1992433
1992437
1992439
1992469
1992481
1992493
1992509
1992517
1992527
1992533
1992547
1992563
1992583
1992589
1992611
1992623
1992631
1992637
1992643
1992673
1992691
1992713
1992719
1992733
1992761
1992763
1992769
1992779
1992797
1992803
1992817
1992839
1992841
1992877
1992883
1992889
1992911
1992917
1992919
1992937
1992953
1992971
1992983
1993031
1993037
1993039
1993067
1993087
1993109
1993127
1993151
1993163
1993193
1993217
1993219
1993231
1993237
1993241
1993247
1993259
1993261
1993273
1993289
1993307
1993319
1993339
1993349
1993357
1993363
1993367
1993417
1993441
1993457
1993477
1993483
1993493
1993507
1993513
1993529
1993531
1993553
1993561
1993591
1993601
1993603
1993627
1993631
1993633
1993637
1993643
1993657
1993661
1993679
1993681
1993687
1993697
1993699
1993711
1993729
1993757
1993759
1993763
1993829
1993861
1993877
1993921
1993931
1993933
1993949
1993963
1993969
1993973
1993991
1993997
1994033
1994051
1994053
1994059
1994081
1994087
1994093
1994101
1994119
1994143
1994191
1994203
1994207
1994227
1994299
1994327
1994339
1994341
1994347
1994357
1994381
1994387
1994413
1994429
1994437
1994441
1994459
1994467
1994471
1994477
1994479
1994483
1994497
1994501
1994519
1994521
1994543
1994567
1994569
1994599
1994621
1994623
1994647
1994651
1994659
1994669
1994687
1994711
1994717
1994743
1994777
1994779
1994807
1994827
1994833
1994843
1994869
1994879
1994897
1994911
1994947
1994953
1994959
1994977
1994983
1994989
1995011
1995013
1995023
1995031
1995061
1995073
1995083
1995107
1995109
1995121
1995139
1995143
1995187
1995211
1995221
1995223
1995263
1995271
1995289
1995293
1995311
1995317
1995337
1995349
1995353
1995359
1995391
1995421
1995431
1995449
1995473
1995481
1995517
1995527
1995529
1995533
1995541
1995547
1995583
1995607
1995611
1995629
1995649
1995661
1995677
1995683
1995689
1995691
1995709
1995713
1995727
1995769
1995781
1995787
1995797
1995827
1995841
1995857
1995869
1995883
1995913
1995937
1995947
1995967
1995971
1995977
1995979
1995989
1995991
1996013
1996019
1996061
1996081
1996087
1996091
1996097
1996109
1996129
1996171
1996177
1996207
1996217
1996219
1996223
1996229
1996237
1996277
1996279
1996283
1996289
1996297
1996301
1996303
1996321
1996333
1996343
1996363
1996381
1996391
1996403
1996411
1996417
1996427
1996439
1996453
1996459
1996471
1996481
1996487
1996507
1996517
1996529
1996543
1996549
1996559
There are 1179 prime numbers in S235.
