S237(2013553~2030616)
2013553
2013589
2013593
2013617
2013619
2013653
2013659
2013679
2013703
2013707
2013709
2013721
2013727
2013743
2013749
2013751
2013757
2013761
2013779
2013787
2013821
2013833
2013859
2013877
2013889
2013899
2013911
2013923
2013937
2013941
2013967
2013983
2013989
2014009
2014013
2014027
2014031
2014049
2014069
2014081
2014097
2014099
2014121
2014127
2014139
2014141
2014147
2014151
2014157
2014183
2014193
2014213
2014217
2014219
2014231
2014237
2014267
2014277
2014283
2014297
2014301
2014303
2014333
2014351
2014357
2014379
2014393
2014423
2014457
2014459
2014471
2014487
2014499
2014511
2014549
2014553
2014559
2014567
2014591
2014603
2014609
2014643
2014651
2014657
2014667
2014697
2014709
2014723
2014729
2014739
2014759
2014763
2014799
2014801
2014811
2014813
2014819
2014853
2014861
2014867
2014877
2014889
2014897
2014919
2014921
2014939
2014951
2014967
2014979
2014997
2015011
2015021
2015033
2015047
2015063
2015071
2015081
2015087
2015089
2015107
2015141
2015149
2015161
2015177
2015179
2015183
2015201
2015203
2015213
2015267
2015269
2015287
2015303
2015309
2015317
2015339
2015347
2015359
2015371
2015393
2015411
2015417
2015423
2015441
2015443
2015473
2015491
2015509
2015543
2015557
2015567
2015579
2015599
2015609
2015621
2015627
2015633
2015669
2015677
2015701
2015731
2015747
2015753
2015771
2015777
2015779
2015791
2015801
2015831
2015833
2015851
2015861
2015863
2015869
2015873
2015879
2015921
2015933
2015941
2015947
2015977
2015999
2016017
2016029
2016031
2016059
2016101
2016107
2016127
2016137
2016139
2016181
2016193
2016197
2016199
2016211
2016239
2016247
2016269
2016277
2016281
2016293
2016323
2016331
2016349
2016359
2016361
2016367
2016373
2016397
2016401
2016403
2016407
2016409
2016419
2016439
2016449
2016461
2016493
2016517
2016529
2016541
2016551
2016559
2016577
2016583
2016587
2016593
2016607
2016653
2016671
2016673
2016691
2016697
2016733
2016739
2016787
2016821
2016823
2016841
2016851
2016853
2016857
2016877
2016881
2016919
2016923
2016943
2016967
2016977
2016997
2017003
2017009
2017019
2017027
2017073
2017079
2017109
2017121
2017133
2017177
2017187
2017189
2017217
2017243
2017247
2017283
2017289
2017313
2017319
2017333
2017369
2017397
2017403
2017409
2017427
2017447
2017459
2017469
2017471
2017489
2017493
2017513
2017529
2017549
2017567
2017579
2017601
2017621
2017627
2017637
2017643
2017669
2017681
2017693
2017709
2017711
2017723
2017727
2017751
2017753
2017783
2017787
2017801
2017811
2017817
2017823
2017831
2017837
2017843
2017889
2017901
2017909
2017919
2017931
2017957
2017963
2017987
2017991
2018021
2018041
2018077
2018111
2018113
2018117
2018153
2018167
2018171
2018173
2018183
2018249
2018251
2018281
2018287
2018299
2018309
2018333
2018369
2018381
2018383
2018407
2018413
2018437
2018447
2018453
2018483
2018507
2018531
2018543
2018561
2018573
2018581
2018591
2018593
2018623
2018629
2018633
2018647
2018651
2018663
2018671
2018677
2018713
2018729
2018741
2018747
2018749
2018761
2018773
2018827
2018837
2018843
2018851
2018873
2018897
2018899
2018927
2018953
2018957
2018981
2018987
2018993
2019001
2019011
2019013
2019019
2019023
2019029
2019037
2019041
2019047
2019071
2019077
2019089
2019113
2019119
2019131
2019133
2019137
2019181
2019191
2019211
2019217
2019223
2019257
2019271
2019289
2019317
2019337
2019343
2019361
2019401
2019403
2019419
2019461
2019463
2019467
2019487
2019503
2019533
2019569
2019587
2019599
2019613
2019623
2019659
2019679
2019707
2019709
2019713
2019739
2019751
2019761
2019767
2019769
2019799
2019803
2019811
2019817
2019827
2019847
2019851
2019859
2019869
2019881
2019907
2019911
2019931
2019959
2019967
2019973
2019977
2020001
2020003
2020019
2020027
2020037
2020043
2020079
2020091
2020147
2020153
2020171
2020181
2020223
2020231
2020243
2020247
2020253
2020261
2020279
2020309
2020313
2020321
2020387
2020391
2020393
2020409
2020411
2020423
2020429
2020457
2020463
2020471
2020477
2020489
2020493
2020507
2020511
2020537
2020547
2020561
2020591
2020597
2020609
2020621
2020657
2020661
2020663
2020679
2020687
2020693
2020721
2020723
2020727
2020729
2020771
2020789
2020793
2020817
2020819
2020831
2020853
2020861
2020877
2020883
2020891
2020913
2020933
2020939
2020961
2020979
2020999
2021003
2021009
2021017
2021029
2021053
2021077
2021081
2021083
2021099
2021119
2021137
2021143
2021167
2021179
2021183
2021191
2021197
2021203
2021219
2021237
2021251
2021291
2021321
2021333
2021339
2021377
2021381
2021431
2021471
2021489
2021497
2021501
2021507
2021519
2021527
2021533
2021549
2021563
2021567
2021573
2021597
2021599
2021609
2021627
2021629
2021639
2021647
2021651
2021653
2021659
2021671
2021693
2021699
2021711
2021729
2021737
2021743
2021777
2021779
2021783
2021801
2021807
2021837
2021839
2021843
2021849
2021863
2021879
2021891
2021927
2021933
2021959
2022011
2022017
2022019
2022029
2022043
2022047
2022049
2022067
2022077
2022101
2022103
2022149
2022157
2022187
2022191
2022217
2022233
2022239
2022253
2022263
2022271
2022281
2022283
2022289
2022301
2022329
2022331
2022359
2022389
2022401
2022403
2022421
2022469
2022481
2022487
2022491
2022497
2022539
2022583
2022613
2022617
2022619
2022641
2022649
2022659
2022661
2022701
2022707
2022731
2022737
2022743
2022749
2022751
2022767
2022773
2022791
2022803
2022841
2022863
2022869
2022877
2022883
2022893
2022971
2022989
2022991
2023001
2023009
2023013
2023019
2023027
2023031
2023061
2023067
2023081
2023093
2023097
2023117
2023121
2023141
2023157
2023159
2023163
2023171
2023183
2023201
2023207
2023211
2023223
2023261
2023267
2023283
2023297
2023313
2023337
2023349
2023363
2023369
2023393
2023421
2023433
2023447
2023453
2023501
2023507
2023529
2023531
2023543
2023547
2023577
2023579
2023597
2023603
2023607
2023621
2023639
2023661
2023667
2023727
2023741
2023753
2023783
2023811
2023817
2023829
2023831
2023837
2023841
2023843
2023849
2023859
2023891
2023907
2023913
2023921
2023951
2023963
2023981
2023993
2024063
2024093
2024101
2024107
2024111
2024117
2024147
2024153
2024167
2024177
2024179
2024213
2024219
2024221
2024227
2024237
2024249
2024261
2024263
2024327
2024329
2024339
2024357
2024369
2024371
2024383
2024387
2024413
2024417
2024419
2024471
2024489
2024501
2024531
2024551
2024567
2024573
2024587
2024591
2024597
2024599
2024611
2024639
2024647
2024689
2024731
2024767
2024779
2024831
2024833
2024843
2024861
2024863
2024873
2024881
2024909
2024917
2024933
2024977
2025029
2025043
2025053
2025103
2025109
2025131
2025169
2025181
2025187
2025197
2025203
2025211
2025217
2025241
2025251
2025253
2025259
2025281
2025307
2025341
2025347
2025349
2025367
2025377
2025409
2025421
2025427
2025437
2025467
2025479
2025487
2025493
2025497
2025503
2025511
2025539
2025553
2025557
2025577
2025589
2025593
2025623
2025629
2025631
2025637
2025641
2025643
2025649
2025659
2025671
2025689
2025697
2025719
2025721
2025733
2025739
2025767
2025791
2025827
2025833
2025869
2025887
2025899
2025901
2025917
2025923
2025929
2025949
2025979
2026021
2026061
2026069
2026081
2026091
2026099
2026109
2026121
2026151
2026153
2026163
2026181
2026183
2026187
2026223
2026229
2026249
2026303
2026309
2026327
2026333
2026351
2026361
2026373
2026391
2026393
2026397
2026447
2026457
2026463
2026469
2026471
2026487
2026517
2026523
2026537
2026567
2026613
2026627
2026631
2026639
2026663
2026669
2026679
2026697
2026721
2026727
2026729
2026733
2026741
2026751
2026763
2026769
2026789
2026799
2026807
2026813
2026819
2026831
2026841
2026877
2026889
2026909
2026919
2026931
2026957
2026987
2027021
2027023
2027033
2027057
2027087
2027093
2027099
2027101
2027111
2027117
2027147
2027159
2027161
2027177
2027209
2027227
2027237
2027239
2027257
2027269
2027297
2027309
2027317
2027323
2027359
2027371
2027383
2027393
2027401
2027411
2027423
2027447
2027449
2027461
2027497
2027503
2027507
2027513
2027537
2027549
2027561
2027567
2027569
2027587
2027609
2027629
2027633
2027639
2027659
2027677
2027681
2027713
2027719
2027723
2027731
2027747
2027759
2027783
2027789
2027797
2027801
2027807
2027821
2027843
2027869
2027873
2027897
2027899
2027903
2027911
2027951
2027953
2027959
2028017
2028053
2028073
2028077
2028101
2028107
2028109
2028119
2028121
2028137
2028139
2028179
2028197
2028199
2028203
2028217
2028223
2028227
2028239
2028241
2028263
2028277
2028281
2028293
2028319
2028329
2028359
2028371
2028373
2028391
2028401
2028413
2028431
2028443
2028461
2028487
2028493
2028503
2028511
2028517
2028527
2028581
2028589
2028601
2028617
2028629
2028643
2028647
2028667
2028679
2028701
2028703
2028707
2028713
2028749
2028757
2028773
2028779
2028781
2028809
2028841
2028847
2028863
2028881
2028907
2028931
2028941
2028947
2028973
2029003
2029007
2029019
2029021
2029033
2029051
2029063
2029073
2029081
2029087
2029091
2029121
2029123
2029147
2029163
2029177
2029189
2029199
2029207
2029241
2029243
2029249
2029271
2029277
2029283
2029301
2029331
2029351
2029369
2029373
2029387
2029399
2029403
2029411
2029439
2029441
2029453
2029457
2029483
2029499
2029501
2029549
2029567
2029597
2029633
2029649
2029661
2029667
2029669
2029679
2029697
2029711
2029717
2029721
2029723
2029759
2029793
2029799
2029801
2029813
2029829
2029831
2029843
2029871
2029873
2029879
2029889
2029891
2029921
2029939
2029967
2029981
2029991
2029997
2030009
2030051
2030053
2030069
2030081
2030099
2030101
2030117
2030137
2030173
2030183
2030209
2030213
2030243
2030251
2030257
2030267
2030291
2030299
2030309
2030311
2030317
2030363
2030381
2030383
2030389
2030393
2030411
2030419
2030437
2030459
2030461
2030467
2030471
2030489
2030513
2030527
2030533
2030563
2030573
2030591
There are 1186 prime numbers in S237.
