S238(2030617~2047752)
2030617
2030627
2030653
2030657
2030659
2030669
2030683
2030711
2030719
2030731
2030737
2030747
2030759
2030789
2030879
2030881
2030909
2030911
2030921
2030947
2030953
2030981
2030999
2031023
2031037
2031053
2031059
2031067
2031077
2031103
2031121
2031137
2031163
2031167
2031179
2031187
2031217
2031223
2031229
2031251
2031257
2031269
2031283
2031287
2031301
2031319
2031353
2031391
2031397
2031409
2031431
2031443
2031457
2031467
2031473
2031487
2031493
2031541
2031563
2031569
2031571
2031577
2031587
2031593
2031599
2031611
2031671
2031691
2031703
2031713
2031749
2031767
2031779
2031791
2031811
2031839
2031851
2031863
2031893
2031907
2031937
2031961
2031977
2031979
2031983
2032013
2032021
2032039
2032057
2032067
2032103
2032109
2032111
2032133
2032153
2032157
2032159
2032171
2032181
2032193
2032207
2032213
2032237
2032241
2032253
2032271
2032273
2032301
2032307
2032313
2032339
2032343
2032351
2032357
2032361
2032363
2032369
2032403
2032409
2032417
2032439
2032463
2032489
2032507
2032519
2032529
2032543
2032553
2032559
2032561
2032573
2032607
2032619
2032621
2032627
2032633
2032637
2032643
2032649
2032651
2032661
2032663
2032687
2032691
2032711
2032721
2032733
2032759
2032769
2032777
2032783
2032787
2032799
2032819
2032837
2032841
2032853
2032859
2032861
2032873
2032879
2032909
2032931
2032937
2032939
2032951
2032967
2032969
2032973
2032991
2032999
2033021
2033041
2033051
2033063
2033071
2033077
2033089
2033093
2033111
2033159
2033167
2033179
2033189
2033201
2033203
2033221
2033233
2033243
2033257
2033263
2033279
2033281
2033287
2033299
2033309
2033327
2033357
2033359
2033363
2033377
2033389
2033401
2033429
2033441
2033443
2033459
2033461
2033497
2033503
2033527
2033531
2033533
2033543
2033573
2033579
2033587
2033609
2033611
2033639
2033657
2033677
2033687
2033699
2033711
2033719
2033743
2033783
2033791
2033797
2033803
2033807
2033833
2033839
2033861
2033869
2033873
2033881
2033903
2033929
2033939
2033951
2033953
2033971
2033989
2034017
2034023
2034041
2034047
2034061
2034103
2034139
2034157
2034161
2034173
2034181
2034191
2034209
2034211
2034217
2034233
2034239
2034257
2034269
2034283
2034317
2034337
2034343
2034359
2034367
2034421
2034427
2034433
2034449
2034457
2034481
2034491
2034493
2034503
2034517
2034521
2034541
2034551
2034569
2034581
2034619
2034661
2034671
2034689
2034709
2034731
2034737
2034743
2034749
2034757
2034761
2034779
2034793
2034797
2034811
2034817
2034827
2034839
2034841
2034869
2034887
2034913
2034937
2034941
2034947
2034973
2034979
2034997
2035001
2035009
2035013
2035031
2035039
2035043
2035067
2035069
2035081
2035093
2035097
2035127
2035141
2035151
2035169
2035193
2035211
2035213
2035237
2035273
2035289
2035301
2035303
2035343
2035349
2035361
2035373
2035379
2035391
2035399
2035403
2035417
2035433
2035447
2035493
2035507
2035511
2035513
2035531
2035549
2035567
2035591
2035633
2035639
2035667
2035669
2035681
2035687
2035723
2035729
2035757
2035763
2035807
2035823
2035837
2035841
2035843
2035853
2035867
2035879
2035919
2035927
2035931
2035949
2035967
2035973
2036009
2036017
2036051
2036071
2036077
2036081
2036113
2036123
2036129
2036131
2036137
2036143
2036161
2036171
2036201
2036219
2036257
2036263
2036269
2036273
2036299
2036323
2036339
2036341
2036357
2036387
2036393
2036423
2036449
2036459
2036473
2036479
2036501
2036513
2036527
2036533
2036539
2036569
2036579
2036597
2036603
2036611
2036623
2036663
2036677
2036687
2036693
2036701
2036711
2036747
2036791
2036803
2036807
2036809
2036831
2036833
2036861
2036863
2036869
2036891
2036893
2036911
2036929
2036939
2036941
2036963
2036977
2036987
2037017
2037019
2037023
2037029
2037037
2037043
2037067
2037071
2037073
2037083
2037131
2037149
2037151
2037157
2037169
2037209
2037223
2037247
2037251
2037253
2037281
2037283
2037293
2037307
2037311
2037341
2037349
2037353
2037377
2037379
2037391
2037407
2037419
2037437
2037449
2037457
2037491
2037493
2037509
2037523
2037533
2037611
2037619
2037643
2037677
2037689
2037697
2037709
2037713
2037719
2037751
2037757
2037787
2037793
2037799
2037803
2037809
2037821
2037829
2037851
2037853
2037857
2037881
2037911
2037979
2038019
2038021
2038027
2038031
2038039
2038103
2038117
2038123
2038133
2038139
2038159
2038163
2038177
2038217
2038247
2038259
2038271
2038291
2038297
2038307
2038313
2038319
2038363
2038369
2038373
2038403
2038411
2038417
2038427
2038429
2038451
2038493
2038499
2038507
2038523
2038537
2038549
2038573
2038577
2038579
2038607
2038637
2038639
2038661
2038693
2038703
2038717
2038721
2038747
2038763
2038769
2038783
2038801
2038819
2038831
2038849
2038853
2038867
2038879
2038919
2038921
2038943
2038951
2038957
2038969
2038979
2039027
2039057
2039071
2039083
2039113
2039119
2039131
2039143
2039161
2039171
2039173
2039179
2039197
2039221
2039243
2039263
2039267
2039287
2039321
2039339
2039351
2039353
2039357
2039383
2039407
2039417
2039423
2039437
2039461
2039467
2039491
2039501
2039509
2039549
2039561
2039567
2039579
2039603
2039621
2039623
2039629
2039633
2039641
2039647
2039651
2039671
2039731
2039743
2039761
2039771
2039777
2039789
2039797
2039819
2039833
2039837
2039857
2039867
2039879
2039899
2039903
2039909
2039911
2039927
2039929
2039951
2039957
2039971
2039977
2039981
2039993
2040019
2040029
2040041
2040047
2040053
2040089
2040097
2040107
2040109
2040113
2040133
2040149
2040151
2040167
2040173
2040191
2040193
2040211
2040229
2040251
2040253
2040263
2040281
2040287
2040293
2040319
2040331
2040361
2040377
2040403
2040407
2040427
2040431
2040433
2040443
2040449
2040457
2040461
2040473
2040481
2040497
2040539
2040541
2040551
2040557
2040559
2040593
2040601
2040607
2040641
2040653
2040679
2040719
2040743
2040749
2040769
2040781
2040791
2040803
2040827
2040851
2040917
2040919
2040943
2040959
2040967
2040971
2040989
2041001
2041027
2041033
2041051
2041063
2041079
2041097
2041129
2041147
2041159
2041177
2041183
2041199
2041201
2041231
2041283
2041297
2041307
2041363
2041387
2041421
2041427
2041433
2041447
2041451
2041469
2041477
2041483
2041489
2041519
2041537
2041553
2041561
2041579
2041583
2041601
2041619
2041631
2041639
2041643
2041661
2041681
2041693
2041703
2041709
2041729
2041757
2041783
2041807
2041811
2041817
2041849
2041859
2041867
2041891
2041933
2041937
2041943
2041957
2041961
2041967
2041997
2042017
2042021
2042039
2042059
2042077
2042083
2042107
2042111
2042123
2042129
2042149
2042153
2042171
2042179
2042189
2042203
2042207
2042213
2042221
2042233
2042237
2042263
2042273
2042281
2042297
2042303
2042317
2042323
2042347
2042353
2042357
2042389
2042393
2042399
2042401
2042419
2042429
2042449
2042459
2042477
2042483
2042489
2042531
2042549
2042581
2042587
2042591
2042597
2042603
2042609
2042627
2042647
2042657
2042681
2042687
2042717
2042749
2042753
2042767
2042783
2042797
2042809
2042813
2042819
2042849
2042851
2042857
2042863
2042891
2042923
2042933
2042969
2042981
2042983
2043001
2043007
2043011
2043017
2043023
2043037
2043047
2043053
2043061
2043091
2043101
2043109
2043121
2043149
2043163
2043169
2043187
2043191
2043193
2043199
2043257
2043259
2043269
2043277
2043289
2043313
2043323
2043329
2043337
2043341
2043397
2043401
2043409
2043413
2043421
2043449
2043467
2043479
2043487
2043491
2043497
2043511
2043523
2043539
2043541
2043571
2043589
2043599
2043617
2043631
2043637
2043647
2043673
2043703
2043719
2043721
2043739
2043749
2043751
2043761
2043763
2043779
2043793
2043817
2043841
2043851
2043869
2043907
2043911
2043931
2043953
2043959
2043971
2043989
2043997
2044013
2044027
2044037
2044043
2044061
2044067
2044069
2044099
2044111
2044127
2044129
2044151
2044169
2044187
2044201
2044243
2044249
2044271
2044277
2044279
2044321
2044331
2044351
2044363
2044391
2044411
2044421
2044463
2044487
2044489
2044499
2044507
2044519
2044541
2044561
2044577
2044621
2044633
2044649
2044661
2044673
2044681
2044697
2044733
2044739
2044753
2044759
2044787
2044789
2044831
2044841
2044843
2044849
2044873
2044883
2044901
2044909
2044919
2044921
2044937
2044943
2044963
2044969
2044979
2045009
2045011
2045023
2045047
2045053
2045077
2045089
2045093
2045129
2045177
2045189
2045191
2045213
2045311
2045317
2045333
2045339
2045347
2045357
2045359
2045363
2045371
2045377
2045437
2045441
2045503
2045509
2045539
2045543
2045557
2045567
2045569
2045587
2045591
2045599
2045609
2045611
2045629
2045647
2045651
2045653
2045669
2045677
2045699
2045713
2045731
2045753
2045759
2045761
2045773
2045789
2045819
2045833
2045837
2045839
2045851
2045881
2045891
2045903
2045909
2045929
2045963
2045987
2045999
2046013
2046017
2046029
2046043
2046047
2046049
2046059
2046073
2046101
2046119
2046127
2046133
2046151
2046157
2046169
2046193
2046203
2046223
2046271
2046293
2046299
2046311
2046313
2046323
2046349
2046353
2046371
2046389
2046391
2046397
2046419
2046431
2046437
2046449
2046463
2046469
2046479
2046487
2046493
2046553
2046607
2046631
2046637
2046641
2046677
2046683
2046703
2046719
2046721
2046727
2046731
2046739
2046743
2046773
2046787
2046799
2046823
2046827
2046829
2046833
2046853
2046857
2046871
2046881
2046893
2046901
2046937
2046943
2046949
2046959
2046971
2046973
2046983
2047037
2047039
2047043
2047049
2047061
2047063
2047091
2047093
2047121
2047141
2047159
2047163
2047181
2047183
2047211
2047217
2047219
2047237
2047249
2047289
2047303
2047349
2047351
2047369
2047387
2047393
2047403
2047439
2047471
2047481
2047501
2047517
2047523
2047541
2047547
2047553
2047559
2047567
2047571
2047597
2047613
2047627
2047637
2047651
2047699
2047729
2047733
2047741
There are 1177 prime numbers in S238.
