S239(2047753~2064960)
2047781
2047811
2047813
2047819
2047841
2047879
2047883
2047919
2047933
2047937
2047957
2047967
2047993
2048003
2048017
2048021
2048027
2048063
2048107
2048113
2048117
2048131
2048141
2048149
2048153
2048159
2048171
2048203
2048231
2048239
2048243
2048251
2048261
2048269
2048273
2048327
2048329
2048339
2048353
2048359
2048369
2048413
2048419
2048429
2048467
2048471
2048509
2048521
2048533
2048537
2048569
2048581
2048593
2048621
2048639
2048663
2048671
2048677
2048699
2048723
2048749
2048779
2048797
2048819
2048833
2048843
2048861
2048867
2048887
2048897
2048911
2048933
2048939
2048953
2048957
2048983
2049041
2049043
2049067
2049071
2049077
2049083
2049107
2049119
2049121
2049127
2049137
2049143
2049149
2049161
2049167
2049191
2049263
2049269
2049287
2049293
2049301
2049331
2049347
2049349
2049361
2049407
2049409
2049419
2049427
2049431
2049449
2049451
2049491
2049493
2049521
2049533
2049547
2049569
2049577
2049589
2049611
2049613
2049617
2049629
2049643
2049647
2049659
2049667
2049679
2049703
2049721
2049727
2049787
2049791
2049797
2049821
2049823
2049847
2049863
2049893
2049919
2049941
2049953
2049961
2049973
2049977
2049991
2050007
2050021
2050031
2050033
2050057
2050063
2050079
2050099
2050109
2050141
2050163
2050171
2050177
2050189
2050193
2050211
2050219
2050229
2050231
2050241
2050253
2050261
2050273
2050277
2050327
2050331
2050333
2050337
2050339
2050357
2050361
2050397
2050403
2050417
2050459
2050481
2050487
2050493
2050507
2050511
2050513
2050547
2050553
2050567
2050571
2050579
2050589
2050621
2050639
2050679
2050717
2050721
2050733
2050739
2050771
2050777
2050787
2050813
2050817
2050819
2050823
2050831
2050843
2050849
2050877
2050883
2050889
2050903
2050949
2050957
2050963
2050969
2050973
2050987
2051041
2051051
2051059
2051087
2051111
2051113
2051123
2051167
2051171
2051173
2051191
2051219
2051233
2051249
2051251
2051263
2051267
2051279
2051281
2051311
2051321
2051323
2051327
2051333
2051341
2051359
2051383
2051417
2051419
2051429
2051437
2051443
2051459
2051461
2051477
2051479
2051507
2051537
2051587
2051593
2051617
2051627
2051629
2051641
2051653
2051671
2051689
2051701
2051719
2051743
2051759
2051767
2051773
2051801
2051821
2051839
2051851
2051887
2051891
2051893
2051923
2051947
2051963
2051969
2051999
2052023
2052041
2052047
2052049
2052059
2052097
2052109
2052119
2052137
2052157
2052163
2052179
2052181
2052187
2052191
2052199
2052217
2052311
2052317
2052329
2052331
2052343
2052371
2052409
2052431
2052439
2052473
2052493
2052503
2052511
2052517
2052521
2052553
2052559
2052569
2052577
2052587
2052601
2052629
2052647
2052689
2052697
2052709
2052731
2052737
2052749
2052751
2052769
2052781
2052793
2052803
2052821
2052857
2052859
2052877
2052889
2052899
2052907
2052917
2052923
2052943
2052959
2052977
2052983
2052989
2053001
2053013
2053021
2053031
2053063
2053067
2053069
2053087
2053091
2053109
2053111
2053127
2053189
2053201
2053211
2053213
2053237
2053253
2053291
2053307
2053313
2053333
2053339
2053357
2053361
2053397
2053411
2053421
2053423
2053427
2053439
2053459
2053507
2053517
2053529
2053553
2053573
2053603
2053619
2053621
2053627
2053631
2053643
2053661
2053673
2053699
2053703
2053721
2053757
2053769
2053771
2053783
2053789
2053811
2053819
2053837
2053841
2053847
2053859
2053871
2053873
2053897
2053903
2053927
2053937
2053943
2053951
2053979
2054009
2054011
2054021
2054023
2054027
2054047
2054057
2054069
2054077
2054089
2054113
2054131
2054149
2054159
2054179
2054189
2054197
2054207
2054231
2054233
2054249
2054251
2054257
2054317
2054329
2054341
2054347
2054369
2054443
2054449
2054471
2054483
2054491
2054519
2054537
2054543
2054579
2054581
2054593
2054597
2054609
2054617
2054623
2054627
2054629
2054639
2054687
2054707
2054713
2054719
2054729
2054749
2054753
2054761
2054771
2054791
2054821
2054839
2054849
2054851
2054861
2054873
2054881
2054903
2054917
2054933
2054939
2054947
2054951
2054971
2054989
2054999
2055019
2055037
2055041
2055061
2055071
2055089
2055101
2055103
2055107
2055121
2055127
2055133
2055187
2055191
2055197
2055199
2055203
2055217
2055223
2055233
2055247
2055253
2055299
2055307
2055311
2055337
2055341
2055367
2055397
2055409
2055437
2055467
2055479
2055481
2055497
2055503
2055509
2055511
2055541
2055551
2055569
2055611
2055637
2055649
2055673
2055679
2055689
2055707
2055709
2055719
2055727
2055751
2055769
2055821
2055829
2055847
2055853
2055917
2055953
2055961
2056001
2056007
2056069
2056073
2056079
2056081
2056111
2056139
2056141
2056147
2056151
2056157
2056193
2056207
2056211
2056247
2056253
2056277
2056279
2056289
2056319
2056333
2056339
2056343
2056357
2056363
2056381
2056399
2056403
2056409
2056421
2056441
2056459
2056463
2056489
2056501
2056517
2056547
2056553
2056573
2056577
2056589
2056597
2056603
2056627
2056631
2056661
2056667
2056679
2056687
2056697
2056727
2056741
2056751
2056753
2056759
2056763
2056777
2056787
2056829
2056841
2056843
2056853
2056891
2056903
2056907
2056909
2056919
2056927
2056933
2056961
2056963
2056973
2056979
2056987
2056993
2057009
2057021
2057023
2057047
2057053
2057087
2057113
2057137
2057141
2057147
2057177
2057179
2057197
2057203
2057227
2057233
2057291
2057299
2057303
2057309
2057317
2057333
2057353
2057371
2057381
2057383
2057387
2057399
2057401
2057411
2057431
2057441
2057477
2057479
2057483
2057537
2057543
2057569
2057597
2057599
2057609
2057611
2057633
2057639
2057659
2057669
2057683
2057689
2057701
2057711
2057723
2057729
2057747
2057761
2057777
2057779
2057791
2057807
2057813
2057849
2057857
2057863
2057893
2057897
2057917
2057921
2057933
2057953
2057981
2057987
2057999
2058011
2058013
2058019
2058031
2058041
2058047
2058103
2058131
2058143
2058157
2058163
2058169
2058179
2058191
2058193
2058197
2058211
2058223
2058229
2058233
2058239
2058253
2058299
2058311
2058341
2058373
2058379
2058383
2058389
2058401
2058409
2058439
2058443
2058457
2058473
2058541
2058557
2058559
2058571
2058577
2058599
2058607
2058611
2058619
2058629
2058653
2058671
2058677
2058691
2058697
2058701
2058703
2058713
2058737
2058761
2058767
2058773
2058781
2058809
2058817
2058829
2058839
2058841
2058851
2058857
2058869
2058871
2058877
2058893
2058899
2058919
2058949
2058967
2059009
2059033
2059039
2059063
2059093
2059097
2059133
2059153
2059157
2059181
2059207
2059217
2059223
2059231
2059243
2059249
2059271
2059273
2059283
2059297
2059303
2059327
2059331
2059339
2059367
2059381
2059411
2059417
2059427
2059441
2059459
2059469
2059481
2059501
2059511
2059517
2059537
2059573
2059613
2059621
2059637
2059649
2059661
2059697
2059709
2059711
2059721
2059723
2059741
2059747
2059751
2059763
2059769
2059777
2059793
2059807
2059817
2059819
2059823
2059843
2059859
2059861
2059879
2059891
2059913
2059921
2059927
2059931
2059933
2059943
2059973
2059979
2060021
2060059
2060063
2060089
2060099
2060101
2060117
2060129
2060137
2060141
2060159
2060161
2060171
2060203
2060231
2060243
2060249
2060251
2060263
2060273
2060287
2060327
2060347
2060351
2060389
2060407
2060437
2060441
2060447
2060449
2060453
2060473
2060489
2060503
2060507
2060543
2060551
2060561
2060563
2060579
2060581
2060599
2060609
2060627
2060629
2060657
2060671
2060687
2060749
2060753
2060767
2060801
2060803
2060843
2060857
2060867
2060879
2060881
2060909
2060921
2060963
2060977
2061013
2061041
2061049
2061067
2061077
2061079
2061109
2061113
2061127
2061149
2061161
2061173
2061179
2061181
2061187
2061197
2061203
2061209
2061217
2061239
2061247
2061271
2061277
2061287
2061289
2061313
2061331
2061341
2061361
2061379
2061383
2061391
2061413
2061419
2061427
2061431
2061491
2061503
2061533
2061551
2061583
2061589
2061599
2061601
2061613
2061623
2061629
2061649
2061667
2061673
2061679
2061691
2061733
2061757
2061793
2061847
2061869
2061877
2061883
2061887
2061907
2061919
2061923
2061967
2061971
2062001
2062003
2062007
2062009
2062033
2062037
2062043
2062057
2062061
2062063
2062069
2062091
2062129
2062147
2062153
2062169
2062187
2062199
2062201
2062217
2062223
2062231
2062243
2062267
2062273
2062289
2062297
2062303
2062339
2062351
2062381
2062391
2062429
2062477
2062483
2062493
2062513
2062517
2062519
2062531
2062537
2062547
2062553
2062561
2062573
2062597
2062637
2062651
2062657
2062673
2062681
2062693
2062703
2062721
2062747
2062757
2062759
2062789
2062807
2062829
2062843
2062859
2062871
2062873
2062883
2062889
2062891
2062903
2062909
2062913
2062937
2062943
2062979
2062993
2062999
2063003
2063021
2063029
2063057
2063059
2063107
2063111
2063129
2063141
2063167
2063179
2063213
2063249
2063251
2063279
2063291
2063293
2063323
2063339
2063351
2063359
2063377
2063389
2063393
2063423
2063429
2063459
2063461
2063483
2063497
2063507
2063521
2063539
2063543
2063549
2063557
2063561
2063563
2063573
2063587
2063597
2063603
2063617
2063627
2063651
2063671
2063687
2063693
2063707
2063729
2063731
2063741
2063771
2063773
2063777
2063779
2063797
2063807
2063819
2063827
2063833
2063839
2063857
2063861
2063863
2063881
2063903
2063909
2063917
2063921
2063933
2063939
2063983
2063993
2064031
2064047
2064061
2064067
2064071
2064077
2064109
2064113
2064121
2064143
2064149
2064151
2064169
2064187
2064199
2064229
2064241
2064247
2064263
2064277
2064299
2064313
2064317
2064323
2064329
2064343
2064353
2064371
2064373
2064379
2064389
2064421
2064427
2064431
2064437
2064443
2064449
2064487
2064511
2064523
2064527
2064529
2064547
2064551
2064571
2064581
2064583
2064589
2064611
2064619
2064649
2064653
2064679
2064703
2064737
2064761
2064763
2064767
2064781
2064793
2064809
2064833
2064847
2064857
2064877
2064899
2064913
2064919
2064929
2064943
2064947
2064949
There are 1187 prime numbers in S239.
