S240(2064961~2082240)
2064961
2064971
2064983
2065031
2065043
2065073
2065087
2065103
2065111
2065117
2065121
2065153
2065157
2065163
2065169
2065181
2065187
2065213
2065241
2065267
2065309
2065363
2065369
2065379
2065387
2065397
2065411
2065417
2065429
2065489
2065493
2065501
2065523
2065559
2065571
2065573
2065577
2065579
2065597
2065627
2065633
2065639
2065663
2065667
2065669
2065711
2065717
2065727
2065729
2065733
2065751
2065759
2065769
2065799
2065801
2065807
2065829
2065841
2065879
2065897
2065907
2065937
2065961
2065967
2065991
2065997
2066017
2066033
2066059
2066069
2066081
2066083
2066101
2066111
2066123
2066137
2066149
2066153
2066161
2066173
2066177
2066179
2066201
2066203
2066209
2066219
2066249
2066257
2066287
2066293
2066321
2066329
2066399
2066419
2066437
2066443
2066447
2066461
2066473
2066501
2066507
2066509
2066521
2066539
2066549
2066551
2066563
2066579
2066587
2066599
2066609
2066641
2066653
2066681
2066683
2066693
2066699
2066717
2066723
2066759
2066761
2066767
2066777
2066789
2066797
2066833
2066879
2066887
2066893
2066899
2066903
2066923
2066929
2066951
2066957
2066963
2066969
2066971
2066989
2066993
2067001
2067007
2067019
2067041
2067061
2067071
2067073
2067083
2067101
2067119
2067137
2067187
2067209
2067211
2067253
2067269
2067277
2067337
2067349
2067379
2067383
2067407
2067413
2067427
2067431
2067437
2067451
2067479
2067491
2067511
2067517
2067529
2067547
2067581
2067587
2067617
2067623
2067647
2067661
2067679
2067691
2067697
2067719
2067721
2067739
2067781
2067797
2067799
2067811
2067823
2067851
2067853
2067883
2067887
2067911
2067929
2067937
2067977
2067997
2068037
2068039
2068043
2068061
2068063
2068069
2068109
2068117
2068123
2068133
2068139
2068147
2068151
2068201
2068211
2068249
2068267
2068273
2068279
2068291
2068333
2068349
2068361
2068387
2068393
2068399
2068403
2068421
2068427
2068439
2068453
2068463
2068471
2068477
2068487
2068489
2068499
2068501
2068513
2068519
2068529
2068553
2068579
2068589
2068607
2068637
2068639
2068667
2068673
2068681
2068699
2068709
2068741
2068751
2068753
2068757
2068763
2068769
2068811
2068813
2068817
2068823
2068841
2068877
2068897
2068903
2068921
2068939
2068943
2068949
2068973
2068991
2068999
2069009
2069017
2069029
2069047
2069051
2069069
2069101
2069113
2069129
2069141
2069183
2069191
2069209
2069213
2069227
2069239
2069251
2069261
2069267
2069329
2069341
2069351
2069377
2069381
2069383
2069387
2069399
2069413
2069443
2069449
2069489
2069497
2069503
2069519
2069531
2069533
2069549
2069569
2069581
2069603
2069629
2069647
2069657
2069671
2069681
2069687
2069707
2069713
2069723
2069729
2069737
2069761
2069773
2069783
2069797
2069807
2069819
2069827
2069843
2069857
2069861
2069887
2069909
2069911
2069923
2069929
2069941
2069953
2069957
2069959
2069983
2069987
2069989
2069999
2070041
2070043
2070067
2070071
2070083
2070091
2070137
2070143
2070179
2070181
2070203
2070217
2070239
2070241
2070283
2070287
2070301
2070307
2070317
2070319
2070323
2070329
2070371
2070421
2070427
2070433
2070443
2070451
2070461
2070463
2070469
2070473
2070479
2070517
2070527
2070533
2070553
2070559
2070569
2070581
2070587
2070611
2070613
2070619
2070641
2070643
2070661
2070709
2070737
2070749
2070781
2070793
2070797
2070799
2070811
2070823
2070833
2070839
2070863
2070877
2070883
2070907
2070911
2070931
2070947
2070953
2070973
2070997
2071007
2071063
2071073
2071087
2071123
2071159
2071169
2071189
2071193
2071213
2071259
2071261
2071271
2071291
2071319
2071339
2071343
2071351
2071367
2071373
2071379
2071393
2071397
2071411
2071427
2071429
2071453
2071457
2071463
2071471
2071481
2071493
2071507
2071543
2071561
2071579
2071583
2071591
2071613
2071631
2071649
2071661
2071669
2071681
2071687
2071711
2071721
2071723
2071733
2071753
2071759
2071781
2071799
2071801
2071819
2071837
2071859
2071873
2071879
2071897
2071913
2071921
2071939
2071957
2071961
2071973
2071991
2071997
2071999
2072003
2072023
2072029
2072033
2072039
2072053
2072087
2072101
2072117
2072123
2072129
2072131
2072153
2072179
2072201
2072207
2072209
2072267
2072293
2072321
2072327
2072363
2072383
2072393
2072423
2072429
2072431
2072437
2072467
2072479
2072489
2072491
2072527
2072531
2072549
2072563
2072569
2072573
2072579
2072617
2072647
2072663
2072683
2072687
2072699
2072701
2072731
2072743
2072773
2072789
2072801
2072809
2072821
2072831
2072839
2072869
2072893
2072897
2072927
2072933
2072953
2072969
2072977
2073011
2073041
2073061
2073067
2073089
2073101
2073103
2073107
2073119
2073121
2073131
2073143
2073163
2073173
2073193
2073199
2073209
2073233
2073241
2073251
2073263
2073277
2073283
2073293
2073317
2073343
2073347
2073349
2073353
2073359
2073361
2073367
2073377
2073389
2073391
2073403
2073457
2073469
2073481
2073521
2073563
2073601
2073607
2073613
2073619
2073647
2073649
2073661
2073667
2073707
2073719
2073787
2073809
2073811
2073823
2073853
2073859
2073893
2073901
2073923
2073937
2073941
2073971
2073977
2073989
2073997
2074031
2074057
2074081
2074091
2074103
2074129
2074139
2074141
2074159
2074169
2074199
2074201
2074207
2074217
2074223
2074243
2074273
2074279
2074321
2074327
2074333
2074339
2074349
2074351
2074361
2074411
2074417
2074421
2074433
2074447
2074463
2074481
2074483
2074487
2074507
2074517
2074519
2074529
2074543
2074547
2074571
2074601
2074609
2074643
2074649
2074687
2074727
2074739
2074753
2074801
2074811
2074817
2074823
2074841
2074871
2074873
2074889
2074903
2074913
2074931
2074949
2074951
2074957
2074967
2074981
2074993
2075011
2075023
2075041
2075063
2075077
2075081
2075111
2075149
2075167
2075179
2075189
2075197
2075201
2075209
2075231
2075257
2075261
2075263
2075273
2075279
2075299
2075323
2075363
2075387
2075393
2075417
2075429
2075453
2075467
2075483
2075537
2075539
2075551
2075573
2075587
2075599
2075603
2075611
2075621
2075641
2075657
2075659
2075669
2075677
2075699
2075713
2075741
2075743
2075761
2075767
2075771
2075779
2075803
2075809
2075813
2075831
2075833
2075837
2075839
2075867
2075869
2075893
2075903
2075917
2075929
2075947
2075963
2075981
2075987
2075999
2076001
2076007
2076043
2076059
2076071
2076077
2076089
2076133
2076143
2076161
2076209
2076229
2076259
2076271
2076289
2076293
2076299
2076307
2076317
2076331
2076367
2076383
2076391
2076407
2076409
2076419
2076421
2076433
2076443
2076449
2076461
2076469
2076539
2076563
2076611
2076617
2076619
2076629
2076649
2076653
2076677
2076689
2076709
2076713
2076731
2076761
2076791
2076797
2076803
2076829
2076869
2076881
2076889
2076901
2076913
2076917
2076929
2076967
2076973
2077001
2077007
2077021
2077027
2077037
2077073
2077081
2077091
2077121
2077129
2077133
2077139
2077151
2077181
2077189
2077249
2077253
2077261
2077297
2077303
2077319
2077321
2077333
2077343
2077351
2077367
2077391
2077399
2077409
2077483
2077499
2077549
2077561
2077571
2077577
2077583
2077591
2077601
2077637
2077639
2077667
2077681
2077693
2077703
2077709
2077711
2077753
2077769
2077771
2077781
2077807
2077811
2077813
2077841
2077849
2077853
2077861
2077891
2077909
2077913
2077919
2077939
2077949
2077969
2077987
2077993
2077997
2078009
2078051
2078059
2078081
2078093
2078107
2078117
2078123
2078149
2078159
2078161
2078177
2078191
2078207
2078221
2078243
2078287
2078309
2078311
2078317
2078339
2078341
2078347
2078357
2078371
2078389
2078399
2078431
2078443
2078449
2078473
2078497
2078507
2078509
2078513
2078537
2078551
2078591
2078599
2078603
2078611
2078621
2078627
2078647
2078651
2078677
2078693
2078707
2078711
2078719
2078723
2078731
2078753
2078759
2078779
2078789
2078801
2078827
2078831
2078851
2078887
2078917
2078927
2078929
2078933
2078939
2078959
2078963
2078971
2078977
2079013
2079017
2079019
2079041
2079047
2079053
2079071
2079073
2079079
2079109
2079127
2079149
2079163
2079167
2079169
2079173
2079191
2079193
2079197
2079199
2079229
2079239
2079241
2079247
2079251
2079257
2079277
2079293
2079299
2079323
2079347
2079353
2079401
2079403
2079419
2079433
2079461
2079463
2079481
2079487
2079529
2079533
2079557
2079563
2079577
2079587
2079599
2079601
2079617
2079629
2079631
2079641
2079647
2079653
2079709
2079713
2079719
2079739
2079757
2079761
2079769
2079787
2079811
2079817
2079823
2079839
2079859
2079863
2079877
2079919
2079923
2079937
2079941
2079943
2079997
2080003
2080009
2080021
2080027
2080049
2080081
2080121
2080129
2080151
2080157
2080201
2080207
2080213
2080219
2080223
2080231
2080237
2080261
2080271
2080277
2080289
2080321
2080339
2080343
2080349
2080357
2080363
2080391
2080423
2080433
2080439
2080447
2080451
2080453
2080501
2080531
2080541
2080543
2080567
2080571
2080577
2080591
2080597
2080609
2080651
2080657
2080667
2080679
2080699
2080711
2080717
2080723
2080759
2080763
2080777
2080801
2080807
2080847
2080849
2080877
2080889
2080907
2080913
2080921
2080927
2080961
2080963
2080979
2081029
2081033
2081039
2081047
2081099
2081129
2081147
2081159
2081161
2081171
2081237
2081249
2081251
2081267
2081273
2081281
2081291
2081297
2081311
2081323
2081351
2081353
2081369
2081377
2081383
2081407
2081423
2081437
2081467
2081473
2081479
2081483
2081491
2081537
2081549
2081561
2081581
2081603
2081609
2081617
2081627
2081647
2081671
2081687
2081719
2081749
2081777
2081797
2081801
2081809
2081813
2081831
2081843
2081851
2081861
2081873
2081897
2081903
2081909
2081921
2081923
2081927
2081969
2082019
2082037
2082049
2082061
2082071
2082079
2082097
2082107
2082127
2082131
2082133
2082163
2082181
2082187
2082193
There are 1165 prime numbers in S240.
