S242(2099593~2117016)
2099593
2099611
2099623
2099627
2099641
2099659
2099677
2099707
2099711
2099717
2099731
2099743
2099749
2099761
2099767
2099771
2099809
2099821
2099827
2099837
2099863
2099887
2099893
2099921
2099927
2099939
2099941
2099963
2100001
2100011
2100031
2100041
2100053
2100071
2100079
2100097
2100113
2100121
2100167
2100173
2100181
2100191
2100193
2100221
2100227
2100229
2100239
2100247
2100253
2100257
2100269
2100277
2100313
2100353
2100377
2100403
2100407
2100409
2100451
2100463
2100473
2100487
2100493
2100523
2100533
2100541
2100551
2100559
2100563
2100569
2100587
2100589
2100607
2100629
2100649
2100661
2100691
2100713
2100719
2100727
2100733
2100737
2100743
2100781
2100793
2100803
2100821
2100841
2100859
2100869
2100893
2100899
2100913
2100929
2100941
2100953
2100983
2100991
2100997
2101003
2101007
2101019
2101051
2101061
2101067
2101091
2101093
2101111
2101123
2101129
2101139
2101157
2101181
2101189
2101199
2101207
2101213
2101219
2101223
2101237
2101243
2101247
2101249
2101259
2101261
2101277
2101283
2101313
2101327
2101357
2101391
2101423
2101433
2101439
2101447
2101471
2101481
2101483
2101499
2101501
2101513
2101531
2101549
2101553
2101607
2101613
2101621
2101651
2101657
2101667
2101669
2101681
2101703
2101721
2101733
2101741
2101751
2101789
2101807
2101811
2101817
2101823
2101843
2101849
2101867
2101871
2101873
2101903
2101907
2101909
2101961
2102021
2102057
2102069
2102083
2102099
2102117
2102137
2102143
2102167
2102171
2102173
2102183
2102201
2102207
2102213
2102249
2102251
2102257
2102267
2102273
2102279
2102291
2102311
2102323
2102329
2102341
2102383
2102411
2102417
2102431
2102459
2102461
2102467
2102479
2102489
2102497
2102519
2102531
2102533
2102549
2102557
2102561
2102567
2102579
2102593
2102623
2102629
2102647
2102651
2102687
2102693
2102717
2102741
2102753
2102759
2102777
2102783
2102791
2102797
2102801
2102809
2102831
2102839
2102851
2102857
2102873
2102879
2102887
2102897
2102927
2102941
2102999
2103007
2103011
2103029
2103041
2103067
2103083
2103103
2103107
2103119
2103139
2103149
2103151
2103163
2103169
2103181
2103187
2103193
2103229
2103239
2103301
2103307
2103317
2103377
2103383
2103389
2103403
2103407
2103449
2103473
2103503
2103523
2103553
2103583
2103589
2103601
2103611
2103613
2103617
2103653
2103667
2103671
2103679
2103683
2103713
2103719
2103743
2103749
2103769
2103781
2103791
2103793
2103797
2103811
2103817
2103821
2103839
2103859
2103887
2103901
2103911
2103919
2103953
2103961
2103973
2103977
2103989
2104013
2104019
2104021
2104031
2104051
2104057
2104061
2104087
2104097
2104103
2104111
2104129
2104139
2104147
2104159
2104163
2104169
2104177
2104181
2104213
2104217
2104229
2104241
2104261
2104273
2104313
2104337
2104343
2104357
2104363
2104381
2104391
2104397
2104423
2104433
2104441
2104483
2104499
2104507
2104541
2104547
2104567
2104591
2104601
2104607
2104633
2104643
2104657
2104673
2104679
2104699
2104703
2104717
2104723
2104727
2104741
2104747
2104757
2104759
2104811
2104841
2104847
2104853
2104859
2104867
2104871
2104901
2104909
2104913
2104933
2104951
2104961
2104969
2104987
2105003
2105009
2105027
2105069
2105071
2105111
2105119
2105141
2105149
2105183
2105203
2105209
2105231
2105251
2105267
2105269
2105273
2105287
2105317
2105329
2105347
2105357
2105359
2105377
2105381
2105407
2105413
2105417
2105419
2105431
2105449
2105483
2105497
2105503
2105507
2105513
2105549
2105557
2105567
2105591
2105611
2105641
2105669
2105681
2105693
2105699
2105717
2105729
2105731
2105759
2105767
2105809
2105813
2105819
2105833
2105837
2105843
2105863
2105881
2105891
2105897
2105911
2105921
2105927
2105933
2105947
2105953
2105963
2105969
2105993
2106019
2106029
2106059
2106089
2106107
2106149
2106173
2106191
2106197
2106199
2106217
2106227
2106229
2106239
2106257
2106277
2106281
2106289
2106301
2106311
2106329
2106337
2106341
2106343
2106347
2106353
2106361
2106383
2106389
2106407
2106421
2106427
2106431
2106437
2106451
2106463
2106479
2106491
2106523
2106529
2106551
2106563
2106617
2106619
2106631
2106653
2106673
2106677
2106679
2106733
2106737
2106749
2106773
2106779
2106781
2106809
2106829
2106833
2106847
2106857
2106877
2106887
2106901
2106911
2106917
2106919
2106931
2106943
2106953
2106959
2106983
2106989
2106991
2107003
2107013
2107033
2107037
2107051
2107069
2107073
2107087
2107103
2107109
2107117
2107141
2107153
2107177
2107181
2107199
2107207
2107223
2107243
2107247
2107289
2107319
2107321
2107327
2107361
2107381
2107393
2107403
2107447
2107451
2107529
2107531
2107543
2107601
2107603
2107607
2107627
2107661
2107663
2107667
2107669
2107709
2107717
2107723
2107739
2107747
2107751
2107759
2107771
2107811
2107837
2107849
2107867
2107873
2107877
2107883
2107909
2107913
2107939
2107961
2107967
2107979
2107999
2108003
2108009
2108033
2108047
2108059
2108063
2108077
2108081
2108087
2108089
2108123
2108137
2108159
2108177
2108231
2108243
2108251
2108257
2108263
2108291
2108299
2108317
2108339
2108347
2108363
2108369
2108383
2108389
2108401
2108429
2108437
2108443
2108453
2108461
2108473
2108497
2108501
2108521
2108531
2108539
2108543
2108549
2108551
2108597
2108599
2108611
2108621
2108627
2108641
2108647
2108653
2108657
2108669
2108699
2108723
2108737
2108759
2108761
2108767
2108773
2108807
2108809
2108819
2108839
2108857
2108879
2108881
2108927
2108929
2108941
2108957
2108983
2108987
2108993
2109011
2109013
2109049
2109053
2109059
2109067
2109097
2109101
2109103
2109109
2109119
2109127
2109161
2109167
2109179
2109203
2109223
2109253
2109269
2109277
2109287
2109293
2109311
2109329
2109391
2109403
2109421
2109449
2109461
2109509
2109521
2109533
2109553
2109571
2109577
2109593
2109607
2109617
2109619
2109641
2109647
2109671
2109697
2109707
2109727
2109733
2109739
2109743
2109761
2109769
2109791
2109797
2109799
2109841
2109857
2109869
2109871
2109889
2109911
2109941
2109949
2109959
2109973
2109979
2110001
2110019
2110021
2110027
2110033
2110037
2110063
2110099
2110103
2110123
2110133
2110151
2110153
2110177
2110183
2110187
2110189
2110217
2110223
2110247
2110259
2110267
2110289
2110291
2110313
2110321
2110337
2110343
2110351
2110391
2110399
2110439
2110453
2110469
2110477
2110519
2110523
2110529
2110531
2110543
2110547
2110553
2110579
2110621
2110627
2110637
2110657
2110673
2110679
2110699
2110709
2110751
2110753
2110763
2110769
2110781
2110811
2110837
2110847
2110853
2110859
2110861
2110877
2110879
2110891
2110909
2110921
2110931
2110949
2110951
2110973
2110981
2111023
2111029
2111041
2111051
2111059
2111089
2111093
2111107
2111129
2111159
2111167
2111177
2111189
2111231
2111251
2111267
2111303
2111309
2111311
2111321
2111353
2111357
2111359
2111363
2111387
2111407
2111411
2111419
2111443
2111453
2111471
2111491
2111497
2111507
2111509
2111513
2111531
2111533
2111539
2111567
2111579
2111597
2111633
2111677
2111713
2111729
2111731
2111737
2111771
2111779
2111783
2111789
2111801
2111803
2111819
2111839
2111843
2111861
2111873
2111897
2111909
2111917
2111933
2111939
2111953
2111959
2111969
2111971
2112007
2112013
2112017
2112053
2112079
2112107
2112127
2112139
2112151
2112161
2112169
2112191
2112193
2112217
2112239
2112263
2112307
2112323
2112329
2112337
2112347
2112353
2112413
2112419
2112469
2112493
2112499
2112511
2112533
2112541
2112569
2112571
2112581
2112587
2112601
2112631
2112683
2112703
2112707
2112713
2112727
2112751
2112767
2112779
2112793
2112821
2112827
2112829
2112833
2112841
2112863
2112871
2112893
2112919
2112923
2112937
2112953
2112961
2112973
2112989
2112997
2113003
2113037
2113039
2113043
2113087
2113091
2113109
2113129
2113147
2113159
2113187
2113207
2113211
2113229
2113249
2113273
2113283
2113289
2113291
2113333
2113337
2113343
2113361
2113369
2113373
2113379
2113393
2113399
2113417
2113421
2113451
2113459
2113469
2113471
2113511
2113513
2113523
2113567
2113583
2113603
2113609
2113651
2113667
2113669
2113679
2113681
2113703
2113733
2113739
2113747
2113753
2113757
2113759
2113789
2113801
2113819
2113823
2113843
2113873
2113879
2113901
2113913
2113931
2113939
2113949
2113957
2113973
2113987
2114003
2114023
2114027
2114039
2114041
2114059
2114081
2114087
2114089
2114113
2114141
2114159
2114191
2114197
2114207
2114221
2114227
2114243
2114249
2114251
2114269
2114297
2114317
2114323
2114327
2114347
2114351
2114363
2114369
2114381
2114393
2114407
2114429
2114449
2114461
2114467
2114507
2114509
2114531
2114533
2114549
2114621
2114627
2114653
2114699
2114711
2114713
2114741
2114743
2114747
2114771
2114797
2114803
2114807
2114813
2114831
2114837
2114857
2114867
2114881
2114887
2114897
2114933
2114951
2114963
2114969
2114971
2114977
2115007
2115013
2115017
2115049
2115059
2115073
2115077
2115079
2115083
2115097
2115101
2115107
2115121
2115131
2115133
2115181
2115187
2115193
2115203
2115221
2115227
2115229
2115233
2115277
2115301
2115307
2115317
2115319
2115331
2115343
2115371
2115397
2115427
2115431
2115433
2115437
2115457
2115461
2115469
2115481
2115493
2115499
2115511
2115523
2115527
2115539
2115571
2115629
2115653
2115671
2115677
2115683
2115689
2115703
2115713
2115721
2115727
2115749
2115761
2115767
2115787
2115791
2115823
2115829
2115847
2115853
2115863
2115877
2115923
2115937
2115943
2115961
2115979
2115983
2116019
2116021
2116027
2116039
2116063
2116097
2116099
2116117
2116123
2116129
2116183
2116187
2116199
2116291
2116307
2116327
2116351
2116357
2116393
2116397
2116403
2116409
2116423
2116427
2116441
2116447
2116459
2116469
2116481
2116487
2116501
2116519
2116523
2116531
2116537
2116559
2116561
2116571
2116573
2116577
2116579
2116591
2116601
2116607
2116627
2116633
2116651
2116663
2116669
2116679
2116691
2116693
2116717
2116729
2116747
2116757
2116783
2116799
2116801
2116811
2116813
2116817
2116837
2116867
2116901
2116903
2116921
2116949
2116951
2116957
2116967
2116969
2116973
2116981
2116987
2116991
2116997
There are 1215 prime numbers in S242.
