S244(2134513~2152080)
2134519
2134529
2134549
2134579
2134589
2134609
2134621
2134633
2134637
2134697
2134703
2134709
2134721
2134751
2134763
2134801
2134813
2134831
2134841
2134849
2134861
2134879
2134921
2134927
2134943
2134949
2134961
2134963
2134991
2135017
2135027
2135051
2135057
2135083
2135099
2135101
2135117
2135141
2135153
2135167
2135173
2135191
2135197
2135207
2135213
2135219
2135227
2135267
2135279
2135303
2135333
2135347
2135369
2135383
2135401
2135407
2135411
2135417
2135447
2135453
2135479
2135503
2135519
2135521
2135533
2135537
2135563
2135597
2135611
2135641
2135663
2135669
2135687
2135689
2135699
2135701
2135713
2135717
2135719
2135723
2135729
2135737
2135743
2135753
2135773
2135779
2135797
2135831
2135851
2135857
2135891
2135909
2135921
2135929
2135933
2135951
2135957
2135971
2136011
2136019
2136023
2136061
2136077
2136083
2136091
2136107
2136109
2136119
2136131
2136133
2136137
2136139
2136143
2136157
2136163
2136181
2136187
2136191
2136193
2136209
2136221
2136247
2136287
2136289
2136301
2136311
2136313
2136347
2136353
2136359
2136361
2136371
2136383
2136389
2136391
2136419
2136437
2136439
2136451
2136457
2136473
2136487
2136527
2136553
2136557
2136559
2136583
2136587
2136593
2136599
2136601
2136643
2136649
2136661
2136707
2136731
2136733
2136773
2136779
2136793
2136811
2136817
2136829
2136833
2136839
2136853
2136863
2136877
2136889
2136913
2136919
2136973
2136977
2136983
2136989
2136991
2136997
2137021
2137033
2137049
2137073
2137117
2137123
2137133
2137141
2137151
2137153
2137159
2137193
2137199
2137211
2137237
2137243
2137259
2137273
2137279
2137301
2137307
2137327
2137339
2137351
2137361
2137391
2137397
2137409
2137411
2137423
2137441
2137451
2137483
2137489
2137493
2137507
2137517
2137547
2137549
2137571
2137613
2137627
2137637
2137669
2137673
2137679
2137687
2137697
2137717
2137727
2137741
2137763
2137771
2137813
2137829
2137841
2137859
2137871
2137879
2137907
2137913
2137921
2137931
2137943
2137957
2137963
2137969
2137973
2137979
2137981
2137987
2137999
2138029
2138033
2138093
2138137
2138167
2138189
2138197
2138207
2138221
2138231
2138239
2138249
2138251
2138263
2138291
2138321
2138327
2138363
2138371
2138377
2138387
2138399
2138401
2138407
2138419
2138429
2138467
2138483
2138491
2138501
2138503
2138527
2138531
2138537
2138551
2138569
2138593
2138623
2138629
2138657
2138671
2138677
2138687
2138693
2138713
2138737
2138743
2138749
2138789
2138797
2138803
2138813
2138831
2138833
2138861
2138867
2138879
2138897
2138909
2138971
2138987
2138989
2138999
2139013
2139043
2139047
2139091
2139107
2139131
2139143
2139149
2139157
2139167
2139199
2139211
2139227
2139233
2139283
2139307
2139311
2139323
2139337
2139353
2139367
2139373
2139383
2139407
2139409
2139427
2139461
2139463
2139481
2139493
2139497
2139499
2139521
2139539
2139541
2139563
2139583
2139607
2139611
2139653
2139659
2139661
2139677
2139691
2139733
2139737
2139743
2139757
2139811
2139817
2139829
2139857
2139859
2139877
2139911
2139919
2139923
2139931
2139937
2139947
2139953
2139959
2139967
2139979
2140001
2140003
2140007
2140013
2140049
2140057
2140069
2140091
2140109
2140121
2140129
2140139
2140157
2140163
2140169
2140199
2140207
2140223
2140231
2140253
2140267
2140273
2140279
2140301
2140309
2140337
2140349
2140363
2140367
2140387
2140393
2140399
2140421
2140441
2140447
2140459
2140477
2140513
2140517
2140531
2140543
2140549
2140573
2140591
2140601
2140603
2140609
2140627
2140631
2140637
2140681
2140729
2140741
2140753
2140763
2140769
2140781
2140807
2140811
2140823
2140843
2140847
2140849
2140877
2140903
2140907
2140913
2140937
2140967
2140969
2140973
2140987
2140993
2141033
2141057
2141059
2141063
2141071
2141123
2141131
2141141
2141149
2141159
2141189
2141197
2141203
2141213
2141219
2141257
2141261
2141297
2141299
2141311
2141329
2141333
2141401
2141407
2141413
2141417
2141437
2141459
2141467
2141497
2141519
2141533
2141543
2141549
2141569
2141591
2141593
2141603
2141617
2141647
2141653
2141669
2141681
2141687
2141693
2141707
2141723
2141731
2141749
2141753
2141791
2141801
2141803
2141807
2141809
2141827
2141849
2141863
2141879
2141891
2141897
2141899
2141903
2141917
2141929
2141941
2141947
2141977
2141987
2142001
2142029
2142037
2142043
2142053
2142061
2142067
2142073
2142083
2142097
2142121
2142149
2142163
2142167
2142169
2142181
2142211
2142227
2142229
2142241
2142251
2142253
2142271
2142281
2142293
2142299
2142341
2142353
2142377
2142397
2142403
2142431
2142449
2142457
2142463
2142499
2142521
2142523
2142529
2142533
2142541
2142551
2142557
2142577
2142583
2142587
2142601
2142641
2142643
2142659
2142667
2142677
2142691
2142713
2142719
2142739
2142743
2142761
2142773
2142793
2142823
2142857
2142883
2142911
2142923
2142941
2142967
2142971
2143019
2143027
2143039
2143051
2143069
2143073
2143081
2143087
2143093
2143109
2143147
2143157
2143177
2143199
2143201
2143217
2143223
2143231
2143243
2143259
2143261
2143279
2143313
2143319
2143331
2143369
2143381
2143391
2143417
2143441
2143451
2143459
2143469
2143481
2143483
2143487
2143489
2143501
2143517
2143541
2143543
2143567
2143571
2143573
2143579
2143621
2143627
2143667
2143711
2143733
2143741
2143753
2143759
2143763
2143793
2143829
2143831
2143837
2143847
2143859
2143861
2143873
2143877
2143901
2143909
2143943
2143957
2143963
2143969
2143993
2144011
2144029
2144033
2144041
2144047
2144063
2144081
2144117
2144123
2144137
2144143
2144161
2144167
2144171
2144179
2144183
2144189
2144209
2144213
2144243
2144249
2144251
2144269
2144273
2144279
2144287
2144309
2144323
2144369
2144371
2144383
2144399
2144407
2144419
2144437
2144449
2144459
2144477
2144479
2144489
2144491
2144501
2144503
2144507
2144509
2144537
2144551
2144609
2144617
2144621
2144629
2144641
2144647
2144671
2144677
2144683
2144687
2144689
2144707
2144713
2144717
2144719
2144729
2144731
2144743
2144749
2144759
2144783
2144789
2144801
2144837
2144843
2144867
2144893
2144897
2144899
2144951
2144953
2144971
2144977
2144993
2144999
2145023
2145047
2145067
2145083
2145089
2145097
2145103
2145109
2145113
2145131
2145137
2145151
2145163
2145173
2145191
2145193
2145197
2145239
2145263
2145277
2145287
2145289
2145307
2145329
2145331
2145337
2145343
2145359
2145361
2145379
2145389
2145401
2145421
2145433
2145439
2145443
2145469
2145487
2145497
2145529
2145547
2145551
2145617
2145629
2145631
2145641
2145643
2145677
2145683
2145707
2145709
2145713
2145721
2145763
2145769
2145779
2145821
2145823
2145827
2145839
2145853
2145937
2145953
2145977
2145991
2146003
2146009
2146043
2146051
2146091
2146093
2146103
2146139
2146141
2146159
2146169
2146181
2146201
2146213
2146219
2146231
2146247
2146253
2146283
2146289
2146303
2146307
2146327
2146357
2146367
2146387
2146393
2146423
2146433
2146439
2146457
2146477
2146483
2146489
2146499
2146511
2146519
2146523
2146531
2146549
2146561
2146589
2146619
2146633
2146663
2146673
2146687
2146691
2146693
2146723
2146733
2146759
2146763
2146787
2146789
2146813
2146817
2146847
2146853
2146897
2146909
2146939
2146979
2146987
2146993
2147009
2147021
2147023
2147039
2147051
2147053
2147059
2147071
2147077
2147081
2147087
2147099
2147107
2147137
2147161
2147177
2147213
2147231
2147237
2147251
2147263
2147269
2147273
2147279
2147281
2147297
2147309
2147329
2147351
2147359
2147381
2147407
2147419
2147429
2147461
2147473
2147489
2147501
2147503
2147527
2147569
2147599
2147611
2147617
2147623
2147633
2147641
2147657
2147693
2147699
2147731
2147737
2147753
2147767
2147771
2147801
2147839
2147843
2147861
2147863
2147869
2147881
2147903
2147909
2147911
2147923
2147941
2147987
2147989
2148011
2148019
2148043
2148049
2148053
2148071
2148073
2148127
2148149
2148163
2148187
2148199
2148203
2148227
2148241
2148287
2148301
2148329
2148337
2148343
2148347
2148353
2148373
2148379
2148383
2148397
2148401
2148403
2148437
2148449
2148451
2148457
2148467
2148473
2148491
2148527
2148529
2148533
2148547
2148583
2148599
2148607
2148617
2148631
2148649
2148659
2148661
2148677
2148709
2148719
2148733
2148737
2148739
2148761
2148781
2148791
2148799
2148803
2148857
2148863
2148869
2148877
2148893
2148899
2148907
2148947
2148983
2148989
2149003
2149031
2149039
2149057
2149061
2149067
2149087
2149093
2149111
2149117
2149127
2149139
2149141
2149151
2149171
2149177
2149181
2149187
2149207
2149211
2149237
2149247
2149249
2149283
2149289
2149331
2149349
2149351
2149379
2149391
2149403
2149409
2149421
2149453
2149471
2149493
2149501
2149517
2149559
2149573
2149591
2149607
2149619
2149621
2149661
2149681
2149687
2149703
2149711
2149727
2149781
2149789
2149813
2149853
2149859
2149867
2149877
2149883
2149897
2149909
2149933
2149937
2149991
2149993
2150009
2150011
2150023
2150039
2150101
2150111
2150119
2150131
2150149
2150171
2150207
2150209
2150221
2150227
2150273
2150299
2150303
2150333
2150341
2150353
2150383
2150399
2150411
2150417
2150419
2150441
2150453
2150471
2150509
2150513
2150527
2150531
2150543
2150567
2150597
2150639
2150641
2150651
2150657
2150663
2150671
2150683
2150689
2150713
2150717
2150719
2150741
2150777
2150783
2150791
2150801
2150809
2150821
2150831
2150839
2150849
2150867
2150879
2150881
2150917
2150923
2150947
2150969
2150977
2151001
2151007
2151011
2151013
2151031
2151073
2151089
2151101
2151119
2151137
2151139
2151157
2151179
2151203
2151211
2151221
2151241
2151251
2151263
2151269
2151271
2151283
2151293
2151301
2151319
2151329
2151337
2151349
2151353
2151377
2151403
2151421
2151433
2151451
2151463
2151467
2151473
2151497
2151509
2151511
2151517
2151521
2151533
2151563
2151593
2151607
2151619
2151623
2151629
2151637
2151647
2151659
2151683
2151701
2151703
2151767
2151781
2151791
2151817
2151827
2151847
2151869
2151899
2151917
2151923
2151943
2151971
2151977
2151991
2152001
2152009
2152037
2152043
2152063
2152069
2152079
There are 1209 prime numbers in S244.
