S245(2152081~2169720)
2152093
2152103
2152123
2152127
2152153
2152159
2152169
2152201
2152211
2152219
2152229
2152231
2152247
2152291
2152303
2152307
2152309
2152321
2152343
2152357
2152369
2152373
2152393
2152399
2152427
2152429
2152433
2152457
2152477
2152481
2152483
2152499
2152511
2152517
2152559
2152571
2152589
2152607
2152621
2152637
2152663
2152669
2152679
2152691
2152729
2152739
2152753
2152783
2152789
2152793
2152811
2152817
2152819
2152831
2152837
2152841
2152847
2152849
2152861
2152867
2152879
2152883
2152903
2152907
2152921
2152939
2152949
2152957
2152973
2153051
2153057
2153059
2153069
2153071
2153083
2153089
2153111
2153113
2153149
2153159
2153171
2153201
2153209
2153227
2153243
2153267
2153273
2153297
2153299
2153317
2153321
2153341
2153351
2153369
2153377
2153387
2153401
2153419
2153429
2153449
2153471
2153491
2153507
2153519
2153531
2153551
2153561
2153563
2153621
2153633
2153639
2153647
2153693
2153699
2153717
2153729
2153737
2153773
2153779
2153797
2153813
2153819
2153839
2153861
2153873
2153887
2153891
2153903
2153909
2153929
2153939
2153953
2153959
2153981
2153989
2153993
2154007
2154013
2154037
2154041
2154043
2154059
2154071
2154077
2154109
2154127
2154137
2154143
2154161
2154169
2154193
2154209
2154227
2154241
2154259
2154281
2154293
2154307
2154311
2154319
2154329
2154331
2154389
2154413
2154419
2154487
2154491
2154499
2154533
2154539
2154541
2154553
2154577
2154587
2154611
2154629
2154641
2154643
2154667
2154683
2154707
2154727
2154731
2154743
2154749
2154791
2154793
2154811
2154829
2154839
2154851
2154853
2154871
2154881
2154899
2154907
2154913
2154931
2154941
2154949
2154953
2154967
2154973
2154979
2155003
2155007
2155009
2155057
2155067
2155079
2155103
2155121
2155129
2155133
2155159
2155163
2155171
2155177
2155183
2155187
2155201
2155207
2155253
2155259
2155267
2155271
2155273
2155291
2155297
2155319
2155327
2155333
2155381
2155393
2155397
2155409
2155423
2155429
2155451
2155463
2155477
2155487
2155499
2155511
2155513
2155519
2155579
2155597
2155603
2155609
2155613
2155627
2155639
2155661
2155667
2155691
2155711
2155717
2155723
2155733
2155781
2155793
2155799
2155837
2155841
2155849
2155861
2155877
2155883
2155931
2155961
2155963
2155999
2156009
2156017
2156023
2156039
2156041
2156053
2156071
2156083
2156087
2156111
2156117
2156123
2156159
2156171
2156183
2156207
2156221
2156251
2156269
2156279
2156299
2156303
2156309
2156311
2156317
2156339
2156351
2156359
2156369
2156377
2156383
2156387
2156393
2156417
2156437
2156447
2156459
2156461
2156491
2156507
2156521
2156537
2156597
2156599
2156617
2156629
2156647
2156659
2156669
2156681
2156683
2156699
2156711
2156719
2156731
2156753
2156761
2156789
2156801
2156809
2156813
2156839
2156849
2156851
2156857
2156867
2156873
2156879
2156897
2156939
2156993
2157007
2157017
2157031
2157037
2157041
2157091
2157097
2157109
2157119
2157121
2157131
2157149
2157151
2157157
2157163
2157173
2157187
2157209
2157229
2157247
2157251
2157257
2157269
2157277
2157293
2157301
2157307
2157313
2157319
2157329
2157341
2157343
2157361
2157391
2157401
2157413
2157427
2157451
2157457
2157481
2157499
2157503
2157511
2157517
2157523
2157527
2157539
2157557
2157559
2157563
2157587
2157641
2157667
2157671
2157677
2157679
2157709
2157721
2157731
2157733
2157737
2157739
2157763
2157767
2157769
2157787
2157797
2157821
2157823
2157833
2157839
2157851
2157863
2157893
2157899
2157901
2157907
2157913
2157923
2157989
2158019
2158027
2158033
2158061
2158069
2158073
2158081
2158087
2158097
2158103
2158129
2158139
2158147
2158157
2158171
2158181
2158183
2158223
2158231
2158237
2158259
2158291
2158301
2158307
2158333
2158357
2158367
2158369
2158393
2158423
2158427
2158433
2158447
2158459
2158477
2158483
2158501
2158523
2158547
2158549
2158567
2158577
2158579
2158589
2158591
2158601
2158603
2158621
2158627
2158631
2158649
2158679
2158693
2158697
2158699
2158721
2158727
2158733
2158753
2158759
2158763
2158769
2158771
2158781
2158801
2158811
2158817
2158823
2158831
2158841
2158843
2158859
2158889
2158903
2158909
2158921
2158931
2158979
2158993
2158999
2159023
2159041
2159063
2159081
2159083
2159093
2159147
2159177
2159191
2159197
2159207
2159231
2159233
2159237
2159239
2159249
2159251
2159281
2159291
2159299
2159303
2159327
2159329
2159351
2159359
2159363
2159383
2159419
2159449
2159453
2159473
2159497
2159501
2159513
2159519
2159533
2159537
2159551
2159557
2159609
2159621
2159627
2159639
2159669
2159671
2159681
2159701
2159713
2159719
2159767
2159771
2159779
2159783
2159789
2159809
2159819
2159821
2159831
2159881
2159887
2159893
2159897
2159903
2159923
2159947
2159951
2159957
2159959
2160001
2160017
2160029
2160031
2160061
2160101
2160113
2160127
2160131
2160133
2160149
2160161
2160203
2160209
2160211
2160217
2160233
2160247
2160253
2160259
2160283
2160293
2160311
2160337
2160341
2160349
2160373
2160383
2160391
2160409
2160419
2160443
2160461
2160463
2160469
2160527
2160533
2160553
2160563
2160589
2160617
2160619
2160629
2160671
2160677
2160721
2160733
2160749
2160773
2160787
2160797
2160833
2160841
2160857
2160881
2160883
2160913
2160923
2160931
2160937
2160953
2160967
2160971
2160997
2161001
2161007
2161031
2161087
2161121
2161127
2161129
2161141
2161157
2161163
2161177
2161189
2161199
2161213
2161253
2161259
2161279
2161297
2161301
2161303
2161319
2161331
2161337
2161343
2161349
2161373
2161409
2161417
2161427
2161433
2161447
2161469
2161493
2161513
2161553
2161571
2161591
2161613
2161633
2161637
2161639
2161697
2161699
2161729
2161751
2161759
2161769
2161777
2161781
2161787
2161813
2161823
2161829
2161843
2161849
2161853
2161871
2161883
2161897
2161903
2161919
2161927
2161933
2161949
2161963
2161967
2161987
2162003
2162057
2162059
2162063
2162071
2162087
2162089
2162113
2162119
2162137
2162177
2162183
2162189
2162191
2162197
2162203
2162221
2162231
2162239
2162249
2162263
2162273
2162297
2162323
2162339
2162351
2162353
2162359
2162387
2162393
2162401
2162441
2162449
2162497
2162507
2162509
2162543
2162549
2162557
2162569
2162579
2162581
2162597
2162603
2162623
2162639
2162647
2162651
2162659
2162663
2162681
2162717
2162737
2162747
2162803
2162807
2162813
2162821
2162843
2162869
2162879
2162899
2162911
2162929
2162947
2162957
2162959
2162971
2162977
2163011
2163013
2163041
2163043
2163059
2163067
2163071
2163079
2163101
2163107
2163113
2163137
2163163
2163167
2163181
2163193
2163221
2163223
2163241
2163247
2163251
2163263
2163281
2163289
2163307
2163341
2163347
2163349
2163361
2163401
2163409
2163431
2163439
2163443
2163461
2163467
2163479
2163481
2163503
2163509
2163527
2163547
2163569
2163571
2163593
2163613
2163653
2163671
2163673
2163677
2163691
2163703
2163737
2163751
2163757
2163761
2163767
2163787
2163809
2163823
2163827
2163829
2163851
2163859
2163869
2163881
2163883
2163911
2163919
2163923
2163949
2163971
2163979
2163983
2164003
2164013
2164031
2164037
2164039
2164073
2164111
2164121
2164171
2164177
2164193
2164223
2164229
2164247
2164273
2164291
2164307
2164313
2164367
2164387
2164399
2164417
2164429
2164433
2164441
2164447
2164453
2164471
2164483
2164489
2164493
2164501
2164511
2164529
2164571
2164583
2164597
2164607
2164609
2164619
2164621
2164633
2164639
2164681
2164739
2164787
2164801
2164807
2164817
2164843
2164853
2164859
2164901
2164919
2164927
2164963
2164979
2164991
2165017
2165027
2165029
2165039
2165047
2165057
2165063
2165077
2165081
2165083
2165089
2165117
2165131
2165143
2165147
2165159
2165201
2165213
2165231
2165237
2165249
2165291
2165321
2165323
2165327
2165357
2165393
2165413
2165453
2165461
2165467
2165483
2165521
2165531
2165533
2165543
2165551
2165557
2165591
2165593
2165599
2165617
2165651
2165659
2165663
2165671
2165687
2165701
2165707
2165711
2165741
2165747
2165771
2165773
2165809
2165819
2165843
2165857
2165873
2165893
2165897
2165903
2165921
2165929
2165941
2165957
2165959
2165963
2165971
2166007
2166023
2166029
2166041
2166053
2166077
2166113
2166119
2166121
2166127
2166137
2166161
2166167
2166179
2166221
2166233
2166251
2166289
2166319
2166403
2166407
2166419
2166427
2166431
2166449
2166457
2166467
2166509
2166511
2166523
2166529
2166533
2166547
2166553
2166557
2166581
2166601
2166607
2166613
2166629
2166673
2166679
2166691
2166709
2166721
2166763
2166797
2166821
2166833
2166877
2166917
2166919
2166937
2166943
2166947
2166949
2166953
2166961
2166977
2167003
2167019
2167021
2167031
2167063
2167073
2167079
2167091
2167093
2167097
2167103
2167111
2167163
2167183
2167189
2167237
2167259
2167261
2167289
2167327
2167339
2167351
2167367
2167369
2167393
2167409
2167421
2167433
2167439
2167441
2167447
2167469
2167471
2167507
2167519
2167531
2167537
2167549
2167573
2167579
2167609
2167621
2167643
2167661
2167703
2167717
2167723
2167741
2167747
2167769
2167771
2167777
2167813
2167829
2167849
2167873
2167883
2167889
2167903
2167933
2167937
2167939
2167961
2167973
2167987
2167999
2168009
2168021
2168029
2168051
2168057
2168059
2168081
2168093
2168107
2168143
2168149
2168183
2168219
2168239
2168263
2168273
2168291
2168293
2168297
2168303
2168317
2168323
2168329
2168339
2168347
2168351
2168363
2168377
2168399
2168407
2168429
2168437
2168473
2168483
2168497
2168501
2168519
2168521
2168549
2168557
2168563
2168567
2168581
2168587
2168599
2168609
2168623
2168651
2168653
2168657
2168659
2168669
2168671
2168687
2168689
2168701
2168711
2168713
2168731
2168737
2168743
2168753
2168797
2168801
2168807
2168819
2168827
2168851
2168861
2168863
2168867
2168879
2168893
2168917
2168921
2168951
2168953
2168987
2168989
2169007
2169029
2169031
2169071
2169073
2169109
2169133
2169137
2169143
2169151
2169157
2169161
2169169
2169203
2169227
2169281
2169289
2169311
2169313
2169331
2169359
2169361
2169389
2169397
2169443
2169457
2169467
2169469
2169499
2169509
2169511
2169529
2169539
2169571
2169617
2169619
2169631
2169637
2169641
2169649
2169653
2169677
2169683
2169691
2169701
2169707
There are 1223 prime numbers in S245.
