S247(2187433~2205216)
2187457
2187463
2187491
2187511
2187517
2187529
2187571
2187583
2187587
2187613
2187629
2187667
2187671
2187683
2187697
2187707
2187727
2187743
2187769
2187791
2187811
2187817
2187827
2187833
2187851
2187863
2187877
2187901
2187919
2187929
2187943
2187953
2187959
2187961
2187971
2187973
2187979
2188001
2188031
2188033
2188037
2188049
2188061
2188099
2188111
2188117
2188127
2188157
2188159
2188163
2188169
2188171
2188181
2188213
2188231
2188237
2188261
2188267
2188271
2188279
2188283
2188297
2188309
2188327
2188331
2188339
2188343
2188349
2188409
2188411
2188429
2188447
2188451
2188463
2188481
2188489
2188493
2188531
2188541
2188583
2188607
2188609
2188639
2188651
2188663
2188673
2188679
2188687
2188691
2188729
2188751
2188757
2188783
2188787
2188789
2188799
2188807
2188811
2188831
2188861
2188871
2188873
2188877
2188909
2188913
2188919
2188981
2188987
2188993
2189017
2189021
2189027
2189029
2189053
2189063
2189081
2189101
2189147
2189153
2189167
2189171
2189177
2189183
2189207
2189219
2189221
2189227
2189249
2189267
2189273
2189281
2189287
2189303
2189309
2189321
2189323
2189329
2189333
2189339
2189357
2189371
2189381
2189399
2189417
2189419
2189459
2189461
2189477
2189491
2189513
2189521
2189533
2189543
2189563
2189573
2189599
2189609
2189633
2189639
2189647
2189699
2189713
2189723
2189729
2189741
2189743
2189767
2189783
2189791
2189797
2189813
2189843
2189867
2189879
2189881
2189939
2189981
2189987
2189989
2190017
2190031
2190043
2190047
2190077
2190079
2190091
2190103
2190107
2190131
2190143
2190157
2190169
2190173
2190191
2190193
2190203
2190217
2190233
2190269
2190271
2190277
2190299
2190311
2190317
2190329
2190337
2190347
2190361
2190371
2190389
2190403
2190407
2190413
2190427
2190439
2190469
2190473
2190479
2190481
2190499
2190521
2190523
2190533
2190541
2190577
2190581
2190583
2190593
2190599
2190607
2190613
2190647
2190653
2190679
2190691
2190737
2190751
2190763
2190809
2190817
2190821
2190823
2190829
2190857
2190887
2190901
2190959
2190971
2190983
2190997
2191001
2191019
2191027
2191031
2191051
2191067
2191069
2191087
2191097
2191121
2191127
2191159
2191169
2191171
2191193
2191199
2191229
2191243
2191247
2191261
2191291
2191331
2191337
2191339
2191363
2191373
2191393
2191429
2191433
2191451
2191457
2191459
2191471
2191477
2191489
2191493
2191507
2191513
2191523
2191529
2191537
2191549
2191561
2191583
2191619
2191627
2191633
2191687
2191703
2191711
2191723
2191727
2191799
2191807
2191811
2191823
2191873
2191883
2191949
2191951
2191957
2191967
2191993
2192009
2192017
2192051
2192053
2192059
2192063
2192077
2192089
2192093
2192101
2192111
2192123
2192129
2192131
2192143
2192161
2192207
2192243
2192249
2192251
2192257
2192261
2192273
2192293
2192299
2192327
2192339
2192341
2192363
2192387
2192417
2192423
2192431
2192459
2192471
2192549
2192563
2192569
2192573
2192579
2192587
2192591
2192621
2192623
2192629
2192633
2192651
2192653
2192669
2192713
2192717
2192737
2192741
2192747
2192761
2192783
2192789
2192791
2192821
2192831
2192837
2192849
2192851
2192857
2192863
2192873
2192887
2192899
2192917
2192921
2192933
2192941
2192947
2192963
2193007
2193019
2193031
2193041
2193053
2193077
2193097
2193127
2193137
2193167
2193173
2193181
2193197
2193209
2193223
2193239
2193251
2193259
2193263
2193271
2193311
2193313
2193319
2193337
2193353
2193371
2193383
2193413
2193419
2193421
2193439
2193449
2193463
2193469
2193479
2193481
2193509
2193523
2193547
2193553
2193557
2193599
2193601
2193637
2193641
2193643
2193649
2193661
2193673
2193677
2193689
2193701
2193703
2193707
2193713
2193733
2193739
2193749
2193757
2193769
2193791
2193803
2193827
2193847
2193853
2193881
2193883
2193887
2193889
2193929
2193941
2193943
2193953
2193959
2193967
2193973
2193979
2194013
2194019
2194021
2194051
2194069
2194133
2194187
2194193
2194201
2194229
2194243
2194261
2194267
2194301
2194319
2194321
2194327
2194337
2194351
2194369
2194391
2194403
2194417
2194421
2194429
2194441
2194447
2194457
2194471
2194487
2194501
2194529
2194531
2194537
2194553
2194579
2194613
2194631
2194639
2194663
2194667
2194679
2194697
2194721
2194723
2194739
2194757
2194811
2194847
2194879
2194883
2194897
2194901
2194903
2194931
2194939
2194961
2194967
2194979
2194991
2194993
2195003
2195009
2195029
2195047
2195059
2195071
2195113
2195117
2195119
2195147
2195177
2195191
2195201
2195233
2195243
2195273
2195287
2195299
2195311
2195339
2195341
2195351
2195359
2195381
2195383
2195399
2195411
2195441
2195443
2195461
2195467
2195471
2195521
2195527
2195563
2195579
2195581
2195597
2195629
2195653
2195671
2195681
2195701
2195707
2195717
2195723
2195729
2195731
2195749
2195759
2195777
2195801
2195819
2195827
2195861
2195863
2195867
2195891
2195899
2195911
2195917
2195923
2195933
2195969
2195989
2196011
2196031
2196037
2196041
2196049
2196067
2196079
2196091
2196107
2196113
2196119
2196127
2196137
2196143
2196149
2196167
2196197
2196221
2196239
2196287
2196289
2196307
2196331
2196347
2196361
2196367
2196377
2196401
2196407
2196413
2196433
2196449
2196473
2196487
2196499
2196529
2196539
2196541
2196559
2196563
2196583
2196589
2196599
2196611
2196613
2196619
2196641
2196659
2196673
2196697
2196703
2196709
2196713
2196731
2196737
2196749
2196763
2196767
2196781
2196809
2196829
2196841
2196853
2196869
2196871
2196881
2196889
2196917
2196941
2196959
2196967
2196977
2196979
2197021
2197043
2197049
2197087
2197157
2197163
2197177
2197183
2197189
2197193
2197241
2197253
2197277
2197289
2197309
2197333
2197357
2197361
2197367
2197381
2197387
2197409
2197411
2197421
2197427
2197453
2197463
2197469
2197487
2197493
2197501
2197513
2197523
2197537
2197561
2197567
2197589
2197603
2197609
2197631
2197633
2197651
2197681
2197693
2197697
2197703
2197733
2197739
2197747
2197753
2197759
2197771
2197781
2197799
2197847
2197849
2197873
2197907
2197919
2197933
2197961
2197973
2198003
2198011
2198029
2198039
2198057
2198093
2198137
2198153
2198159
2198191
2198201
2198227
2198269
2198291
2198293
2198309
2198327
2198347
2198359
2198369
2198377
2198401
2198407
2198411
2198419
2198431
2198437
2198447
2198453
2198473
2198477
2198507
2198513
2198527
2198533
2198569
2198591
2198597
2198617
2198653
2198659
2198663
2198671
2198689
2198701
2198723
2198747
2198759
2198761
2198767
2198783
2198827
2198843
2198863
2198879
2198881
2198887
2198897
2198909
2198981
2199061
2199077
2199121
2199133
2199143
2199151
2199163
2199173
2199179
2199181
2199187
2199203
2199209
2199217
2199221
2199229
2199247
2199277
2199299
2199311
2199313
2199361
2199371
2199377
2199401
2199427
2199433
2199479
2199499
2199521
2199523
2199529
2199577
2199601
2199623
2199629
2199643
2199653
2199661
2199683
2199689
2199719
2199739
2199781
2199803
2199823
2199833
2199859
2199889
2199893
2199907
2199917
2199931
2199941
2199959
2199961
2199971
2199979
2200013
2200031
2200043
2200049
2200061
2200069
2200103
2200139
2200141
2200153
2200193
2200199
2200207
2200217
2200277
2200291
2200301
2200307
2200313
2200321
2200339
2200351
2200369
2200391
2200397
2200403
2200423
2200441
2200459
2200483
2200489
2200537
2200543
2200577
2200589
2200591
2200603
2200609
2200619
2200621
2200643
2200651
2200657
2200661
2200673
2200699
2200711
2200717
2200727
2200729
2200739
2200747
2200763
2200771
2200777
2200799
2200811
2200813
2200817
2200823
2200831
2200841
2200843
2200867
2200873
2200889
2200909
2200943
2200949
2200967
2200981
2200987
2200993
2200997
2201033
2201039
2201051
2201083
2201099
2201107
2201119
2201137
2201149
2201161
2201183
2201189
2201191
2201197
2201201
2201203
2201209
2201273
2201281
2201293
2201317
2201327
2201357
2201371
2201387
2201393
2201401
2201417
2201431
2201443
2201489
2201501
2201519
2201531
2201533
2201539
2201543
2201581
2201597
2201599
2201603
2201623
2201627
2201669
2201671
2201677
2201681
2201707
2201711
2201723
2201737
2201743
2201761
2201807
2201827
2201839
2201897
2201911
2201921
2201933
2201957
2201971
2201977
2201989
2202007
2202019
2202029
2202041
2202047
2202049
2202077
2202121
2202131
2202133
2202139
2202149
2202169
2202253
2202269
2202287
2202311
2202313
2202329
2202341
2202359
2202371
2202377
2202379
2202391
2202407
2202413
2202419
2202433
2202437
2202439
2202451
2202493
2202511
2202517
2202533
2202547
2202559
2202583
2202587
2202601
2202611
2202617
2202631
2202677
2202703
2202713
2202719
2202763
2202787
2202791
2202793
2202797
2202799
2202817
2202853
2202857
2202859
2202899
2202913
2202919
2202923
2202929
2202931
2202947
2202961
2202973
2202983
2202989
2202997
2203007
2203049
2203057
2203063
2203079
2203087
2203099
2203111
2203121
2203133
2203141
2203153
2203163
2203169
2203177
2203189
2203211
2203249
2203291
2203301
2203303
2203337
2203351
2203361
2203367
2203393
2203403
2203427
2203433
2203441
2203447
2203457
2203477
2203483
2203499
2203519
2203541
2203559
2203571
2203589
2203631
2203633
2203637
2203657
2203661
2203673
2203679
2203711
2203723
2203741
2203763
2203771
2203777
2203787
2203801
2203807
2203811
2203843
2203849
2203853
2203889
2203933
2203939
2203951
2203961
2203963
2203967
2203969
2203973
2203997
2204003
2204009
2204011
2204023
2204039
2204047
2204071
2204077
2204107
2204117
2204143
2204149
2204161
2204173
2204177
2204183
2204197
2204207
2204221
2204243
2204269
2204273
2204327
2204333
2204341
2204353
2204369
2204383
2204393
2204431
2204443
2204453
2204471
2204473
2204483
2204507
2204537
2204557
2204561
2204591
2204597
2204603
2204623
2204647
2204651
2204659
2204663
2204669
2204677
2204687
2204701
2204731
2204737
2204759
2204767
2204773
2204789
2204809
2204821
2204827
2204831
2204833
2204843
2204863
2204887
2204929
2204933
2204953
2204977
2205001
2205011
2205013
2205017
2205023
2205031
2205043
2205059
2205067
2205107
2205113
2205139
2205149
2205157
2205167
2205187
2205199
There are 1207 prime numbers in S247.
