S248(2205217~2223072)
2205233
2205239
2205251
2205283
2205293
2205319
2205323
2205353
2205373
2205389
2205409
2205449
2205451
2205481
2205487
2205503
2205521
2205527
2205547
2205551
2205587
2205589
2205611
2205613
2205617
2205629
2205649
2205659
2205661
2205667
2205703
2205713
2205719
2205761
2205779
2205787
2205793
2205799
2205803
2205823
2205839
2205883
2205887
2205893
2205911
2205947
2205949
2205989
2206021
2206031
2206081
2206093
2206097
2206103
2206121
2206123
2206151
2206153
2206163
2206189
2206207
2206219
2206247
2206249
2206283
2206297
2206327
2206331
2206357
2206387
2206403
2206417
2206429
2206439
2206441
2206453
2206469
2206471
2206483
2206493
2206499
2206507
2206513
2206517
2206543
2206559
2206591
2206601
2206613
2206619
2206621
2206627
2206649
2206657
2206663
2206669
2206681
2206709
2206723
2206733
2206741
2206747
2206759
2206769
2206783
2206811
2206817
2206819
2206823
2206829
2206843
2206861
2206877
2206901
2206909
2206927
2206931
2206937
2206943
2206969
2206993
2206999
2207017
2207033
2207039
2207069
2207081
2207099
2207113
2207119
2207123
2207129
2207143
2207159
2207171
2207197
2207201
2207203
2207213
2207221
2207237
2207243
2207251
2207269
2207273
2207279
2207281
2207299
2207311
2207321
2207323
2207329
2207347
2207351
2207357
2207369
2207377
2207389
2207411
2207423
2207431
2207437
2207441
2207483
2207489
2207519
2207537
2207539
2207549
2207561
2207581
2207587
2207617
2207633
2207677
2207713
2207719
2207783
2207791
2207831
2207833
2207861
2207873
2207879
2207893
2207897
2207911
2207917
2207929
2207939
2207951
2207963
2207969
2207981
2207983
2207987
2207993
2208053
2208061
2208067
2208071
2208077
2208083
2208091
2208097
2208103
2208127
2208131
2208203
2208229
2208257
2208259
2208277
2208281
2208319
2208331
2208337
2208343
2208377
2208397
2208407
2208413
2208421
2208431
2208439
2208463
2208467
2208473
2208491
2208497
2208517
2208559
2208581
2208601
2208637
2208643
2208653
2208659
2208683
2208697
2208707
2208709
2208737
2208751
2208757
2208779
2208797
2208799
2208803
2208809
2208823
2208839
2208847
2208853
2208887
2208889
2208893
2208931
2208949
2208977
2208991
2209001
2209003
2209013
2209027
2209043
2209049
2209061
2209063
2209079
2209117
2209169
2209171
2209177
2209189
2209213
2209217
2209231
2209253
2209267
2209283
2209289
2209313
2209327
2209331
2209343
2209409
2209421
2209447
2209451
2209457
2209483
2209499
2209511
2209523
2209547
2209549
2209579
2209589
2209601
2209607
2209631
2209639
2209661
2209663
2209667
2209687
2209693
2209699
2209703
2209717
2209721
2209741
2209747
2209759
2209763
2209769
2209787
2209789
2209793
2209811
2209841
2209843
2209849
2209853
2209891
2209901
2209903
2209913
2209931
2209937
2209939
2209957
2209967
2209979
2209993
2209997
2210009
2210011
2210027
2210029
2210053
2210057
2210059
2210069
2210077
2210107
2210141
2210147
2210161
2210171
2210179
2210189
2210209
2210227
2210233
2210249
2210261
2210267
2210279
2210281
2210287
2210291
2210297
2210303
2210309
2210321
2210333
2210347
2210353
2210371
2210381
2210387
2210389
2210401
2210407
2210413
2210419
2210431
2210437
2210447
2210473
2210477
2210497
2210503
2210521
2210563
2210567
2210569
2210573
2210581
2210591
2210617
2210623
2210633
2210651
2210653
2210723
2210729
2210743
2210773
2210777
2210779
2210797
2210801
2210837
2210851
2210881
2210891
2210903
2210939
2210947
2210959
2210963
2210977
2210983
2210987
2210993
2211019
2211023
2211029
2211061
2211109
2211127
2211161
2211179
2211211
2211217
2211227
2211233
2211257
2211259
2211263
2211269
2211281
2211329
2211347
2211359
2211367
2211373
2211409
2211413
2211439
2211481
2211493
2211541
2211551
2211557
2211563
2211577
2211593
2211617
2211623
2211647
2211667
2211689
2211707
2211779
2211787
2211793
2211817
2211821
2211883
2211889
2211893
2211919
2211929
2211931
2211941
2211947
2211953
2211967
2211977
2211983
2211997
2212003
2212009
2212039
2212051
2212069
2212081
2212097
2212099
2212123
2212127
2212141
2212153
2212157
2212169
2212181
2212183
2212187
2212219
2212229
2212241
2212247
2212271
2212277
2212297
2212321
2212333
2212349
2212351
2212361
2212387
2212391
2212421
2212429
2212433
2212447
2212453
2212471
2212477
2212487
2212519
2212523
2212537
2212547
2212571
2212579
2212589
2212627
2212631
2212633
2212657
2212663
2212673
2212699
2212709
2212723
2212747
2212753
2212781
2212783
2212817
2212831
2212871
2212877
2212883
2212891
2212921
2212939
2212963
2212967
2212979
2213033
2213039
2213053
2213069
2213093
2213137
2213143
2213147
2213171
2213191
2213201
2213203
2213209
2213243
2213279
2213293
2213311
2213317
2213327
2213347
2213353
2213363
2213381
2213389
2213399
2213401
2213411
2213413
2213423
2213441
2213447
2213461
2213473
2213489
2213531
2213537
2213551
2213591
2213593
2213609
2213623
2213647
2213677
2213699
2213711
2213759
2213789
2213833
2213837
2213839
2213843
2213867
2213891
2213923
2213933
2213963
2213971
2213977
2213983
2214001
2214007
2214011
2214073
2214077
2214101
2214103
2214137
2214161
2214169
2214193
2214209
2214221
2214257
2214269
2214271
2214281
2214319
2214343
2214349
2214367
2214379
2214383
2214473
2214479
2214481
2214491
2214493
2214517
2214521
2214559
2214571
2214599
2214623
2214637
2214661
2214679
2214691
2214713
2214731
2214749
2214757
2214761
2214791
2214827
2214833
2214847
2214869
2214907
2214911
2214929
2214937
2214941
2214959
2214967
2214977
2214983
2214997
2215009
2215013
2215051
2215067
2215091
2215097
2215099
2215111
2215127
2215133
2215141
2215159
2215163
2215177
2215181
2215193
2215201
2215211
2215217
2215237
2215277
2215303
2215307
2215309
2215313
2215319
2215327
2215349
2215351
2215379
2215387
2215393
2215399
2215417
2215463
2215469
2215471
2215487
2215501
2215529
2215531
2215537
2215541
2215547
2215561
2215573
2215583
2215639
2215651
2215667
2215669
2215673
2215691
2215693
2215699
2215777
2215783
2215789
2215793
2215823
2215847
2215853
2215867
2215901
2215903
2215921
2215931
2215943
2215949
2215963
2215979
2215987
2215991
2215999
2216021
2216047
2216057
2216083
2216087
2216101
2216113
2216117
2216143
2216153
2216161
2216167
2216197
2216213
2216231
2216237
2216281
2216287
2216299
2216309
2216317
2216321
2216323
2216351
2216359
2216363
2216377
2216387
2216399
2216413
2216437
2216471
2216479
2216519
2216551
2216563
2216569
2216587
2216603
2216609
2216611
2216629
2216653
2216657
2216659
2216699
2216701
2216729
2216743
2216759
2216761
2216777
2216803
2216821
2216839
2216857
2216861
2216873
2216887
2216897
2216909
2216917
2216941
2216957
2216969
2216989
2216999
2217001
2217011
2217023
2217029
2217041
2217049
2217067
2217073
2217101
2217107
2217113
2217143
2217181
2217199
2217211
2217217
2217233
2217247
2217251
2217277
2217283
2217287
2217301
2217317
2217329
2217343
2217349
2217359
2217379
2217409
2217421
2217443
2217473
2217491
2217493
2217503
2217539
2217541
2217557
2217569
2217571
2217577
2217581
2217583
2217587
2217617
2217641
2217643
2217671
2217673
2217749
2217757
2217773
2217779
2217799
2217829
2217857
2217863
2217881
2217907
2217911
2217947
2217967
2217991
2218001
2218037
2218057
2218063
2218067
2218091
2218093
2218121
2218127
2218129
2218157
2218171
2218199
2218201
2218207
2218213
2218219
2218277
2218283
2218289
2218319
2218331
2218339
2218343
2218351
2218361
2218367
2218423
2218427
2218429
2218439
2218451
2218519
2218523
2218547
2218549
2218561
2218583
2218597
2218607
2218609
2218613
2218621
2218663
2218669
2218691
2218709
2218751
2218771
2218807
2218831
2218837
2218861
2218871
2218883
2218897
2218901
2218903
2218907
2218933
2218943
2218967
2218969
2218999
2219023
2219033
2219039
2219059
2219081
2219083
2219093
2219111
2219117
2219123
2219137
2219141
2219153
2219177
2219183
2219209
2219213
2219221
2219251
2219279
2219281
2219309
2219323
2219351
2219353
2219377
2219411
2219423
2219449
2219461
2219467
2219471
2219489
2219491
2219513
2219527
2219543
2219551
2219557
2219563
2219621
2219629
2219641
2219647
2219671
2219681
2219683
2219731
2219771
2219773
2219797
2219801
2219807
2219813
2219831
2219839
2219849
2219869
2219881
2219887
2219923
2219939
2219947
2219953
2219977
2219999
2220007
2220041
2220059
2220073
2220077
2220083
2220089
2220151
2220157
2220187
2220193
2220199
2220203
2220209
2220263
2220271
2220277
2220289
2220293
2220301
2220307
2220311
2220331
2220349
2220367
2220373
2220389
2220403
2220409
2220419
2220431
2220457
2220467
2220479
2220497
2220503
2220521
2220527
2220529
2220539
2220551
2220553
2220643
2220653
2220661
2220671
2220697
2220731
2220749
2220773
2220787
2220839
2220887
2220893
2220913
2220917
2220919
2220923
2220941
2220961
2220971
2220973
2220979
2221007
2221019
2221031
2221061
2221069
2221097
2221111
2221127
2221129
2221159
2221183
2221187
2221217
2221229
2221231
2221249
2221253
2221259
2221273
2221301
2221321
2221333
2221343
2221379
2221381
2221391
2221399
2221403
2221411
2221433
2221447
2221459
2221507
2221511
2221523
2221567
2221589
2221631
2221633
2221657
2221669
2221673
2221699
2221711
2221721
2221733
2221741
2221753
2221757
2221771
2221789
2221829
2221837
2221847
2221859
2221861
2221871
2221889
2221907
2221909
2221931
2221943
2221949
2221969
2221981
2221991
2221997
2222023
2222039
2222071
2222089
2222093
2222123
2222141
2222147
2222167
2222177
2222203
2222219
2222239
2222243
2222249
2222251
2222263
2222273
2222281
2222287
2222293
2222309
2222317
2222321
2222327
2222333
2222351
2222377
2222383
2222387
2222443
2222477
2222501
2222503
2222509
2222527
2222533
2222537
2222543
2222567
2222573
2222579
2222593
2222599
2222611
2222617
2222621
2222629
2222653
2222659
2222663
2222683
2222687
2222719
2222723
2222729
2222741
2222761
2222783
2222809
2222819
2222839
2222893
2222911
2222921
2222929
2222933
2222977
2223007
2223031
2223037
2223043
2223047
2223059
There are 1201 prime numbers in S248.
