S249(2223073~2241000)
2223079
2223101
2223113
2223119
2223149
2223161
2223163
2223187
2223197
2223211
2223217
2223233
2223253
2223259
2223269
2223281
2223283
2223317
2223329
2223371
2223383
2223391
2223407
2223421
2223443
2223449
2223451
2223457
2223467
2223469
2223493
2223497
2223499
2223503
2223521
2223541
2223563
2223581
2223587
2223607
2223623
2223631
2223671
2223673
2223677
2223679
2223701
2223713
2223731
2223743
2223757
2223761
2223773
2223829
2223833
2223839
2223841
2223853
2223857
2223869
2223883
2223901
2223911
2223937
2223943
2223967
2223973
2223983
2224009
2224037
2224063
2224069
2224073
2224099
2224141
2224147
2224153
2224171
2224193
2224231
2224247
2224259
2224267
2224279
2224283
2224289
2224337
2224367
2224379
2224429
2224441
2224447
2224457
2224459
2224489
2224493
2224507
2224513
2224517
2224553
2224559
2224567
2224571
2224597
2224627
2224633
2224657
2224661
2224667
2224669
2224679
2224681
2224687
2224709
2224741
2224753
2224757
2224763
2224801
2224837
2224861
2224867
2224879
2224891
2224897
2224907
2224931
2224939
2224961
2224969
2224979
2224987
2224991
2225009
2225021
2225039
2225051
2225053
2225057
2225059
2225063
2225077
2225081
2225101
2225107
2225123
2225159
2225173
2225177
2225183
2225203
2225221
2225231
2225233
2225263
2225269
2225323
2225339
2225371
2225381
2225387
2225389
2225393
2225401
2225407
2225429
2225473
2225491
2225501
2225533
2225543
2225557
2225563
2225567
2225569
2225579
2225581
2225593
2225599
2225621
2225627
2225647
2225653
2225659
2225681
2225683
2225689
2225701
2225747
2225749
2225753
2225771
2225777
2225791
2225819
2225833
2225851
2225863
2225879
2225887
2225959
2225969
2225999
2226001
2226019
2226023
2226041
2226089
2226131
2226137
2226149
2226151
2226163
2226197
2226199
2226221
2226227
2226229
2226241
2226251
2226283
2226293
2226307
2226311
2226313
2226319
2226353
2226373
2226383
2226403
2226407
2226409
2226421
2226431
2226461
2226463
2226467
2226479
2226493
2226509
2226517
2226527
2226529
2226547
2226557
2226569
2226571
2226593
2226613
2226617
2226619
2226647
2226659
2226673
2226701
2226713
2226733
2226767
2226769
2226787
2226793
2226811
2226817
2226839
2226853
2226859
2226893
2226899
2226911
2226923
2226937
2226941
2226943
2226953
2226989
2227003
2227019
2227031
2227033
2227061
2227063
2227087
2227109
2227129
2227163
2227193
2227201
2227207
2227213
2227223
2227231
2227259
2227261
2227273
2227301
2227307
2227321
2227327
2227333
2227339
2227361
2227367
2227369
2227397
2227399
2227409
2227417
2227429
2227439
2227441
2227451
2227469
2227499
2227501
2227507
2227513
2227531
2227543
2227583
2227591
2227597
2227601
2227607
2227609
2227627
2227639
2227649
2227651
2227657
2227661
2227669
2227717
2227723
2227727
2227739
2227747
2227763
2227777
2227789
2227801
2227831
2227843
2227853
2227859
2227871
2227889
2227913
2227919
2227943
2227963
2228011
2228027
2228053
2228077
2228081
2228089
2228101
2228113
2228117
2228119
2228123
2228137
2228143
2228153
2228159
2228167
2228183
2228189
2228201
2228209
2228221
2228243
2228299
2228321
2228323
2228329
2228333
2228341
2228351
2228383
2228393
2228407
2228417
2228423
2228431
2228437
2228449
2228483
2228507
2228509
2228519
2228521
2228531
2228533
2228543
2228549
2228573
2228591
2228657
2228659
2228663
2228687
2228711
2228713
2228731
2228741
2228747
2228753
2228771
2228777
2228783
2228797
2228813
2228867
2228893
2228923
2228927
2228939
2228959
2228971
2228981
2228983
2228987
2229037
2229041
2229043
2229083
2229089
2229103
2229107
2229113
2229119
2229121
2229133
2229167
2229169
2229239
2229247
2229263
2229277
2229299
2229307
2229313
2229319
2229349
2229371
2229379
2229389
2229391
2229407
2229419
2229467
2229473
2229497
2229503
2229523
2229527
2229541
2229547
2229569
2229581
2229587
2229589
2229599
2229653
2229659
2229673
2229683
2229691
2229697
2229701
2229713
2229767
2229769
2229779
2229791
2229793
2229809
2229823
2229833
2229853
2229863
2229883
2229889
2229893
2229917
2229943
2229959
2229967
2229971
2229991
2230001
2230021
2230051
2230061
2230069
2230079
2230093
2230097
2230117
2230121
2230133
2230139
2230147
2230153
2230157
2230159
2230177
2230219
2230243
2230253
2230301
2230309
2230331
2230339
2230351
2230409
2230411
2230433
2230439
2230457
2230469
2230483
2230493
2230511
2230513
2230531
2230541
2230549
2230561
2230577
2230583
2230589
2230597
2230633
2230639
2230643
2230663
2230673
2230691
2230699
2230721
2230727
2230759
2230777
2230783
2230801
2230819
2230829
2230861
2230867
2230871
2230873
2230939
2230951
2230979
2231011
2231027
2231051
2231059
2231077
2231087
2231093
2231107
2231129
2231149
2231171
2231209
2231219
2231269
2231279
2231293
2231297
2231309
2231311
2231329
2231351
2231357
2231371
2231381
2231389
2231407
2231413
2231423
2231429
2231431
2231447
2231461
2231477
2231479
2231491
2231501
2231519
2231533
2231587
2231591
2231599
2231609
2231617
2231623
2231627
2231653
2231681
2231687
2231707
2231711
2231717
2231731
2231737
2231767
2231773
2231791
2231809
2231819
2231821
2231833
2231839
2231843
2231849
2231857
2231861
2231881
2231891
2231909
2231941
2232017
2232023
2232037
2232053
2232059
2232071
2232107
2232133
2232157
2232161
2232179
2232193
2232199
2232203
2232221
2232229
2232257
2232271
2232281
2232317
2232323
2232337
2232353
2232379
2232401
2232421
2232427
2232437
2232463
2232487
2232493
2232509
2232511
2232523
2232551
2232569
2232583
2232613
2232653
2232673
2232677
2232701
2232749
2232751
2232761
2232773
2232779
2232781
2232793
2232809
2232821
2232827
2232833
2232847
2232859
2232869
2232887
2232889
2232907
2232929
2232931
2232941
2232959
2232991
2233003
2233019
2233031
2233039
2233057
2233079
2233081
2233117
2233123
2233129
2233183
2233199
2233201
2233207
2233213
2233223
2233243
2233247
2233267
2233303
2233331
2233337
2233373
2233379
2233381
2233391
2233397
2233403
2233417
2233433
2233459
2233471
2233481
2233489
2233499
2233501
2233513
2233523
2233529
2233531
2233537
2233541
2233547
2233571
2233573
2233597
2233601
2233607
2233631
2233657
2233709
2233711
2233717
2233723
2233739
2233747
2233753
2233757
2233787
2233793
2233843
2233859
2233867
2233877
2233879
2233901
2233909
2233927
2233937
2233939
2233951
2233961
2233969
2233993
2233999
2234009
2234017
2234033
2234069
2234081
2234107
2234117
2234119
2234129
2234143
2234149
2234159
2234161
2234179
2234207
2234209
2234227
2234233
2234251
2234261
2234269
2234303
2234317
2234329
2234339
2234341
2234417
2234431
2234437
2234447
2234471
2234483
2234501
2234503
2234513
2234539
2234543
2234549
2234563
2234579
2234587
2234591
2234593
2234597
2234621
2234629
2234671
2234677
2234681
2234693
2234699
2234707
2234717
2234719
2234741
2234789
2234797
2234809
2234833
2234849
2234863
2234899
2234923
2234927
2234929
2234959
2234971
2234983
2234993
2235031
2235043
2235047
2235049
2235067
2235083
2235091
2235127
2235137
2235139
2235161
2235199
2235221
2235227
2235229
2235239
2235251
2235257
2235271
2235283
2235287
2235307
2235319
2235323
2235329
2235341
2235353
2235377
2235383
2235403
2235427
2235437
2235469
2235491
2235509
2235511
2235539
2235547
2235553
2235557
2235587
2235599
2235617
2235631
2235637
2235641
2235647
2235661
2235671
2235677
2235683
2235707
2235731
2235733
2235767
2235773
2235791
2235797
2235803
2235809
2235811
2235829
2235841
2235847
2235851
2235859
2235869
2235887
2235907
2235941
2235943
2235949
2235971
2235973
2235997
2236001
2236007
2236009
2236049
2236051
2236057
2236079
2236081
2236097
2236111
2236121
2236133
2236139
2236153
2236183
2236187
2236189
2236207
2236217
2236237
2236249
2236261
2236279
2236327
2236331
2236349
2236363
2236369
2236373
2236397
2236417
2236457
2236477
2236483
2236489
2236499
2236511
2236517
2236519
2236573
2236583
2236603
2236627
2236651
2236657
2236667
2236693
2236697
2236709
2236711
2236733
2236747
2236769
2236771
2236781
2236807
2236823
2236831
2236873
2236879
2236901
2236907
2236921
2236943
2236951
2236981
2236987
2236999
2237009
2237051
2237071
2237107
2237113
2237119
2237129
2237143
2237159
2237167
2237171
2237189
2237219
2237267
2237293
2237309
2237317
2237327
2237369
2237381
2237393
2237399
2237401
2237413
2237429
2237447
2237461
2237467
2237479
2237491
2237503
2237507
2237519
2237527
2237531
2237537
2237551
2237561
2237563
2237567
2237581
2237617
2237629
2237671
2237689
2237701
2237743
2237747
2237771
2237773
2237783
2237789
2237813
2237861
2237899
2237909
2237927
2237933
2237941
2237951
2237957
2238011
2238013
2238023
2238043
2238053
2238079
2238091
2238109
2238113
2238127
2238161
2238163
2238179
2238209
2238211
2238217
2238233
2238239
2238259
2238277
2238287
2238289
2238311
2238319
2238323
2238347
2238359
2238361
2238377
2238391
2238413
2238419
2238421
2238473
2238487
2238491
2238527
2238529
2238557
2238569
2238571
2238589
2238619
2238631
2238647
2238653
2238661
2238673
2238703
2238707
2238721
2238749
2238757
2238763
2238767
2238779
2238787
2238791
2238799
2238809
2238811
2238823
2238931
2238937
2238947
2238953
2238959
2238961
2238989
2238997
2239001
2239007
2239009
2239031
2239049
2239057
2239063
2239103
2239123
2239141
2239147
2239157
2239201
2239213
2239217
2239219
2239229
2239231
2239247
2239253
2239301
2239309
2239319
2239327
2239331
2239333
2239357
2239361
2239373
2239387
2239417
2239453
2239459
2239519
2239537
2239541
2239561
2239577
2239591
2239607
2239639
2239649
2239651
2239667
2239687
2239703
2239709
2239711
2239723
2239747
2239751
2239753
2239759
2239793
2239807
2239847
2239883
2239889
2239933
2239949
2239957
2239961
2239987
2239997
2240003
2240023
2240027
2240057
2240071
2240083
2240089
2240101
2240111
2240113
2240137
2240159
2240191
2240197
2240201
2240213
2240267
2240291
2240299
2240317
2240321
2240323
2240341
2240351
2240369
2240377
2240389
2240431
2240449
2240471
2240477
2240479
2240489
2240507
2240531
2240533
2240551
2240573
2240593
2240597
2240629
2240633
2240647
2240657
2240659
2240663
2240669
2240699
2240701
2240723
2240731
2240737
2240741
2240747
2240759
2240779
2240789
2240807
2240809
2240827
2240837
2240839
2240851
2240857
2240863
2240891
2240941
2240951
2240963
2240977
There are 1241 prime numbers in S249.
