S25(21601~23400)
21601
21611
21613
21617
21647
21649
21661
21673
21683
21701
21713
21727
21737
21739
21751
21757
21767
21773
21787
21799
21803
21817
21821
21839
21841
21851
21859
21863
21871
21881
21893
21911
21929
21937
21943
21961
21977
21991
21997
22003
22013
22027
22031
22037
22039
22051
22063
22067
22073
22079
22091
22093
22109
22111
22123
22129
22133
22147
22153
22157
22159
22171
22189
22193
22229
22247
22259
22271
22273
22277
22279
22283
22291
22303
22307
22343
22349
22367
22369
22381
22391
22397
22409
22433
22441
22447
22453
22469
22481
22483
22501
22511
22531
22541
22543
22549
22567
22571
22573
22613
22619
22621
22637
22639
22643
22651
22669
22679
22691
22697
22699
22709
22717
22721
22727
22739
22741
22751
22769
22777
22783
22787
22807
22811
22817
22853
22859
22861
22871
22877
22901
22907
22921
22937
22943
22961
22963
22973
22993
23003
23011
23017
23021
23027
23029
23039
23041
23053
23057
23059
23063
23071
23081
23087
23099
23117
23131
23143
23159
23167
23173
23189
23197
23201
23203
23209
23227
23251
23269
23279
23291
23293
23297
23311
23321
23327
23333
23339
23357
23369
23371
23399
There are 182 prime numbers in S25.
