S250(2241001~2259000)
2241011
2241013
2241037
2241047
2241049
2241061
2241067
2241073
2241119
2241121
2241139
2241163
2241167
2241181
2241191
2241193
2241199
2241209
2241247
2241251
2241271
2241277
2241299
2241301
2241311
2241313
2241353
2241359
2241361
2241389
2241391
2241397
2241409
2241427
2241431
2241443
2241479
2241509
2241521
2241523
2241527
2241539
2241553
2241559
2241583
2241599
2241607
2241667
2241691
2241697
2241709
2241721
2241727
2241751
2241779
2241781
2241797
2241809
2241851
2241881
2241901
2241917
2241919
2241923
2241929
2241949
2241959
2241989
2242027
2242043
2242073
2242091
2242111
2242127
2242129
2242157
2242169
2242187
2242189
2242211
2242213
2242217
2242231
2242277
2242291
2242307
2242313
2242319
2242337
2242343
2242363
2242369
2242379
2242381
2242433
2242441
2242469
2242517
2242519
2242529
2242549
2242651
2242663
2242679
2242687
2242697
2242727
2242729
2242733
2242739
2242763
2242777
2242781
2242783
2242789
2242811
2242813
2242841
2242843
2242847
2242871
2242873
2242879
2242883
2242921
2242939
2242949
2242951
2242957
2242973
2242979
2242993
2243027
2243053
2243057
2243077
2243081
2243089
2243107
2243123
2243161
2243177
2243183
2243203
2243207
2243209
2243221
2243251
2243257
2243261
2243281
2243287
2243309
2243317
2243333
2243359
2243383
2243393
2243399
2243419
2243429
2243431
2243453
2243467
2243477
2243491
2243497
2243503
2243531
2243537
2243551
2243587
2243597
2243617
2243621
2243623
2243663
2243669
2243693
2243699
2243723
2243741
2243743
2243753
2243771
2243777
2243789
2243797
2243803
2243809
2243819
2243821
2243833
2243851
2243887
2243893
2243909
2243911
2243959
2243987
2244091
2244131
2244139
2244157
2244163
2244167
2244173
2244199
2244211
2244227
2244233
2244257
2244259
2244269
2244283
2244287
2244331
2244353
2244367
2244371
2244377
2244401
2244427
2244439
2244461
2244479
2244499
2244503
2244509
2244533
2244553
2244559
2244563
2244577
2244587
2244589
2244611
2244623
2244631
2244653
2244659
2244661
2244667
2244689
2244691
2244703
2244707
2244719
2244721
2244733
2244751
2244761
2244769
2244779
2244787
2244811
2244821
2244841
2244859
2244863
2244881
2244883
2244899
2244911
2244923
2244929
2244937
2244953
2244973
2245013
2245031
2245043
2245057
2245063
2245121
2245141
2245147
2245153
2245157
2245163
2245171
2245183
2245189
2245223
2245247
2245253
2245273
2245277
2245289
2245301
2245307
2245319
2245333
2245339
2245351
2245357
2245379
2245391
2245427
2245429
2245457
2245459
2245483
2245489
2245501
2245541
2245543
2245549
2245561
2245577
2245583
2245597
2245619
2245627
2245631
2245637
2245643
2245657
2245679
2245681
2245687
2245721
2245723
2245739
2245759
2245783
2245787
2245799
2245811
2245813
2245849
2245861
2245871
2245889
2245931
2245951
2245961
2245979
2245993
2246017
2246039
2246051
2246053
2246077
2246099
2246107
2246117
2246129
2246141
2246143
2246147
2246149
2246173
2246183
2246201
2246213
2246219
2246239
2246269
2246273
2246281
2246297
2246323
2246339
2246357
2246359
2246371
2246383
2246393
2246399
2246411
2246417
2246467
2246471
2246483
2246501
2246509
2246521
2246527
2246537
2246551
2246557
2246581
2246591
2246609
2246633
2246641
2246683
2246687
2246689
2246749
2246767
2246789
2246791
2246831
2246851
2246863
2246869
2246903
2246927
2246953
2246969
2246971
2246977
2246999
2247019
2247029
2247053
2247067
2247083
2247101
2247103
2247109
2247127
2247131
2247143
2247163
2247173
2247209
2247227
2247229
2247257
2247277
2247293
2247337
2247341
2247347
2247373
2247379
2247389
2247397
2247409
2247433
2247439
2247449
2247461
2247463
2247467
2247473
2247499
2247503
2247521
2247523
2247541
2247559
2247569
2247577
2247611
2247659
2247673
2247691
2247697
2247709
2247727
2247733
2247737
2247793
2247797
2247803
2247809
2247811
2247851
2247853
2247857
2247881
2247887
2247899
2247901
2247913
2247919
2247923
2247929
2247941
2247953
2247977
2247991
2248013
2248019
2248021
2248039
2248067
2248069
2248087
2248117
2248123
2248133
2248139
2248163
2248171
2248187
2248223
2248237
2248241
2248243
2248247
2248249
2248271
2248291
2248303
2248331
2248333
2248349
2248373
2248381
2248423
2248429
2248439
2248447
2248451
2248469
2248489
2248507
2248511
2248529
2248531
2248537
2248567
2248583
2248591
2248633
2248637
2248639
2248651
2248661
2248663
2248679
2248681
2248691
2248693
2248699
2248703
2248723
2248739
2248759
2248769
2248781
2248787
2248837
2248847
2248849
2248853
2248861
2248867
2248901
2248919
2248927
2248931
2248951
2248969
2248991
2248999
2249053
2249059
2249063
2249069
2249089
2249113
2249141
2249171
2249179
2249183
2249189
2249197
2249207
2249213
2249227
2249231
2249243
2249251
2249281
2249293
2249309
2249311
2249363
2249381
2249393
2249399
2249411
2249413
2249419
2249431
2249441
2249477
2249483
2249537
2249557
2249579
2249591
2249603
2249609
2249633
2249693
2249719
2249743
2249747
2249759
2249773
2249783
2249813
2249827
2249861
2249867
2249911
2249917
2249921
2249941
2249953
2249959
2249963
2249969
2249981
2249983
2249987
2250013
2250029
2250041
2250043
2250089
2250091
2250119
2250163
2250167
2250181
2250223
2250247
2250257
2250263
2250337
2250349
2250359
2250397
2250401
2250403
2250419
2250421
2250431
2250439
2250461
2250467
2250503
2250509
2250559
2250581
2250601
2250623
2250637
2250641
2250649
2250667
2250671
2250679
2250709
2250713
2250761
2250763
2250769
2250779
2250793
2250799
2250869
2250887
2250901
2250917
2250923
2250929
2250931
2250977
2250979
2251001
2251031
2251049
2251057
2251061
2251099
2251103
2251111
2251121
2251129
2251147
2251153
2251163
2251169
2251199
2251201
2251211
2251213
2251229
2251279
2251297
2251331
2251343
2251349
2251369
2251373
2251397
2251411
2251423
2251427
2251451
2251471
2251489
2251507
2251511
2251517
2251547
2251553
2251559
2251573
2251591
2251603
2251637
2251643
2251649
2251673
2251681
2251687
2251703
2251727
2251729
2251741
2251771
2251807
2251819
2251829
2251841
2251849
2251859
2251877
2251891
2251897
2251901
2251903
2251913
2251927
2251943
2251957
2251979
2251981
2251993
2252009
2252011
2252017
2252087
2252113
2252149
2252161
2252179
2252189
2252209
2252213
2252219
2252221
2252231
2252233
2252251
2252273
2252309
2252311
2252353
2252359
2252387
2252389
2252399
2252407
2252441
2252461
2252477
2252489
2252513
2252519
2252539
2252557
2252567
2252587
2252611
2252623
2252629
2252639
2252647
2252651
2252681
2252683
2252693
2252711
2252729
2252743
2252753
2252779
2252821
2252867
2252897
2252911
2252917
2252927
2252933
2252941
2252947
2252951
2252953
2252983
2253023
2253037
2253047
2253059
2253067
2253079
2253091
2253101
2253113
2253127
2253137
2253161
2253169
2253179
2253187
2253193
2253203
2253221
2253247
2253253
2253257
2253259
2253281
2253283
2253289
2253311
2253323
2253341
2253353
2253371
2253389
2253397
2253409
2253439
2253451
2253473
2253479
2253481
2253487
2253491
2253497
2253499
2253521
2253539
2253547
2253551
2253557
2253599
2253617
2253637
2253649
2253653
2253659
2253683
2253703
2253709
2253721
2253739
2253749
2253763
2253773
2253803
2253821
2253827
2253833
2253841
2253847
2253857
2253863
2253871
2253887
2253899
2253919
2253941
2253959
2253971
2253973
2253997
2254033
2254067
2254079
2254093
2254097
2254099
2254111
2254121
2254129
2254157
2254159
2254177
2254201
2254211
2254223
2254243
2254247
2254267
2254283
2254297
2254309
2254327
2254403
2254409
2254411
2254451
2254457
2254477
2254493
2254501
2254507
2254513
2254517
2254531
2254541
2254579
2254589
2254601
2254607
2254627
2254643
2254649
2254657
2254687
2254691
2254697
2254729
2254757
2254771
2254781
2254783
2254789
2254793
2254799
2254801
2254831
2254849
2254853
2254871
2254873
2254907
2254927
2254933
2254937
2254951
2254961
2254969
2255003
2255009
2255021
2255023
2255063
2255083
2255089
2255093
2255111
2255119
2255131
2255147
2255159
2255161
2255191
2255233
2255249
2255251
2255257
2255263
2255269
2255291
2255299
2255303
2255321
2255333
2255381
2255387
2255399
2255411
2255419
2255437
2255447
2255459
2255489
2255501
2255507
2255549
2255551
2255567
2255569
2255573
2255581
2255609
2255621
2255639
2255657
2255663
2255677
2255681
2255717
2255723
2255731
2255749
2255753
2255761
2255767
2255783
2255797
2255821
2255833
2255837
2255867
2255887
2255899
2255947
2255959
2255969
2255971
2255987
2255989
2255999
2256013
2256017
2256029
2256031
2256043
2256049
2256073
2256097
2256119
2256127
2256131
2256169
2256173
2256179
2256181
2256197
2256217
2256227
2256251
2256259
2256281
2256299
2256311
2256313
2256341
2256343
2256347
2256349
2256361
2256367
2256377
2256379
2256389
2256413
2256431
2256437
2256467
2256469
2256473
2256479
2256533
2256539
2256557
2256559
2256571
2256601
2256613
2256619
2256623
2256629
2256637
2256673
2256677
2256689
2256697
2256703
2256713
2256721
2256731
2256739
2256743
2256781
2256791
2256811
2256823
2256827
2256841
2256847
2256851
2256857
2256887
2256901
2256911
2256913
2256923
2256931
2256959
2256973
2257001
2257007
2257049
2257051
2257069
2257097
2257103
2257117
2257121
2257139
2257169
2257187
2257193
2257207
2257237
2257247
2257291
2257301
2257309
2257313
2257319
2257361
2257373
2257391
2257397
2257403
2257439
2257441
2257471
2257483
2257487
2257511
2257529
2257531
2257547
2257553
2257559
2257571
2257579
2257597
2257609
2257639
2257643
2257649
2257667
2257687
2257691
2257693
2257709
2257721
2257733
2257757
2257763
2257771
2257781
2257799
2257813
2257819
2257837
2257859
2257861
2257867
2257873
2257877
2257883
2257909
2257939
2257943
2257949
2257961
2257987
2258023
2258029
2258033
2258041
2258083
2258111
2258119
2258129
2258149
2258167
2258173
2258177
2258183
2258203
2258213
2258227
2258233
2258251
2258261
2258273
2258279
2258287
2258299
2258323
2258327
2258329
2258339
2258351
2258357
2258363
2258387
2258407
2258419
2258429
2258437
2258447
2258453
2258479
2258483
2258519
2258521
2258527
2258539
2258561
2258573
2258593
2258617
2258621
2258639
2258651
2258653
2258657
2258713
2258717
2258741
2258743
2258779
2258783
2258791
2258803
2258819
2258821
2258827
2258831
2258843
2258863
2258873
2258903
2258917
2258947
2258953
2258969
2258981
2258987
There are 1240 prime numbers in S250.
