S251(2259001~2277072)
2259029
2259031
2259041
2259053
2259097
2259121
2259133
2259137
2259139
2259143
2259161
2259197
2259199
2259211
2259217
2259239
2259241
2259281
2259289
2259293
2259329
2259353
2259371
2259377
2259391
2259403
2259407
2259437
2259449
2259493
2259503
2259527
2259529
2259539
2259557
2259571
2259581
2259601
2259629
2259643
2259671
2259703
2259707
2259731
2259739
2259769
2259781
2259791
2259811
2259823
2259833
2259847
2259853
2259863
2259871
2259889
2259913
2259919
2259937
2259949
2259967
2260009
2260019
2260039
2260051
2260061
2260067
2260081
2260087
2260127
2260151
2260157
2260163
2260169
2260171
2260177
2260189
2260211
2260217
2260229
2260249
2260253
2260267
2260273
2260301
2260309
2260327
2260331
2260343
2260351
2260369
2260387
2260393
2260403
2260409
2260421
2260429
2260451
2260457
2260483
2260493
2260499
2260501
2260519
2260523
2260529
2260547
2260549
2260561
2260567
2260571
2260603
2260627
2260631
2260633
2260649
2260651
2260673
2260681
2260691
2260717
2260723
2260729
2260733
2260759
2260763
2260771
2260787
2260789
2260793
2260801
2260823
2260859
2260879
2260889
2260891
2260903
2260913
2260919
2260961
2260967
2261009
2261023
2261041
2261053
2261071
2261093
2261099
2261111
2261117
2261131
2261143
2261173
2261177
2261197
2261213
2261219
2261227
2261267
2261269
2261297
2261309
2261353
2261377
2261393
2261407
2261447
2261461
2261471
2261473
2261503
2261509
2261531
2261549
2261557
2261569
2261573
2261587
2261591
2261599
2261603
2261617
2261621
2261639
2261653
2261689
2261713
2261717
2261737
2261771
2261789
2261801
2261803
2261807
2261827
2261837
2261839
2261851
2261863
2261887
2261891
2261911
2261927
2261933
2261993
2262017
2262031
2262049
2262053
2262061
2262067
2262103
2262133
2262149
2262191
2262209
2262223
2262229
2262233
2262269
2262313
2262329
2262353
2262361
2262367
2262391
2262397
2262409
2262413
2262437
2262443
2262451
2262457
2262461
2262467
2262499
2262521
2262529
2262541
2262563
2262569
2262593
2262619
2262629
2262641
2262643
2262679
2262713
2262727
2262761
2262769
2262811
2262817
2262823
2262833
2262847
2262851
2262857
2262859
2262877
2262889
2262937
2262959
2262971
2262973
2262977
2262979
2263007
2263061
2263067
2263069
2263081
2263087
2263099
2263117
2263139
2263141
2263169
2263171
2263201
2263213
2263229
2263237
2263243
2263249
2263273
2263307
2263319
2263321
2263357
2263369
2263381
2263411
2263423
2263427
2263433
2263439
2263441
2263447
2263463
2263483
2263507
2263517
2263519
2263531
2263553
2263559
2263561
2263579
2263619
2263627
2263633
2263643
2263687
2263691
2263699
2263721
2263739
2263741
2263753
2263759
2263763
2263777
2263787
2263801
2263817
2263829
2263841
2263843
2263847
2263861
2263879
2263901
2263909
2263927
2263931
2263939
2263957
2263969
2264027
2264057
2264069
2264081
2264089
2264099
2264113
2264149
2264153
2264161
2264177
2264183
2264191
2264201
2264203
2264231
2264239
2264267
2264279
2264293
2264299
2264309
2264321
2264329
2264341
2264347
2264351
2264357
2264359
2264393
2264429
2264443
2264453
2264467
2264497
2264501
2264513
2264539
2264543
2264551
2264567
2264569
2264573
2264593
2264599
2264609
2264611
2264617
2264623
2264627
2264641
2264657
2264683
2264699
2264707
2264719
2264737
2264749
2264753
2264761
2264771
2264777
2264797
2264803
2264809
2264827
2264831
2264839
2264861
2264863
2264897
2264903
2264917
2264923
2264957
2264959
2265001
2265019
2265049
2265079
2265101
2265143
2265149
2265163
2265173
2265223
2265239
2265269
2265271
2265287
2265323
2265331
2265371
2265377
2265391
2265413
2265421
2265433
2265443
2265463
2265467
2265469
2265493
2265499
2265517
2265521
2265551
2265581
2265587
2265589
2265611
2265623
2265631
2265643
2265647
2265671
2265677
2265721
2265727
2265737
2265749
2265751
2265761
2265779
2265793
2265797
2265841
2265869
2265877
2265881
2265899
2265911
2265941
2265943
2265953
2265979
2266003
2266021
2266027
2266037
2266039
2266063
2266067
2266079
2266087
2266093
2266097
2266109
2266129
2266133
2266157
2266163
2266177
2266183
2266217
2266223
2266237
2266247
2266267
2266283
2266289
2266291
2266307
2266331
2266337
2266343
2266403
2266427
2266447
2266463
2266469
2266471
2266477
2266493
2266499
2266501
2266507
2266519
2266531
2266549
2266571
2266591
2266601
2266619
2266631
2266633
2266637
2266639
2266679
2266697
2266709
2266711
2266717
2266739
2266753
2266769
2266777
2266783
2266787
2266801
2266829
2266837
2266861
2266883
2266897
2266907
2266921
2266961
2266973
2266981
2266991
2266993
2267011
2267029
2267047
2267051
2267053
2267071
2267093
2267117
2267129
2267131
2267141
2267143
2267149
2267159
2267189
2267197
2267203
2267219
2267227
2267231
2267257
2267263
2267281
2267297
2267299
2267303
2267381
2267383
2267399
2267407
2267413
2267417
2267483
2267497
2267509
2267521
2267533
2267543
2267549
2267561
2267563
2267591
2267611
2267623
2267633
2267653
2267663
2267677
2267701
2267719
2267723
2267729
2267737
2267773
2267791
2267801
2267807
2267813
2267827
2267831
2267873
2267879
2267911
2267917
2267921
2267933
2267971
2267977
2267981
2267983
2268001
2268031
2268043
2268067
2268073
2268083
2268103
2268131
2268139
2268143
2268193
2268197
2268199
2268209
2268221
2268223
2268229
2268247
2268257
2268263
2268269
2268271
2268281
2268289
2268317
2268319
2268323
2268337
2268377
2268389
2268397
2268403
2268437
2268443
2268449
2268451
2268481
2268503
2268517
2268547
2268557
2268577
2268587
2268589
2268593
2268631
2268647
2268649
2268659
2268671
2268677
2268691
2268719
2268779
2268793
2268829
2268839
2268841
2268853
2268863
2268869
2268887
2268919
2268941
2268943
2268949
2268977
2268979
2268991
2268997
2269009
2269027
2269031
2269039
2269049
2269061
2269079
2269087
2269097
2269103
2269129
2269133
2269159
2269171
2269181
2269217
2269219
2269237
2269273
2269277
2269283
2269307
2269327
2269331
2269339
2269343
2269349
2269361
2269409
2269429
2269439
2269441
2269447
2269451
2269457
2269459
2269481
2269499
2269507
2269529
2269537
2269601
2269613
2269621
2269633
2269639
2269661
2269699
2269711
2269733
2269739
2269763
2269769
2269777
2269807
2269819
2269829
2269843
2269849
2269853
2269867
2269877
2269879
2269889
2269901
2269903
2269909
2269931
2269961
2269973
2269991
2270003
2270011
2270071
2270111
2270113
2270117
2270131
2270137
2270141
2270153
2270159
2270171
2270173
2270179
2270183
2270201
2270239
2270249
2270251
2270263
2270267
2270269
2270297
2270309
2270311
2270321
2270327
2270339
2270341
2270383
2270393
2270407
2270413
2270423
2270441
2270447
2270449
2270459
2270483
2270507
2270531
2270549
2270551
2270591
2270599
2270627
2270641
2270659
2270663
2270669
2270677
2270683
2270687
2270689
2270693
2270713
2270717
2270759
2270771
2270773
2270777
2270791
2270803
2270837
2270839
2270893
2270897
2270921
2270929
2270941
2270953
2270977
2270981
2270987
2271001
2271011
2271037
2271041
2271053
2271067
2271083
2271107
2271119
2271133
2271151
2271161
2271163
2271221
2271223
2271229
2271239
2271257
2271263
2271271
2271281
2271287
2271301
2271307
2271337
2271341
2271343
2271349
2271377
2271383
2271391
2271397
2271403
2271407
2271419
2271427
2271433
2271439
2271443
2271473
2271481
2271497
2271499
2271551
2271553
2271569
2271571
2271593
2271613
2271637
2271673
2271679
2271683
2271721
2271743
2271749
2271751
2271767
2271781
2271791
2271799
2271817
2271821
2271827
2271859
2271869
2271877
2271881
2271883
2271901
2271923
2271937
2271953
2271967
2271977
2271989
2272013
2272019
2272073
2272079
2272087
2272103
2272117
2272129
2272141
2272177
2272183
2272187
2272199
2272201
2272211
2272217
2272219
2272223
2272241
2272253
2272273
2272297
2272301
2272313
2272321
2272337
2272351
2272357
2272379
2272397
2272409
2272427
2272451
2272453
2272463
2272471
2272483
2272493
2272499
2272513
2272519
2272537
2272547
2272549
2272559
2272597
2272603
2272619
2272631
2272649
2272657
2272667
2272691
2272727
2272729
2272733
2272757
2272771
2272811
2272819
2272843
2272859
2272861
2272903
2272931
2272939
2272943
2272957
2272973
2272987
2272993
2272997
2273017
2273041
2273059
2273069
2273071
2273077
2273083
2273101
2273119
2273143
2273153
2273171
2273209
2273213
2273231
2273239
2273267
2273273
2273279
2273303
2273309
2273311
2273333
2273351
2273357
2273363
2273399
2273431
2273443
2273449
2273459
2273471
2273477
2273489
2273497
2273501
2273503
2273507
2273533
2273543
2273549
2273561
2273567
2273569
2273599
2273603
2273651
2273659
2273669
2273671
2273693
2273701
2273729
2273743
2273759
2273771
2273783
2273807
2273827
2273833
2273851
2273867
2273911
2273923
2273927
2273959
2273963
2273981
2273989
2273993
2274007
2274011
2274017
2274031
2274049
2274089
2274101
2274109
2274121
2274127
2274143
2274149
2274163
2274203
2274221
2274241
2274247
2274257
2274269
2274271
2274287
2274289
2274329
2274341
2274347
2274361
2274367
2274407
2274409
2274421
2274451
2274463
2274469
2274473
2274479
2274487
2274491
2274497
2274511
2274521
2274523
2274541
2274551
2274589
2274593
2274599
2274641
2274653
2274667
2274683
2274689
2274691
2274703
2274709
2274733
2274739
2274761
2274763
2274793
2274809
2274817
2274827
2274841
2274859
2274887
2274893
2274901
2274913
2274917
2274931
2274949
2274959
2274971
2274977
2275027
2275043
2275057
2275067
2275103
2275139
2275151
2275171
2275187
2275199
2275201
2275211
2275219
2275243
2275271
2275283
2275289
2275303
2275309
2275313
2275319
2275327
2275333
2275349
2275363
2275391
2275393
2275409
2275423
2275439
2275447
2275451
2275457
2275477
2275513
2275529
2275531
2275549
2275561
2275583
2275591
2275607
2275613
2275619
2275633
2275639
2275657
2275667
2275681
2275697
2275703
2275723
2275733
2275747
2275769
2275771
2275813
2275831
2275837
2275843
2275853
2275859
2275879
2275913
2275937
2275961
2275993
2276041
2276059
2276077
2276081
2276089
2276101
2276107
2276117
2276137
2276167
2276171
2276179
2276201
2276231
2276233
2276243
2276251
2276269
2276293
2276303
2276311
2276357
2276369
2276383
2276389
2276399
2276401
2276411
2276429
2276431
2276467
2276503
2276513
2276537
2276551
2276557
2276567
2276579
2276591
2276629
2276669
2276693
2276699
2276707
2276723
2276737
2276741
2276749
2276753
2276779
2276783
2276809
2276849
2276867
2276873
2276909
2276921
2276951
2276957
2276969
2276999
2277001
2277013
2277047
2277061
2277071
There are 1261 prime numbers in S251.
