S252(2277073~2295216)
2277083
2277097
2277101
2277113
2277127
2277139
2277179
2277211
2277221
2277259
2277287
2277307
2277311
2277329
2277343
2277349
2277367
2277377
2277383
2277389
2277403
2277413
2277469
2277481
2277487
2277493
2277503
2277521
2277547
2277551
2277553
2277571
2277607
2277617
2277619
2277629
2277637
2277641
2277647
2277659
2277661
2277703
2277727
2277731
2277733
2277767
2277797
2277809
2277811
2277817
2277823
2277827
2277833
2277841
2277857
2277859
2277871
2277883
2277889
2277901
2277907
2277917
2277941
2278007
2278019
2278021
2278027
2278033
2278063
2278069
2278079
2278091
2278093
2278109
2278117
2278121
2278139
2278141
2278181
2278189
2278207
2278217
2278229
2278249
2278259
2278261
2278277
2278291
2278301
2278303
2278307
2278313
2278343
2278361
2278379
2278421
2278429
2278453
2278477
2278481
2278487
2278517
2278519
2278543
2278553
2278631
2278637
2278643
2278649
2278681
2278691
2278693
2278709
2278729
2278747
2278753
2278769
2278807
2278811
2278813
2278823
2278831
2278847
2278877
2278891
2278943
2278949
2278961
2278963
2278967
2278979
2278981
2279009
2279033
2279041
2279051
2279063
2279083
2279087
2279113
2279117
2279119
2279141
2279153
2279161
2279239
2279243
2279257
2279261
2279281
2279293
2279317
2279339
2279351
2279353
2279363
2279393
2279401
2279413
2279419
2279423
2279447
2279467
2279471
2279489
2279491
2279527
2279539
2279567
2279569
2279591
2279611
2279617
2279633
2279653
2279657
2279663
2279687
2279707
2279741
2279743
2279749
2279759
2279773
2279807
2279813
2279839
2279843
2279857
2279869
2279897
2279899
2279911
2279933
2279993
2280011
2280029
2280041
2280053
2280071
2280073
2280079
2280097
2280107
2280127
2280163
2280167
2280169
2280191
2280203
2280221
2280253
2280283
2280287
2280293
2280319
2280331
2280337
2280359
2280367
2280401
2280403
2280407
2280413
2280433
2280451
2280463
2280469
2280497
2280503
2280517
2280521
2280547
2280559
2280587
2280623
2280631
2280637
2280661
2280667
2280671
2280673
2280683
2280689
2280709
2280767
2280823
2280827
2280833
2280847
2280857
2280869
2280899
2280911
2280917
2280947
2280959
2280977
2280983
2280989
2281001
2281003
2281033
2281039
2281057
2281061
2281079
2281093
2281099
2281109
2281127
2281151
2281183
2281189
2281207
2281211
2281219
2281229
2281231
2281243
2281249
2281267
2281277
2281291
2281297
2281313
2281327
2281361
2281373
2281379
2281381
2281403
2281429
2281481
2281493
2281529
2281567
2281571
2281579
2281607
2281619
2281651
2281661
2281663
2281667
2281673
2281687
2281711
2281717
2281739
2281751
2281771
2281777
2281781
2281789
2281793
2281813
2281823
2281831
2281861
2281883
2281891
2281913
2281921
2281973
2281987
2282017
2282023
2282041
2282047
2282057
2282069
2282081
2282089
2282099
2282141
2282149
2282173
2282201
2282207
2282243
2282249
2282257
2282281
2282303
2282321
2282323
2282333
2282341
2282381
2282383
2282393
2282407
2282431
2282447
2282453
2282459
2282473
2282477
2282509
2282513
2282521
2282537
2282549
2282587
2282597
2282617
2282627
2282647
2282653
2282699
2282711
2282719
2282737
2282759
2282767
2282801
2282807
2282849
2282867
2282897
2282899
2282923
2282941
2282963
2282971
2282989
2283013
2283019
2283031
2283037
2283067
2283077
2283091
2283109
2283137
2283139
2283191
2283227
2283301
2283313
2283317
2283319
2283361
2283377
2283403
2283409
2283419
2283433
2283443
2283451
2283493
2283497
2283499
2283511
2283539
2283551
2283563
2283571
2283581
2283583
2283623
2283637
2283649
2283679
2283691
2283703
2283707
2283709
2283719
2283727
2283731
2283733
2283737
2283803
2283833
2283839
2283851
2283881
2283887
2283889
2283893
2283907
2283917
2283937
2283943
2283947
2283991
2283997
2284003
2284013
2284019
2284027
2284033
2284043
2284057
2284109
2284133
2284147
2284157
2284181
2284207
2284211
2284213
2284223
2284229
2284241
2284277
2284279
2284327
2284339
2284357
2284367
2284369
2284379
2284391
2284423
2284441
2284481
2284487
2284489
2284493
2284501
2284537
2284549
2284573
2284589
2284631
2284637
2284663
2284673
2284679
2284687
2284691
2284697
2284703
2284757
2284831
2284837
2284859
2284871
2284873
2284879
2284913
2284937
2284943
2284949
2284951
2284957
2284963
2285039
2285047
2285057
2285069
2285071
2285099
2285131
2285141
2285147
2285159
2285161
2285167
2285189
2285219
2285221
2285237
2285249
2285251
2285267
2285273
2285279
2285291
2285317
2285323
2285329
2285333
2285347
2285357
2285359
2285363
2285369
2285389
2285399
2285401
2285443
2285447
2285473
2285477
2285489
2285509
2285513
2285551
2285581
2285587
2285597
2285623
2285629
2285639
2285641
2285653
2285659
2285669
2285677
2285683
2285711
2285741
2285743
2285747
2285779
2285797
2285813
2285821
2285861
2285863
2285869
2285891
2285893
2285911
2285917
2285929
2285951
2285953
2285957
2285977
2285981
2286013
2286017
2286047
2286059
2286083
2286091
2286139
2286149
2286169
2286173
2286187
2286197
2286199
2286203
2286233
2286239
2286257
2286293
2286301
2286307
2286373
2286377
2286379
2286437
2286443
2286457
2286469
2286481
2286491
2286511
2286523
2286527
2286533
2286553
2286577
2286589
2286601
2286617
2286623
2286629
2286649
2286659
2286671
2286701
2286749
2286763
2286773
2286787
2286793
2286797
2286799
2286803
2286827
2286833
2286841
2286847
2286877
2286881
2286883
2286953
2286961
2286979
2286983
2286989
2287009
2287013
2287031
2287039
2287057
2287063
2287069
2287093
2287099
2287111
2287121
2287133
2287171
2287177
2287183
2287193
2287199
2287223
2287237
2287247
2287249
2287261
2287279
2287283
2287289
2287291
2287301
2287319
2287343
2287381
2287387
2287393
2287409
2287421
2287423
2287463
2287477
2287487
2287501
2287507
2287529
2287531
2287547
2287559
2287577
2287591
2287613
2287627
2287633
2287661
2287667
2287669
2287679
2287687
2287699
2287739
2287777
2287807
2287811
2287823
2287861
2287871
2287891
2287921
2287931
2287937
2287951
2287963
2287973
2287991
2287993
2288003
2288009
2288029
2288051
2288057
2288059
2288089
2288107
2288119
2288123
2288161
2288173
2288207
2288213
2288239
2288243
2288249
2288257
2288261
2288263
2288267
2288281
2288287
2288291
2288323
2288347
2288359
2288369
2288399
2288441
2288449
2288467
2288471
2288479
2288509
2288527
2288563
2288581
2288597
2288603
2288633
2288641
2288677
2288681
2288687
2288711
2288719
2288723
2288731
2288747
2288749
2288771
2288773
2288801
2288807
2288809
2288821
2288831
2288833
2288843
2288849
2288861
2288879
2288887
2288893
2288927
2288929
2288939
2288953
2289013
2289031
2289037
2289059
2289073
2289083
2289127
2289143
2289149
2289151
2289163
2289179
2289181
2289193
2289197
2289211
2289233
2289239
2289247
2289251
2289263
2289281
2289349
2289359
2289379
2289401
2289409
2289431
2289433
2289437
2289461
2289467
2289473
2289503
2289571
2289583
2289593
2289601
2289641
2289643
2289647
2289649
2289659
2289667
2289689
2289697
2289739
2289743
2289751
2289761
2289767
2289773
2289779
2289803
2289817
2289829
2289839
2289841
2289863
2289871
2289901
2289919
2289923
2289929
2289943
2289953
2289961
2289979
2290003
2290007
2290021
2290031
2290033
2290037
2290039
2290049
2290069
2290081
2290091
2290097
2290117
2290139
2290147
2290151
2290153
2290177
2290181
2290207
2290213
2290231
2290243
2290259
2290283
2290339
2290369
2290403
2290423
2290429
2290441
2290459
2290471
2290493
2290499
2290511
2290517
2290523
2290537
2290543
2290571
2290573
2290591
2290609
2290619
2290627
2290637
2290643
2290649
2290703
2290721
2290727
2290747
2290751
2290789
2290817
2290829
2290831
2290843
2290861
2290889
2290901
2290907
2290927
2290933
2290943
2290969
2290973
2290979
2290987
2290991
2290999
2291017
2291033
2291041
2291063
2291119
2291131
2291143
2291167
2291183
2291189
2291197
2291213
2291227
2291231
2291239
2291257
2291269
2291273
2291281
2291287
2291327
2291347
2291351
2291353
2291369
2291389
2291417
2291437
2291459
2291477
2291479
2291491
2291539
2291557
2291563
2291567
2291573
2291581
2291591
2291623
2291629
2291657
2291659
2291677
2291683
2291699
2291717
2291747
2291749
2291797
2291801
2291803
2291827
2291851
2291867
2291893
2291903
2291909
2291911
2291917
2291921
2291929
2291959
2291963
2291983
2291987
2291999
2292001
2292041
2292053
2292071
2292079
2292083
2292119
2292133
2292163
2292167
2292181
2292193
2292221
2292239
2292253
2292259
2292289
2292299
2292307
2292317
2292337
2292347
2292359
2292361
2292371
2292391
2292403
2292413
2292427
2292439
2292449
2292457
2292461
2292463
2292469
2292491
2292497
2292509
2292523
2292529
2292533
2292541
2292547
2292593
2292601
2292607
2292623
2292643
2292691
2292701
2292713
2292733
2292737
2292751
2292767
2292781
2292793
2292809
2292859
2292869
2292877
2292881
2292887
2292919
2292923
2292947
2292949
2292959
2292967
2293013
2293037
2293063
2293069
2293103
2293111
2293121
2293127
2293139
2293141
2293157
2293183
2293199
2293219
2293231
2293267
2293273
2293301
2293303
2293309
2293321
2293327
2293367
2293391
2293393
2293397
2293427
2293439
2293463
2293481
2293483
2293531
2293541
2293549
2293559
2293567
2293579
2293591
2293631
2293633
2293637
2293649
2293673
2293693
2293703
2293723
2293727
2293729
2293751
2293757
2293771
2293777
2293789
2293799
2293801
2293817
2293829
2293831
2293847
2293849
2293867
2293877
2293883
2293891
2293901
2293919
2293937
2293957
2293961
2293981
2294009
2294011
2294021
2294051
2294053
2294057
2294059
2294077
2294113
2294137
2294141
2294177
2294209
2294221
2294249
2294251
2294261
2294267
2294291
2294309
2294311
2294321
2294359
2294363
2294377
2294387
2294419
2294429
2294431
2294449
2294477
2294489
2294491
2294519
2294533
2294627
2294659
2294671
2294689
2294693
2294707
2294723
2294731
2294767
2294771
2294783
2294797
2294807
2294819
2294827
2294833
2294843
2294861
2294879
2294891
2294911
2294921
2294939
2294977
2294987
2294993
2295001
2295011
2295019
2295053
2295061
2295071
2295077
2295079
2295103
2295107
2295113
2295121
2295131
2295169
2295173
2295179
There are 1212 prime numbers in S252.
