S253(2295217~2313432)
2295233
2295253
2295259
2295269
2295281
2295301
2295313
2295329
2295341
2295361
2295367
2295389
2295401
2295407
2295451
2295473
2295479
2295481
2295509
2295521
2295533
2295539
2295541
2295547
2295551
2295569
2295583
2295593
2295619
2295647
2295659
2295673
2295677
2295691
2295703
2295719
2295721
2295743
2295763
2295773
2295793
2295803
2295817
2295823
2295841
2295859
2295869
2295911
2295913
2295919
2295947
2295949
2295971
2295989
2296001
2296009
2296027
2296039
2296057
2296061
2296079
2296081
2296097
2296117
2296127
2296163
2296171
2296187
2296213
2296219
2296237
2296247
2296271
2296277
2296351
2296363
2296367
2296381
2296433
2296447
2296487
2296517
2296519
2296529
2296571
2296577
2296621
2296633
2296643
2296661
2296687
2296691
2296699
2296727
2296729
2296733
2296741
2296747
2296781
2296783
2296787
2296807
2296813
2296817
2296837
2296867
2296871
2296873
2296907
2296909
2296913
2296919
2296939
2296963
2296979
2296999
2297011
2297021
2297027
2297039
2297041
2297051
2297059
2297093
2297101
2297137
2297149
2297153
2297203
2297213
2297221
2297231
2297249
2297257
2297291
2297297
2297311
2297327
2297333
2297341
2297359
2297369
2297371
2297387
2297411
2297429
2297437
2297473
2297479
2297483
2297509
2297521
2297543
2297573
2297587
2297591
2297593
2297597
2297653
2297657
2297671
2297693
2297707
2297717
2297719
2297731
2297741
2297747
2297749
2297759
2297761
2297777
2297797
2297807
2297819
2297843
2297849
2297857
2297863
2297881
2297887
2297903
2297909
2297923
2297951
2297957
2297969
2297983
2297987
2298007
2298011
2298013
2298019
2298029
2298041
2298059
2298071
2298073
2298089
2298097
2298103
2298119
2298139
2298143
2298151
2298161
2298193
2298203
2298209
2298211
2298223
2298293
2298311
2298313
2298343
2298377
2298379
2298389
2298391
2298397
2298409
2298427
2298469
2298481
2298493
2298503
2298577
2298589
2298599
2298607
2298613
2298631
2298641
2298661
2298671
2298679
2298683
2298691
2298707
2298713
2298719
2298731
2298749
2298761
2298763
2298787
2298833
2298839
2298841
2298853
2298869
2298871
2298887
2298889
2298937
2298949
2298953
2298973
2298977
2298983
2299001
2299021
2299039
2299049
2299079
2299093
2299111
2299117
2299139
2299147
2299159
2299163
2299169
2299189
2299229
2299249
2299259
2299303
2299309
2299313
2299327
2299337
2299357
2299387
2299391
2299397
2299433
2299447
2299463
2299469
2299481
2299483
2299489
2299499
2299519
2299523
2299529
2299541
2299547
2299553
2299571
2299601
2299603
2299637
2299651
2299657
2299667
2299697
2299711
2299727
2299733
2299753
2299763
2299771
2299783
2299789
2299823
2299837
2299841
2299867
2299873
2299901
2299907
2299919
2299933
2299937
2299939
2299949
2299951
2299963
2300003
2300017
2300021
2300029
2300047
2300057
2300063
2300071
2300087
2300131
2300143
2300149
2300153
2300167
2300173
2300189
2300201
2300203
2300209
2300239
2300261
2300267
2300269
2300279
2300281
2300297
2300317
2300323
2300357
2300377
2300399
2300413
2300429
2300443
2300447
2300489
2300497
2300513
2300527
2300531
2300563
2300581
2300591
2300609
2300611
2300651
2300659
2300671
2300689
2300693
2300707
2300719
2300731
2300747
2300761
2300777
2300803
2300813
2300819
2300833
2300839
2300861
2300869
2300891
2300911
2300923
2300927
2300951
2300953
2300959
2300971
2300983
2300999
2301011
2301017
2301023
2301029
2301031
2301041
2301049
2301077
2301097
2301107
2301119
2301151
2301163
2301193
2301197
2301199
2301209
2301217
2301227
2301241
2301251
2301259
2301269
2301281
2301283
2301287
2301293
2301301
2301319
2301361
2301389
2301401
2301407
2301421
2301461
2301473
2301479
2301491
2301493
2301499
2301503
2301521
2301547
2301569
2301571
2301581
2301589
2301599
2301601
2301619
2301623
2301683
2301703
2301707
2301709
2301727
2301743
2301757
2301779
2301787
2301797
2301811
2301821
2301829
2301841
2301847
2301857
2301877
2301883
2301889
2301899
2301941
2301973
2301977
2301989
2301997
2302009
2302019
2302043
2302051
2302067
2302087
2302099
2302117
2302151
2302159
2302169
2302217
2302219
2302229
2302243
2302253
2302283
2302291
2302301
2302303
2302309
2302331
2302343
2302367
2302379
2302381
2302387
2302403
2302411
2302441
2302451
2302453
2302471
2302481
2302511
2302523
2302537
2302543
2302561
2302579
2302609
2302631
2302661
2302679
2302681
2302709
2302717
2302753
2302757
2302787
2302793
2302799
2302841
2302879
2302889
2302907
2302913
2302969
2302981
2302987
2302999
2303003
2303017
2303029
2303057
2303089
2303117
2303129
2303137
2303153
2303159
2303173
2303179
2303219
2303227
2303239
2303251
2303263
2303293
2303297
2303303
2303309
2303321
2303359
2303377
2303387
2303407
2303437
2303461
2303471
2303489
2303501
2303513
2303531
2303533
2303563
2303569
2303573
2303591
2303593
2303597
2303599
2303621
2303627
2303629
2303663
2303669
2303677
2303681
2303701
2303713
2303723
2303729
2303753
2303767
2303779
2303783
2303797
2303803
2303843
2303849
2303867
2303923
2303927
2303947
2303971
2303981
2303989
2303999
2304011
2304017
2304019
2304023
2304037
2304053
2304059
2304089
2304097
2304103
2304139
2304157
2304179
2304191
2304217
2304223
2304229
2304233
2304251
2304257
2304271
2304283
2304287
2304307
2304317
2304319
2304343
2304349
2304373
2304389
2304403
2304443
2304451
2304461
2304479
2304521
2304527
2304541
2304553
2304559
2304563
2304581
2304593
2304607
2304611
2304629
2304637
2304647
2304689
2304691
2304721
2304727
2304749
2304773
2304781
2304787
2304791
2304793
2304803
2304823
2304839
2304851
2304857
2304893
2304901
2304931
2304937
2304961
2304997
2305003
2305027
2305049
2305091
2305103
2305109
2305111
2305117
2305133
2305153
2305169
2305271
2305279
2305291
2305301
2305321
2305333
2305337
2305339
2305351
2305357
2305361
2305363
2305393
2305409
2305411
2305463
2305481
2305483
2305487
2305549
2305607
2305609
2305613
2305621
2305627
2305637
2305643
2305649
2305651
2305691
2305711
2305733
2305747
2305753
2305763
2305777
2305781
2305837
2305883
2305889
2305903
2305909
2305949
2305967
2305969
2305987
2306023
2306027
2306039
2306041
2306053
2306063
2306071
2306081
2306107
2306119
2306123
2306131
2306147
2306153
2306159
2306179
2306191
2306197
2306221
2306261
2306267
2306299
2306303
2306309
2306327
2306329
2306333
2306357
2306363
2306387
2306389
2306393
2306413
2306449
2306453
2306519
2306527
2306531
2306561
2306567
2306569
2306587
2306597
2306621
2306627
2306639
2306641
2306651
2306663
2306671
2306677
2306737
2306753
2306761
2306797
2306851
2306867
2306881
2306893
2306897
2306911
2306957
2306971
2306977
2306981
2307031
2307043
2307047
2307059
2307073
2307083
2307091
2307103
2307119
2307127
2307139
2307157
2307161
2307163
2307167
2307181
2307187
2307191
2307197
2307229
2307233
2307247
2307259
2307281
2307289
2307307
2307367
2307373
2307377
2307391
2307397
2307407
2307419
2307449
2307451
2307467
2307469
2307479
2307499
2307517
2307523
2307527
2307541
2307553
2307577
2307581
2307589
2307593
2307601
2307611
2307623
2307629
2307637
2307661
2307677
2307689
2307703
2307709
2307757
2307763
2307821
2307863
2307871
2307881
2307887
2307913
2307923
2307941
2307953
2307959
2307967
2307973
2307979
2307983
2307989
2308001
2308003
2308049
2308051
2308069
2308079
2308099
2308109
2308121
2308151
2308169
2308181
2308183
2308193
2308199
2308213
2308219
2308223
2308231
2308237
2308247
2308261
2308279
2308297
2308321
2308357
2308387
2308391
2308399
2308403
2308417
2308451
2308463
2308469
2308483
2308507
2308513
2308517
2308529
2308531
2308543
2308561
2308567
2308573
2308589
2308597
2308609
2308637
2308673
2308679
2308681
2308693
2308699
2308721
2308723
2308727
2308741
2308769
2308783
2308793
2308807
2308819
2308841
2308843
2308853
2308871
2308883
2308897
2308903
2308907
2308913
2308919
2308931
2308939
2308963
2308967
2309003
2309011
2309023
2309029
2309077
2309081
2309113
2309117
2309123
2309129
2309147
2309179
2309227
2309231
2309233
2309239
2309257
2309261
2309267
2309287
2309303
2309323
2309327
2309339
2309341
2309347
2309353
2309371
2309389
2309413
2309441
2309449
2309471
2309477
2309491
2309497
2309513
2309519
2309537
2309543
2309551
2309609
2309633
2309663
2309669
2309677
2309689
2309693
2309707
2309711
2309737
2309743
2309753
2309759
2309761
2309771
2309789
2309803
2309837
2309863
2309869
2309891
2309893
2309897
2309911
2309921
2309927
2309933
2309969
2309999
2310019
2310029
2310043
2310067
2310083
2310107
2310137
2310157
2310167
2310193
2310211
2310221
2310223
2310233
2310241
2310277
2310289
2310293
2310311
2310331
2310349
2310359
2310367
2310389
2310421
2310431
2310439
2310449
2310463
2310479
2310481
2310491
2310493
2310509
2310541
2310547
2310551
2310559
2310563
2310593
2310643
2310667
2310677
2310689
2310697
2310701
2310703
2310713
2310731
2310733
2310739
2310743
2310751
2310757
2310767
2310769
2310773
2310797
2310823
2310857
2310871
2310877
2310887
2310899
2310901
2310907
2310911
2310953
2310977
2310991
2311009
2311013
2311021
2311051
2311061
2311079
2311117
2311123
2311147
2311151
2311159
2311163
2311181
2311187
2311193
2311223
2311237
2311249
2311289
2311321
2311333
2311343
2311349
2311363
2311381
2311409
2311411
2311417
2311451
2311469
2311471
2311487
2311493
2311499
2311513
2311531
2311537
2311549
2311553
2311571
2311583
2311591
2311613
2311651
2311657
2311667
2311669
2311681
2311697
2311721
2311739
2311741
2311747
2311769
2311811
2311817
2311819
2311823
2311843
2311849
2311853
2311861
2311873
2311879
2311889
2311921
2311931
2311957
2311993
2312021
2312027
2312069
2312099
2312137
2312147
2312159
2312173
2312179
2312201
2312203
2312209
2312249
2312267
2312293
2312311
2312341
2312347
2312363
2312369
2312381
2312407
2312413
2312419
2312477
2312521
2312539
2312573
2312603
2312617
2312621
2312633
2312641
2312677
2312689
2312701
2312707
2312711
2312747
2312749
2312753
2312789
2312801
2312809
2312861
2312873
2312881
2312897
2312899
2312909
2312923
2312929
2312939
2312951
2312963
2312983
2312987
2313007
2313053
2313061
2313083
2313107
2313137
2313161
2313163
2313187
2313197
2313211
2313239
2313247
2313253
2313323
2313347
2313349
2313373
2313379
2313391
2313401
2313403
2313407
2313413
2313419
2313427
2313431
There are 1243 prime numbers in S253.
