S254(2313433~2331720)
2313433
2313439
2313461
2313469
2313511
2313539
2313541
2313557
2313569
2313599
2313601
2313613
2313617
2313629
2313631
2313643
2313653
2313659
2313667
2313679
2313767
2313769
2313797
2313799
2313827
2313833
2313847
2313851
2313889
2313907
2313929
2313931
2313947
2313967
2313973
2313977
2314003
2314019
2314043
2314051
2314061
2314063
2314073
2314079
2314087
2314093
2314097
2314121
2314133
2314141
2314153
2314177
2314187
2314199
2314231
2314241
2314253
2314259
2314271
2314297
2314309
2314339
2314349
2314369
2314373
2314379
2314391
2314439
2314547
2314583
2314589
2314591
2314603
2314619
2314633
2314643
2314667
2314673
2314691
2314699
2314709
2314717
2314721
2314723
2314727
2314759
2314769
2314777
2314811
2314817
2314841
2314843
2314849
2314859
2314877
2314883
2314909
2314931
2314933
2314943
2314951
2314957
2314969
2314997
2314999
2315003
2315023
2315029
2315039
2315057
2315059
2315063
2315069
2315081
2315107
2315113
2315123
2315129
2315141
2315149
2315161
2315167
2315177
2315227
2315231
2315233
2315237
2315263
2315317
2315329
2315347
2315363
2315371
2315399
2315407
2315413
2315461
2315471
2315477
2315491
2315503
2315539
2315567
2315581
2315597
2315611
2315629
2315641
2315647
2315657
2315659
2315683
2315693
2315699
2315707
2315759
2315771
2315773
2315839
2315843
2315849
2315857
2315861
2315881
2315897
2315903
2315947
2315953
2315959
2315981
2315983
2315993
2316011
2316037
2316059
2316073
2316079
2316101
2316107
2316121
2316133
2316151
2316173
2316179
2316203
2316239
2316247
2316287
2316299
2316323
2316329
2316331
2316337
2316343
2316361
2316371
2316373
2316383
2316407
2316421
2316449
2316451
2316463
2316469
2316481
2316487
2316493
2316497
2316511
2316521
2316529
2316553
2316557
2316571
2316593
2316617
2316631
2316653
2316667
2316679
2316697
2316707
2316737
2316757
2316761
2316773
2316817
2316823
2316863
2316877
2316893
2316911
2316961
2316967
2316973
2317009
2317037
2317057
2317067
2317079
2317087
2317097
2317109
2317121
2317123
2317127
2317153
2317169
2317171
2317223
2317229
2317267
2317283
2317327
2317339
2317349
2317363
2317387
2317391
2317433
2317439
2317453
2317493
2317499
2317501
2317507
2317519
2317541
2317561
2317577
2317589
2317619
2317631
2317669
2317691
2317723
2317741
2317747
2317751
2317759
2317769
2317787
2317789
2317801
2317807
2317811
2317813
2317841
2317873
2317879
2317891
2317907
2317919
2317921
2317927
2317951
2317957
2317979
2318003
2318021
2318033
2318039
2318047
2318059
2318077
2318089
2318093
2318111
2318119
2318153
2318159
2318189
2318191
2318237
2318249
2318279
2318293
2318297
2318311
2318317
2318333
2318353
2318357
2318387
2318389
2318411
2318417
2318453
2318467
2318471
2318483
2318489
2318501
2318507
2318527
2318543
2318567
2318573
2318581
2318593
2318597
2318599
2318609
2318611
2318623
2318663
2318677
2318711
2318731
2318737
2318747
2318761
2318773
2318777
2318801
2318807
2318809
2318819
2318821
2318843
2318863
2318867
2318879
2318891
2318917
2318923
2318951
2318957
2318959
2319013
2319019
2319029
2319041
2319059
2319077
2319091
2319133
2319151
2319169
2319179
2319181
2319221
2319241
2319253
2319257
2319277
2319287
2319299
2319319
2319323
2319337
2319341
2319353
2319371
2319379
2319407
2319409
2319413
2319431
2319433
2319437
2319461
2319469
2319479
2319487
2319503
2319509
2319517
2319521
2319533
2319553
2319593
2319613
2319631
2319649
2319659
2319679
2319689
2319697
2319727
2319731
2319763
2319787
2319791
2319809
2319817
2319829
2319841
2319853
2319883
2319887
2319901
2319907
2319917
2319929
2319943
2319953
2319959
2319997
2320001
2320039
2320051
2320063
2320091
2320111
2320127
2320139
2320169
2320183
2320193
2320207
2320243
2320247
2320259
2320291
2320301
2320321
2320361
2320363
2320387
2320391
2320397
2320399
2320421
2320427
2320471
2320481
2320511
2320519
2320543
2320547
2320553
2320579
2320583
2320627
2320639
2320649
2320651
2320657
2320673
2320697
2320699
2320709
2320729
2320739
2320741
2320807
2320811
2320837
2320847
2320859
2320873
2320897
2320909
2320933
2320943
2320961
2320979
2320987
2320991
2321003
2321009
2321017
2321023
2321041
2321057
2321087
2321089
2321101
2321117
2321147
2321149
2321153
2321159
2321167
2321171
2321213
2321219
2321239
2321243
2321273
2321281
2321309
2321317
2321329
2321339
2321353
2321357
2321369
2321381
2321383
2321393
2321399
2321443
2321507
2321509
2321519
2321531
2321563
2321587
2321603
2321623
2321647
2321677
2321701
2321747
2321749
2321773
2321783
2321791
2321821
2321863
2321881
2321887
2321899
2321909
2321923
2321947
2321959
2321981
2321989
2321999
2322031
2322041
2322071
2322077
2322079
2322101
2322107
2322109
2322113
2322119
2322121
2322127
2322137
2322143
2322163
2322169
2322193
2322211
2322227
2322239
2322247
2322253
2322259
2322269
2322283
2322337
2322347
2322361
2322367
2322373
2322377
2322401
2322403
2322409
2322431
2322443
2322457
2322479
2322487
2322491
2322493
2322497
2322569
2322571
2322577
2322583
2322629
2322631
2322637
2322647
2322667
2322673
2322707
2322713
2322757
2322763
2322767
2322779
2322791
2322797
2322821
2322851
2322857
2322869
2322911
2322917
2322949
2322953
2322961
2322967
2322973
2323001
2323003
2323021
2323031
2323037
2323039
2323081
2323099
2323121
2323127
2323151
2323157
2323177
2323201
2323213
2323229
2323231
2323259
2323261
2323273
2323297
2323309
2323313
2323331
2323337
2323367
2323369
2323379
2323381
2323397
2323403
2323411
2323421
2323423
2323427
2323439
2323457
2323459
2323463
2323549
2323561
2323571
2323583
2323609
2323613
2323631
2323669
2323691
2323693
2323697
2323703
2323721
2323733
2323777
2323787
2323793
2323801
2323813
2323817
2323819
2323823
2323831
2323837
2323847
2323873
2323877
2323889
2323907
2323939
2323949
2323969
2323987
2323999
2324017
2324033
2324093
2324117
2324123
2324129
2324143
2324149
2324159
2324171
2324177
2324183
2324191
2324233
2324237
2324261
2324269
2324281
2324317
2324351
2324353
2324381
2324419
2324447
2324453
2324459
2324467
2324471
2324501
2324503
2324507
2324513
2324521
2324533
2324551
2324557
2324617
2324629
2324639
2324653
2324681
2324683
2324701
2324711
2324731
2324743
2324779
2324809
2324851
2324867
2324873
2324879
2324899
2324929
2324941
2324953
2324957
2324981
2324999
2325007
2325023
2325061
2325067
2325077
2325083
2325097
2325143
2325149
2325173
2325181
2325199
2325203
2325227
2325241
2325251
2325263
2325289
2325299
2325317
2325319
2325343
2325361
2325377
2325437
2325439
2325469
2325493
2325509
2325511
2325517
2325529
2325559
2325563
2325571
2325613
2325623
2325629
2325647
2325671
2325677
2325689
2325703
2325749
2325761
2325767
2325773
2325779
2325793
2325797
2325803
2325811
2325823
2325833
2325871
2325881
2325901
2325907
2325919
2325943
2326007
2326019
2326021
2326033
2326057
2326063
2326067
2326081
2326087
2326091
2326097
2326099
2326109
2326133
2326141
2326183
2326199
2326211
2326213
2326249
2326267
2326277
2326279
2326283
2326309
2326319
2326327
2326349
2326361
2326367
2326369
2326403
2326421
2326439
2326447
2326451
2326459
2326469
2326481
2326483
2326487
2326507
2326517
2326553
2326567
2326579
2326613
2326633
2326661
2326663
2326669
2326673
2326693
2326717
2326733
2326747
2326763
2326769
2326771
2326781
2326789
2326799
2326813
2326847
2326853
2326871
2326889
2326903
2326913
2326921
2326927
2326937
2326957
2326963
2326991
2326993
2327027
2327029
2327033
2327051
2327053
2327057
2327069
2327081
2327099
2327107
2327123
2327131
2327153
2327173
2327183
2327191
2327197
2327207
2327233
2327239
2327243
2327251
2327257
2327293
2327323
2327341
2327359
2327371
2327383
2327399
2327401
2327407
2327417
2327441
2327467
2327473
2327483
2327497
2327509
2327527
2327539
2327551
2327579
2327597
2327599
2327603
2327629
2327639
2327641
2327651
2327653
2327681
2327683
2327701
2327711
2327713
2327723
2327729
2327737
2327749
2327753
2327771
2327777
2327789
2327797
2327849
2327851
2327867
2327869
2327879
2327887
2327909
2327911
2327921
2327933
2327951
2327953
2327959
2327987
2327989
2327993
2328047
2328071
2328107
2328113
2328119
2328143
2328169
2328173
2328181
2328211
2328217
2328229
2328251
2328259
2328281
2328283
2328289
2328307
2328311
2328331
2328341
2328377
2328397
2328401
2328409
2328413
2328421
2328463
2328479
2328509
2328517
2328523
2328533
2328539
2328559
2328563
2328569
2328617
2328619
2328631
2328637
2328649
2328653
2328691
2328707
2328713
2328761
2328763
2328769
2328791
2328827
2328829
2328839
2328857
2328869
2328883
2328889
2328899
2328913
2328941
2328947
2328967
2328971
2328973
2329027
2329031
2329037
2329073
2329081
2329091
2329097
2329133
2329147
2329189
2329207
2329213
2329231
2329241
2329259
2329277
2329291
2329303
2329319
2329331
2329337
2329339
2329387
2329399
2329469
2329471
2329487
2329499
2329507
2329513
2329517
2329519
2329549
2329553
2329559
2329567
2329577
2329583
2329597
2329603
2329637
2329667
2329669
2329687
2329699
2329709
2329729
2329751
2329763
2329777
2329801
2329807
2329813
2329819
2329849
2329871
2329879
2329883
2329891
2329937
2329949
2329961
2329967
2329979
2329997
2330021
2330047
2330051
2330099
2330101
2330117
2330123
2330143
2330147
2330161
2330191
2330197
2330201
2330203
2330221
2330227
2330249
2330281
2330303
2330387
2330389
2330413
2330423
2330431
2330459
2330473
2330491
2330501
2330539
2330543
2330551
2330561
2330591
2330617
2330633
2330641
2330663
2330681
2330687
2330689
2330719
2330753
2330761
2330771
2330789
2330827
2330833
2330837
2330849
2330869
2330873
2330879
2330893
2330899
2330903
2330927
2330929
2330941
2330947
2330953
2330957
2330959
2331041
2331047
2331061
2331089
2331097
2331103
2331113
2331127
2331139
2331151
2331163
2331187
2331191
2331253
2331271
2331283
2331299
2331323
2331337
2331353
2331361
2331367
2331377
2331379
2331391
2331409
2331419
2331421
2331443
2331451
2331463
2331557
2331577
2331583
2331587
2331599
2331613
2331647
2331649
2331653
2331677
2331689
2331691
2331697
There are 1217 prime numbers in S254.
