S255(2331721~2350080)
2331733
2331743
2331751
2331767
2331779
2331781
2331829
2331859
2331869
2331871
2331887
2331899
2331929
2331937
2331949
2331997
2332013
2332027
2332049
2332061
2332103
2332123
2332129
2332139
2332153
2332181
2332219
2332237
2332241
2332249
2332259
2332289
2332303
2332313
2332321
2332327
2332333
2332339
2332373
2332381
2332387
2332391
2332397
2332399
2332403
2332427
2332439
2332483
2332487
2332501
2332507
2332511
2332513
2332523
2332529
2332537
2332541
2332567
2332597
2332607
2332643
2332651
2332661
2332663
2332667
2332679
2332691
2332697
2332703
2332711
2332721
2332783
2332787
2332817
2332829
2332831
2332849
2332871
2332903
2332931
2332933
2332937
2332951
2332969
2332987
2332997
2333017
2333041
2333059
2333069
2333081
2333083
2333087
2333099
2333119
2333129
2333147
2333161
2333167
2333173
2333179
2333197
2333203
2333207
2333231
2333237
2333239
2333293
2333297
2333321
2333323
2333329
2333347
2333377
2333381
2333389
2333399
2333407
2333459
2333467
2333473
2333477
2333483
2333497
2333501
2333531
2333533
2333549
2333579
2333593
2333609
2333621
2333647
2333651
2333657
2333663
2333689
2333693
2333707
2333719
2333731
2333759
2333767
2333783
2333791
2333797
2333801
2333809
2333813
2333819
2333839
2333857
2333867
2333869
2333873
2333887
2333893
2333909
2333927
2333939
2333951
2333953
2333957
2333993
2333999
2334001
2334019
2334023
2334037
2334047
2334061
2334077
2334091
2334097
2334107
2334127
2334139
2334179
2334187
2334223
2334229
2334251
2334257
2334259
2334263
2334281
2334301
2334307
2334317
2334329
2334337
2334361
2334373
2334377
2334391
2334401
2334403
2334407
2334421
2334439
2334463
2334503
2334509
2334539
2334547
2334557
2334583
2334623
2334643
2334679
2334691
2334743
2334751
2334767
2334769
2334779
2334781
2334793
2334803
2334823
2334841
2334863
2334881
2334901
2334911
2334923
2334947
2334949
2334953
2334961
2334989
2335009
2335037
2335057
2335063
2335079
2335097
2335111
2335117
2335133
2335139
2335147
2335153
2335183
2335187
2335211
2335217
2335219
2335231
2335241
2335243
2335247
2335253
2335297
2335303
2335321
2335363
2335367
2335369
2335381
2335393
2335427
2335433
2335441
2335481
2335519
2335523
2335547
2335549
2335561
2335577
2335591
2335601
2335607
2335637
2335639
2335649
2335661
2335667
2335679
2335691
2335693
2335709
2335721
2335733
2335769
2335789
2335807
2335813
2335843
2335849
2335871
2335877
2335891
2335909
2335913
2335933
2335967
2335969
2335997
2336011
2336017
2336023
2336027
2336039
2336053
2336063
2336093
2336101
2336111
2336119
2336137
2336149
2336177
2336189
2336207
2336209
2336227
2336251
2336263
2336281
2336287
2336309
2336311
2336333
2336353
2336359
2336381
2336393
2336407
2336413
2336431
2336437
2336441
2336447
2336461
2336471
2336473
2336479
2336489
2336519
2336527
2336557
2336561
2336569
2336573
2336597
2336623
2336629
2336671
2336707
2336743
2336771
2336783
2336801
2336821
2336839
2336843
2336861
2336863
2336881
2336897
2336903
2336911
2336923
2336933
2336947
2336969
2336989
2336993
2337001
2337029
2337043
2337047
2337067
2337073
2337079
2337089
2337091
2337119
2337149
2337151
2337157
2337163
2337187
2337193
2337217
2337221
2337227
2337233
2337271
2337299
2337311
2337317
2337319
2337343
2337359
2337367
2337389
2337397
2337463
2337479
2337481
2337497
2337509
2337527
2337539
2337541
2337547
2337553
2337571
2337593
2337607
2337613
2337637
2337641
2337667
2337677
2337683
2337691
2337701
2337737
2337761
2337773
2337793
2337821
2337851
2337859
2337869
2337871
2337889
2337899
2337901
2337911
2337913
2337949
2337967
2337983
2338003
2338043
2338079
2338081
2338093
2338097
2338103
2338123
2338151
2338153
2338169
2338181
2338207
2338213
2338247
2338261
2338267
2338283
2338291
2338331
2338351
2338381
2338403
2338411
2338421
2338471
2338477
2338489
2338493
2338507
2338541
2338543
2338549
2338559
2338603
2338607
2338619
2338627
2338631
2338643
2338657
2338667
2338697
2338703
2338717
2338723
2338747
2338751
2338757
2338783
2338799
2338823
2338849
2338867
2338871
2338873
2338883
2338901
2338933
2338949
2338951
2338969
2338997
2339011
2339021
2339039
2339041
2339089
2339101
2339107
2339119
2339131
2339137
2339179
2339191
2339221
2339257
2339263
2339287
2339297
2339303
2339317
2339321
2339327
2339333
2339369
2339371
2339417
2339423
2339429
2339461
2339507
2339551
2339563
2339569
2339581
2339609
2339611
2339627
2339639
2339651
2339657
2339669
2339671
2339677
2339681
2339683
2339713
2339719
2339731
2339741
2339773
2339783
2339797
2339803
2339809
2339833
2339861
2339879
2339893
2339921
2339927
2339929
2339933
2339963
2339969
2339977
2340001
2340007
2340011
2340029
2340061
2340071
2340119
2340133
2340167
2340179
2340187
2340193
2340209
2340223
2340241
2340251
2340253
2340257
2340259
2340269
2340277
2340313
2340337
2340341
2340347
2340367
2340383
2340397
2340419
2340421
2340431
2340451
2340461
2340479
2340487
2340491
2340493
2340521
2340551
2340563
2340581
2340587
2340607
2340617
2340659
2340661
2340673
2340697
2340703
2340719
2340721
2340727
2340739
2340757
2340763
2340769
2340773
2340787
2340797
2340803
2340823
2340827
2340847
2340859
2340869
2340887
2340893
2340911
2340931
2340937
2340959
2340973
2340979
2340983
2341033
2341057
2341069
2341091
2341103
2341111
2341127
2341133
2341159
2341201
2341217
2341219
2341243
2341271
2341301
2341303
2341309
2341327
2341333
2341343
2341349
2341369
2341379
2341403
2341411
2341421
2341433
2341447
2341453
2341457
2341459
2341463
2341477
2341511
2341531
2341567
2341571
2341589
2341601
2341609
2341613
2341637
2341643
2341673
2341687
2341697
2341727
2341747
2341751
2341763
2341777
2341817
2341819
2341847
2341853
2341861
2341873
2341877
2341897
2341907
2341919
2341939
2341943
2341967
2341979
2341981
2341987
2341991
2341993
2342003
2342027
2342029
2342033
2342047
2342051
2342071
2342099
2342101
2342129
2342173
2342189
2342191
2342201
2342203
2342227
2342231
2342237
2342239
2342257
2342269
2342287
2342293
2342309
2342357
2342363
2342381
2342393
2342399
2342401
2342407
2342419
2342423
2342437
2342443
2342479
2342513
2342537
2342539
2342609
2342611
2342623
2342633
2342657
2342663
2342671
2342677
2342687
2342723
2342731
2342741
2342771
2342773
2342777
2342779
2342783
2342797
2342807
2342819
2342839
2342869
2342933
2342953
2342959
2342969
2342981
2342983
2342993
2343001
2343013
2343017
2343031
2343037
2343049
2343053
2343083
2343139
2343157
2343163
2343169
2343179
2343203
2343223
2343233
2343239
2343241
2343269
2343283
2343293
2343307
2343311
2343329
2343343
2343349
2343359
2343361
2343389
2343409
2343413
2343449
2343487
2343521
2343527
2343529
2343533
2343541
2343547
2343553
2343571
2343589
2343611
2343613
2343619
2343641
2343643
2343661
2343667
2343743
2343763
2343767
2343779
2343787
2343791
2343793
2343799
2343833
2343857
2343881
2343883
2343889
2343899
2343917
2343949
2343967
2343989
2343997
2344019
2344033
2344037
2344051
2344073
2344117
2344123
2344141
2344151
2344159
2344187
2344193
2344241
2344253
2344259
2344261
2344267
2344271
2344297
2344301
2344319
2344327
2344333
2344337
2344361
2344379
2344387
2344409
2344417
2344427
2344439
2344457
2344469
2344471
2344519
2344523
2344553
2344571
2344603
2344607
2344627
2344631
2344649
2344651
2344673
2344697
2344703
2344709
2344711
2344717
2344723
2344751
2344753
2344777
2344787
2344789
2344819
2344889
2344921
2344939
2344943
2344967
2344973
2344981
2344987
2345009
2345017
2345033
2345039
2345041
2345047
2345053
2345087
2345117
2345129
2345131
2345141
2345153
2345179
2345209
2345219
2345249
2345257
2345261
2345279
2345297
2345327
2345339
2345351
2345377
2345383
2345401
2345443
2345459
2345461
2345477
2345479
2345501
2345509
2345533
2345537
2345543
2345573
2345593
2345599
2345617
2345641
2345657
2345659
2345669
2345699
2345713
2345729
2345731
2345743
2345753
2345803
2345807
2345809
2345831
2345843
2345867
2345869
2345887
2345891
2345909
2345921
2345923
2345953
2345957
2345963
2345969
2345971
2345989
2346089
2346107
2346137
2346167
2346191
2346203
2346217
2346241
2346259
2346269
2346271
2346277
2346313
2346343
2346347
2346349
2346397
2346413
2346431
2346473
2346521
2346523
2346551
2346559
2346581
2346587
2346611
2346623
2346653
2346677
2346719
2346727
2346733
2346739
2346769
2346779
2346781
2346791
2346803
2346821
2346829
2346847
2346857
2346859
2346863
2346887
2346913
2346931
2346959
2346973
2346977
2346997
2347001
2347031
2347043
2347049
2347063
2347067
2347129
2347141
2347151
2347153
2347171
2347183
2347201
2347217
2347229
2347237
2347249
2347253
2347271
2347273
2347277
2347283
2347297
2347313
2347337
2347339
2347361
2347369
2347379
2347409
2347421
2347427
2347439
2347441
2347447
2347451
2347453
2347487
2347493
2347511
2347523
2347549
2347559
2347561
2347567
2347573
2347577
2347591
2347627
2347663
2347693
2347703
2347711
2347721
2347727
2347733
2347759
2347777
2347781
2347789
2347823
2347831
2347837
2347841
2347859
2347871
2347883
2347903
2347907
2347931
2347949
2347957
2347981
2347991
2347997
2347999
2348011
2348053
2348081
2348083
2348089
2348119
2348123
2348161
2348179
2348189
2348197
2348207
2348221
2348233
2348237
2348239
2348251
2348257
2348293
2348299
2348303
2348321
2348347
2348371
2348383
2348429
2348441
2348447
2348459
2348471
2348473
2348477
2348491
2348497
2348539
2348569
2348573
2348579
2348581
2348597
2348627
2348693
2348701
2348707
2348713
2348729
2348741
2348743
2348747
2348779
2348791
2348807
2348809
2348813
2348833
2348851
2348861
2348891
2348897
2348903
2348909
2348911
2348947
2348959
2348987
2348999
2349001
2349023
2349031
2349041
2349071
2349079
2349091
2349097
2349101
2349143
2349161
2349163
2349181
2349209
2349233
2349251
2349253
2349271
2349301
2349307
2349313
2349317
2349323
2349329
2349337
2349343
2349353
2349367
2349371
2349419
2349433
2349497
2349499
2349541
2349547
2349569
2349637
2349643
2349653
2349679
2349701
2349709
2349719
2349727
2349731
2349773
2349779
2349799
2349803
2349811
2349829
2349869
2349871
2349889
2349913
2349917
2349937
2349947
2349959
2349973
2350001
2350021
2350031
2350043
2350057
2350067
2350069
There are 1239 prime numbers in S255.
