S256(2350081~2368512)
2350081
2350093
2350099
2350111
2350123
2350157
2350181
2350193
2350207
2350211
2350217
2350219
2350237
2350241
2350259
2350279
2350289
2350291
2350303
2350307
2350321
2350331
2350333
2350339
2350349
2350379
2350399
2350409
2350429
2350441
2350457
2350463
2350483
2350507
2350529
2350541
2350549
2350559
2350567
2350583
2350589
2350591
2350609
2350613
2350631
2350633
2350657
2350679
2350687
2350697
2350703
2350717
2350723
2350741
2350753
2350763
2350771
2350781
2350793
2350837
2350841
2350847
2350861
2350867
2350877
2350883
2350891
2350903
2350951
2350969
2350979
2350993
2351029
2351033
2351047
2351053
2351099
2351101
2351137
2351147
2351149
2351159
2351171
2351201
2351207
2351263
2351281
2351303
2351317
2351339
2351347
2351351
2351353
2351357
2351441
2351477
2351501
2351507
2351509
2351513
2351519
2351533
2351579
2351597
2351599
2351603
2351617
2351641
2351653
2351693
2351731
2351743
2351747
2351749
2351759
2351761
2351771
2351779
2351803
2351821
2351827
2351837
2351857
2351863
2351891
2351897
2351903
2351941
2351963
2351969
2351989
2352011
2352023
2352037
2352041
2352043
2352061
2352073
2352079
2352083
2352101
2352107
2352113
2352131
2352139
2352149
2352151
2352157
2352173
2352191
2352199
2352223
2352227
2352241
2352247
2352269
2352289
2352323
2352353
2352403
2352433
2352473
2352479
2352481
2352521
2352533
2352557
2352563
2352569
2352577
2352583
2352589
2352611
2352619
2352631
2352641
2352643
2352653
2352661
2352671
2352673
2352677
2352689
2352761
2352767
2352781
2352787
2352797
2352803
2352811
2352841
2352881
2352887
2352899
2352901
2352913
2352937
2352947
2352971
2352989
2353027
2353049
2353051
2353063
2353069
2353073
2353103
2353121
2353129
2353159
2353177
2353187
2353193
2353217
2353223
2353279
2353297
2353343
2353369
2353387
2353391
2353399
2353411
2353423
2353453
2353457
2353487
2353499
2353501
2353517
2353529
2353577
2353591
2353597
2353601
2353609
2353621
2353639
2353649
2353651
2353657
2353661
2353697
2353699
2353709
2353717
2353723
2353759
2353781
2353787
2353801
2353817
2353823
2353831
2353849
2353867
2353873
2353877
2353913
2353919
2353927
2353931
2353943
2353951
2353957
2353979
2353987
2353991
2353993
2354039
2354059
2354063
2354069
2354083
2354087
2354111
2354123
2354137
2354141
2354153
2354161
2354167
2354189
2354197
2354203
2354213
2354227
2354239
2354251
2354263
2354281
2354299
2354311
2354351
2354353
2354413
2354459
2354467
2354479
2354489
2354491
2354497
2354501
2354503
2354531
2354563
2354587
2354591
2354593
2354609
2354621
2354623
2354633
2354641
2354663
2354701
2354711
2354731
2354743
2354773
2354797
2354801
2354813
2354819
2354831
2354837
2354873
2354897
2354899
2354923
2354927
2354941
2354951
2354953
2354969
2355011
2355019
2355037
2355043
2355047
2355079
2355083
2355097
2355109
2355113
2355121
2355137
2355139
2355151
2355169
2355173
2355181
2355191
2355209
2355211
2355229
2355233
2355247
2355253
2355263
2355277
2355289
2355307
2355317
2355329
2355337
2355347
2355359
2355377
2355389
2355403
2355433
2355439
2355443
2355481
2355517
2355527
2355533
2355539
2355557
2355559
2355581
2355629
2355671
2355697
2355719
2355733
2355739
2355761
2355763
2355799
2355853
2355883
2355889
2355917
2355949
2355971
2355973
2356001
2356021
2356043
2356069
2356073
2356091
2356103
2356127
2356129
2356139
2356141
2356153
2356169
2356187
2356199
2356213
2356219
2356259
2356267
2356303
2356307
2356313
2356339
2356349
2356351
2356363
2356379
2356381
2356391
2356397
2356411
2356423
2356427
2356429
2356451
2356463
2356469
2356531
2356547
2356553
2356573
2356583
2356597
2356609
2356621
2356643
2356661
2356663
2356681
2356687
2356691
2356699
2356763
2356771
2356793
2356799
2356813
2356831
2356843
2356867
2356883
2356891
2356901
2356903
2356919
2356927
2356933
2356943
2356973
2356997
2357009
2357027
2357029
2357039
2357057
2357059
2357071
2357077
2357099
2357119
2357153
2357167
2357183
2357189
2357219
2357231
2357249
2357263
2357279
2357287
2357297
2357321
2357347
2357351
2357353
2357357
2357363
2357371
2357417
2357419
2357423
2357437
2357483
2357507
2357527
2357533
2357549
2357573
2357587
2357591
2357617
2357629
2357639
2357657
2357683
2357689
2357701
2357717
2357731
2357737
2357741
2357743
2357749
2357791
2357801
2357807
2357809
2357813
2357821
2357837
2357851
2357863
2357867
2357879
2357909
2357921
2357923
2357933
2357939
2357941
2357963
2357969
2357977
2358007
2358011
2358017
2358043
2358049
2358073
2358091
2358127
2358133
2358137
2358143
2358151
2358157
2358179
2358203
2358221
2358227
2358241
2358247
2358283
2358311
2358329
2358331
2358353
2358371
2358373
2358379
2358401
2358403
2358409
2358431
2358439
2358463
2358487
2358497
2358539
2358547
2358571
2358583
2358617
2358623
2358637
2358661
2358677
2358701
2358721
2358737
2358739
2358743
2358751
2358779
2358781
2358799
2358823
2358827
2358841
2358859
2358877
2358887
2358893
2358899
2358901
2358911
2358913
2358919
2358953
2358991
2359001
2359013
2359031
2359033
2359043
2359051
2359061
2359067
2359079
2359103
2359111
2359129
2359139
2359151
2359163
2359171
2359183
2359187
2359207
2359213
2359219
2359223
2359229
2359241
2359261
2359267
2359303
2359307
2359319
2359333
2359339
2359349
2359369
2359381
2359391
2359393
2359397
2359403
2359429
2359451
2359459
2359463
2359471
2359499
2359519
2359537
2359559
2359561
2359603
2359619
2359633
2359649
2359661
2359681
2359717
2359723
2359739
2359769
2359783
2359789
2359793
2359801
2359829
2359831
2359843
2359849
2359873
2359891
2359901
2359921
2359927
2359949
2359963
2359993
2359997
2360003
2360021
2360023
2360027
2360069
2360087
2360089
2360101
2360117
2360131
2360147
2360167
2360173
2360201
2360203
2360207
2360219
2360243
2360279
2360291
2360311
2360321
2360353
2360357
2360363
2360377
2360381
2360417
2360419
2360443
2360459
2360483
2360497
2360509
2360521
2360539
2360543
2360551
2360591
2360593
2360597
2360609
2360621
2360653
2360707
2360713
2360719
2360723
2360749
2360753
2360759
2360797
2360833
2360843
2360849
2360851
2360873
2360887
2360899
2360957
2360971
2360983
2360987
2360999
2361017
2361031
2361041
2361043
2361071
2361089
2361091
2361103
2361109
2361119
2361133
2361167
2361179
2361199
2361211
2361221
2361241
2361253
2361257
2361269
2361323
2361343
2361349
2361353
2361367
2361379
2361397
2361407
2361413
2361427
2361461
2361467
2361473
2361497
2361503
2361509
2361539
2361563
2361577
2361581
2361607
2361629
2361631
2361637
2361649
2361701
2361713
2361721
2361727
2361773
2361781
2361803
2361809
2361823
2361851
2361883
2361899
2361911
2361913
2361917
2361937
2361941
2361943
2361959
2361977
2361991
2362001
2362007
2362013
2362049
2362057
2362067
2362091
2362109
2362111
2362141
2362147
2362153
2362159
2362163
2362181
2362187
2362193
2362229
2362247
2362249
2362271
2362273
2362277
2362279
2362309
2362319
2362331
2362343
2362351
2362363
2362411
2362421
2362433
2362457
2362483
2362489
2362501
2362559
2362571
2362573
2362589
2362637
2362639
2362649
2362651
2362673
2362681
2362691
2362699
2362729
2362733
2362747
2362751
2362753
2362757
2362769
2362771
2362777
2362781
2362799
2362817
2362819
2362873
2362879
2362901
2362909
2362939
2362961
2362963
2362967
2362981
2363021
2363027
2363029
2363033
2363041
2363047
2363059
2363063
2363069
2363077
2363107
2363149
2363159
2363167
2363171
2363177
2363189
2363191
2363197
2363203
2363209
2363213
2363219
2363233
2363261
2363267
2363293
2363303
2363311
2363327
2363359
2363393
2363399
2363401
2363423
2363441
2363453
2363461
2363497
2363507
2363513
2363531
2363539
2363563
2363617
2363623
2363639
2363651
2363653
2363681
2363707
2363741
2363743
2363749
2363783
2363789
2363797
2363807
2363831
2363857
2363861
2363873
2363891
2363903
2363909
2363927
2363939
2363941
2363947
2363957
2363971
2363981
2363983
2364001
2364013
2364017
2364049
2364067
2364077
2364079
2364119
2364121
2364127
2364133
2364149
2364161
2364163
2364179
2364191
2364199
2364203
2364211
2364221
2364223
2364247
2364281
2364287
2364289
2364293
2364301
2364317
2364353
2364361
2364367
2364407
2364409
2364413
2364433
2364437
2364449
2364487
2364491
2364499
2364517
2364521
2364563
2364589
2364599
2364601
2364611
2364619
2364623
2364629
2364643
2364647
2364667
2364673
2364679
2364709
2364727
2364743
2364767
2364793
2364799
2364809
2364833
2364841
2364847
2364851
2364877
2364881
2364889
2364907
2364917
2364937
2364941
2364953
2364991
2365001
2365007
2365009
2365049
2365061
2365073
2365079
2365093
2365109
2365169
2365201
2365213
2365217
2365241
2365243
2365267
2365271
2365277
2365283
2365289
2365309
2365313
2365351
2365357
2365381
2365399
2365411
2365421
2365423
2365427
2365439
2365457
2365459
2365469
2365471
2365511
2365523
2365537
2365541
2365547
2365553
2365589
2365591
2365603
2365607
2365613
2365621
2365631
2365637
2365639
2365667
2365681
2365721
2365751
2365787
2365789
2365829
2365859
2365879
2365901
2365921
2365963
2365969
2365981
2365997
2365999
2366011
2366017
2366029
2366053
2366057
2366059
2366071
2366083
2366087
2366099
2366123
2366131
2366141
2366173
2366183
2366191
2366207
2366209
2366227
2366237
2366267
2366297
2366303
2366311
2366347
2366369
2366387
2366389
2366407
2366423
2366443
2366453
2366459
2366473
2366477
2366489
2366491
2366513
2366521
2366527
2366537
2366543
2366627
2366629
2366647
2366653
2366657
2366669
2366671
2366687
2366701
2366711
2366731
2366743
2366747
2366789
2366797
2366801
2366809
2366827
2366831
2366843
2366851
2366867
2366933
2366939
2366957
2366989
2366993
2367007
2367019
2367037
2367049
2367059
2367073
2367083
2367119
2367121
2367143
2367151
2367179
2367187
2367203
2367221
2367251
2367259
2367269
2367289
2367293
2367329
2367331
2367341
2367347
2367361
2367389
2367397
2367401
2367427
2367433
2367467
2367481
2367487
2367509
2367511
2367523
2367553
2367557
2367569
2367583
2367601
2367619
2367649
2367653
2367671
2367679
2367691
2367707
2367721
2367731
2367767
2367793
2367797
2367809
2367817
2367823
2367829
2367857
2367863
2367877
2367899
2367923
2367929
2367931
2367949
2367971
2367973
2367977
2367983
2368013
2368033
2368039
2368043
2368097
2368109
2368127
2368129
2368153
2368159
2368181
2368187
2368211
2368213
2368229
2368237
2368271
2368273
2368297
2368309
2368313
2368337
2368357
2368361
2368381
2368391
2368393
2368403
2368409
2368417
2368433
2368439
2368441
2368451
2368463
2368469
2368477
2368501
2368511
There are 1275 prime numbers in S256.
