S257(2368513~2387016)
2368523
2368537
2368567
2368577
2368579
2368589
2368601
2368603
2368637
2368649
2368727
2368733
2368757
2368759
2368771
2368783
2368799
2368801
2368829
2368843
2368853
2368859
2368871
2368907
2368937
2368957
2368963
2368979
2368991
2368997
2369033
2369063
2369071
2369077
2369093
2369099
2369117
2369123
2369149
2369173
2369183
2369197
2369201
2369203
2369209
2369219
2369231
2369233
2369251
2369261
2369291
2369303
2369347
2369351
2369363
2369371
2369383
2369413
2369441
2369449
2369453
2369459
2369467
2369473
2369489
2369519
2369527
2369537
2369539
2369557
2369569
2369593
2369597
2369603
2369611
2369639
2369641
2369651
2369707
2369711
2369747
2369761
2369779
2369791
2369819
2369827
2369831
2369837
2369839
2369849
2369863
2369867
2369903
2369929
2369951
2369957
2369977
2369993
2369999
2370007
2370019
2370023
2370037
2370047
2370061
2370073
2370103
2370113
2370149
2370197
2370217
2370223
2370239
2370241
2370253
2370281
2370287
2370299
2370301
2370317
2370323
2370343
2370359
2370377
2370391
2370409
2370427
2370451
2370457
2370469
2370481
2370499
2370503
2370517
2370523
2370551
2370559
2370569
2370581
2370593
2370607
2370623
2370629
2370631
2370647
2370659
2370671
2370673
2370677
2370689
2370703
2370733
2370737
2370811
2370829
2370833
2370847
2370881
2370889
2370917
2370937
2370941
2370943
2370947
2370983
2371003
2371021
2371073
2371087
2371091
2371099
2371111
2371123
2371129
2371133
2371141
2371147
2371157
2371183
2371189
2371207
2371223
2371247
2371261
2371267
2371297
2371307
2371309
2371337
2371351
2371361
2371423
2371427
2371459
2371489
2371511
2371543
2371609
2371627
2371631
2371639
2371651
2371661
2371669
2371673
2371679
2371693
2371703
2371709
2371711
2371729
2371739
2371763
2371771
2371801
2371819
2371847
2371849
2371861
2371871
2371877
2371879
2371883
2371927
2371937
2371961
2371969
2371991
2372011
2372023
2372053
2372081
2372087
2372099
2372101
2372119
2372179
2372191
2372221
2372239
2372257
2372303
2372309
2372317
2372327
2372347
2372369
2372371
2372393
2372413
2372417
2372423
2372431
2372437
2372441
2372443
2372453
2372459
2372467
2372479
2372501
2372507
2372509
2372521
2372543
2372561
2372563
2372581
2372597
2372599
2372633
2372641
2372659
2372681
2372683
2372687
2372731
2372737
2372743
2372753
2372759
2372761
2372779
2372789
2372807
2372819
2372837
2372857
2372861
2372873
2372879
2372893
2372897
2372927
2372941
2372947
2372959
2372963
2372971
2372987
2372989
2372999
2373001
2373029
2373037
2373061
2373067
2373079
2373089
2373097
2373103
2373109
2373131
2373139
2373167
2373169
2373179
2373187
2373193
2373211
2373221
2373227
2373229
2373247
2373253
2373263
2373269
2373277
2373281
2373307
2373311
2373323
2373337
2373373
2373383
2373401
2373403
2373407
2373409
2373431
2373463
2373487
2373529
2373533
2373583
2373611
2373649
2373667
2373691
2373697
2373731
2373751
2373773
2373821
2373823
2373869
2373893
2373907
2373913
2373919
2373929
2373947
2373953
2373967
2373971
2373979
2373989
2374007
2374051
2374061
2374063
2374081
2374109
2374117
2374121
2374133
2374147
2374153
2374157
2374189
2374199
2374213
2374261
2374277
2374289
2374291
2374301
2374319
2374343
2374363
2374391
2374397
2374399
2374429
2374439
2374447
2374483
2374511
2374517
2374523
2374529
2374531
2374553
2374571
2374579
2374583
2374591
2374633
2374643
2374649
2374699
2374717
2374733
2374751
2374811
2374831
2374837
2374859
2374873
2374903
2374963
2374979
2374997
2375011
2375033
2375039
2375041
2375047
2375059
2375069
2375111
2375119
2375159
2375167
2375179
2375183
2375203
2375207
2375221
2375231
2375237
2375249
2375267
2375273
2375299
2375309
2375327
2375339
2375341
2375353
2375383
2375389
2375411
2375431
2375459
2375473
2375479
2375491
2375497
2375501
2375557
2375573
2375603
2375617
2375641
2375671
2375687
2375701
2375713
2375719
2375743
2375759
2375761
2375771
2375773
2375777
2375783
2375797
2375819
2375833
2375837
2375843
2375917
2375921
2375929
2375939
2375957
2375963
2375977
2375981
2375993
2376013
2376047
2376053
2376079
2376089
2376097
2376109
2376113
2376131
2376139
2376161
2376163
2376167
2376169
2376191
2376203
2376229
2376239
2376247
2376263
2376271
2376293
2376301
2376317
2376323
2376329
2376331
2376359
2376371
2376391
2376397
2376419
2376421
2376433
2376443
2376449
2376457
2376469
2376529
2376533
2376541
2376559
2376571
2376581
2376593
2376599
2376607
2376611
2376623
2376629
2376641
2376643
2376667
2376683
2376707
2376721
2376757
2376793
2376809
2376817
2376827
2376841
2376851
2376859
2376877
2376883
2376929
2376943
2376949
2376961
2376967
2376971
2376989
2377003
2377007
2377019
2377021
2377069
2377079
2377097
2377117
2377121
2377157
2377163
2377187
2377201
2377241
2377253
2377259
2377267
2377273
2377283
2377321
2377339
2377351
2377357
2377367
2377379
2377381
2377393
2377411
2377423
2377429
2377447
2377471
2377477
2377481
2377493
2377499
2377553
2377559
2377591
2377601
2377621
2377673
2377693
2377699
2377703
2377721
2377729
2377741
2377747
2377751
2377757
2377769
2377787
2377789
2377799
2377801
2377847
2377883
2377889
2377927
2377939
2377967
2377981
2377997
2378009
2378023
2378069
2378071
2378107
2378111
2378119
2378143
2378171
2378179
2378191
2378197
2378219
2378221
2378237
2378263
2378273
2378291
2378293
2378297
2378303
2378357
2378359
2378371
2378399
2378423
2378443
2378447
2378461
2378473
2378479
2378483
2378491
2378501
2378507
2378513
2378539
2378543
2378549
2378569
2378617
2378627
2378633
2378641
2378653
2378669
2378671
2378681
2378699
2378711
2378737
2378749
2378771
2378773
2378791
2378797
2378801
2378807
2378843
2378869
2378891
2378917
2378921
2378951
2378953
2378977
2378993
2379001
2379007
2379023
2379037
2379067
2379077
2379079
2379149
2379151
2379173
2379191
2379203
2379217
2379239
2379241
2379253
2379259
2379277
2379283
2379317
2379323
2379331
2379341
2379347
2379383
2379397
2379413
2379431
2379437
2379449
2379451
2379457
2379493
2379499
2379521
2379547
2379569
2379571
2379589
2379613
2379623
2379631
2379659
2379673
2379683
2379691
2379697
2379703
2379721
2379733
2379737
2379757
2379761
2379781
2379791
2379799
2379809
2379851
2379857
2379899
2379929
2379931
2379941
2379953
2379973
2379989
2380003
2380013
2380031
2380043
2380069
2380121
2380123
2380129
2380141
2380199
2380207
2380223
2380229
2380241
2380249
2380253
2380271
2380297
2380303
2380333
2380363
2380369
2380373
2380379
2380387
2380393
2380421
2380423
2380439
2380447
2380463
2380471
2380481
2380487
2380489
2380517
2380519
2380531
2380537
2380541
2380589
2380607
2380613
2380619
2380621
2380627
2380633
2380657
2380667
2380673
2380717
2380727
2380733
2380739
2380751
2380759
2380771
2380787
2380793
2380801
2380811
2380837
2380841
2380853
2380877
2380897
2380907
2380921
2380951
2380957
2380997
2381011
2381033
2381053
2381077
2381081
2381083
2381087
2381089
2381101
2381107
2381117
2381143
2381147
2381149
2381153
2381179
2381189
2381191
2381201
2381221
2381231
2381243
2381263
2381273
2381287
2381303
2381311
2381317
2381329
2381339
2381341
2381347
2381359
2381363
2381387
2381413
2381429
2381437
2381453
2381473
2381497
2381503
2381507
2381521
2381527
2381543
2381569
2381573
2381591
2381609
2381629
2381633
2381651
2381657
2381677
2381689
2381693
2381737
2381749
2381773
2381777
2381789
2381791
2381807
2381839
2381849
2381861
2381879
2381881
2381891
2381893
2381909
2381941
2381957
2381963
2381969
2381971
2381983
2381999
2382001
2382073
2382103
2382109
2382119
2382151
2382169
2382173
2382181
2382187
2382203
2382217
2382221
2382251
2382269
2382283
2382299
2382301
2382307
2382313
2382323
2382337
2382371
2382377
2382389
2382407
2382449
2382451
2382461
2382463
2382473
2382481
2382487
2382491
2382511
2382521
2382529
2382539
2382557
2382559
2382563
2382607
2382613
2382637
2382649
2382671
2382697
2382701
2382707
2382713
2382739
2382749
2382761
2382769
2382781
2382803
2382811
2382817
2382829
2382851
2382857
2382859
2382871
2382881
2382883
2382899
2382917
2382937
2382943
2382953
2382977
2382979
2383019
2383033
2383049
2383081
2383091
2383127
2383141
2383163
2383169
2383177
2383219
2383253
2383261
2383291
2383301
2383309
2383313
2383327
2383333
2383343
2383393
2383397
2383411
2383427
2383439
2383457
2383477
2383483
2383487
2383501
2383517
2383561
2383567
2383571
2383573
2383613
2383631
2383637
2383643
2383649
2383657
2383673
2383679
2383681
2383739
2383751
2383753
2383763
2383811
2383813
2383817
2383841
2383847
2383867
2383883
2383891
2383907
2383919
2383921
2383933
2383943
2383991
2383999
2384017
2384023
2384033
2384047
2384051
2384059
2384071
2384077
2384143
2384153
2384183
2384197
2384257
2384269
2384279
2384297
2384323
2384339
2384363
2384381
2384383
2384401
2384407
2384411
2384419
2384461
2384483
2384497
2384513
2384521
2384533
2384537
2384561
2384567
2384579
2384581
2384587
2384609
2384611
2384623
2384647
2384653
2384659
2384689
2384713
2384729
2384749
2384771
2384783
2384797
2384803
2384813
2384821
2384831
2384843
2384849
2384869
2384881
2384891
2384897
2384911
2384951
2384953
2384971
2385023
2385041
2385073
2385107
2385113
2385121
2385139
2385157
2385181
2385191
2385199
2385209
2385211
2385239
2385259
2385263
2385281
2385293
2385319
2385323
2385329
2385343
2385349
2385433
2385451
2385463
2385499
2385541
2385553
2385571
2385587
2385599
2385601
2385611
2385619
2385637
2385653
2385679
2385701
2385703
2385709
2385727
2385739
2385751
2385787
2385809
2385827
2385829
2385847
2385857
2385863
2385881
2385883
2385907
2385919
2385931
2385947
2385953
2385959
2385961
2385979
2385983
2385989
2385991
2386003
2386009
2386031
2386051
2386057
2386061
2386063
2386067
2386079
2386099
2386121
2386127
2386133
2386169
2386177
2386183
2386187
2386193
2386211
2386217
2386247
2386271
2386277
2386283
2386289
2386291
2386301
2386309
2386313
2386369
2386379
2386393
2386399
2386429
2386453
2386459
2386469
2386471
2386481
2386493
2386507
2386513
2386547
2386567
2386577
2386591
2386603
2386627
2386639
2386661
2386663
2386667
2386679
2386739
2386753
2386757
2386763
2386771
2386777
2386781
2386789
2386793
2386823
2386859
2386861
2386873
2386877
2386883
2386889
2386921
2386939
2386957
2386999
2387003
There are 1248 prime numbers in S257.
