S259(2405593~2424240)
2405621
2405633
2405651
2405677
2405701
2405707
2405729
2405737
2405747
2405749
2405773
2405791
2405797
2405813
2405831
2405833
2405863
2405867
2405873
2405881
2405917
2405929
2405971
2405981
2405983
2405987
2406029
2406067
2406083
2406091
2406097
2406121
2406133
2406139
2406149
2406161
2406169
2406199
2406227
2406233
2406241
2406263
2406277
2406289
2406307
2406343
2406373
2406379
2406457
2406461
2406463
2406479
2406529
2406539
2406553
2406557
2406583
2406617
2406619
2406629
2406631
2406643
2406647
2406661
2406671
2406683
2406689
2406709
2406721
2406727
2406731
2406763
2406769
2406773
2406779
2406793
2406799
2406821
2406847
2406851
2406919
2406941
2406947
2406959
2406983
2406991
2406997
2407001
2407003
2407033
2407049
2407073
2407079
2407099
2407103
2407117
2407127
2407147
2407159
2407169
2407177
2407189
2407193
2407201
2407211
2407219
2407231
2407247
2407253
2407267
2407271
2407277
2407297
2407309
2407333
2407337
2407343
2407351
2407399
2407403
2407411
2407417
2407423
2407459
2407463
2407469
2407499
2407507
2407513
2407519
2407529
2407543
2407549
2407567
2407577
2407579
2407583
2407597
2407633
2407651
2407687
2407697
2407703
2407711
2407723
2407733
2407753
2407771
2407781
2407799
2407817
2407877
2407883
2407891
2407903
2407943
2407963
2408009
2408011
2408039
2408057
2408069
2408083
2408093
2408113
2408141
2408149
2408171
2408179
2408201
2408213
2408227
2408239
2408257
2408279
2408281
2408303
2408309
2408311
2408317
2408389
2408431
2408437
2408501
2408503
2408507
2408513
2408561
2408563
2408569
2408587
2408603
2408639
2408647
2408657
2408671
2408683
2408689
2408723
2408729
2408741
2408759
2408761
2408771
2408773
2408837
2408843
2408863
2408869
2408899
2408933
2408957
2408969
2408971
2408981
2408983
2408993
2408999
2409023
2409031
2409061
2409091
2409109
2409131
2409133
2409137
2409149
2409157
2409163
2409167
2409191
2409193
2409203
2409217
2409229
2409259
2409269
2409271
2409299
2409301
2409307
2409311
2409313
2409347
2409353
2409367
2409373
2409377
2409389
2409391
2409397
2409401
2409431
2409437
2409467
2409469
2409487
2409493
2409509
2409541
2409559
2409569
2409593
2409601
2409607
2409613
2409679
2409689
2409709
2409727
2409731
2409769
2409791
2409817
2409829
2409833
2409839
2409859
2409863
2409893
2409907
2409947
2409983
2409997
2410027
2410043
2410081
2410117
2410123
2410127
2410153
2410181
2410183
2410189
2410201
2410249
2410271
2410273
2410313
2410337
2410339
2410351
2410357
2410361
2410367
2410381
2410391
2410417
2410433
2410453
2410483
2410517
2410519
2410523
2410553
2410559
2410571
2410579
2410589
2410601
2410613
2410621
2410627
2410631
2410643
2410649
2410657
2410687
2410693
2410697
2410703
2410711
2410717
2410721
2410729
2410747
2410783
2410813
2410829
2410831
2410847
2410867
2410897
2410907
2410927
2410931
2410937
2410939
2410943
2410949
2410997
2410999
2411009
2411011
2411027
2411029
2411033
2411041
2411069
2411077
2411107
2411111
2411131
2411177
2411191
2411197
2411203
2411207
2411209
2411219
2411221
2411239
2411243
2411257
2411287
2411291
2411293
2411351
2411371
2411393
2411413
2411441
2411449
2411471
2411489
2411503
2411543
2411551
2411567
2411581
2411587
2411593
2411597
2411627
2411639
2411641
2411663
2411693
2411699
2411729
2411737
2411777
2411797
2411821
2411833
2411837
2411867
2411869
2411881
2411957
2411963
2411971
2412013
2412019
2412023
2412029
2412037
2412041
2412073
2412077
2412089
2412119
2412127
2412131
2412143
2412197
2412199
2412209
2412233
2412239
2412247
2412271
2412287
2412299
2412301
2412323
2412331
2412337
2412341
2412349
2412379
2412391
2412407
2412409
2412439
2412457
2412461
2412467
2412479
2412491
2412541
2412547
2412551
2412593
2412617
2412629
2412643
2412647
2412653
2412667
2412671
2412679
2412689
2412703
2412721
2412731
2412749
2412763
2412779
2412797
2412799
2412803
2412811
2412821
2412833
2412847
2412853
2412857
2412877
2412899
2412941
2412959
2412961
2413001
2413007
2413043
2413051
2413063
2413097
2413111
2413123
2413153
2413163
2413189
2413211
2413217
2413223
2413231
2413241
2413253
2413259
2413261
2413267
2413291
2413297
2413331
2413339
2413349
2413357
2413373
2413379
2413421
2413423
2413427
2413429
2413451
2413469
2413471
2413483
2413493
2413511
2413517
2413519
2413531
2413549
2413553
2413559
2413573
2413577
2413601
2413603
2413613
2413637
2413639
2413657
2413679
2413693
2413721
2413727
2413739
2413751
2413771
2413777
2413783
2413819
2413823
2413849
2413861
2413871
2413883
2413909
2413913
2413921
2413927
2413933
2413951
2413963
2413973
2413981
2413987
2413993
2414021
2414053
2414081
2414089
2414099
2414101
2414107
2414117
2414123
2414129
2414131
2414171
2414177
2414179
2414201
2414207
2414219
2414231
2414239
2414261
2414263
2414281
2414299
2414341
2414353
2414371
2414389
2414393
2414411
2414413
2414417
2414443
2414491
2414507
2414513
2414543
2414549
2414551
2414557
2414567
2414591
2414593
2414597
2414611
2414681
2414689
2414717
2414749
2414761
2414771
2414779
2414791
2414803
2414827
2414849
2414851
2414861
2414887
2414897
2414911
2414921
2414927
2414933
2414947
2414959
2414963
2414981
2414983
2414989
2414999
2415013
2415019
2415031
2415073
2415079
2415103
2415137
2415143
2415151
2415167
2415191
2415197
2415209
2415221
2415233
2415239
2415271
2415293
2415319
2415359
2415379
2415389
2415407
2415409
2415431
2415443
2415449
2415463
2415473
2415487
2415499
2415503
2415521
2415533
2415541
2415557
2415559
2415571
2415593
2415607
2415629
2415631
2415653
2415689
2415691
2415701
2415703
2415719
2415733
2415769
2415779
2415839
2415859
2415863
2415871
2415893
2415913
2415937
2415947
2415997
2416003
2416009
2416013
2416039
2416061
2416067
2416093
2416103
2416123
2416133
2416147
2416153
2416157
2416163
2416177
2416189
2416207
2416229
2416231
2416241
2416243
2416247
2416259
2416273
2416283
2416289
2416301
2416303
2416307
2416313
2416327
2416331
2416361
2416369
2416391
2416399
2416409
2416423
2416441
2416451
2416459
2416487
2416493
2416501
2416517
2416577
2416597
2416607
2416613
2416619
2416649
2416681
2416697
2416709
2416717
2416721
2416727
2416741
2416751
2416763
2416807
2416837
2416849
2416859
2416861
2416867
2416871
2416903
2416913
2416927
2416943
2416963
2416969
2417017
2417021
2417027
2417029
2417033
2417083
2417087
2417089
2417117
2417119
2417131
2417141
2417153
2417201
2417203
2417221
2417243
2417251
2417267
2417273
2417279
2417291
2417297
2417309
2417339
2417341
2417347
2417357
2417377
2417399
2417419
2417423
2417431
2417447
2417477
2417497
2417501
2417521
2417533
2417537
2417551
2417557
2417581
2417593
2417603
2417609
2417663
2417671
2417683
2417713
2417717
2417741
2417743
2417747
2417771
2417773
2417797
2417801
2417813
2417827
2417837
2417843
2417851
2417897
2417903
2417911
2417917
2417923
2417929
2417939
2417941
2417951
2417971
2417977
2417981
2417983
2417999
2418001
2418007
2418037
2418067
2418071
2418077
2418079
2418083
2418109
2418137
2418161
2418173
2418181
2418203
2418257
2418293
2418319
2418329
2418343
2418347
2418349
2418359
2418373
2418379
2418389
2418401
2418407
2418421
2418439
2418457
2418463
2418509
2418511
2418517
2418523
2418541
2418547
2418553
2418557
2418613
2418659
2418671
2418673
2418677
2418679
2418683
2418697
2418701
2418721
2418733
2418737
2418769
2418781
2418791
2418799
2418821
2418839
2418851
2418859
2418863
2418883
2418893
2418907
2418943
2418953
2418967
2419007
2419013
2419019
2419033
2419057
2419063
2419069
2419073
2419091
2419103
2419127
2419159
2419181
2419187
2419229
2419237
2419247
2419259
2419273
2419331
2419343
2419363
2419379
2419387
2419421
2419433
2419463
2419489
2419493
2419507
2419523
2419553
2419561
2419579
2419583
2419589
2419597
2419601
2419603
2419619
2419621
2419639
2419679
2419693
2419709
2419717
2419721
2419723
2419733
2419741
2419771
2419777
2419787
2419793
2419799
2419801
2419811
2419819
2419867
2419871
2419873
2419883
2419913
2419919
2419939
2419979
2419981
2419987
2419993
2420009
2420017
2420051
2420063
2420071
2420111
2420113
2420123
2420167
2420179
2420213
2420237
2420251
2420261
2420269
2420279
2420287
2420291
2420309
2420321
2420333
2420339
2420371
2420377
2420399
2420417
2420423
2420459
2420471
2420479
2420519
2420531
2420549
2420557
2420567
2420569
2420609
2420611
2420633
2420687
2420689
2420699
2420701
2420707
2420723
2420767
2420779
2420801
2420807
2420813
2420827
2420839
2420849
2420863
2420867
2420879
2420897
2420917
2420921
2420941
2420959
2420969
2420981
2420989
2420993
2421031
2421043
2421047
2421053
2421061
2421073
2421077
2421109
2421119
2421137
2421149
2421163
2421203
2421229
2421247
2421253
2421277
2421281
2421283
2421311
2421319
2421329
2421343
2421347
2421383
2421389
2421403
2421407
2421421
2421439
2421443
2421449
2421451
2421467
2421469
2421473
2421491
2421511
2421527
2421533
2421541
2421547
2421553
2421577
2421589
2421593
2421641
2421649
2421659
2421673
2421707
2421733
2421737
2421743
2421767
2421781
2421791
2421817
2421821
2421823
2421841
2421847
2421893
2421901
2421907
2421917
2421919
2421931
2421943
2421959
2421971
2421989
2421997
2422027
2422033
2422037
2422073
2422087
2422093
2422099
2422111
2422169
2422171
2422183
2422201
2422207
2422223
2422229
2422237
2422241
2422243
2422261
2422267
2422289
2422327
2422351
2422369
2422391
2422411
2422421
2422423
2422439
2422447
2422451
2422463
2422477
2422487
2422489
2422499
2422513
2422523
2422531
2422543
2422547
2422559
2422561
2422579
2422621
2422627
2422643
2422657
2422661
2422691
2422697
2422699
2422703
2422711
2422727
2422741
2422757
2422759
2422781
2422793
2422807
2422811
2422829
2422837
2422873
2422877
2422907
2422939
2422949
2422957
2422969
2422997
2422999
2423021
2423023
2423039
2423041
2423087
2423117
2423131
2423137
2423147
2423149
2423191
2423209
2423219
2423227
2423233
2423237
2423249
2423339
2423353
2423359
2423383
2423411
2423413
2423417
2423419
2423429
2423453
2423459
2423489
2423497
2423521
2423539
2423563
2423567
2423569
2423581
2423593
2423627
2423651
2423669
2423689
2423711
2423731
2423747
2423753
2423777
2423789
2423801
2423803
2423807
2423821
2423831
2423851
2423857
2423873
2423891
2423909
2423917
2423929
2423951
2423969
2423999
2424017
2424029
2424073
2424083
2424089
2424091
2424113
2424137
2424157
2424161
2424173
2424199
2424209
There are 1262 prime numbers in S259.
