S26(23401~25272)
23417
23431
23447
23459
23473
23497
23509
23531
23537
23539
23549
23557
23561
23563
23567
23581
23593
23599
23603
23609
23623
23627
23629
23633
23663
23669
23671
23677
23687
23689
23719
23741
23743
23747
23753
23761
23767
23773
23789
23801
23813
23819
23827
23831
23833
23857
23869
23873
23879
23887
23893
23899
23909
23911
23917
23929
23957
23971
23977
23981
23993
24001
24007
24019
24023
24029
24043
24049
24061
24071
24077
24083
24091
24097
24103
24107
24109
24113
24121
24133
24137
24151
24169
24179
24181
24197
24203
24223
24229
24239
24247
24251
24281
24317
24329
24337
24359
24371
24373
24379
24391
24407
24413
24419
24421
24439
24443
24469
24473
24481
24499
24509
24517
24527
24533
24547
24551
24571
24593
24611
24623
24631
24659
24671
24677
24683
24691
24697
24709
24733
24749
24763
24767
24781
24793
24799
24809
24821
24841
24847
24851
24859
24877
24889
24907
24917
24919
24923
24943
24953
24967
24971
24977
24979
24989
25013
25031
25033
25037
25057
25073
25087
25097
25111
25117
25121
25127
25147
25153
25163
25169
25171
25183
25189
25219
25229
25237
25243
25247
25253
25261
There are 181 prime numbers in S26.
