S261(2442961~2461752)
2442967
2442971
2442977
2443027
2443031
2443033
2443061
2443069
2443093
2443097
2443109
2443117
2443151
2443159
2443183
2443211
2443213
2443219
2443241
2443277
2443283
2443351
2443361
2443373
2443387
2443403
2443409
2443421
2443429
2443433
2443439
2443501
2443531
2443537
2443541
2443547
2443583
2443601
2443613
2443619
2443643
2443657
2443667
2443687
2443703
2443729
2443741
2443747
2443751
2443757
2443781
2443783
2443787
2443789
2443807
2443817
2443829
2443841
2443849
2443867
2443871
2443879
2443901
2443927
2443933
2443939
2443949
2443963
2443993
2443997
2443999
2444017
2444021
2444063
2444069
2444081
2444083
2444089
2444111
2444119
2444129
2444131
2444137
2444147
2444153
2444159
2444161
2444173
2444191
2444203
2444219
2444251
2444263
2444287
2444291
2444341
2444347
2444357
2444359
2444363
2444383
2444401
2444411
2444437
2444441
2444467
2444471
2444473
2444513
2444527
2444531
2444537
2444557
2444569
2444621
2444639
2444653
2444657
2444669
2444677
2444681
2444699
2444723
2444737
2444759
2444773
2444801
2444809
2444833
2444839
2444867
2444873
2444881
2444887
2444891
2444899
2444909
2444921
2444927
2444933
2444947
2444951
2444963
2444983
2445011
2445029
2445043
2445067
2445073
2445089
2445101
2445119
2445139
2445173
2445181
2445203
2445211
2445217
2445221
2445241
2445253
2445259
2445277
2445283
2445301
2445343
2445347
2445349
2445353
2445371
2445379
2445389
2445409
2445413
2445419
2445437
2445451
2445461
2445463
2445481
2445517
2445523
2445533
2445557
2445571
2445577
2445581
2445601
2445617
2445629
2445647
2445649
2445689
2445697
2445713
2445721
2445733
2445743
2445749
2445757
2445763
2445767
2445769
2445799
2445827
2445829
2445847
2445857
2445881
2445887
2445899
2445907
2445923
2445929
2445967
2445973
2445979
2445991
2446009
2446013
2446043
2446051
2446061
2446091
2446097
2446099
2446139
2446151
2446153
2446159
2446177
2446207
2446247
2446271
2446277
2446291
2446319
2446331
2446333
2446357
2446363
2446369
2446373
2446417
2446439
2446463
2446471
2446481
2446513
2446517
2446529
2446567
2446583
2446603
2446607
2446627
2446651
2446663
2446669
2446673
2446693
2446747
2446753
2446777
2446781
2446811
2446813
2446819
2446823
2446841
2446849
2446853
2446879
2446889
2446891
2446903
2446919
2446931
2446973
2446981
2447009
2447021
2447023
2447059
2447077
2447111
2447141
2447147
2447153
2447161
2447209
2447239
2447251
2447267
2447279
2447293
2447321
2447327
2447329
2447351
2447353
2447359
2447369
2447399
2447437
2447479
2447483
2447491
2447519
2447521
2447527
2447531
2447539
2447551
2447567
2447569
2447573
2447579
2447581
2447597
2447611
2447633
2447647
2447681
2447717
2447723
2447737
2447743
2447759
2447761
2447773
2447801
2447831
2447833
2447843
2447897
2447917
2447923
2447927
2447933
2447953
2447971
2447981
2448007
2448013
2448029
2448041
2448049
2448067
2448071
2448073
2448079
2448107
2448109
2448133
2448157
2448161
2448167
2448181
2448197
2448203
2448223
2448227
2448241
2448263
2448269
2448311
2448343
2448361
2448367
2448379
2448389
2448427
2448431
2448437
2448443
2448451
2448491
2448529
2448533
2448539
2448553
2448569
2448581
2448613
2448631
2448637
2448647
2448661
2448671
2448679
2448689
2448703
2448713
2448727
2448737
2448751
2448757
2448769
2448773
2448791
2448821
2448827
2448829
2448851
2448857
2448863
2448869
2448871
2448877
2448881
2448883
2448937
2448949
2448961
2448973
2448989
2449001
2449039
2449061
2449087
2449091
2449099
2449133
2449147
2449159
2449163
2449169
2449171
2449177
2449199
2449219
2449231
2449259
2449273
2449277
2449297
2449303
2449313
2449327
2449361
2449367
2449387
2449393
2449399
2449417
2449439
2449441
2449451
2449471
2449483
2449487
2449493
2449519
2449549
2449561
2449567
2449583
2449609
2449619
2449639
2449663
2449691
2449693
2449729
2449757
2449787
2449789
2449793
2449801
2449813
2449823
2449829
2449847
2449859
2449861
2449871
2449877
2449883
2449897
2449901
2449907
2449913
2449919
2449927
2449933
2449939
2449963
2449987
2449991
2449999
2450003
2450009
2450017
2450047
2450083
2450087
2450117
2450131
2450141
2450143
2450171
2450191
2450207
2450219
2450249
2450291
2450293
2450303
2450323
2450341
2450353
2450377
2450381
2450387
2450417
2450453
2450491
2450531
2450549
2450551
2450557
2450573
2450593
2450597
2450599
2450629
2450633
2450663
2450671
2450711
2450713
2450759
2450779
2450783
2450807
2450809
2450813
2450827
2450831
2450837
2450863
2450887
2450911
2450923
2450933
2450947
2450951
2450963
2450989
2450999
2451011
2451017
2451023
2451079
2451101
2451143
2451151
2451203
2451221
2451223
2451233
2451257
2451259
2451269
2451277
2451289
2451299
2451307
2451311
2451331
2451343
2451347
2451359
2451367
2451377
2451389
2451401
2451419
2451433
2451443
2451461
2451467
2451469
2451487
2451499
2451521
2451539
2451541
2451557
2451577
2451601
2451619
2451637
2451641
2451643
2451667
2451671
2451719
2451721
2451733
2451749
2451767
2451769
2451781
2451793
2451797
2451803
2451809
2451811
2451847
2451857
2451871
2451881
2451887
2451907
2451913
2451919
2451937
2451941
2451947
2451973
2451991
2452003
2452013
2452033
2452049
2452057
2452103
2452111
2452123
2452141
2452147
2452181
2452207
2452223
2452231
2452253
2452259
2452271
2452297
2452309
2452313
2452321
2452337
2452339
2452343
2452357
2452367
2452393
2452399
2452409
2452427
2452433
2452459
2452477
2452481
2452487
2452493
2452517
2452519
2452523
2452529
2452531
2452537
2452543
2452561
2452589
2452603
2452633
2452649
2452663
2452673
2452679
2452687
2452699
2452717
2452721
2452753
2452757
2452759
2452783
2452817
2452823
2452829
2452831
2452859
2452861
2452867
2452889
2452897
2452903
2452909
2452921
2452939
2452949
2452951
2452963
2453027
2453039
2453051
2453053
2453057
2453089
2453119
2453141
2453149
2453159
2453173
2453177
2453179
2453183
2453201
2453207
2453233
2453251
2453273
2453281
2453291
2453293
2453303
2453329
2453333
2453369
2453377
2453401
2453417
2453419
2453431
2453441
2453443
2453449
2453453
2453459
2453461
2453467
2453483
2453497
2453501
2453519
2453531
2453543
2453567
2453573
2453597
2453629
2453651
2453653
2453657
2453687
2453701
2453707
2453713
2453747
2453771
2453779
2453783
2453821
2453827
2453833
2453837
2453861
2453873
2453887
2453909
2453921
2453923
2453999
2454007
2454013
2454043
2454047
2454073
2454079
2454107
2454113
2454119
2454121
2454131
2454149
2454157
2454161
2454167
2454209
2454229
2454251
2454253
2454281
2454289
2454317
2454337
2454343
2454349
2454359
2454367
2454373
2454407
2454421
2454433
2454437
2454493
2454503
2454523
2454527
2454533
2454539
2454587
2454619
2454623
2454631
2454637
2454643
2454671
2454703
2454719
2454731
2454757
2454761
2454773
2454787
2454791
2454833
2454841
2454847
2454853
2454869
2454871
2454877
2454883
2454889
2454899
2454911
2454929
2454941
2454961
2455001
2455003
2455087
2455091
2455127
2455129
2455133
2455147
2455183
2455207
2455217
2455253
2455261
2455279
2455303
2455307
2455309
2455337
2455339
2455373
2455379
2455381
2455391
2455423
2455447
2455469
2455471
2455477
2455487
2455499
2455507
2455511
2455513
2455529
2455547
2455553
2455561
2455577
2455589
2455619
2455643
2455657
2455679
2455681
2455699
2455711
2455723
2455729
2455741
2455763
2455771
2455781
2455811
2455823
2455847
2455889
2455897
2455907
2455909
2455927
2455931
2455969
2455979
2455987
2456011
2456021
2456029
2456033
2456057
2456063
2456071
2456087
2456089
2456107
2456123
2456131
2456141
2456191
2456197
2456243
2456249
2456261
2456303
2456323
2456341
2456353
2456357
2456359
2456371
2456383
2456401
2456407
2456411
2456429
2456431
2456437
2456459
2456501
2456539
2456557
2456569
2456581
2456591
2456609
2456617
2456621
2456627
2456639
2456647
2456651
2456693
2456711
2456731
2456743
2456747
2456749
2456759
2456767
2456801
2456803
2456807
2456849
2456869
2456879
2456917
2456939
2456963
2456981
2456983
2456989
2456999
2457001
2457011
2457031
2457047
2457073
2457079
2457121
2457127
2457139
2457179
2457193
2457227
2457241
2457283
2457293
2457307
2457311
2457317
2457319
2457337
2457341
2457347
2457349
2457353
2457361
2457383
2457397
2457421
2457439
2457449
2457461
2457467
2457473
2457487
2457509
2457529
2457563
2457569
2457607
2457613
2457617
2457641
2457647
2457667
2457703
2457709
2457727
2457731
2457733
2457737
2457781
2457797
2457817
2457823
2457839
2457869
2457893
2457899
2457901
2457943
2457967
2457971
2457997
2458003
2458019
2458031
2458039
2458051
2458061
2458063
2458097
2458109
2458121
2458133
2458139
2458151
2458153
2458177
2458199
2458213
2458223
2458229
2458249
2458279
2458283
2458303
2458321
2458327
2458333
2458343
2458349
2458367
2458369
2458373
2458403
2458409
2458411
2458427
2458433
2458451
2458457
2458459
2458481
2458487
2458501
2458537
2458549
2458553
2458571
2458583
2458601
2458607
2458609
2458633
2458639
2458661
2458663
2458667
2458669
2458679
2458681
2458747
2458759
2458793
2458817
2458831
2458837
2458843
2458867
2458873
2458879
2458891
2458901
2458903
2458921
2458927
2458949
2458991
2459003
2459011
2459027
2459029
2459053
2459059
2459069
2459099
2459123
2459129
2459141
2459143
2459153
2459161
2459201
2459209
2459239
2459257
2459273
2459291
2459293
2459311
2459329
2459357
2459363
2459371
2459381
2459383
2459389
2459393
2459411
2459423
2459437
2459449
2459473
2459477
2459489
2459491
2459497
2459563
2459579
2459591
2459617
2459621
2459623
2459657
2459659
2459663
2459701
2459707
2459711
2459731
2459741
2459749
2459753
2459761
2459767
2459773
2459777
2459789
2459791
2459801
2459813
2459843
2459857
2459861
2459869
2459879
2459909
2459921
2459923
2459953
2459957
2459993
2460013
2460043
2460061
2460083
2460097
2460113
2460127
2460137
2460151
2460179
2460181
2460187
2460193
2460197
2460217
2460229
2460277
2460281
2460299
2460301
2460373
2460397
2460407
2460421
2460431
2460433
2460467
2460473
2460487
2460499
2460509
2460511
2460527
2460539
2460547
2460551
2460559
2460581
2460587
2460593
2460607
2460617
2460629
2460637
2460641
2460643
2460649
2460659
2460673
2460677
2460707
2460719
2460721
2460743
2460781
2460791
2460797
2460803
2460817
2460827
2460859
2460863
2460877
2460881
2460883
2460889
2460901
2460917
2460919
2460947
2460959
2460961
2460973
2460989
2461001
2461021
2461031
2461037
2461091
2461093
2461099
2461103
2461139
2461153
2461163
2461169
2461171
2461187
2461223
2461229
2461231
2461237
2461247
2461297
2461309
2461313
2461337
2461339
2461397
2461399
2461409
2461423
2461439
2461453
2461457
2461477
2461489
2461519
2461553
2461577
2461579
2461601
2461637
2461643
2461649
2461703
2461709
2461717
2461727
2461729
2461733
There are 1299 prime numbers in S261.
