S262(2461753~2480616)
2461769
2461801
2461807
2461819
2461831
2461843
2461847
2461853
2461861
2461871
2461873
2461891
2461913
2461919
2461951
2461961
2461969
2461973
2461993
2461997
2462023
2462041
2462069
2462087
2462099
2462123
2462171
2462197
2462233
2462261
2462281
2462287
2462293
2462321
2462329
2462333
2462353
2462359
2462389
2462393
2462401
2462413
2462431
2462443
2462479
2462513
2462519
2462531
2462543
2462549
2462557
2462617
2462623
2462639
2462641
2462689
2462699
2462701
2462711
2462717
2462731
2462737
2462741
2462743
2462783
2462791
2462797
2462813
2462827
2462839
2462843
2462851
2462869
2462879
2462891
2462899
2462917
2462921
2462939
2462953
2463029
2463031
2463037
2463049
2463067
2463077
2463101
2463137
2463143
2463151
2463161
2463163
2463187
2463211
2463221
2463257
2463269
2463311
2463313
2463319
2463359
2463367
2463371
2463401
2463413
2463437
2463443
2463449
2463467
2463473
2463479
2463511
2463529
2463533
2463541
2463557
2463569
2463583
2463619
2463641
2463653
2463667
2463679
2463683
2463697
2463701
2463707
2463757
2463761
2463763
2463767
2463779
2463833
2463841
2463871
2463883
2463887
2463893
2463907
2463919
2463947
2463949
2463971
2463983
2463991
2464003
2464009
2464019
2464037
2464051
2464057
2464061
2464073
2464079
2464087
2464093
2464109
2464117
2464123
2464127
2464153
2464177
2464183
2464199
2464207
2464211
2464213
2464271
2464279
2464307
2464313
2464349
2464361
2464369
2464379
2464393
2464403
2464421
2464457
2464463
2464477
2464487
2464513
2464523
2464529
2464537
2464543
2464559
2464571
2464577
2464589
2464591
2464597
2464603
2464613
2464621
2464639
2464663
2464669
2464697
2464733
2464751
2464757
2464769
2464783
2464789
2464793
2464799
2464801
2464811
2464823
2464831
2464837
2464849
2464853
2464859
2464877
2464897
2464901
2464909
2464919
2464921
2464937
2464939
2464951
2464963
2464981
2465011
2465053
2465059
2465063
2465081
2465123
2465129
2465143
2465149
2465159
2465161
2465167
2465171
2465179
2465201
2465227
2465251
2465263
2465279
2465299
2465303
2465327
2465339
2465363
2465381
2465431
2465467
2465473
2465483
2465509
2465513
2465537
2465539
2465543
2465557
2465563
2465579
2465587
2465599
2465621
2465627
2465633
2465641
2465651
2465657
2465707
2465747
2465753
2465777
2465789
2465819
2465831
2465843
2465851
2465891
2465909
2465917
2465929
2465933
2465941
2465951
2465963
2465977
2465989
2465993
2466011
2466041
2466049
2466053
2466091
2466097
2466103
2466119
2466187
2466197
2466223
2466239
2466253
2466263
2466271
2466323
2466341
2466349
2466367
2466389
2466407
2466427
2466433
2466439
2466449
2466463
2466473
2466481
2466491
2466493
2466509
2466517
2466533
2466539
2466553
2466571
2466587
2466619
2466623
2466631
2466647
2466661
2466691
2466703
2466707
2466749
2466787
2466797
2466803
2466829
2466839
2466851
2466857
2466869
2466881
2466883
2466907
2466917
2466923
2466931
2466973
2466977
2467013
2467019
2467021
2467027
2467033
2467043
2467051
2467061
2467103
2467133
2467139
2467151
2467217
2467219
2467243
2467247
2467253
2467277
2467301
2467307
2467319
2467337
2467351
2467357
2467369
2467373
2467391
2467393
2467403
2467429
2467441
2467447
2467459
2467471
2467489
2467519
2467541
2467559
2467579
2467603
2467607
2467609
2467613
2467637
2467643
2467649
2467691
2467709
2467711
2467763
2467769
2467783
2467859
2467867
2467901
2467903
2467919
2467921
2467931
2467943
2467951
2467957
2467961
2467963
2467979
2467981
2468021
2468027
2468047
2468069
2468099
2468101
2468113
2468117
2468129
2468131
2468143
2468183
2468201
2468209
2468227
2468239
2468261
2468269
2468273
2468303
2468311
2468341
2468351
2468357
2468363
2468371
2468377
2468399
2468413
2468419
2468443
2468447
2468449
2468467
2468471
2468507
2468527
2468549
2468579
2468591
2468629
2468633
2468639
2468657
2468693
2468701
2468707
2468717
2468729
2468773
2468777
2468789
2468801
2468813
2468821
2468831
2468861
2468867
2468881
2468903
2468909
2468951
2468953
2468969
2468971
2469011
2469041
2469053
2469067
2469149
2469157
2469161
2469169
2469193
2469197
2469241
2469251
2469277
2469281
2469283
2469289
2469317
2469319
2469331
2469359
2469407
2469409
2469413
2469421
2469431
2469433
2469457
2469469
2469473
2469479
2469497
2469529
2469541
2469557
2469559
2469581
2469583
2469629
2469637
2469647
2469653
2469659
2469673
2469679
2469757
2469781
2469793
2469827
2469847
2469869
2469871
2469889
2469893
2469899
2469919
2469923
2469931
2469937
2469953
2469979
2469983
2469989
2470001
2470003
2470031
2470037
2470051
2470063
2470079
2470099
2470103
2470109
2470121
2470123
2470141
2470159
2470189
2470199
2470201
2470213
2470217
2470229
2470241
2470243
2470261
2470301
2470313
2470319
2470327
2470331
2470333
2470337
2470339
2470387
2470397
2470417
2470427
2470451
2470463
2470471
2470553
2470579
2470603
2470621
2470631
2470639
2470667
2470673
2470679
2470691
2470693
2470697
2470739
2470753
2470757
2470777
2470781
2470789
2470801
2470841
2470859
2470877
2470889
2470891
2470903
2470939
2470957
2470961
2470981
2470991
2471009
2471017
2471033
2471047
2471057
2471059
2471071
2471087
2471089
2471093
2471101
2471107
2471113
2471149
2471153
2471173
2471179
2471201
2471207
2471219
2471233
2471237
2471251
2471257
2471299
2471309
2471321
2471323
2471347
2471377
2471383
2471389
2471393
2471407
2471437
2471449
2471461
2471471
2471473
2471503
2471507
2471527
2471531
2471533
2471551
2471611
2471621
2471629
2471633
2471639
2471663
2471669
2471701
2471713
2471717
2471737
2471743
2471747
2471753
2471809
2471813
2471827
2471863
2471869
2471899
2471927
2471939
2471947
2471951
2471983
2471993
2472023
2472037
2472049
2472053
2472061
2472077
2472091
2472097
2472121
2472131
2472143
2472167
2472179
2472181
2472193
2472203
2472209
2472227
2472241
2472251
2472289
2472313
2472317
2472329
2472347
2472359
2472373
2472389
2472403
2472443
2472461
2472469
2472473
2472517
2472539
2472541
2472551
2472557
2472559
2472577
2472607
2472611
2472637
2472649
2472677
2472683
2472697
2472703
2472719
2472727
2472731
2472737
2472781
2472791
2472797
2472809
2472823
2472851
2472853
2472857
2472893
2472919
2472929
2472931
2472947
2472959
2472961
2472979
2473019
2473027
2473039
2473049
2473057
2473063
2473067
2473073
2473099
2473127
2473129
2473147
2473153
2473157
2473169
2473181
2473183
2473189
2473193
2473217
2473241
2473277
2473291
2473301
2473309
2473321
2473327
2473337
2473343
2473349
2473391
2473409
2473421
2473423
2473441
2473451
2473453
2473463
2473501
2473511
2473529
2473547
2473567
2473589
2473607
2473609
2473631
2473633
2473663
2473697
2473717
2473759
2473777
2473813
2473837
2473871
2473879
2473907
2473921
2473937
2473943
2473951
2473963
2473967
2473979
2473997
2474039
2474051
2474053
2474057
2474071
2474117
2474119
2474183
2474207
2474209
2474239
2474261
2474267
2474273
2474281
2474287
2474291
2474321
2474383
2474387
2474393
2474413
2474431
2474489
2474497
2474533
2474539
2474543
2474551
2474557
2474561
2474569
2474573
2474603
2474611
2474629
2474651
2474663
2474669
2474677
2474683
2474687
2474701
2474711
2474713
2474723
2474737
2474743
2474749
2474783
2474789
2474821
2474827
2474837
2474851
2474861
2474863
2474881
2474897
2474903
2474909
2474917
2474929
2474939
2474957
2474999
2475019
2475023
2475029
2475061
2475089
2475091
2475097
2475101
2475113
2475139
2475157
2475163
2475199
2475223
2475229
2475247
2475269
2475287
2475289
2475299
2475331
2475367
2475371
2475383
2475397
2475427
2475433
2475437
2475439
2475493
2475497
2475509
2475547
2475587
2475593
2475647
2475653
2475673
2475679
2475689
2475709
2475721
2475751
2475773
2475779
2475787
2475791
2475797
2475799
2475821
2475827
2475839
2475857
2475859
2475883
2475887
2475911
2475917
2475959
2475961
2475971
2475989
2476009
2476013
2476037
2476039
2476043
2476057
2476073
2476079
2476081
2476121
2476129
2476141
2476163
2476181
2476189
2476219
2476273
2476283
2476291
2476297
2476303
2476307
2476321
2476333
2476337
2476351
2476363
2476367
2476381
2476391
2476393
2476421
2476423
2476451
2476469
2476489
2476511
2476541
2476547
2476561
2476567
2476583
2476597
2476601
2476609
2476651
2476667
2476673
2476681
2476699
2476703
2476711
2476717
2476723
2476739
2476751
2476753
2476787
2476811
2476819
2476867
2476871
2476907
2476913
2476921
2476927
2476937
2476967
2476987
2477029
2477051
2477063
2477071
2477081
2477107
2477129
2477131
2477141
2477147
2477159
2477161
2477171
2477173
2477177
2477213
2477219
2477231
2477249
2477263
2477281
2477297
2477309
2477311
2477317
2477327
2477329
2477333
2477339
2477357
2477381
2477407
2477411
2477413
2477471
2477521
2477561
2477599
2477609
2477611
2477623
2477639
2477641
2477647
2477659
2477681
2477689
2477701
2477719
2477729
2477743
2477747
2477777
2477791
2477807
2477821
2477837
2477851
2477863
2477899
2477911
2477929
2477933
2477939
2477947
2477957
2477983
2477987
2478011
2478017
2478023
2478029
2478041
2478067
2478083
2478097
2478101
2478173
2478187
2478211
2478221
2478239
2478241
2478257
2478269
2478271
2478293
2478323
2478331
2478337
2478347
2478349
2478361
2478367
2478373
2478403
2478407
2478449
2478473
2478479
2478517
2478521
2478523
2478527
2478529
2478547
2478557
2478587
2478589
2478611
2478631
2478643
2478653
2478661
2478673
2478677
2478691
2478703
2478709
2478713
2478727
2478731
2478743
2478761
2478793
2478803
2478809
2478877
2478899
2478937
2478953
2478997
2479013
2479019
2479027
2479031
2479049
2479069
2479117
2479129
2479151
2479171
2479189
2479219
2479231
2479237
2479241
2479271
2479277
2479283
2479307
2479319
2479327
2479361
2479381
2479387
2479409
2479429
2479453
2479457
2479483
2479487
2479489
2479493
2479507
2479513
2479523
2479541
2479549
2479553
2479567
2479577
2479583
2479619
2479627
2479657
2479661
2479663
2479667
2479669
2479679
2479691
2479693
2479717
2479727
2479733
2479751
2479769
2479781
2479787
2479801
2479811
2479847
2479849
2479879
2479901
2479903
2479913
2479927
2479963
2479987
2479991
2480003
2480053
2480057
2480063
2480069
2480081
2480083
2480087
2480119
2480161
2480171
2480189
2480201
2480207
2480209
2480227
2480263
2480267
2480281
2480287
2480311
2480323
2480329
2480339
2480383
2480411
2480417
2480441
2480447
2480479
2480483
2480497
2480501
2480503
2480509
2480539
2480551
2480563
2480567
2480579
2480587
2480593
There are 1261 prime numbers in S262.
