S263(2480617~2499552)
2480617
2480663
2480671
2480677
2480683
2480693
2480717
2480719
2480729
2480743
2480749
2480767
2480783
2480843
2480851
2480873
2480893
2480897
2480903
2480909
2480911
2480917
2480927
2480977
2480981
2481013
2481019
2481029
2481043
2481047
2481067
2481091
2481097
2481107
2481113
2481121
2481137
2481139
2481169
2481173
2481179
2481181
2481187
2481221
2481233
2481239
2481247
2481253
2481277
2481293
2481307
2481317
2481319
2481341
2481389
2481421
2481433
2481449
2481461
2481491
2481497
2481499
2481503
2481509
2481517
2481601
2481629
2481641
2481649
2481653
2481697
2481709
2481719
2481727
2481749
2481757
2481797
2481811
2481823
2481833
2481839
2481841
2481851
2481859
2481863
2481877
2481887
2481889
2481901
2481911
2481959
2481971
2481977
2481979
2482009
2482019
2482033
2482049
2482061
2482069
2482093
2482097
2482111
2482147
2482157
2482177
2482199
2482237
2482243
2482247
2482253
2482279
2482297
2482309
2482339
2482343
2482349
2482351
2482379
2482411
2482421
2482439
2482451
2482463
2482481
2482499
2482523
2482531
2482537
2482553
2482567
2482583
2482607
2482619
2482621
2482651
2482703
2482717
2482741
2482747
2482757
2482769
2482771
2482783
2482793
2482801
2482807
2482813
2482841
2482849
2482861
2482871
2482889
2482903
2482913
2482933
2482937
2482943
2482967
2482973
2482981
2482993
2482999
2483017
2483027
2483059
2483077
2483093
2483099
2483113
2483119
2483137
2483141
2483147
2483161
2483171
2483179
2483219
2483233
2483291
2483381
2483417
2483431
2483447
2483461
2483483
2483519
2483521
2483543
2483549
2483561
2483567
2483599
2483603
2483617
2483641
2483653
2483659
2483669
2483671
2483687
2483693
2483707
2483711
2483713
2483729
2483743
2483749
2483753
2483777
2483797
2483827
2483837
2483861
2483867
2483869
2483881
2483911
2483917
2483939
2483953
2484011
2484017
2484019
2484037
2484049
2484059
2484089
2484109
2484113
2484127
2484133
2484151
2484179
2484191
2484197
2484199
2484203
2484233
2484241
2484259
2484271
2484289
2484311
2484319
2484323
2484331
2484353
2484359
2484379
2484473
2484491
2484509
2484523
2484527
2484539
2484563
2484569
2484571
2484589
2484593
2484617
2484623
2484631
2484653
2484673
2484679
2484683
2484689
2484697
2484707
2484721
2484731
2484733
2484739
2484751
2484803
2484827
2484857
2484863
2484871
2484893
2484899
2484901
2484917
2484919
2484931
2484959
2484961
2484971
2484973
2485001
2485003
2485027
2485033
2485037
2485061
2485069
2485073
2485121
2485123
2485129
2485159
2485169
2485183
2485187
2485193
2485207
2485211
2485243
2485277
2485279
2485283
2485303
2485319
2485339
2485367
2485381
2485391
2485393
2485397
2485421
2485429
2485453
2485477
2485481
2485489
2485507
2485513
2485537
2485547
2485559
2485573
2485579
2485607
2485627
2485631
2485643
2485649
2485657
2485663
2485667
2485669
2485687
2485727
2485733
2485739
2485759
2485801
2485807
2485831
2485849
2485867
2485897
2485907
2485937
2485939
2485949
2485991
2485997
2485999
2486009
2486027
2486039
2486041
2486059
2486069
2486089
2486101
2486123
2486137
2486147
2486149
2486153
2486167
2486189
2486191
2486203
2486219
2486221
2486243
2486251
2486269
2486273
2486287
2486291
2486333
2486371
2486381
2486383
2486387
2486423
2486443
2486459
2486467
2486483
2486501
2486509
2486513
2486521
2486531
2486551
2486557
2486563
2486567
2486579
2486581
2486591
2486593
2486611
2486623
2486639
2486651
2486669
2486677
2486681
2486689
2486699
2486713
2486717
2486747
2486753
2486761
2486767
2486801
2486831
2486833
2486843
2486857
2486863
2486867
2486873
2486951
2486963
2486969
2486971
2486987
2486993
2487047
2487061
2487071
2487073
2487091
2487097
2487113
2487137
2487139
2487143
2487167
2487203
2487211
2487227
2487229
2487259
2487269
2487281
2487293
2487299
2487307
2487313
2487319
2487341
2487349
2487367
2487383
2487391
2487413
2487431
2487439
2487467
2487481
2487493
2487497
2487517
2487521
2487523
2487557
2487571
2487581
2487587
2487599
2487601
2487619
2487623
2487629
2487637
2487659
2487671
2487673
2487677
2487691
2487697
2487701
2487713
2487739
2487743
2487773
2487787
2487791
2487809
2487811
2487827
2487833
2487883
2487907
2487923
2487931
2487943
2487949
2487959
2487977
2487983
2488009
2488019
2488043
2488061
2488067
2488099
2488111
2488121
2488141
2488159
2488181
2488193
2488217
2488219
2488223
2488231
2488247
2488253
2488261
2488267
2488271
2488289
2488309
2488319
2488327
2488333
2488357
2488363
2488379
2488391
2488397
2488399
2488417
2488427
2488429
2488469
2488471
2488481
2488489
2488537
2488547
2488553
2488559
2488567
2488573
2488597
2488609
2488667
2488687
2488699
2488709
2488723
2488727
2488757
2488771
2488777
2488781
2488799
2488841
2488877
2488891
2488901
2488907
2488909
2488949
2488961
2488963
2488973
2489017
2489077
2489107
2489111
2489119
2489143
2489147
2489159
2489161
2489183
2489197
2489213
2489219
2489237
2489239
2489287
2489309
2489321
2489339
2489341
2489371
2489381
2489411
2489413
2489423
2489441
2489453
2489477
2489483
2489491
2489521
2489533
2489567
2489573
2489603
2489611
2489639
2489647
2489659
2489671
2489687
2489713
2489717
2489719
2489749
2489759
2489761
2489777
2489789
2489797
2489801
2489813
2489831
2489849
2489857
2489867
2489869
2489873
2489881
2489891
2489909
2489923
2489933
2489947
2489999
2490023
2490029
2490079
2490091
2490101
2490119
2490127
2490139
2490157
2490161
2490209
2490221
2490227
2490239
2490247
2490251
2490263
2490269
2490283
2490307
2490329
2490337
2490377
2490391
2490413
2490421
2490451
2490461
2490469
2490473
2490479
2490493
2490497
2490529
2490533
2490547
2490583
2490589
2490599
2490613
2490617
2490623
2490637
2490659
2490661
2490667
2490679
2490701
2490707
2490713
2490727
2490731
2490737
2490743
2490769
2490809
2490811
2490821
2490847
2490869
2490889
2490899
2490907
2490931
2490941
2490973
2490997
2491001
2491007
2491009
2491031
2491043
2491063
2491081
2491087
2491091
2491117
2491123
2491171
2491189
2491207
2491211
2491243
2491259
2491289
2491327
2491331
2491339
2491343
2491351
2491369
2491381
2491387
2491397
2491453
2491457
2491471
2491487
2491493
2491499
2491519
2491523
2491547
2491553
2491589
2491607
2491609
2491649
2491661
2491669
2491681
2491711
2491729
2491757
2491759
2491777
2491787
2491813
2491829
2491837
2491847
2491861
2491871
2491891
2491903
2491933
2491949
2491961
2491963
2491967
2492003
2492011
2492023
2492051
2492069
2492071
2492093
2492111
2492117
2492123
2492143
2492153
2492159
2492197
2492201
2492227
2492239
2492263
2492279
2492299
2492311
2492317
2492339
2492383
2492389
2492393
2492417
2492423
2492443
2492447
2492453
2492459
2492461
2492509
2492519
2492527
2492549
2492563
2492587
2492593
2492599
2492603
2492657
2492701
2492719
2492729
2492747
2492767
2492783
2492797
2492813
2492821
2492827
2492843
2492851
2492879
2492899
2492951
2492957
2493019
2493037
2493041
2493053
2493077
2493079
2493083
2493089
2493107
2493109
2493121
2493149
2493167
2493187
2493193
2493221
2493229
2493233
2493259
2493289
2493301
2493329
2493331
2493341
2493347
2493349
2493353
2493383
2493401
2493409
2493419
2493437
2493443
2493479
2493511
2493523
2493529
2493551
2493559
2493563
2493587
2493599
2493629
2493643
2493653
2493707
2493709
2493719
2493721
2493727
2493749
2493767
2493779
2493817
2493833
2493851
2493853
2493859
2493877
2493923
2493929
2493937
2493943
2493947
2493949
2493979
2493983
2493991
2494031
2494033
2494057
2494061
2494069
2494081
2494091
2494099
2494103
2494117
2494123
2494157
2494169
2494171
2494201
2494213
2494237
2494241
2494273
2494279
2494313
2494321
2494333
2494357
2494363
2494367
2494379
2494381
2494391
2494421
2494423
2494433
2494439
2494441
2494447
2494451
2494463
2494469
2494489
2494507
2494517
2494523
2494537
2494543
2494553
2494561
2494571
2494589
2494607
2494627
2494637
2494669
2494673
2494693
2494703
2494711
2494721
2494729
2494753
2494769
2494777
2494781
2494819
2494823
2494829
2494831
2494847
2494883
2494889
2494913
2494931
2494949
2494951
2494963
2494967
2494979
2494981
2494991
2494993
2495027
2495047
2495071
2495123
2495149
2495167
2495173
2495177
2495203
2495239
2495249
2495263
2495279
2495291
2495299
2495321
2495323
2495341
2495351
2495387
2495417
2495429
2495443
2495459
2495461
2495473
2495489
2495501
2495509
2495527
2495533
2495543
2495551
2495557
2495567
2495599
2495621
2495657
2495723
2495749
2495767
2495771
2495789
2495803
2495807
2495813
2495819
2495833
2495839
2495851
2495861
2495869
2495881
2495887
2495947
2495963
2495981
2495993
2496007
2496031
2496041
2496061
2496073
2496077
2496079
2496083
2496097
2496103
2496139
2496173
2496191
2496199
2496211
2496227
2496251
2496253
2496257
2496269
2496271
2496281
2496293
2496313
2496317
2496323
2496371
2496379
2496383
2496401
2496409
2496413
2496421
2496437
2496469
2496491
2496493
2496503
2496517
2496521
2496541
2496553
2496577
2496587
2496607
2496629
2496643
2496667
2496677
2496691
2496707
2496721
2496727
2496737
2496743
2496757
2496779
2496799
2496803
2496827
2496829
2496869
2496887
2496899
2496911
2496917
2496919
2496937
2496973
2496979
2497003
2497007
2497013
2497021
2497039
2497043
2497067
2497097
2497109
2497129
2497163
2497169
2497177
2497193
2497207
2497211
2497213
2497217
2497259
2497289
2497301
2497309
2497321
2497333
2497337
2497349
2497357
2497361
2497367
2497381
2497421
2497423
2497447
2497457
2497477
2497489
2497499
2497511
2497513
2497541
2497571
2497591
2497603
2497609
2497631
2497633
2497637
2497661
2497667
2497673
2497697
2497723
2497727
2497739
2497751
2497753
2497757
2497771
2497801
2497811
2497849
2497867
2497871
2497877
2497879
2497897
2497903
2497927
2497931
2497933
2497939
2497951
2497967
2497991
2498009
2498017
2498021
2498071
2498087
2498107
2498123
2498131
2498137
2498143
2498173
2498179
2498183
2498207
2498213
2498219
2498231
2498239
2498273
2498299
2498323
2498333
2498339
2498347
2498359
2498369
2498381
2498393
2498399
2498407
2498413
2498423
2498449
2498453
2498521
2498527
2498539
2498593
2498599
2498603
2498641
2498653
2498659
2498689
2498701
2498707
2498723
2498731
2498737
2498753
2498759
2498767
2498801
2498809
2498819
2498851
2498893
2498921
2498939
2498957
2498971
2498981
2498989
2499023
2499041
2499053
2499059
2499061
2499083
2499103
2499121
2499137
2499139
2499143
2499149
2499151
2499163
2499169
2499179
2499193
2499197
2499247
2499253
2499257
2499269
2499311
2499337
2499373
2499383
2499389
2499403
2499421
2499439
2499443
2499449
2499457
2499463
2499509
2499517
2499521
2499551
There are 1284 prime numbers in S263.
