S264(2499553~2518560)
2499577
2499589
2499599
2499613
2499619
2499631
2499641
2499643
2499661
2499667
2499671
2499689
2499727
2499751
2499779
2499781
2499793
2499803
2499821
2499853
2499859
2499863
2499881
2499907
2499919
2499923
2499941
2499943
2499947
2499949
2499953
2499967
2499983
2499989
2499997
2500009
2500027
2500049
2500051
2500067
2500081
2500087
2500097
2500109
2500117
2500151
2500159
2500163
2500171
2500187
2500213
2500273
2500297
2500301
2500331
2500339
2500357
2500363
2500403
2500417
2500439
2500441
2500523
2500529
2500543
2500559
2500591
2500601
2500621
2500637
2500639
2500651
2500669
2500679
2500709
2500727
2500733
2500741
2500747
2500753
2500759
2500769
2500781
2500783
2500807
2500831
2500843
2500847
2500879
2500889
2500891
2500919
2500933
2500937
2500957
2500961
2500969
2500973
2500999
2501003
2501071
2501077
2501099
2501101
2501113
2501119
2501131
2501137
2501143
2501171
2501189
2501197
2501201
2501243
2501249
2501251
2501269
2501281
2501299
2501327
2501333
2501347
2501351
2501357
2501383
2501399
2501413
2501417
2501449
2501461
2501479
2501489
2501501
2501507
2501563
2501573
2501591
2501593
2501599
2501623
2501647
2501651
2501657
2501677
2501689
2501699
2501761
2501789
2501791
2501803
2501813
2501819
2501833
2501843
2501881
2501897
2501899
2501911
2501923
2501953
2501957
2501959
2501987
2501999
2502001
2502007
2502011
2502047
2502067
2502079
2502083
2502089
2502113
2502121
2502133
2502151
2502163
2502169
2502173
2502191
2502197
2502209
2502211
2502229
2502251
2502259
2502263
2502287
2502293
2502301
2502317
2502329
2502337
2502341
2502343
2502359
2502361
2502371
2502373
2502389
2502391
2502397
2502407
2502443
2502463
2502473
2502481
2502527
2502541
2502551
2502559
2502571
2502581
2502583
2502593
2502629
2502637
2502649
2502667
2502677
2502683
2502701
2502719
2502733
2502761
2502767
2502779
2502781
2502793
2502803
2502809
2502827
2502833
2502917
2502931
2502937
2502943
2502953
2502991
2503001
2503027
2503037
2503069
2503103
2503121
2503139
2503141
2503147
2503153
2503181
2503183
2503201
2503211
2503213
2503217
2503253
2503261
2503283
2503313
2503327
2503339
2503351
2503357
2503373
2503381
2503387
2503409
2503427
2503433
2503439
2503453
2503463
2503469
2503477
2503499
2503507
2503511
2503513
2503537
2503559
2503577
2503597
2503637
2503639
2503651
2503663
2503703
2503717
2503729
2503751
2503759
2503799
2503817
2503841
2503859
2503871
2503873
2503883
2503909
2503927
2503931
2503961
2503979
2503997
2503999
2504009
2504011
2504069
2504071
2504077
2504081
2504101
2504129
2504141
2504147
2504153
2504167
2504189
2504213
2504251
2504261
2504269
2504291
2504297
2504317
2504323
2504329
2504347
2504351
2504377
2504399
2504407
2504413
2504417
2504429
2504431
2504441
2504473
2504479
2504501
2504503
2504519
2504531
2504543
2504563
2504569
2504581
2504587
2504597
2504603
2504611
2504629
2504639
2504657
2504669
2504681
2504687
2504693
2504717
2504737
2504741
2504753
2504767
2504779
2504783
2504791
2504807
2504819
2504837
2504869
2504881
2504891
2504917
2504923
2504927
2504969
2504981
2504987
2505007
2505043
2505067
2505073
2505077
2505101
2505109
2505119
2505121
2505127
2505133
2505143
2505157
2505161
2505163
2505187
2505193
2505227
2505247
2505253
2505259
2505263
2505271
2505277
2505301
2505311
2505337
2505343
2505353
2505361
2505379
2505383
2505401
2505407
2505421
2505457
2505487
2505499
2505527
2505533
2505539
2505541
2505557
2505611
2505623
2505631
2505641
2505673
2505683
2505691
2505707
2505743
2505773
2505779
2505791
2505793
2505809
2505829
2505847
2505857
2505859
2505863
2505901
2505917
2505983
2505989
2505991
2506003
2506013
2506033
2506069
2506073
2506079
2506099
2506109
2506129
2506183
2506193
2506199
2506201
2506223
2506253
2506277
2506279
2506291
2506313
2506321
2506337
2506363
2506367
2506373
2506391
2506397
2506409
2506411
2506421
2506447
2506459
2506481
2506489
2506501
2506523
2506541
2506547
2506549
2506561
2506571
2506579
2506583
2506619
2506631
2506643
2506649
2506657
2506661
2506681
2506687
2506697
2506717
2506723
2506729
2506759
2506783
2506799
2506807
2506813
2506831
2506843
2506859
2506873
2506883
2506909
2506913
2506919
2506927
2506949
2506957
2506961
2506979
2506981
2506991
2506997
2507003
2507017
2507033
2507047
2507051
2507093
2507147
2507149
2507203
2507213
2507227
2507233
2507243
2507251
2507291
2507303
2507317
2507339
2507383
2507387
2507389
2507413
2507467
2507473
2507489
2507567
2507581
2507587
2507597
2507627
2507629
2507641
2507647
2507671
2507689
2507693
2507707
2507719
2507723
2507731
2507737
2507767
2507773
2507777
2507821
2507837
2507861
2507863
2507881
2507899
2507903
2507909
2507917
2507927
2507957
2507963
2508001
2508017
2508041
2508043
2508047
2508049
2508053
2508067
2508073
2508083
2508089
2508091
2508097
2508101
2508113
2508139
2508151
2508161
2508167
2508203
2508211
2508223
2508227
2508269
2508277
2508281
2508283
2508293
2508307
2508313
2508347
2508371
2508379
2508383
2508391
2508409
2508433
2508481
2508511
2508521
2508557
2508559
2508581
2508593
2508599
2508619
2508629
2508641
2508677
2508683
2508689
2508691
2508697
2508743
2508763
2508769
2508773
2508787
2508797
2508823
2508827
2508833
2508871
2508899
2508901
2508917
2508929
2508953
2508971
2509027
2509037
2509061
2509063
2509079
2509103
2509123
2509127
2509141
2509147
2509163
2509181
2509207
2509219
2509237
2509253
2509259
2509267
2509271
2509279
2509301
2509307
2509313
2509333
2509337
2509363
2509379
2509411
2509417
2509427
2509433
2509483
2509499
2509513
2509517
2509519
2509531
2509537
2509541
2509561
2509571
2509597
2509613
2509621
2509627
2509649
2509679
2509687
2509721
2509757
2509777
2509807
2509811
2509823
2509831
2509841
2509849
2509861
2509891
2509907
2509933
2509937
2509961
2509963
2509981
2509993
2510017
2510023
2510041
2510047
2510051
2510077
2510083
2510087
2510099
2510107
2510111
2510141
2510149
2510159
2510171
2510219
2510227
2510279
2510293
2510303
2510309
2510329
2510341
2510401
2510429
2510437
2510447
2510449
2510477
2510491
2510503
2510507
2510513
2510531
2510533
2510537
2510549
2510551
2510567
2510579
2510581
2510591
2510609
2510623
2510653
2510681
2510701
2510707
2510723
2510731
2510741
2510743
2510771
2510777
2510789
2510801
2510803
2510843
2510867
2510873
2510891
2510903
2510909
2510927
2510941
2510947
2510971
2511001
2511011
2511017
2511029
2511043
2511049
2511083
2511101
2511107
2511109
2511133
2511137
2511143
2511149
2511151
2511161
2511167
2511169
2511241
2511247
2511253
2511259
2511269
2511293
2511307
2511319
2511323
2511337
2511343
2511349
2511389
2511407
2511413
2511433
2511451
2511473
2511493
2511499
2511503
2511517
2511521
2511541
2511547
2511557
2511569
2511581
2511601
2511637
2511643
2511659
2511697
2511703
2511709
2511721
2511749
2511779
2511791
2511793
2511799
2511809
2511811
2511823
2511827
2511851
2511871
2511881
2511911
2511917
2511941
2511953
2511979
2511983
2511997
2512001
2512007
2512019
2512021
2512033
2512063
2512087
2512093
2512109
2512117
2512127
2512171
2512177
2512207
2512217
2512219
2512229
2512249
2512283
2512297
2512303
2512331
2512339
2512343
2512369
2512399
2512403
2512409
2512417
2512423
2512429
2512453
2512459
2512463
2512469
2512501
2512507
2512511
2512513
2512537
2512553
2512561
2512597
2512637
2512639
2512649
2512661
2512673
2512691
2512709
2512721
2512723
2512739
2512747
2512759
2512771
2512789
2512801
2512813
2512831
2512837
2512841
2512843
2512847
2512897
2512919
2512943
2512967
2512999
2513011
2513029
2513033
2513039
2513047
2513051
2513057
2513083
2513087
2513089
2513107
2513113
2513123
2513131
2513143
2513153
2513179
2513197
2513209
2513249
2513281
2513293
2513309
2513311
2513327
2513333
2513347
2513351
2513353
2513363
2513443
2513461
2513473
2513477
2513503
2513507
2513519
2513527
2513549
2513551
2513557
2513579
2513591
2513593
2513617
2513653
2513657
2513659
2513663
2513677
2513689
2513699
2513723
2513729
2513747
2513761
2513801
2513803
2513809
2513827
2513839
2513881
2513887
2513893
2513899
2513941
2514013
2514019
2514037
2514053
2514059
2514073
2514089
2514091
2514101
2514119
2514139
2514151
2514157
2514163
2514173
2514203
2514217
2514221
2514227
2514229
2514241
2514247
2514257
2514263
2514269
2514277
2514287
2514299
2514313
2514331
2514341
2514377
2514389
2514401
2514427
2514433
2514437
2514439
2514451
2514467
2514469
2514493
2514509
2514527
2514529
2514541
2514563
2514581
2514587
2514599
2514647
2514661
2514679
2514697
2514713
2514719
2514731
2514737
2514767
2514781
2514791
2514857
2514877
2514887
2514893
2514917
2514931
2514943
2514947
2514949
2514959
2514961
2514977
2514989
2514991
2515003
2515013
2515039
2515067
2515081
2515103
2515127
2515147
2515153
2515159
2515169
2515189
2515193
2515237
2515241
2515273
2515283
2515291
2515301
2515313
2515319
2515321
2515339
2515343
2515351
2515367
2515379
2515397
2515411
2515417
2515427
2515451
2515453
2515477
2515517
2515523
2515529
2515531
2515537
2515553
2515561
2515571
2515573
2515577
2515589
2515603
2515613
2515621
2515627
2515633
2515651
2515673
2515687
2515691
2515697
2515699
2515703
2515727
2515739
2515757
2515787
2515817
2515853
2515859
2515871
2515873
2515879
2515897
2515907
2515921
2515951
2515967
2516021
2516057
2516077
2516089
2516123
2516197
2516201
2516209
2516233
2516249
2516257
2516263
2516273
2516299
2516309
2516351
2516369
2516377
2516401
2516411
2516413
2516429
2516447
2516467
2516473
2516491
2516497
2516513
2516543
2516567
2516573
2516581
2516603
2516659
2516669
2516681
2516713
2516771
2516779
2516783
2516837
2516863
2516869
2516887
2516893
2516929
2516947
2516953
2516957
2516963
2516971
2516981
2516993
2517007
2517041
2517049
2517061
2517079
2517089
2517103
2517121
2517127
2517131
2517133
2517149
2517157
2517161
2517197
2517211
2517227
2517233
2517239
2517269
2517271
2517283
2517289
2517311
2517379
2517401
2517407
2517439
2517457
2517467
2517469
2517499
2517503
2517509
2517533
2517583
2517587
2517611
2517617
2517631
2517637
2517677
2517679
2517701
2517703
2517733
2517737
2517761
2517797
2517799
2517811
2517821
2517847
2517869
2517877
2517881
2517901
2517919
2517929
2517941
2517959
2518003
2518067
2518069
2518079
2518081
2518093
2518121
2518129
2518133
2518147
2518151
2518163
2518177
2518181
2518199
2518211
2518231
2518237
2518259
2518267
2518289
2518291
2518301
2518309
2518319
2518337
2518349
2518357
2518367
2518379
2518387
2518391
2518421
2518429
2518487
2518493
2518501
2518511
2518517
2518559
There are 1287 prime numbers in S264.
