S265(2518561~2537640)
2518561
2518577
2518591
2518619
2518643
2518667
2518687
2518727
2518729
2518759
2518783
2518787
2518793
2518823
2518829
2518847
2518877
2518903
2518913
2518927
2518933
2518939
2518949
2518951
2518961
2518973
2518981
2518987
2519003
2519017
2519021
2519047
2519051
2519063
2519087
2519089
2519093
2519107
2519113
2519131
2519137
2519149
2519159
2519161
2519171
2519177
2519189
2519197
2519221
2519263
2519269
2519273
2519329
2519333
2519347
2519353
2519369
2519393
2519423
2519453
2519459
2519467
2519471
2519479
2519497
2519509
2519537
2519557
2519563
2519579
2519591
2519597
2519603
2519611
2519639
2519641
2519651
2519659
2519681
2519707
2519729
2519731
2519747
2519767
2519801
2519813
2519851
2519873
2519879
2519899
2519911
2519921
2519939
2519941
2519947
2519953
2519969
2519977
2519981
2520017
2520031
2520073
2520079
2520121
2520127
2520139
2520149
2520151
2520169
2520173
2520191
2520211
2520241
2520247
2520251
2520257
2520263
2520277
2520283
2520313
2520319
2520347
2520367
2520379
2520383
2520431
2520433
2520439
2520443
2520451
2520457
2520481
2520491
2520503
2520577
2520587
2520601
2520611
2520613
2520629
2520631
2520649
2520659
2520671
2520677
2520689
2520697
2520769
2520779
2520781
2520797
2520821
2520829
2520841
2520853
2520887
2520907
2520929
2520943
2520971
2520979
2520983
2521003
2521019
2521021
2521031
2521037
2521039
2521063
2521067
2521073
2521081
2521093
2521111
2521147
2521153
2521171
2521223
2521249
2521271
2521273
2521297
2521307
2521327
2521339
2521361
2521367
2521373
2521397
2521417
2521429
2521451
2521469
2521481
2521489
2521499
2521501
2521507
2521517
2521537
2521591
2521609
2521613
2521621
2521643
2521681
2521693
2521703
2521711
2521721
2521723
2521733
2521747
2521751
2521769
2521807
2521817
2521823
2521829
2521843
2521847
2521901
2521919
2521921
2521949
2521969
2521979
2522011
2522017
2522021
2522027
2522053
2522057
2522059
2522063
2522087
2522089
2522119
2522147
2522189
2522209
2522213
2522227
2522237
2522257
2522263
2522281
2522293
2522297
2522329
2522357
2522363
2522371
2522381
2522393
2522407
2522419
2522431
2522441
2522447
2522461
2522473
2522491
2522503
2522543
2522557
2522593
2522603
2522621
2522629
2522633
2522657
2522659
2522669
2522671
2522699
2522713
2522717
2522743
2522753
2522759
2522761
2522789
2522791
2522809
2522813
2522827
2522831
2522837
2522867
2522881
2522909
2522911
2522917
2522941
2522957
2522963
2522977
2522981
2522983
2522999
2523011
2523013
2523041
2523043
2523047
2523071
2523083
2523107
2523133
2523139
2523149
2523151
2523161
2523163
2523173
2523187
2523211
2523217
2523223
2523229
2523251
2523317
2523329
2523337
2523343
2523347
2523359
2523379
2523401
2523413
2523419
2523457
2523473
2523481
2523487
2523503
2523517
2523527
2523529
2523533
2523539
2523557
2523569
2523581
2523589
2523593
2523641
2523643
2523671
2523707
2523709
2523727
2523739
2523743
2523749
2523757
2523779
2523791
2523821
2523839
2523863
2523869
2523877
2523883
2523887
2523893
2523901
2523907
2523923
2523931
2523943
2523949
2523953
2523959
2523967
2523991
2524003
2524009
2524031
2524033
2524061
2524069
2524087
2524097
2524117
2524127
2524133
2524139
2524153
2524157
2524163
2524183
2524187
2524199
2524201
2524213
2524217
2524219
2524259
2524261
2524289
2524297
2524309
2524339
2524343
2524349
2524351
2524369
2524373
2524393
2524429
2524439
2524453
2524463
2524469
2524471
2524477
2524481
2524531
2524541
2524553
2524567
2524579
2524591
2524637
2524649
2524651
2524661
2524667
2524673
2524679
2524681
2524693
2524723
2524741
2524747
2524751
2524771
2524783
2524799
2524807
2524811
2524817
2524859
2524861
2524877
2524909
2524913
2524927
2524931
2524937
2524939
2524961
2524969
2524979
2524987
2525011
2525041
2525053
2525057
2525071
2525087
2525099
2525113
2525123
2525137
2525161
2525177
2525179
2525189
2525191
2525219
2525221
2525227
2525249
2525267
2525269
2525273
2525279
2525293
2525323
2525329
2525351
2525363
2525371
2525387
2525389
2525417
2525429
2525443
2525447
2525473
2525489
2525507
2525531
2525557
2525569
2525591
2525599
2525603
2525617
2525623
2525629
2525647
2525669
2525671
2525687
2525701
2525711
2525717
2525729
2525749
2525753
2525771
2525779
2525797
2525801
2525807
2525851
2525933
2525959
2525981
2525989
2526023
2526037
2526049
2526077
2526089
2526119
2526127
2526137
2526169
2526187
2526197
2526211
2526233
2526239
2526247
2526257
2526269
2526289
2526299
2526301
2526317
2526361
2526371
2526383
2526401
2526409
2526427
2526463
2526467
2526473
2526479
2526493
2526497
2526521
2526529
2526541
2526547
2526553
2526571
2526577
2526581
2526583
2526599
2526607
2526611
2526617
2526631
2526647
2526649
2526653
2526661
2526697
2526709
2526721
2526743
2526763
2526781
2526787
2526827
2526847
2526851
2526869
2526883
2526889
2526893
2526913
2526959
2526967
2526971
2526983
2526991
2527009
2527013
2527037
2527051
2527061
2527069
2527087
2527097
2527099
2527111
2527157
2527193
2527207
2527219
2527223
2527249
2527253
2527277
2527279
2527297
2527381
2527391
2527397
2527403
2527409
2527423
2527429
2527451
2527453
2527457
2527477
2527489
2527537
2527541
2527549
2527559
2527561
2527573
2527579
2527597
2527607
2527639
2527643
2527673
2527717
2527753
2527757
2527799
2527823
2527913
2527919
2527933
2527939
2527949
2527961
2527963
2527981
2527997
2528003
2528011
2528021
2528033
2528059
2528069
2528077
2528129
2528147
2528161
2528167
2528221
2528231
2528233
2528243
2528261
2528269
2528299
2528353
2528371
2528377
2528399
2528411
2528419
2528441
2528479
2528489
2528497
2528503
2528527
2528531
2528557
2528569
2528573
2528587
2528599
2528621
2528627
2528629
2528651
2528657
2528663
2528707
2528717
2528777
2528783
2528791
2528809
2528819
2528821
2528831
2528833
2528849
2528857
2528861
2528863
2528891
2528893
2528899
2528923
2528941
2528969
2528983
2528989
2528993
2529013
2529019
2529029
2529041
2529047
2529077
2529089
2529097
2529101
2529133
2529143
2529151
2529161
2529169
2529173
2529181
2529187
2529193
2529199
2529227
2529229
2529239
2529251
2529253
2529269
2529301
2529323
2529341
2529347
2529349
2529361
2529367
2529391
2529403
2529419
2529421
2529463
2529473
2529491
2529511
2529521
2529529
2529533
2529547
2529551
2529557
2529581
2529589
2529601
2529607
2529613
2529619
2529643
2529649
2529671
2529689
2529691
2529697
2529707
2529721
2529749
2529767
2529773
2529799
2529803
2529809
2529827
2529881
2529893
2529899
2529911
2529913
2529929
2529937
2529953
2529959
2529971
2529997
2530001
2530009
2530013
2530039
2530043
2530049
2530063
2530067
2530079
2530091
2530103
2530109
2530111
2530117
2530139
2530141
2530153
2530159
2530193
2530201
2530223
2530237
2530243
2530247
2530261
2530267
2530271
2530277
2530289
2530301
2530309
2530321
2530351
2530357
2530361
2530373
2530403
2530427
2530441
2530457
2530459
2530469
2530487
2530513
2530519
2530543
2530547
2530571
2530573
2530579
2530597
2530663
2530669
2530681
2530699
2530709
2530727
2530733
2530751
2530769
2530777
2530783
2530793
2530799
2530831
2530867
2530873
2530877
2530907
2530921
2530961
2530963
2530973
2530981
2530987
2530991
2530993
2530999
2531017
2531027
2531069
2531083
2531093
2531099
2531101
2531107
2531117
2531167
2531171
2531183
2531189
2531197
2531203
2531209
2531233
2531261
2531267
2531293
2531369
2531371
2531377
2531387
2531393
2531413
2531423
2531443
2531471
2531483
2531489
2531519
2531527
2531533
2531537
2531549
2531563
2531569
2531593
2531609
2531611
2531629
2531653
2531663
2531687
2531689
2531699
2531701
2531717
2531741
2531747
2531761
2531773
2531777
2531803
2531821
2531831
2531833
2531869
2531891
2531917
2531923
2531951
2531981
2531983
2531989
2531993
2532007
2532067
2532071
2532083
2532107
2532109
2532113
2532137
2532143
2532157
2532161
2532191
2532197
2532199
2532209
2532223
2532241
2532259
2532281
2532289
2532307
2532311
2532319
2532331
2532349
2532389
2532401
2532403
2532419
2532433
2532437
2532449
2532451
2532479
2532487
2532493
2532521
2532527
2532559
2532587
2532601
2532637
2532697
2532701
2532707
2532709
2532721
2532727
2532763
2532769
2532787
2532791
2532799
2532823
2532839
2532853
2532863
2532869
2532883
2532899
2532913
2532919
2532931
2532989
2532991
2533007
2533009
2533019
2533031
2533033
2533039
2533049
2533081
2533127
2533163
2533169
2533177
2533189
2533199
2533211
2533217
2533231
2533261
2533273
2533277
2533291
2533301
2533303
2533309
2533313
2533331
2533367
2533373
2533379
2533393
2533397
2533417
2533429
2533499
2533507
2533549
2533577
2533627
2533651
2533667
2533673
2533681
2533691
2533709
2533721
2533733
2533747
2533753
2533801
2533807
2533813
2533829
2533837
2533913
2533939
2533943
2533963
2533967
2534009
2534029
2534039
2534041
2534047
2534053
2534057
2534069
2534101
2534111
2534131
2534143
2534153
2534171
2534179
2534183
2534197
2534237
2534243
2534261
2534267
2534269
2534297
2534303
2534317
2534327
2534351
2534401
2534419
2534423
2534431
2534437
2534443
2534449
2534459
2534471
2534491
2534501
2534503
2534527
2534551
2534561
2534563
2534593
2534603
2534621
2534627
2534641
2534647
2534659
2534671
2534681
2534689
2534713
2534731
2534747
2534767
2534773
2534783
2534789
2534821
2534843
2534863
2534867
2534879
2534881
2534941
2534947
2534951
2534953
2534957
2534971
2534993
2535007
2535017
2535019
2535041
2535059
2535067
2535089
2535097
2535101
2535103
2535107
2535109
2535121
2535161
2535163
2535179
2535187
2535199
2535223
2535233
2535263
2535271
2535283
2535293
2535307
2535319
2535331
2535353
2535367
2535373
2535389
2535413
2535437
2535443
2535457
2535461
2535469
2535473
2535479
2535487
2535527
2535541
2535553
2535571
2535641
2535671
2535691
2535719
2535751
2535763
2535781
2535787
2535803
2535823
2535829
2535881
2535887
2535901
2535917
2535919
2535937
2535959
2535977
2535983
2536013
2536019
2536031
2536057
2536067
2536087
2536099
2536123
2536133
2536147
2536153
2536159
2536181
2536189
2536201
2536217
2536241
2536243
2536249
2536267
2536273
2536307
2536309
2536343
2536361
2536363
2536379
2536381
2536393
2536403
2536423
2536447
2536477
2536483
2536517
2536549
2536559
2536561
2536577
2536579
2536603
2536631
2536643
2536657
2536663
2536673
2536679
2536691
2536697
2536727
2536733
2536753
2536763
2536771
2536789
2536799
2536801
2536811
2536813
2536819
2536837
2536843
2536873
2536903
2536907
2536909
2536921
2536943
2536991
2536999
2537021
2537033
2537047
2537081
2537083
2537111
2537113
2537141
2537147
2537159
2537191
2537219
2537237
2537287
2537303
2537323
2537329
2537341
2537347
2537363
2537419
2537459
2537461
2537467
2537501
2537503
2537527
2537537
2537543
2537551
2537581
2537593
2537599
2537627
There are 1305 prime numbers in S265.
