S266(2537641~2556792)
2537653
2537663
2537669
2537677
2537681
2537701
2537729
2537741
2537749
2537779
2537789
2537803
2537837
2537851
2537869
2537881
2537897
2537911
2537923
2537959
2537987
2537999
2538017
2538031
2538059
2538061
2538079
2538091
2538097
2538101
2538103
2538113
2538127
2538131
2538139
2538157
2538169
2538203
2538241
2538281
2538293
2538299
2538301
2538307
2538313
2538317
2538323
2538331
2538337
2538353
2538359
2538377
2538397
2538401
2538407
2538421
2538427
2538443
2538449
2538451
2538467
2538479
2538493
2538499
2538509
2538511
2538521
2538527
2538577
2538589
2538617
2538619
2538623
2538659
2538667
2538673
2538691
2538703
2538707
2538709
2538713
2538733
2538749
2538751
2538769
2538773
2538779
2538787
2538791
2538803
2538817
2538821
2538827
2538839
2538871
2538883
2538917
2538919
2538953
2538959
2538971
2538983
2539049
2539063
2539067
2539073
2539087
2539093
2539123
2539151
2539157
2539181
2539189
2539213
2539231
2539261
2539267
2539289
2539309
2539319
2539321
2539337
2539343
2539349
2539351
2539357
2539379
2539387
2539393
2539399
2539423
2539429
2539441
2539463
2539469
2539513
2539519
2539529
2539531
2539543
2539567
2539571
2539573
2539577
2539583
2539627
2539631
2539633
2539639
2539651
2539657
2539661
2539699
2539753
2539777
2539829
2539841
2539871
2539951
2539961
2539963
2539981
2539997
2540011
2540033
2540071
2540093
2540099
2540113
2540141
2540173
2540177
2540179
2540183
2540201
2540203
2540231
2540249
2540261
2540269
2540323
2540339
2540341
2540389
2540393
2540407
2540413
2540423
2540431
2540441
2540443
2540479
2540513
2540519
2540533
2540537
2540539
2540563
2540567
2540581
2540591
2540597
2540609
2540617
2540627
2540641
2540663
2540677
2540687
2540689
2540693
2540723
2540743
2540749
2540761
2540771
2540789
2540821
2540831
2540849
2540869
2540887
2540903
2540933
2540957
2540963
2540969
2540981
2540983
2541001
2541023
2541029
2541043
2541047
2541053
2541061
2541089
2541127
2541131
2541151
2541157
2541169
2541173
2541229
2541233
2541251
2541281
2541289
2541323
2541391
2541401
2541433
2541439
2541457
2541479
2541499
2541503
2541527
2541529
2541533
2541541
2541547
2541559
2541563
2541593
2541599
2541613
2541677
2541683
2541689
2541697
2541701
2541703
2541733
2541739
2541743
2541757
2541769
2541811
2541817
2541829
2541841
2541853
2541883
2541899
2541911
2541919
2541923
2541941
2541943
2541947
2541949
2541961
2541967
2541997
2542009
2542021
2542037
2542049
2542051
2542087
2542091
2542097
2542103
2542109
2542139
2542147
2542151
2542187
2542193
2542201
2542223
2542229
2542237
2542327
2542363
2542391
2542399
2542417
2542429
2542453
2542471
2542481
2542483
2542511
2542513
2542531
2542549
2542567
2542577
2542591
2542597
2542607
2542609
2542619
2542621
2542649
2542669
2542681
2542699
2542703
2542733
2542739
2542759
2542817
2542823
2542829
2542849
2542853
2542879
2542913
2542919
2542933
2542951
2542957
2542987
2542999
2543027
2543033
2543059
2543111
2543113
2543117
2543129
2543141
2543143
2543153
2543159
2543171
2543201
2543221
2543237
2543239
2543249
2543257
2543279
2543287
2543309
2543323
2543327
2543341
2543351
2543371
2543381
2543389
2543399
2543413
2543423
2543441
2543459
2543461
2543479
2543507
2543509
2543537
2543551
2543573
2543609
2543617
2543621
2543623
2543633
2543641
2543647
2543657
2543699
2543707
2543719
2543729
2543747
2543753
2543771
2543797
2543809
2543813
2543833
2543843
2543873
2543899
2543917
2543921
2543939
2543963
2543971
2544011
2544029
2544041
2544049
2544079
2544121
2544131
2544133
2544137
2544161
2544163
2544167
2544187
2544209
2544211
2544221
2544229
2544239
2544247
2544253
2544281
2544287
2544293
2544299
2544301
2544307
2544313
2544331
2544343
2544349
2544359
2544361
2544383
2544391
2544403
2544457
2544463
2544469
2544481
2544497
2544517
2544523
2544539
2544571
2544617
2544623
2544629
2544631
2544637
2544643
2544691
2544733
2544739
2544757
2544761
2544767
2544769
2544791
2544793
2544797
2544809
2544811
2544833
2544851
2544887
2544907
2544923
2544929
2544931
2544943
2544959
2544967
2544977
2545001
2545013
2545021
2545057
2545073
2545079
2545093
2545117
2545141
2545159
2545163
2545171
2545177
2545187
2545211
2545237
2545241
2545253
2545261
2545271
2545307
2545313
2545327
2545343
2545357
2545363
2545369
2545429
2545447
2545451
2545453
2545481
2545493
2545513
2545519
2545523
2545553
2545561
2545573
2545603
2545619
2545633
2545651
2545657
2545679
2545681
2545687
2545691
2545703
2545727
2545757
2545759
2545769
2545771
2545783
2545811
2545817
2545843
2545853
2545861
2545883
2545889
2545891
2545919
2545927
2545967
2545973
2545993
2546009
2546017
2546029
2546051
2546083
2546101
2546119
2546129
2546143
2546149
2546161
2546177
2546179
2546183
2546207
2546213
2546227
2546231
2546233
2546237
2546239
2546267
2546281
2546293
2546317
2546321
2546329
2546339
2546351
2546363
2546393
2546429
2546443
2546497
2546521
2546539
2546543
2546561
2546563
2546569
2546581
2546611
2546657
2546659
2546669
2546671
2546683
2546701
2546729
2546749
2546759
2546773
2546777
2546837
2546839
2546849
2546891
2546899
2546903
2546909
2546911
2546941
2546959
2546987
2547029
2547031
2547037
2547073
2547107
2547113
2547131
2547137
2547151
2547173
2547199
2547203
2547211
2547247
2547253
2547257
2547271
2547313
2547323
2547341
2547361
2547397
2547431
2547451
2547469
2547473
2547491
2547529
2547581
2547583
2547599
2547607
2547613
2547619
2547631
2547647
2547659
2547667
2547683
2547689
2547719
2547757
2547761
2547791
2547817
2547821
2547833
2547847
2547887
2547893
2547913
2547929
2547949
2547959
2547967
2547971
2547973
2547989
2547997
2548003
2548019
2548061
2548069
2548097
2548103
2548111
2548127
2548141
2548157
2548163
2548171
2548177
2548219
2548229
2548243
2548277
2548279
2548289
2548291
2548297
2548319
2548327
2548333
2548361
2548367
2548379
2548391
2548409
2548421
2548459
2548477
2548493
2548499
2548501
2548517
2548531
2548537
2548543
2548547
2548571
2548573
2548577
2548583
2548591
2548621
2548627
2548631
2548639
2548643
2548673
2548697
2548703
2548751
2548753
2548757
2548769
2548771
2548783
2548813
2548817
2548849
2548853
2548877
2548879
2548891
2548901
2548927
2548933
2548939
2548957
2548961
2548969
2548979
2549003
2549009
2549039
2549051
2549069
2549077
2549081
2549089
2549101
2549111
2549119
2549123
2549143
2549171
2549177
2549191
2549203
2549207
2549219
2549237
2549279
2549291
2549293
2549299
2549311
2549317
2549357
2549359
2549369
2549381
2549383
2549387
2549423
2549429
2549431
2549447
2549453
2549461
2549479
2549531
2549557
2549563
2549579
2549587
2549597
2549611
2549621
2549623
2549647
2549669
2549683
2549699
2549713
2549731
2549737
2549753
2549759
2549773
2549783
2549801
2549821
2549863
2549867
2549873
2549879
2549887
2549893
2549903
2549927
2549951
2549993
2550001
2550013
2550019
2550059
2550073
2550083
2550089
2550101
2550133
2550139
2550167
2550179
2550181
2550203
2550209
2550253
2550269
2550281
2550319
2550329
2550337
2550343
2550367
2550403
2550407
2550437
2550467
2550469
2550479
2550497
2550551
2550563
2550577
2550601
2550607
2550619
2550641
2550659
2550683
2550689
2550703
2550721
2550727
2550739
2550763
2550767
2550791
2550853
2550857
2550859
2550871
2550887
2550937
2550941
2550949
2550967
2550971
2550973
2550991
2551009
2551013
2551027
2551033
2551057
2551063
2551069
2551079
2551097
2551099
2551103
2551123
2551127
2551169
2551177
2551223
2551247
2551249
2551273
2551279
2551313
2551349
2551357
2551369
2551397
2551403
2551421
2551429
2551433
2551441
2551457
2551469
2551481
2551499
2551501
2551511
2551531
2551543
2551559
2551603
2551607
2551639
2551651
2551657
2551687
2551697
2551709
2551723
2551729
2551733
2551793
2551817
2551823
2551831
2551841
2551859
2551867
2551877
2551883
2551903
2551933
2551943
2551957
2551961
2551979
2551981
2551987
2551999
2552009
2552021
2552027
2552041
2552047
2552059
2552107
2552111
2552113
2552117
2552119
2552171
2552183
2552191
2552197
2552201
2552219
2552233
2552239
2552279
2552293
2552317
2552357
2552359
2552369
2552383
2552387
2552393
2552413
2552449
2552461
2552477
2552483
2552503
2552507
2552513
2552527
2552531
2552581
2552587
2552597
2552603
2552611
2552621
2552623
2552629
2552647
2552651
2552653
2552657
2552659
2552677
2552687
2552713
2552717
2552729
2552761
2552773
2552777
2552779
2552807
2552833
2552843
2552857
2552861
2552887
2552917
2552939
2552951
2552959
2552969
2552983
2552987
2553017
2553041
2553053
2553071
2553101
2553113
2553119
2553139
2553149
2553151
2553157
2553203
2553209
2553217
2553223
2553227
2553233
2553241
2553251
2553283
2553289
2553293
2553301
2553337
2553347
2553371
2553389
2553403
2553409
2553427
2553431
2553433
2553457
2553491
2553497
2553503
2553511
2553527
2553539
2553541
2553547
2553559
2553599
2553601
2553611
2553631
2553637
2553647
2553659
2553671
2553701
2553739
2553751
2553781
2553797
2553823
2553829
2553853
2553857
2553869
2553871
2553907
2553917
2553937
2553949
2553959
2554003
2554007
2554021
2554039
2554043
2554049
2554067
2554087
2554093
2554099
2554103
2554109
2554129
2554133
2554141
2554171
2554187
2554231
2554247
2554249
2554261
2554271
2554273
2554283
2554289
2554313
2554319
2554333
2554337
2554339
2554397
2554399
2554421
2554429
2554439
2554451
2554457
2554459
2554469
2554477
2554481
2554529
2554543
2554549
2554553
2554561
2554583
2554589
2554621
2554637
2554649
2554663
2554711
2554729
2554733
2554753
2554757
2554763
2554787
2554789
2554801
2554807
2554819
2554829
2554831
2554843
2554891
2554897
2554907
2554921
2554963
2554969
2554973
2554991
2555009
2555011
2555027
2555041
2555057
2555081
2555089
2555099
2555123
2555129
2555131
2555141
2555159
2555167
2555171
2555173
2555191
2555197
2555213
2555221
2555227
2555233
2555251
2555261
2555263
2555281
2555303
2555309
2555317
2555347
2555353
2555363
2555429
2555453
2555459
2555477
2555521
2555543
2555549
2555551
2555561
2555569
2555587
2555591
2555617
2555629
2555639
2555647
2555669
2555687
2555699
2555711
2555731
2555753
2555767
2555779
2555809
2555837
2555863
2555867
2555873
2555881
2555893
2555897
2555911
2555951
2555957
2555989
2556011
2556019
2556023
2556041
2556061
2556067
2556079
2556091
2556101
2556107
2556121
2556133
2556139
2556143
2556149
2556161
2556163
2556179
2556187
2556193
2556217
2556233
2556259
2556277
2556331
2556373
2556397
2556403
2556419
2556451
2556457
2556461
2556467
2556487
2556493
2556503
2556509
2556523
2556559
2556569
2556577
2556607
2556641
2556661
2556683
2556689
2556713
2556739
2556761
2556791
There are 1291 prime numbers in S266.
