S267(2556793~2576016)
2556793
2556803
2556821
2556839
2556857
2556871
2556877
2556907
2556913
2556943
2556977
2556991
2556997
2557007
2557013
2557063
2557067
2557099
2557111
2557127
2557169
2557171
2557199
2557201
2557213
2557231
2557241
2557273
2557277
2557279
2557297
2557333
2557337
2557351
2557367
2557369
2557397
2557417
2557433
2557441
2557447
2557453
2557501
2557507
2557517
2557519
2557553
2557561
2557567
2557601
2557603
2557613
2557631
2557649
2557663
2557673
2557691
2557697
2557729
2557741
2557757
2557777
2557781
2557813
2557817
2557823
2557843
2557861
2557879
2557889
2557897
2557901
2557909
2557931
2557937
2557957
2557963
2557967
2557999
2558009
2558011
2558021
2558029
2558047
2558077
2558081
2558093
2558131
2558137
2558173
2558189
2558197
2558203
2558219
2558233
2558239
2558243
2558249
2558251
2558287
2558317
2558321
2558323
2558333
2558341
2558377
2558411
2558419
2558429
2558471
2558473
2558489
2558503
2558509
2558527
2558531
2558533
2558581
2558599
2558609
2558639
2558671
2558683
2558701
2558719
2558729
2558737
2558747
2558753
2558779
2558783
2558791
2558813
2558837
2558849
2558861
2558879
2558909
2558917
2558929
2558951
2558953
2559013
2559041
2559043
2559071
2559077
2559079
2559083
2559101
2559121
2559131
2559149
2559173
2559181
2559191
2559223
2559229
2559247
2559251
2559269
2559283
2559287
2559289
2559313
2559341
2559379
2559383
2559397
2559409
2559421
2559437
2559439
2559449
2559457
2559461
2559481
2559493
2559497
2559517
2559523
2559541
2559553
2559581
2559587
2559593
2559607
2559611
2559617
2559619
2559631
2559677
2559691
2559703
2559721
2559727
2559731
2559751
2559769
2559773
2559787
2559797
2559811
2559827
2559829
2559839
2559857
2559863
2559901
2559913
2559937
2559959
2559983
2559989
2560021
2560031
2560039
2560049
2560057
2560087
2560093
2560099
2560123
2560127
2560139
2560147
2560157
2560169
2560171
2560211
2560213
2560219
2560223
2560247
2560273
2560279
2560297
2560303
2560339
2560343
2560351
2560357
2560361
2560367
2560373
2560379
2560399
2560417
2560427
2560433
2560457
2560471
2560487
2560499
2560517
2560543
2560549
2560583
2560601
2560603
2560637
2560639
2560651
2560661
2560669
2560697
2560721
2560739
2560741
2560759
2560783
2560793
2560823
2560837
2560847
2560849
2560871
2560891
2560927
2560937
2560939
2560967
2560973
2560979
2560993
2560997
2561017
2561021
2561023
2561051
2561063
2561071
2561089
2561093
2561099
2561129
2561137
2561159
2561179
2561191
2561201
2561227
2561231
2561233
2561239
2561261
2561263
2561267
2561269
2561291
2561323
2561327
2561341
2561387
2561389
2561401
2561411
2561423
2561431
2561491
2561513
2561521
2561527
2561549
2561551
2561593
2561627
2561633
2561651
2561653
2561659
2561681
2561683
2561723
2561729
2561731
2561737
2561743
2561749
2561753
2561759
2561761
2561771
2561807
2561813
2561821
2561833
2561857
2561863
2561873
2561899
2561921
2561927
2561929
2561953
2561959
2561963
2561969
2561981
2561987
2562011
2562023
2562029
2562031
2562097
2562143
2562163
2562167
2562191
2562199
2562233
2562239
2562251
2562253
2562277
2562289
2562317
2562323
2562337
2562347
2562349
2562383
2562389
2562403
2562421
2562431
2562433
2562451
2562463
2562467
2562503
2562517
2562533
2562551
2562557
2562559
2562589
2562601
2562611
2562613
2562619
2562629
2562641
2562661
2562667
2562689
2562691
2562713
2562719
2562737
2562751
2562803
2562809
2562827
2562841
2562881
2562907
2562941
2562943
2562947
2562977
2562979
2562983
2563003
2563007
2563009
2563013
2563063
2563079
2563087
2563109
2563117
2563139
2563147
2563151
2563153
2563181
2563193
2563199
2563207
2563217
2563229
2563237
2563261
2563291
2563303
2563307
2563331
2563343
2563357
2563367
2563369
2563381
2563387
2563409
2563417
2563433
2563441
2563453
2563489
2563493
2563507
2563523
2563543
2563553
2563601
2563633
2563643
2563657
2563661
2563667
2563679
2563711
2563723
2563733
2563747
2563751
2563763
2563777
2563811
2563819
2563837
2563849
2563859
2563867
2563877
2563901
2563907
2563909
2563921
2563927
2563933
2563937
2563943
2563969
2563997
2564011
2564027
2564039
2564053
2564057
2564071
2564077
2564101
2564117
2564123
2564143
2564147
2564171
2564203
2564207
2564249
2564251
2564279
2564321
2564323
2564327
2564329
2564333
2564347
2564363
2564369
2564381
2564407
2564423
2564447
2564459
2564489
2564519
2564521
2564539
2564561
2564567
2564579
2564593
2564609
2564621
2564633
2564651
2564657
2564663
2564669
2564701
2564711
2564719
2564741
2564747
2564759
2564813
2564819
2564831
2564843
2564857
2564899
2564917
2564921
2564957
2564999
2565007
2565023
2565047
2565049
2565053
2565061
2565067
2565089
2565103
2565109
2565139
2565149
2565151
2565161
2565191
2565203
2565221
2565239
2565257
2565263
2565289
2565319
2565347
2565349
2565377
2565383
2565389
2565391
2565403
2565449
2565461
2565463
2565559
2565569
2565593
2565611
2565643
2565649
2565671
2565679
2565701
2565709
2565713
2565757
2565769
2565791
2565799
2565809
2565847
2565863
2565881
2565907
2565917
2565947
2565989
2566001
2566013
2566019
2566021
2566027
2566049
2566051
2566063
2566073
2566093
2566097
2566127
2566129
2566139
2566141
2566163
2566171
2566177
2566183
2566189
2566199
2566219
2566229
2566237
2566241
2566253
2566259
2566261
2566279
2566307
2566327
2566339
2566351
2566367
2566411
2566423
2566427
2566433
2566469
2566481
2566489
2566513
2566517
2566519
2566549
2566561
2566567
2566589
2566591
2566601
2566633
2566637
2566651
2566661
2566667
2566673
2566679
2566687
2566699
2566709
2566747
2566757
2566771
2566783
2566787
2566807
2566829
2566859
2566867
2566897
2566909
2566931
2566939
2566981
2566997
2567009
2567029
2567041
2567083
2567111
2567113
2567129
2567177
2567179
2567197
2567219
2567233
2567269
2567287
2567303
2567311
2567321
2567333
2567339
2567347
2567351
2567353
2567363
2567371
2567377
2567387
2567417
2567423
2567437
2567443
2567447
2567449
2567471
2567491
2567519
2567531
2567533
2567557
2567569
2567581
2567599
2567611
2567623
2567627
2567633
2567639
2567647
2567671
2567683
2567693
2567701
2567729
2567749
2567753
2567759
2567767
2567779
2567783
2567801
2567809
2567819
2567821
2567827
2567849
2567879
2567891
2567923
2567933
2567941
2567963
2567977
2567987
2568001
2568011
2568023
2568029
2568031
2568061
2568079
2568091
2568101
2568119
2568121
2568131
2568169
2568187
2568191
2568197
2568233
2568239
2568253
2568259
2568263
2568271
2568299
2568323
2568331
2568361
2568373
2568389
2568403
2568407
2568413
2568427
2568431
2568457
2568469
2568473
2568481
2568497
2568499
2568509
2568523
2568541
2568557
2568563
2568569
2568619
2568623
2568641
2568653
2568659
2568673
2568689
2568697
2568701
2568703
2568719
2568739
2568757
2568793
2568817
2568823
2568827
2568833
2568869
2568871
2568901
2568911
2568913
2568931
2568941
2568953
2568983
2568997
2569003
2569013
2569027
2569079
2569093
2569103
2569109
2569117
2569157
2569181
2569201
2569213
2569253
2569267
2569279
2569297
2569309
2569321
2569327
2569331
2569361
2569393
2569421
2569423
2569439
2569451
2569459
2569477
2569481
2569513
2569529
2569543
2569549
2569571
2569577
2569607
2569649
2569667
2569681
2569691
2569717
2569739
2569741
2569751
2569753
2569759
2569789
2569799
2569817
2569823
2569841
2569891
2569927
2569937
2569939
2569943
2569961
2569969
2569979
2570011
2570017
2570047
2570069
2570083
2570119
2570137
2570177
2570189
2570201
2570203
2570207
2570219
2570221
2570233
2570251
2570311
2570317
2570327
2570333
2570363
2570369
2570371
2570387
2570389
2570401
2570419
2570429
2570431
2570437
2570441
2570459
2570467
2570471
2570507
2570509
2570537
2570539
2570563
2570573
2570591
2570599
2570609
2570611
2570627
2570639
2570651
2570657
2570663
2570671
2570677
2570683
2570693
2570699
2570713
2570717
2570749
2570761
2570773
2570783
2570801
2570809
2570831
2570849
2570851
2570891
2570903
2570921
2570933
2570941
2570951
2570957
2570969
2570989
2571001
2571007
2571011
2571017
2571031
2571059
2571067
2571071
2571073
2571113
2571119
2571139
2571181
2571197
2571203
2571209
2571269
2571277
2571281
2571287
2571307
2571313
2571329
2571337
2571409
2571421
2571427
2571449
2571451
2571461
2571473
2571497
2571509
2571551
2571553
2571557
2571563
2571581
2571599
2571619
2571649
2571671
2571697
2571703
2571713
2571721
2571731
2571733
2571757
2571773
2571809
2571823
2571827
2571851
2571871
2571893
2571911
2571937
2571949
2571953
2571979
2572001
2572019
2572027
2572033
2572043
2572057
2572079
2572081
2572091
2572093
2572099
2572103
2572109
2572121
2572123
2572127
2572133
2572139
2572153
2572183
2572211
2572231
2572237
2572243
2572261
2572267
2572279
2572289
2572307
2572327
2572363
2572373
2572379
2572393
2572397
2572399
2572417
2572421
2572433
2572469
2572483
2572487
2572489
2572513
2572517
2572519
2572523
2572529
2572589
2572607
2572613
2572621
2572649
2572651
2572663
2572667
2572679
2572681
2572693
2572697
2572699
2572741
2572747
2572769
2572777
2572781
2572789
2572799
2572811
2572859
2572877
2572937
2572939
2572949
2572981
2572993
2573003
2573023
2573047
2573057
2573059
2573063
2573071
2573099
2573101
2573107
2573143
2573149
2573161
2573209
2573231
2573237
2573251
2573261
2573287
2573293
2573339
2573353
2573357
2573359
2573383
2573393
2573413
2573423
2573437
2573449
2573453
2573471
2573479
2573491
2573509
2573533
2573551
2573561
2573591
2573617
2573621
2573633
2573653
2573657
2573689
2573707
2573717
2573729
2573737
2573777
2573803
2573807
2573827
2573833
2573869
2573881
2573887
2573891
2573927
2573947
2573957
2573983
2574007
2574029
2574031
2574037
2574043
2574059
2574071
2574113
2574149
2574151
2574167
2574179
2574181
2574193
2574203
2574211
2574217
2574223
2574233
2574239
2574251
2574289
2574311
2574317
2574323
2574337
2574353
2574391
2574401
2574409
2574433
2574437
2574449
2574461
2574469
2574487
2574493
2574499
2574511
2574521
2574529
2574541
2574553
2574563
2574569
2574587
2574589
2574601
2574617
2574623
2574653
2574661
2574683
2574703
2574721
2574727
2574731
2574751
2574757
2574763
2574799
2574811
2574839
2574851
2574853
2574889
2574917
2574947
2574959
2574967
2574977
2574983
2575019
2575021
2575043
2575049
2575061
2575063
2575073
2575081
2575091
2575093
2575117
2575123
2575129
2575147
2575187
2575193
2575219
2575231
2575247
2575277
2575283
2575289
2575297
2575301
2575319
2575327
2575337
2575351
2575361
2575369
2575373
2575411
2575421
2575439
2575453
2575457
2575487
2575493
2575499
2575523
2575537
2575543
2575549
2575589
2575627
2575633
2575663
2575673
2575679
2575717
2575723
2575733
2575753
2575757
2575777
2575787
2575799
2575801
2575817
2575819
2575831
2575843
2575861
2575871
2575877
2575879
2575897
2575901
2575919
2575921
2575933
2575939
2575943
2575967
2576003
There are 1312 prime numbers in S267.
