S269(2595313~2614680)
2595319
2595323
2595331
2595337
2595349
2595353
2595377
2595401
2595421
2595433
2595451
2595473
2595479
2595487
2595491
2595517
2595521
2595559
2595563
2595583
2595589
2595601
2595613
2595629
2595631
2595641
2595643
2595653
2595667
2595683
2595731
2595737
2595743
2595773
2595787
2595793
2595821
2595851
2595871
2595893
2595899
2595919
2595937
2595947
2595961
2595979
2596001
2596021
2596057
2596063
2596067
2596091
2596123
2596127
2596129
2596133
2596147
2596151
2596163
2596213
2596229
2596241
2596247
2596277
2596303
2596333
2596339
2596351
2596361
2596367
2596379
2596387
2596439
2596441
2596459
2596481
2596487
2596499
2596501
2596513
2596553
2596577
2596579
2596589
2596603
2596613
2596619
2596621
2596637
2596639
2596661
2596663
2596667
2596669
2596679
2596681
2596687
2596717
2596729
2596739
2596793
2596799
2596819
2596837
2596849
2596871
2596873
2596883
2596889
2596897
2596927
2596933
2596943
2596949
2596969
2596973
2596991
2597011
2597029
2597041
2597047
2597057
2597059
2597081
2597083
2597093
2597099
2597113
2597117
2597191
2597207
2597233
2597237
2597263
2597279
2597297
2597299
2597303
2597323
2597333
2597339
2597347
2597359
2597377
2597401
2597407
2597453
2597461
2597467
2597489
2597503
2597513
2597519
2597533
2597537
2597591
2597603
2597611
2597627
2597629
2597641
2597663
2597669
2597681
2597687
2597701
2597713
2597723
2597729
2597743
2597761
2597773
2597779
2597809
2597857
2597867
2597869
2597897
2597899
2597909
2597911
2597939
2597953
2597963
2597971
2597977
2597981
2598091
2598109
2598119
2598121
2598133
2598137
2598151
2598157
2598163
2598179
2598181
2598191
2598199
2598217
2598247
2598259
2598283
2598311
2598317
2598341
2598347
2598367
2598397
2598403
2598439
2598443
2598503
2598509
2598511
2598521
2598523
2598553
2598571
2598577
2598593
2598599
2598601
2598613
2598653
2598679
2598689
2598697
2598707
2598721
2598731
2598733
2598737
2598751
2598767
2598779
2598811
2598829
2598847
2598857
2598859
2598899
2598907
2598913
2598919
2598929
2598941
2598971
2598983
2598989
2599013
2599039
2599043
2599073
2599087
2599099
2599109
2599111
2599117
2599141
2599153
2599187
2599189
2599193
2599199
2599217
2599231
2599237
2599243
2599273
2599297
2599321
2599327
2599349
2599397
2599403
2599427
2599451
2599489
2599501
2599507
2599543
2599549
2599559
2599573
2599577
2599591
2599609
2599613
2599627
2599631
2599633
2599661
2599669
2599673
2599679
2599693
2599721
2599739
2599741
2599747
2599777
2599783
2599787
2599813
2599819
2599829
2599843
2599847
2599859
2599867
2599871
2599889
2599907
2599931
2599973
2599981
2599991
2599999
2600011
2600033
2600051
2600057
2600089
2600113
2600119
2600137
2600161
2600177
2600209
2600231
2600239
2600251
2600267
2600287
2600291
2600309
2600317
2600327
2600329
2600341
2600347
2600383
2600387
2600393
2600407
2600417
2600453
2600461
2600467
2600483
2600489
2600503
2600509
2600519
2600531
2600561
2600567
2600569
2600581
2600593
2600599
2600603
2600627
2600681
2600687
2600707
2600761
2600783
2600803
2600809
2600821
2600837
2600867
2600887
2600903
2600911
2600947
2600951
2600957
2600963
2600977
2601023
2601029
2601041
2601083
2601089
2601091
2601127
2601143
2601149
2601167
2601197
2601239
2601253
2601259
2601281
2601299
2601301
2601311
2601331
2601337
2601349
2601367
2601377
2601383
2601413
2601437
2601439
2601451
2601463
2601479
2601481
2601509
2601517
2601523
2601539
2601563
2601569
2601583
2601601
2601607
2601617
2601661
2601671
2601679
2601713
2601757
2601761
2601763
2601773
2601787
2601817
2601821
2601827
2601839
2601847
2601853
2601857
2601869
2601899
2601913
2601931
2601943
2601979
2601997
2602007
2602009
2602043
2602057
2602073
2602081
2602087
2602097
2602111
2602121
2602163
2602169
2602177
2602189
2602217
2602261
2602267
2602273
2602279
2602283
2602291
2602307
2602319
2602331
2602333
2602337
2602349
2602351
2602367
2602399
2602417
2602429
2602441
2602447
2602451
2602463
2602477
2602507
2602511
2602541
2602571
2602573
2602597
2602603
2602637
2602673
2602679
2602681
2602693
2602697
2602711
2602723
2602741
2602771
2602781
2602783
2602793
2602849
2602877
2602879
2602889
2602909
2602927
2602937
2602939
2602973
2602993
2603033
2603047
2603059
2603063
2603077
2603087
2603093
2603099
2603141
2603143
2603219
2603231
2603233
2603239
2603269
2603281
2603291
2603299
2603311
2603333
2603353
2603369
2603371
2603389
2603401
2603429
2603441
2603443
2603467
2603479
2603483
2603509
2603537
2603543
2603561
2603563
2603569
2603581
2603617
2603621
2603639
2603647
2603677
2603681
2603701
2603719
2603723
2603743
2603759
2603789
2603791
2603819
2603831
2603849
2603851
2603857
2603879
2603897
2603911
2603921
2603927
2603929
2603933
2603981
2604011
2604013
2604053
2604061
2604071
2604079
2604101
2604127
2604139
2604163
2604167
2604187
2604191
2604211
2604227
2604253
2604257
2604263
2604269
2604289
2604293
2604299
2604307
2604347
2604377
2604391
2604401
2604431
2604439
2604499
2604509
2604521
2604523
2604529
2604557
2604559
2604583
2604593
2604601
2604611
2604617
2604647
2604661
2604671
2604677
2604683
2604703
2604731
2604733
2604737
2604739
2604743
2604769
2604779
2604799
2604803
2604821
2604829
2604839
2604857
2604869
2604887
2604907
2604913
2604949
2604977
2604997
2605007
2605013
2605019
2605021
2605039
2605073
2605081
2605087
2605091
2605103
2605139
2605159
2605171
2605177
2605189
2605201
2605231
2605237
2605243
2605259
2605289
2605303
2605313
2605319
2605349
2605363
2605373
2605387
2605391
2605409
2605411
2605433
2605439
2605481
2605483
2605501
2605523
2605529
2605531
2605543
2605579
2605609
2605613
2605627
2605637
2605661
2605663
2605741
2605747
2605751
2605753
2605763
2605769
2605781
2605787
2605819
2605847
2605849
2605871
2605909
2605927
2605931
2605943
2605949
2605979
2605987
2605991
2606011
2606017
2606039
2606041
2606053
2606069
2606129
2606161
2606171
2606179
2606183
2606189
2606221
2606231
2606251
2606267
2606269
2606281
2606297
2606311
2606353
2606377
2606393
2606407
2606431
2606437
2606459
2606473
2606489
2606497
2606503
2606509
2606519
2606551
2606579
2606587
2606603
2606633
2606651
2606677
2606683
2606693
2606717
2606731
2606741
2606753
2606767
2606771
2606783
2606803
2606809
2606833
2606873
2606881
2606887
2606917
2606927
2606939
2606941
2606951
2606963
2606969
2606999
2607029
2607041
2607061
2607083
2607097
2607107
2607109
2607139
2607167
2607169
2607173
2607179
2607181
2607217
2607271
2607277
2607289
2607301
2607337
2607347
2607359
2607373
2607377
2607383
2607403
2607413
2607431
2607461
2607469
2607481
2607491
2607509
2607523
2607529
2607551
2607557
2607571
2607581
2607587
2607589
2607599
2607601
2607637
2607659
2607673
2607677
2607721
2607733
2607743
2607791
2607793
2607799
2607823
2607827
2607853
2607863
2607929
2607973
2607989
2607991
2608007
2608013
2608033
2608037
2608049
2608091
2608097
2608103
2608117
2608121
2608127
2608129
2608139
2608147
2608159
2608169
2608181
2608211
2608219
2608237
2608253
2608283
2608303
2608313
2608349
2608351
2608367
2608369
2608381
2608387
2608393
2608409
2608439
2608447
2608471
2608483
2608513
2608517
2608519
2608549
2608559
2608561
2608577
2608583
2608589
2608601
2608631
2608649
2608663
2608693
2608699
2608703
2608721
2608733
2608741
2608751
2608763
2608777
2608813
2608847
2608861
2608873
2608883
2608889
2608897
2608919
2608933
2608943
2608951
2608993
2609021
2609027
2609029
2609059
2609069
2609071
2609081
2609083
2609107
2609147
2609171
2609207
2609209
2609219
2609231
2609237
2609249
2609261
2609263
2609267
2609287
2609297
2609309
2609311
2609329
2609339
2609353
2609357
2609371
2609377
2609401
2609407
2609413
2609417
2609423
2609443
2609471
2609489
2609491
2609501
2609513
2609521
2609533
2609539
2609587
2609597
2609599
2609639
2609657
2609671
2609683
2609693
2609699
2609701
2609731
2609753
2609767
2609777
2609791
2609809
2609813
2609899
2609903
2609911
2609947
2609953
2609963
2609989
2610059
2610077
2610089
2610121
2610131
2610133
2610137
2610161
2610191
2610193
2610199
2610211
2610221
2610227
2610233
2610241
2610259
2610263
2610287
2610317
2610341
2610343
2610359
2610379
2610383
2610449
2610451
2610463
2610473
2610497
2610499
2610529
2610533
2610539
2610577
2610583
2610589
2610607
2610611
2610613
2610623
2610649
2610653
2610677
2610679
2610701
2610719
2610721
2610737
2610761
2610781
2610787
2610791
2610821
2610823
2610827
2610859
2610889
2610901
2610919
2610929
2610943
2610953
2610967
2610973
2610977
2610989
2611001
2611009
2611027
2611039
2611043
2611051
2611061
2611087
2611093
2611111
2611117
2611123
2611139
2611157
2611159
2611199
2611207
2611211
2611229
2611237
2611277
2611291
2611321
2611361
2611369
2611391
2611403
2611439
2611457
2611481
2611487
2611507
2611513
2611529
2611541
2611559
2611573
2611579
2611597
2611603
2611613
2611621
2611633
2611639
2611643
2611663
2611667
2611669
2611699
2611703
2611723
2611729
2611733
2611751
2611799
2611801
2611813
2611841
2611849
2611859
2611879
2611901
2611907
2611909
2611937
2611951
2611963
2611979
2611981
2611991
2611997
2612003
2612017
2612021
2612039
2612083
2612123
2612131
2612143
2612167
2612171
2612201
2612209
2612243
2612249
2612251
2612257
2612287
2612297
2612321
2612327
2612333
2612341
2612347
2612353
2612369
2612377
2612383
2612399
2612411
2612413
2612419
2612429
2612431
2612437
2612471
2612483
2612497
2612503
2612507
2612521
2612537
2612539
2612549
2612647
2612651
2612677
2612699
2612707
2612719
2612749
2612759
2612789
2612791
2612821
2612843
2612851
2612867
2612873
2612879
2612881
2612893
2612921
2612927
2612947
2612957
2612969
2612983
2612989
2612999
2613011
2613029
2613041
2613043
2613073
2613077
2613109
2613113
2613133
2613139
2613151
2613167
2613187
2613197
2613211
2613227
2613229
2613313
2613323
2613343
2613349
2613353
2613361
2613371
2613389
2613397
2613449
2613487
2613503
2613521
2613539
2613547
2613601
2613607
2613613
2613647
2613649
2613671
2613673
2613679
2613701
2613707
2613713
2613719
2613727
2613731
2613739
2613757
2613761
2613763
2613769
2613817
2613829
2613833
2613839
2613847
2613883
2613899
2613901
2613931
2613953
2613977
2613979
2613983
2613991
2613997
2614043
2614061
2614063
2614067
2614069
2614081
2614103
2614121
2614123
2614133
2614159
2614163
2614169
2614177
2614181
2614193
2614211
2614219
2614223
2614237
2614279
2614301
2614303
2614307
2614327
2614333
2614351
2614361
2614363
2614369
2614373
2614393
2614397
2614427
2614429
2614453
2614459
2614463
2614471
2614487
2614499
2614511
2614517
2614519
2614559
2614567
2614607
2614613
2614621
2614627
2614631
There are 1297 prime numbers in S269.
