S27(25273~27216)
25301
25303
25307
25309
25321
25339
25343
25349
25357
25367
25373
25391
25409
25411
25423
25439
25447
25453
25457
25463
25469
25471
25523
25537
25541
25561
25577
25579
25583
25589
25601
25603
25609
25621
25633
25639
25643
25657
25667
25673
25679
25693
25703
25717
25733
25741
25747
25759
25763
25771
25793
25799
25801
25819
25841
25847
25849
25867
25873
25889
25903
25913
25919
25931
25933
25939
25943
25951
25969
25981
25997
25999
26003
26017
26021
26029
26041
26053
26083
26099
26107
26111
26113
26119
26141
26153
26161
26171
26177
26183
26189
26203
26209
26227
26237
26249
26251
26261
26263
26267
26293
26297
26309
26317
26321
26339
26347
26357
26371
26387
26393
26399
26407
26417
26423
26431
26437
26449
26459
26479
26489
26497
26501
26513
26539
26557
26561
26573
26591
26597
26627
26633
26641
26647
26669
26681
26683
26687
26693
26699
26701
26711
26713
26717
26723
26729
26731
26737
26759
26777
26783
26801
26813
26821
26833
26839
26849
26861
26863
26879
26881
26891
26893
26903
26921
26927
26947
26951
26953
26959
26981
26987
26993
27011
27017
27031
27043
27059
27061
27067
27073
27077
27091
27103
27107
27109
27127
27143
27179
27191
27197
27211
There are 192 prime numbers in S27.
