S270(2614681~2634120)
2614681
2614687
2614691
2614697
2614699
2614739
2614747
2614763
2614769
2614771
2614793
2614811
2614817
2614823
2614841
2614849
2614853
2614883
2614987
2614993
2614999
2615047
2615051
2615069
2615083
2615089
2615101
2615111
2615113
2615117
2615147
2615177
2615183
2615189
2615209
2615219
2615227
2615233
2615243
2615257
2615279
2615281
2615287
2615299
2615309
2615317
2615329
2615341
2615351
2615357
2615359
2615383
2615441
2615447
2615449
2615461
2615477
2615519
2615527
2615531
2615533
2615551
2615581
2615593
2615617
2615623
2615651
2615653
2615659
2615681
2615699
2615707
2615719
2615731
2615737
2615761
2615779
2615783
2615791
2615797
2615803
2615827
2615831
2615839
2615857
2615861
2615869
2615897
2615903
2615917
2615929
2615953
2615957
2615959
2615969
2615971
2615981
2615983
2615989
2615999
2616007
2616017
2616023
2616041
2616071
2616139
2616143
2616179
2616191
2616193
2616199
2616209
2616217
2616221
2616241
2616269
2616277
2616287
2616331
2616347
2616353
2616359
2616371
2616379
2616407
2616437
2616461
2616469
2616491
2616533
2616553
2616577
2616599
2616613
2616637
2616643
2616659
2616667
2616671
2616673
2616683
2616701
2616703
2616707
2616721
2616739
2616749
2616767
2616773
2616781
2616787
2616791
2616797
2616821
2616829
2616863
2616869
2616877
2616881
2616883
2616923
2616941
2616947
2616959
2617001
2617037
2617061
2617067
2617081
2617091
2617093
2617103
2617129
2617141
2617169
2617171
2617183
2617187
2617189
2617207
2617211
2617243
2617247
2617253
2617259
2617261
2617267
2617271
2617301
2617313
2617319
2617379
2617393
2617397
2617403
2617409
2617411
2617427
2617429
2617457
2617471
2617499
2617513
2617519
2617523
2617553
2617567
2617577
2617583
2617591
2617603
2617613
2617621
2617631
2617633
2617651
2617673
2617691
2617697
2617717
2617721
2617777
2617793
2617799
2617807
2617817
2617831
2617873
2617897
2617907
2617957
2617961
2617987
2617997
2618003
2618023
2618027
2618039
2618047
2618053
2618081
2618089
2618093
2618101
2618107
2618111
2618117
2618173
2618179
2618191
2618197
2618237
2618249
2618261
2618263
2618279
2618281
2618339
2618347
2618387
2618411
2618423
2618449
2618461
2618467
2618501
2618521
2618531
2618533
2618537
2618543
2618579
2618587
2618593
2618617
2618633
2618653
2618659
2618717
2618741
2618747
2618761
2618767
2618773
2618779
2618797
2618807
2618813
2618831
2618839
2618843
2618873
2618879
2618881
2618893
2618909
2618923
2618927
2618933
2618953
2618983
2619007
2619011
2619013
2619049
2619053
2619059
2619103
2619163
2619179
2619209
2619223
2619229
2619257
2619277
2619289
2619293
2619299
2619301
2619329
2619347
2619361
2619373
2619389
2619391
2619413
2619433
2619443
2619457
2619481
2619521
2619557
2619559
2619611
2619641
2619647
2619653
2619667
2619671
2619691
2619761
2619787
2619809
2619817
2619821
2619833
2619847
2619857
2619871
2619913
2619917
2619919
2619931
2619937
2619961
2619973
2619997
2620003
2620019
2620021
2620031
2620039
2620073
2620087
2620097
2620099
2620129
2620139
2620141
2620147
2620153
2620171
2620181
2620199
2620207
2620223
2620231
2620253
2620259
2620273
2620279
2620283
2620301
2620307
2620313
2620339
2620369
2620379
2620403
2620417
2620421
2620439
2620441
2620477
2620483
2620493
2620507
2620511
2620529
2620531
2620573
2620577
2620589
2620591
2620619
2620633
2620637
2620661
2620663
2620741
2620811
2620819
2620829
2620847
2620883
2620897
2620901
2620909
2620913
2620921
2620927
2620939
2620951
2620967
2620999
2621023
2621027
2621033
2621053
2621063
2621119
2621131
2621137
2621147
2621159
2621167
2621197
2621207
2621219
2621239
2621257
2621263
2621279
2621303
2621309
2621347
2621351
2621369
2621371
2621387
2621431
2621447
2621459
2621467
2621477
2621501
2621527
2621551
2621569
2621573
2621579
2621603
2621611
2621617
2621669
2621693
2621699
2621737
2621761
2621767
2621779
2621789
2621797
2621807
2621819
2621837
2621849
2621863
2621881
2621897
2621903
2621917
2621921
2621923
2621929
2621933
2621947
2621951
2621987
2622013
2622017
2622031
2622049
2622091
2622119
2622121
2622143
2622157
2622167
2622173
2622203
2622211
2622229
2622241
2622283
2622287
2622293
2622307
2622311
2622337
2622341
2622343
2622349
2622353
2622377
2622397
2622407
2622413
2622419
2622427
2622439
2622443
2622461
2622469
2622479
2622511
2622517
2622533
2622559
2622577
2622583
2622593
2622601
2622611
2622619
2622623
2622637
2622679
2622691
2622707
2622733
2622749
2622757
2622761
2622773
2622799
2622821
2622827
2622857
2622863
2622889
2622911
2622923
2622937
2622959
2623039
2623051
2623073
2623087
2623091
2623099
2623111
2623123
2623133
2623141
2623147
2623157
2623163
2623169
2623193
2623207
2623217
2623223
2623241
2623249
2623259
2623267
2623279
2623289
2623331
2623333
2623339
2623343
2623351
2623367
2623373
2623391
2623409
2623421
2623429
2623441
2623451
2623459
2623477
2623487
2623529
2623531
2623567
2623571
2623573
2623583
2623589
2623591
2623597
2623639
2623651
2623657
2623711
2623721
2623723
2623757
2623759
2623769
2623783
2623801
2623807
2623847
2623861
2623867
2623883
2623897
2623913
2623937
2623939
2623969
2623979
2623991
2623993
2623997
2624023
2624029
2624051
2624053
2624059
2624087
2624099
2624107
2624113
2624173
2624177
2624179
2624183
2624191
2624203
2624233
2624257
2624263
2624267
2624269
2624291
2624309
2624311
2624317
2624327
2624353
2624357
2624371
2624381
2624387
2624411
2624431
2624437
2624467
2624483
2624513
2624539
2624549
2624561
2624563
2624581
2624593
2624623
2624627
2624639
2624653
2624659
2624663
2624693
2624701
2624711
2624753
2624759
2624767
2624771
2624777
2624803
2624807
2624813
2624837
2624857
2624899
2624911
2624927
2624939
2624957
2624959
2624971
2624977
2624981
2624989
2625001
2625011
2625017
2625023
2625061
2625067
2625071
2625079
2625137
2625149
2625163
2625169
2625223
2625229
2625241
2625247
2625251
2625253
2625263
2625277
2625307
2625313
2625317
2625349
2625397
2625433
2625449
2625481
2625487
2625503
2625521
2625523
2625533
2625541
2625551
2625563
2625569
2625577
2625587
2625613
2625617
2625619
2625641
2625643
2625653
2625671
2625691
2625761
2625809
2625811
2625817
2625829
2625839
2625851
2625859
2625869
2625901
2625907
2625911
2625929
2625947
2625949
2625977
2626003
2626021
2626027
2626049
2626051
2626061
2626069
2626073
2626079
2626087
2626121
2626171
2626181
2626229
2626249
2626259
2626277
2626291
2626307
2626319
2626363
2626367
2626399
2626433
2626447
2626451
2626457
2626471
2626493
2626499
2626511
2626543
2626567
2626571
2626597
2626607
2626633
2626639
2626643
2626649
2626691
2626699
2626703
2626727
2626751
2626753
2626763
2626777
2626781
2626801
2626817
2626837
2626861
2626873
2626879
2626901
2626903
2626927
2626931
2626933
2626937
2626969
2626973
2627021
2627041
2627047
2627057
2627059
2627063
2627113
2627117
2627123
2627143
2627167
2627173
2627179
2627189
2627201
2627203
2627237
2627243
2627269
2627291
2627297
2627357
2627381
2627393
2627399
2627413
2627419
2627423
2627431
2627473
2627477
2627479
2627483
2627507
2627509
2627519
2627557
2627561
2627563
2627593
2627617
2627627
2627657
2627671
2627689
2627693
2627699
2627701
2627711
2627759
2627767
2627771
2627789
2627791
2627837
2627857
2627869
2627879
2627897
2627921
2627929
2627953
2627959
2627971
2627981
2627983
2627987
2627993
2628053
2628077
2628083
2628089
2628103
2628107
2628113
2628127
2628133
2628139
2628163
2628167
2628169
2628191
2628229
2628277
2628331
2628341
2628347
2628359
2628383
2628401
2628407
2628481
2628487
2628499
2628533
2628539
2628541
2628553
2628559
2628581
2628599
2628607
2628617
2628649
2628667
2628679
2628683
2628697
2628709
2628713
2628737
2628749
2628779
2628781
2628809
2628811
2628817
2628823
2628827
2628833
2628839
2628889
2628911
2628919
2628953
2628979
2629001
2629009
2629021
2629031
2629051
2629057
2629073
2629091
2629093
2629103
2629117
2629127
2629129
2629139
2629177
2629213
2629223
2629243
2629247
2629261
2629267
2629307
2629309
2629351
2629369
2629381
2629409
2629421
2629423
2629433
2629447
2629457
2629469
2629481
2629483
2629499
2629507
2629511
2629519
2629537
2629541
2629547
2629589
2629591
2629621
2629639
2629643
2629651
2629661
2629667
2629687
2629703
2629721
2629723
2629729
2629763
2629777
2629787
2629811
2629813
2629829
2629841
2629853
2629859
2629867
2629873
2629877
2629897
2629901
2629903
2629909
2629927
2629931
2629933
2629943
2629969
2629973
2630041
2630077
2630093
2630099
2630107
2630129
2630143
2630153
2630171
2630179
2630197
2630207
2630237
2630239
2630281
2630317
2630321
2630323
2630333
2630339
2630351
2630357
2630363
2630371
2630377
2630389
2630399
2630423
2630429
2630431
2630447
2630471
2630477
2630483
2630489
2630491
2630501
2630521
2630539
2630557
2630587
2630591
2630599
2630609
2630623
2630627
2630681
2630689
2630707
2630713
2630729
2630741
2630743
2630773
2630791
2630819
2630833
2630839
2630843
2630857
2630861
2630863
2630879
2630891
2630917
2630921
2630923
2630951
2630989
2631007
2631019
2631029
2631037
2631043
2631049
2631053
2631067
2631071
2631077
2631091
2631103
2631133
2631137
2631143
2631149
2631173
2631179
2631203
2631217
2631221
2631241
2631247
2631259
2631263
2631271
2631281
2631283
2631323
2631337
2631347
2631401
2631427
2631437
2631449
2631457
2631467
2631469
2631487
2631493
2631509
2631511
2631523
2631527
2631529
2631533
2631539
2631553
2631581
2631631
2631647
2631649
2631653
2631661
2631679
2631689
2631691
2631701
2631731
2631743
2631767
2631793
2631817
2631833
2631851
2631887
2631917
2631919
2631929
2631947
2631949
2631971
2631973
2631983
2631989
2632001
2632009
2632027
2632031
2632037
2632057
2632061
2632067
2632079
2632099
2632111
2632121
2632129
2632151
2632153
2632163
2632169
2632177
2632187
2632213
2632219
2632247
2632249
2632271
2632277
2632309
2632313
2632319
2632339
2632361
2632369
2632379
2632387
2632391
2632397
2632411
2632429
2632447
2632463
2632471
2632477
2632493
2632499
2632523
2632537
2632543
2632549
2632573
2632579
2632601
2632627
2632633
2632657
2632673
2632687
2632691
2632717
2632723
2632727
2632759
2632781
2632789
2632793
2632801
2632829
2632831
2632859
2632867
2632873
2632901
2632907
2632919
2632921
2632937
2632967
2632999
2633023
2633041
2633053
2633083
2633101
2633107
2633123
2633129
2633131
2633161
2633173
2633203
2633207
2633219
2633221
2633227
2633261
2633263
2633273
2633291
2633297
2633303
2633311
2633321
2633333
2633353
2633359
2633387
2633399
2633417
2633429
2633437
2633441
2633443
2633447
2633459
2633467
2633473
2633483
2633489
2633497
2633509
2633531
2633537
2633539
2633557
2633563
2633581
2633593
2633597
2633629
2633639
2633641
2633651
2633663
2633677
2633681
2633689
2633711
2633713
2633737
2633749
2633783
2633789
2633831
2633843
2633857
2633863
2633899
2633909
2633923
2633947
2633987
2634001
2634011
2634013
2634083
2634109
2634119
There are 1328 prime numbers in S270.
