S271(2634121~2653632)
2634131
2634139
2634161
2634193
2634199
2634227
2634241
2634251
2634263
2634301
2634319
2634341
2634353
2634377
2634403
2634419
2634427
2634433
2634449
2634461
2634479
2634487
2634493
2634509
2634517
2634523
2634539
2634551
2634557
2634607
2634613
2634623
2634629
2634631
2634649
2634689
2634691
2634707
2634713
2634727
2634743
2634761
2634769
2634781
2634791
2634823
2634829
2634833
2634839
2634859
2634871
2634883
2634893
2634923
2634941
2634943
2634953
2634967
2634991
2635007
2635019
2635033
2635037
2635057
2635063
2635079
2635097
2635099
2635109
2635121
2635141
2635163
2635189
2635229
2635247
2635253
2635267
2635313
2635331
2635349
2635387
2635411
2635429
2635447
2635481
2635483
2635487
2635489
2635543
2635553
2635583
2635597
2635613
2635643
2635673
2635691
2635693
2635709
2635727
2635747
2635757
2635783
2635793
2635819
2635861
2635877
2635879
2635883
2635891
2635907
2635909
2635933
2635939
2635949
2635967
2635973
2635979
2635987
2636009
2636021
2636027
2636033
2636059
2636063
2636077
2636087
2636107
2636119
2636143
2636149
2636171
2636197
2636203
2636233
2636243
2636251
2636261
2636279
2636311
2636317
2636323
2636339
2636353
2636357
2636369
2636401
2636407
2636437
2636449
2636453
2636471
2636483
2636503
2636507
2636527
2636539
2636549
2636567
2636597
2636609
2636617
2636633
2636663
2636671
2636677
2636701
2636713
2636719
2636759
2636773
2636779
2636791
2636797
2636813
2636831
2636857
2636863
2636873
2636897
2636917
2636929
2636939
2636957
2636971
2636983
2637001
2637013
2637017
2637043
2637083
2637119
2637133
2637163
2637169
2637191
2637197
2637199
2637209
2637221
2637251
2637253
2637259
2637269
2637281
2637287
2637301
2637331
2637343
2637353
2637361
2637373
2637379
2637419
2637451
2637469
2637493
2637497
2637529
2637539
2637541
2637553
2637581
2637587
2637611
2637631
2637647
2637659
2637667
2637671
2637673
2637683
2637689
2637707
2637743
2637763
2637769
2637773
2637779
2637787
2637797
2637799
2637911
2637919
2637931
2637937
2637953
2637959
2637961
2637983
2637997
2638003
2638039
2638057
2638061
2638073
2638087
2638177
2638187
2638199
2638201
2638231
2638243
2638253
2638267
2638271
2638297
2638301
2638319
2638327
2638331
2638357
2638367
2638369
2638381
2638403
2638411
2638469
2638477
2638501
2638529
2638543
2638561
2638567
2638579
2638589
2638607
2638613
2638631
2638633
2638651
2638667
2638673
2638687
2638693
2638697
2638717
2638747
2638771
2638787
2638793
2638841
2638843
2638849
2638873
2638879
2638897
2638901
2638907
2638919
2638931
2638949
2638973
2639041
2639069
2639071
2639083
2639093
2639107
2639111
2639149
2639171
2639177
2639179
2639183
2639201
2639207
2639213
2639239
2639251
2639291
2639303
2639323
2639333
2639339
2639353
2639389
2639393
2639401
2639407
2639419
2639431
2639447
2639477
2639489
2639491
2639501
2639509
2639513
2639521
2639561
2639569
2639587
2639597
2639633
2639639
2639669
2639699
2639701
2639711
2639723
2639759
2639761
2639773
2639789
2639801
2639809
2639827
2639863
2639869
2639873
2639881
2639887
2639891
2639911
2639921
2639927
2639939
2639941
2639953
2639969
2639971
2639999
2640013
2640017
2640023
2640041
2640059
2640067
2640137
2640139
2640163
2640167
2640181
2640217
2640227
2640251
2640271
2640289
2640299
2640317
2640343
2640347
2640349
2640361
2640367
2640371
2640383
2640397
2640409
2640497
2640503
2640509
2640511
2640527
2640551
2640571
2640577
2640581
2640643
2640683
2640689
2640707
2640709
2640713
2640721
2640739
2640749
2640761
2640767
2640779
2640821
2640823
2640853
2640857
2640863
2640871
2640881
2640889
2640893
2640901
2640907
2640917
2640919
2640941
2640947
2640959
2640973
2640997
2641013
2641027
2641031
2641039
2641061
2641063
2641099
2641109
2641123
2641127
2641151
2641153
2641187
2641193
2641217
2641237
2641277
2641279
2641283
2641313
2641337
2641351
2641357
2641363
2641367
2641369
2641391
2641411
2641421
2641423
2641433
2641451
2641459
2641469
2641487
2641493
2641501
2641517
2641519
2641531
2641543
2641547
2641549
2641553
2641559
2641567
2641571
2641577
2641631
2641633
2641637
2641649
2641657
2641663
2641669
2641687
2641739
2641747
2641759
2641777
2641799
2641801
2641811
2641829
2641831
2641841
2641879
2641889
2641901
2641907
2641909
2641921
2641927
2641939
2641949
2641993
2642039
2642041
2642063
2642077
2642111
2642117
2642137
2642141
2642147
2642149
2642173
2642179
2642201
2642203
2642231
2642239
2642257
2642287
2642291
2642323
2642329
2642333
2642351
2642357
2642359
2642369
2642383
2642389
2642449
2642473
2642483
2642513
2642537
2642543
2642561
2642569
2642587
2642603
2642609
2642621
2642639
2642693
2642699
2642707
2642713
2642771
2642777
2642789
2642791
2642797
2642821
2642839
2642863
2642869
2642879
2642891
2642897
2642929
2642933
2642971
2642987
2642993
2643013
2643019
2643037
2643059
2643061
2643073
2643079
2643097
2643107
2643119
2643131
2643133
2643161
2643181
2643209
2643227
2643239
2643241
2643247
2643283
2643307
2643331
2643341
2643343
2643349
2643353
2643383
2643397
2643427
2643439
2643457
2643461
2643479
2643491
2643497
2643523
2643547
2643559
2643569
2643581
2643583
2643593
2643607
2643629
2643647
2643659
2643661
2643671
2643673
2643677
2643691
2643709
2643713
2643733
2643737
2643743
2643757
2643779
2643791
2643821
2643833
2643853
2643871
2643889
2643899
2643913
2643917
2643943
2643947
2643961
2643989
2644003
2644007
2644039
2644043
2644063
2644067
2644073
2644091
2644093
2644121
2644127
2644139
2644141
2644151
2644153
2644157
2644171
2644177
2644181
2644183
2644219
2644247
2644261
2644277
2644339
2644357
2644381
2644387
2644399
2644403
2644409
2644429
2644451
2644489
2644507
2644513
2644531
2644547
2644561
2644573
2644613
2644619
2644627
2644637
2644657
2644669
2644687
2644709
2644727
2644729
2644751
2644769
2644799
2644823
2644847
2644849
2644853
2644879
2644883
2644891
2644903
2644907
2644913
2644919
2644921
2644927
2644981
2645011
2645051
2645057
2645063
2645087
2645099
2645101
2645129
2645131
2645141
2645171
2645189
2645191
2645213
2645219
2645221
2645233
2645239
2645257
2645263
2645267
2645297
2645311
2645329
2645341
2645359
2645371
2645393
2645399
2645413
2645417
2645429
2645431
2645453
2645477
2645479
2645507
2645519
2645521
2645527
2645543
2645549
2645551
2645561
2645567
2645569
2645581
2645597
2645603
2645639
2645647
2645651
2645663
2645681
2645701
2645711
2645717
2645723
2645743
2645749
2645777
2645779
2645809
2645827
2645831
2645843
2645849
2645861
2645879
2645887
2645891
2645893
2645899
2645911
2645917
2645927
2645933
2645941
2645971
2645977
2645987
2646001
2646011
2646013
2646019
2646023
2646029
2646041
2646071
2646079
2646089
2646107
2646109
2646113
2646167
2646179
2646211
2646227
2646233
2646247
2646269
2646353
2646361
2646409
2646443
2646463
2646473
2646493
2646517
2646533
2646551
2646571
2646583
2646599
2646613
2646619
2646641
2646649
2646653
2646659
2646671
2646733
2646769
2646773
2646793
2646797
2646803
2646841
2646881
2646887
2646893
2646901
2646923
2646937
2646967
2646983
2646989
2646991
2647003
2647009
2647013
2647027
2647031
2647039
2647049
2647063
2647067
2647079
2647081
2647097
2647111
2647133
2647157
2647159
2647163
2647187
2647193
2647243
2647259
2647279
2647303
2647319
2647321
2647331
2647343
2647349
2647361
2647363
2647367
2647373
2647391
2647397
2647429
2647459
2647471
2647481
2647499
2647531
2647537
2647549
2647559
2647571
2647573
2647577
2647607
2647627
2647643
2647649
2647681
2647693
2647709
2647717
2647751
2647759
2647763
2647769
2647781
2647793
2647807
2647817
2647847
2647873
2647889
2647891
2647919
2647943
2647951
2647969
2647987
2647993
2647999
2648021
2648029
2648033
2648047
2648057
2648081
2648083
2648099
2648101
2648123
2648131
2648137
2648161
2648167
2648183
2648189
2648207
2648213
2648227
2648249
2648257
2648263
2648267
2648273
2648279
2648287
2648291
2648323
2648351
2648363
2648369
2648377
2648383
2648419
2648449
2648479
2648501
2648507
2648509
2648531
2648533
2648537
2648557
2648563
2648567
2648593
2648623
2648629
2648669
2648677
2648693
2648699
2648707
2648713
2648717
2648731
2648761
2648801
2648813
2648827
2648861
2648879
2648897
2648903
2648909
2648911
2648917
2648953
2648959
2648963
2649001
2649011
2649067
2649077
2649083
2649091
2649109
2649137
2649139
2649173
2649193
2649197
2649203
2649217
2649233
2649281
2649293
2649299
2649307
2649319
2649323
2649329
2649371
2649391
2649397
2649403
2649421
2649431
2649473
2649481
2649487
2649497
2649499
2649503
2649529
2649541
2649547
2649551
2649553
2649557
2649587
2649593
2649611
2649613
2649677
2649679
2649709
2649727
2649733
2649769
2649781
2649799
2649811
2649821
2649851
2649863
2649869
2649877
2649887
2649893
2649923
2649929
2649931
2649967
2649979
2649989
2650007
2650009
2650013
2650027
2650033
2650057
2650061
2650073
2650091
2650093
2650127
2650157
2650163
2650169
2650183
2650211
2650229
2650231
2650237
2650247
2650259
2650301
2650321
2650337
2650357
2650369
2650379
2650381
2650387
2650399
2650409
2650429
2650433
2650463
2650493
2650517
2650537
2650541
2650559
2650567
2650573
2650577
2650579
2650597
2650603
2650619
2650621
2650639
2650663
2650667
2650699
2650751
2650757
2650783
2650787
2650789
2650799
2650807
2650829
2650853
2650873
2650897
2650931
2650933
2650943
2650961
2650969
2650981
2650987
2651017
2651039
2651041
2651053
2651059
2651063
2651083
2651111
2651119
2651137
2651189
2651191
2651197
2651237
2651239
2651273
2651281
2651291
2651293
2651329
2651333
2651339
2651359
2651377
2651387
2651413
2651419
2651437
2651443
2651447
2651471
2651483
2651489
2651491
2651497
2651501
2651503
2651513
2651549
2651569
2651581
2651603
2651611
2651617
2651629
2651639
2651651
2651669
2651683
2651687
2651699
2651707
2651713
2651717
2651729
2651741
2651743
2651777
2651783
2651791
2651807
2651819
2651821
2651837
2651867
2651893
2651899
2651911
2651947
2651953
2651959
2651989
2652007
2652011
2652029
2652031
2652037
2652043
2652047
2652101
2652103
2652113
2652131
2652149
2652151
2652157
2652161
2652179
2652203
2652217
2652233
2652269
2652301
2652313
2652367
2652371
2652373
2652379
2652389
2652401
2652407
2652409
2652421
2652437
2652439
2652443
2652473
2652479
2652487
2652511
2652553
2652557
2652569
2652599
2652607
2652623
2652667
2652677
2652709
2652719
2652737
2652743
2652757
2652779
2652791
2652827
2652841
2652847
2652883
2652911
2652941
2652943
2652953
2652961
2652983
2652997
2653019
2653033
2653051
2653067
2653081
2653097
2653109
2653111
2653121
2653187
2653193
2653219
2653237
2653249
2653271
2653319
2653327
2653333
2653337
2653351
2653363
2653421
2653429
2653433
2653459
2653481
2653489
2653499
2653517
2653537
2653543
2653549
2653571
2653583
2653591
2653601
2653613
2653619
2653621
There are 1315 prime numbers in S271.
