S272(2653633~2673216)
2653633
2653681
2653687
2653697
2653699
2653723
2653727
2653733
2653741
2653753
2653789
2653801
2653811
2653813
2653841
2653867
2653873
2653883
2653897
2653907
2653913
2653951
2653957
2653967
2653969
2653979
2653991
2653999
2654011
2654021
2654027
2654059
2654083
2654107
2654111
2654117
2654123
2654143
2654149
2654161
2654209
2654213
2654221
2654237
2654263
2654273
2654291
2654297
2654303
2654317
2654359
2654371
2654383
2654387
2654389
2654401
2654447
2654467
2654489
2654497
2654501
2654503
2654507
2654539
2654543
2654557
2654581
2654593
2654609
2654621
2654647
2654651
2654653
2654671
2654677
2654693
2654711
2654719
2654753
2654759
2654767
2654779
2654783
2654801
2654803
2654831
2654833
2654849
2654857
2654879
2654881
2654893
2654909
2654917
2654957
2654963
2654989
2654999
2655017
2655047
2655049
2655053
2655061
2655071
2655113
2655127
2655139
2655151
2655167
2655173
2655199
2655209
2655217
2655221
2655241
2655251
2655259
2655313
2655343
2655347
2655361
2655371
2655397
2655403
2655407
2655409
2655431
2655437
2655439
2655449
2655461
2655463
2655469
2655479
2655481
2655517
2655539
2655563
2655571
2655577
2655607
2655623
2655643
2655661
2655691
2655701
2655727
2655761
2655773
2655781
2655797
2655799
2655803
2655817
2655827
2655841
2655853
2655881
2655889
2655899
2655911
2655929
2655937
2655941
2655943
2655949
2655973
2655977
2656009
2656013
2656033
2656051
2656057
2656079
2656091
2656099
2656117
2656141
2656163
2656169
2656183
2656189
2656207
2656211
2656229
2656243
2656261
2656271
2656273
2656289
2656309
2656319
2656321
2656337
2656351
2656361
2656363
2656373
2656387
2656391
2656399
2656417
2656427
2656441
2656453
2656457
2656499
2656501
2656529
2656547
2656553
2656601
2656627
2656639
2656649
2656663
2656673
2656681
2656699
2656721
2656727
2656729
2656757
2656783
2656807
2656813
2656831
2656847
2656853
2656861
2656867
2656877
2656883
2656889
2656909
2656919
2656921
2656949
2656961
2656987
2656991
2656993
2657003
2657023
2657027
2657047
2657059
2657069
2657071
2657077
2657101
2657111
2657119
2657129
2657143
2657159
2657173
2657189
2657191
2657197
2657201
2657203
2657231
2657243
2657257
2657279
2657293
2657309
2657327
2657329
2657339
2657341
2657353
2657371
2657381
2657393
2657399
2657401
2657407
2657429
2657461
2657477
2657483
2657513
2657527
2657533
2657561
2657563
2657569
2657573
2657591
2657609
2657617
2657651
2657657
2657671
2657687
2657731
2657741
2657761
2657771
2657779
2657801
2657843
2657861
2657867
2657887
2657911
2657939
2657947
2657951
2657999
2658013
2658023
2658049
2658059
2658067
2658077
2658079
2658101
2658107
2658193
2658199
2658203
2658209
2658221
2658247
2658251
2658259
2658263
2658287
2658289
2658301
2658323
2658349
2658353
2658361
2658373
2658377
2658379
2658391
2658437
2658449
2658451
2658457
2658463
2658497
2658503
2658521
2658553
2658559
2658569
2658577
2658583
2658611
2658637
2658641
2658659
2658661
2658671
2658683
2658701
2658703
2658707
2658751
2658757
2658769
2658779
2658787
2658793
2658797
2658827
2658833
2658847
2658863
2658871
2658881
2658883
2658889
2658899
2658913
2658941
2658947
2658977
2658979
2658983
2658989
2659001
2659037
2659043
2659067
2659073
2659081
2659091
2659093
2659127
2659133
2659159
2659177
2659187
2659201
2659243
2659247
2659277
2659289
2659309
2659331
2659337
2659339
2659343
2659367
2659379
2659399
2659439
2659441
2659451
2659453
2659469
2659471
2659483
2659493
2659511
2659519
2659537
2659549
2659567
2659571
2659607
2659621
2659627
2659637
2659663
2659673
2659687
2659691
2659717
2659751
2659763
2659771
2659801
2659841
2659849
2659859
2659861
2659879
2659883
2659903
2659931
2659949
2659963
2659999
2660003
2660011
2660029
2660069
2660071
2660087
2660089
2660107
2660117
2660131
2660137
2660173
2660179
2660183
2660219
2660237
2660291
2660303
2660311
2660351
2660353
2660377
2660401
2660417
2660429
2660447
2660461
2660467
2660473
2660509
2660521
2660527
2660533
2660557
2660569
2660573
2660579
2660587
2660591
2660597
2660611
2660621
2660639
2660657
2660659
2660719
2660737
2660743
2660753
2660767
2660773
2660783
2660803
2660809
2660831
2660839
2660849
2660863
2660869
2660873
2660887
2660899
2660963
2660989
2661013
2661067
2661079
2661089
2661097
2661103
2661107
2661119
2661137
2661157
2661161
2661181
2661199
2661221
2661233
2661251
2661271
2661283
2661317
2661331
2661341
2661371
2661391
2661397
2661403
2661409
2661413
2661419
2661427
2661457
2661473
2661481
2661487
2661493
2661497
2661517
2661541
2661553
2661557
2661569
2661611
2661641
2661643
2661647
2661661
2661689
2661731
2661733
2661739
2661779
2661781
2661797
2661821
2661833
2661853
2661863
2661871
2661899
2661917
2661929
2661931
2661937
2661943
2661947
2661949
2661959
2661961
2661991
2662027
2662067
2662069
2662097
2662103
2662117
2662123
2662129
2662133
2662141
2662157
2662159
2662193
2662201
2662207
2662211
2662271
2662291
2662307
2662339
2662381
2662399
2662453
2662459
2662469
2662477
2662487
2662501
2662507
2662511
2662547
2662567
2662601
2662607
2662651
2662657
2662661
2662669
2662697
2662721
2662753
2662757
2662763
2662769
2662771
2662783
2662787
2662789
2662811
2662813
2662841
2662883
2662901
2662903
2662921
2662943
2662949
2662951
2662981
2663027
2663029
2663039
2663051
2663057
2663069
2663081
2663107
2663137
2663153
2663159
2663189
2663209
2663231
2663251
2663267
2663279
2663293
2663299
2663347
2663351
2663357
2663359
2663393
2663429
2663431
2663459
2663461
2663467
2663491
2663497
2663501
2663513
2663527
2663533
2663539
2663567
2663569
2663579
2663581
2663603
2663627
2663651
2663669
2663671
2663677
2663693
2663701
2663711
2663761
2663779
2663783
2663803
2663813
2663827
2663831
2663867
2663887
2663897
2663953
2663977
2663993
2664001
2664017
2664023
2664029
2664041
2664043
2664049
2664059
2664061
2664071
2664073
2664083
2664089
2664097
2664127
2664149
2664163
2664169
2664173
2664187
2664191
2664197
2664203
2664227
2664229
2664241
2664247
2664253
2664271
2664293
2664307
2664329
2664341
2664353
2664367
2664379
2664397
2664401
2664439
2664443
2664449
2664451
2664479
2664511
2664517
2664521
2664533
2664539
2664547
2664551
2664553
2664577
2664589
2664593
2664601
2664643
2664647
2664661
2664689
2664691
2664707
2664709
2664721
2664763
2664793
2664811
2664817
2664829
2664847
2664859
2664889
2664899
2664901
2664911
2664923
2664929
2664931
2664943
2664953
2664967
2664989
2665001
2665007
2665009
2665021
2665027
2665031
2665037
2665043
2665051
2665057
2665063
2665081
2665093
2665109
2665121
2665133
2665139
2665177
2665181
2665189
2665199
2665231
2665237
2665241
2665249
2665253
2665261
2665291
2665319
2665321
2665343
2665357
2665363
2665367
2665373
2665387
2665391
2665409
2665427
2665433
2665459
2665469
2665483
2665499
2665501
2665513
2665547
2665589
2665601
2665627
2665667
2665669
2665687
2665717
2665727
2665763
2665771
2665781
2665799
2665801
2665811
2665823
2665841
2665843
2665849
2665867
2665879
2665891
2665913
2665931
2665933
2665939
2665967
2665973
2666021
2666029
2666039
2666051
2666071
2666087
2666089
2666101
2666117
2666141
2666177
2666197
2666201
2666221
2666227
2666267
2666273
2666281
2666291
2666303
2666309
2666381
2666383
2666393
2666423
2666429
2666453
2666491
2666507
2666513
2666519
2666537
2666539
2666561
2666581
2666591
2666633
2666641
2666647
2666659
2666663
2666683
2666693
2666717
2666743
2666747
2666749
2666779
2666791
2666809
2666819
2666861
2666863
2666887
2666891
2666929
2666947
2666953
2666969
2666987
2667019
2667031
2667047
2667053
2667059
2667061
2667097
2667131
2667167
2667187
2667191
2667193
2667199
2667211
2667221
2667227
2667263
2667289
2667307
2667311
2667319
2667341
2667349
2667359
2667361
2667383
2667433
2667439
2667451
2667461
2667463
2667481
2667499
2667503
2667569
2667571
2667601
2667611
2667631
2667641
2667647
2667659
2667667
2667689
2667727
2667757
2667761
2667779
2667799
2667851
2667859
2667871
2667881
2667883
2667887
2667919
2667937
2667941
2667947
2667949
2667979
2667983
2667989
2668027
2668051
2668063
2668091
2668093
2668097
2668103
2668123
2668129
2668163
2668177
2668199
2668213
2668217
2668219
2668229
2668231
2668241
2668243
2668247
2668249
2668271
2668277
2668297
2668301
2668307
2668313
2668333
2668343
2668357
2668363
2668399
2668411
2668427
2668433
2668453
2668459
2668469
2668553
2668559
2668571
2668577
2668583
2668591
2668619
2668637
2668639
2668663
2668669
2668693
2668727
2668733
2668769
2668781
2668793
2668829
2668837
2668849
2668877
2668879
2668889
2668903
2668907
2668909
2668931
2668993
2668999
2669003
2669011
2669047
2669057
2669077
2669111
2669123
2669137
2669167
2669201
2669203
2669209
2669231
2669237
2669243
2669257
2669263
2669267
2669269
2669281
2669321
2669327
2669339
2669341
2669351
2669369
2669389
2669393
2669417
2669419
2669423
2669431
2669437
2669461
2669477
2669497
2669507
2669509
2669521
2669549
2669581
2669591
2669603
2669659
2669669
2669687
2669699
2669717
2669729
2669753
2669767
2669789
2669801
2669803
2669837
2669857
2669873
2669881
2669897
2669903
2669951
2669959
2669977
2669987
2670011
2670029
2670049
2670053
2670067
2670079
2670113
2670131
2670167
2670181
2670191
2670197
2670223
2670301
2670331
2670337
2670341
2670373
2670439
2670443
2670449
2670457
2670463
2670467
2670491
2670533
2670539
2670571
2670589
2670611
2670637
2670643
2670653
2670667
2670673
2670677
2670709
2670719
2670721
2670739
2670749
2670761
2670769
2670791
2670793
2670797
2670809
2670817
2670881
2670923
2670931
2670973
2671021
2671033
2671037
2671043
2671063
2671073
2671087
2671093
2671121
2671133
2671139
2671169
2671171
2671181
2671183
2671187
2671199
2671211
2671231
2671241
2671271
2671297
2671309
2671327
2671337
2671351
2671367
2671369
2671391
2671447
2671489
2671507
2671523
2671541
2671561
2671573
2671577
2671583
2671589
2671597
2671607
2671619
2671631
2671649
2671651
2671661
2671663
2671667
2671679
2671681
2671693
2671729
2671751
2671777
2671787
2671793
2671813
2671819
2671829
2671843
2671849
2671883
2671901
2671909
2671919
2671927
2671931
2671939
2671961
2671969
2671987
2672003
2672023
2672039
2672053
2672057
2672083
2672099
2672113
2672123
2672143
2672171
2672183
2672203
2672233
2672237
2672249
2672273
2672303
2672309
2672317
2672323
2672357
2672363
2672377
2672381
2672387
2672389
2672401
2672413
2672431
2672443
2672477
2672497
2672507
2672533
2672557
2672567
2672573
2672599
2672617
2672629
2672633
2672639
2672671
2672687
2672701
2672731
2672767
2672779
2672783
2672797
2672821
2672833
2672867
2672881
2672903
2672921
2672947
2672987
2673019
2673059
2673061
2673067
2673089
2673103
2673107
2673119
2673127
2673137
2673149
2673173
2673193
2673197
2673211
There are 1310 prime numbers in S272.
