S274(2692873~2712600)
2692891
2692933
2692951
2692973
2692981
2692999
2693023
2693039
2693057
2693059
2693071
2693107
2693111
2693113
2693149
2693153
2693177
2693183
2693203
2693213
2693227
2693237
2693239
2693261
2693263
2693279
2693287
2693309
2693321
2693329
2693351
2693357
2693359
2693363
2693371
2693377
2693381
2693389
2693393
2693441
2693443
2693447
2693479
2693501
2693503
2693521
2693533
2693591
2693609
2693629
2693651
2693653
2693671
2693707
2693729
2693731
2693749
2693767
2693777
2693791
2693813
2693833
2693849
2693851
2693857
2693891
2693893
2693903
2693917
2693923
2693927
2693969
2693989
2694001
2694017
2694023
2694031
2694037
2694047
2694049
2694053
2694061
2694089
2694103
2694121
2694157
2694161
2694169
2694173
2694191
2694199
2694203
2694217
2694221
2694239
2694253
2694281
2694287
2694299
2694301
2694323
2694343
2694359
2694383
2694389
2694401
2694407
2694413
2694421
2694457
2694469
2694481
2694493
2694499
2694511
2694533
2694541
2694569
2694577
2694607
2694623
2694631
2694641
2694647
2694661
2694667
2694677
2694689
2694691
2694719
2694733
2694739
2694743
2694787
2694803
2694829
2694833
2694847
2694851
2694863
2694869
2694871
2694877
2694893
2694899
2694907
2694911
2694973
2694977
2695003
2695031
2695037
2695051
2695073
2695127
2695139
2695141
2695151
2695177
2695181
2695183
2695211
2695229
2695237
2695249
2695267
2695279
2695291
2695313
2695331
2695337
2695351
2695391
2695409
2695411
2695447
2695453
2695457
2695471
2695493
2695499
2695507
2695523
2695573
2695597
2695601
2695607
2695619
2695643
2695661
2695697
2695699
2695703
2695711
2695733
2695751
2695787
2695789
2695793
2695813
2695831
2695837
2695867
2695871
2695883
2695909
2695933
2695943
2695949
2695961
2695981
2695997
2695999
2696003
2696009
2696011
2696021
2696051
2696053
2696063
2696069
2696087
2696093
2696107
2696117
2696131
2696137
2696167
2696171
2696189
2696203
2696209
2696257
2696273
2696279
2696299
2696303
2696311
2696329
2696363
2696377
2696399
2696413
2696429
2696459
2696471
2696483
2696501
2696513
2696521
2696527
2696563
2696569
2696581
2696593
2696609
2696621
2696633
2696641
2696647
2696653
2696663
2696669
2696677
2696699
2696717
2696731
2696779
2696843
2696851
2696861
2696873
2696909
2696921
2696923
2696927
2696929
2696959
2696977
2696989
2697007
2697043
2697053
2697059
2697061
2697073
2697109
2697113
2697133
2697137
2697151
2697173
2697179
2697193
2697199
2697209
2697229
2697239
2697241
2697269
2697281
2697301
2697307
2697379
2697389
2697397
2697413
2697419
2697437
2697439
2697451
2697479
2697491
2697511
2697517
2697529
2697533
2697547
2697553
2697571
2697581
2697587
2697599
2697637
2697661
2697689
2697697
2697701
2697719
2697727
2697733
2697743
2697757
2697763
2697767
2697769
2697797
2697803
2697809
2697823
2697853
2697869
2697887
2697911
2697913
2697931
2697953
2697971
2697973
2697977
2697983
2697991
2697997
2698001
2698009
2698021
2698027
2698049
2698063
2698079
2698097
2698099
2698103
2698109
2698159
2698181
2698183
2698187
2698193
2698211
2698217
2698229
2698231
2698253
2698261
2698273
2698277
2698279
2698303
2698321
2698331
2698357
2698387
2698441
2698453
2698463
2698471
2698481
2698499
2698517
2698541
2698571
2698573
2698583
2698607
2698609
2698649
2698651
2698667
2698679
2698681
2698687
2698691
2698697
2698721
2698727
2698739
2698753
2698771
2698777
2698789
2698799
2698807
2698819
2698841
2698847
2698853
2698867
2698921
2698933
2698951
2698967
2698979
2699009
2699017
2699051
2699087
2699093
2699101
2699111
2699129
2699143
2699149
2699171
2699183
2699269
2699287
2699297
2699299
2699327
2699339
2699341
2699357
2699369
2699371
2699377
2699383
2699393
2699419
2699423
2699429
2699453
2699461
2699471
2699479
2699507
2699513
2699531
2699561
2699569
2699591
2699597
2699611
2699621
2699623
2699647
2699657
2699659
2699687
2699689
2699701
2699713
2699743
2699747
2699761
2699773
2699777
2699803
2699839
2699867
2699869
2699887
2699903
2699911
2699951
2699971
2699981
2699989
2699999
2700023
2700037
2700067
2700079
2700083
2700091
2700101
2700107
2700119
2700121
2700143
2700151
2700163
2700169
2700179
2700199
2700209
2700211
2700227
2700233
2700241
2700281
2700319
2700323
2700329
2700367
2700377
2700389
2700391
2700419
2700427
2700431
2700449
2700463
2700469
2700487
2700493
2700497
2700517
2700521
2700541
2700559
2700563
2700583
2700601
2700611
2700613
2700617
2700623
2700647
2700707
2700713
2700727
2700743
2700767
2700779
2700809
2700811
2700823
2700829
2700833
2700839
2700847
2700851
2700853
2700881
2700899
2700917
2700967
2700979
2700989
2701007
2701009
2701091
2701099
2701103
2701109
2701117
2701151
2701177
2701183
2701201
2701207
2701261
2701267
2701271
2701277
2701297
2701301
2701319
2701331
2701339
2701343
2701393
2701403
2701409
2701411
2701423
2701427
2701459
2701471
2701483
2701493
2701529
2701571
2701577
2701579
2701583
2701597
2701627
2701631
2701637
2701661
2701663
2701679
2701687
2701693
2701709
2701723
2701739
2701789
2701847
2701849
2701871
2701877
2701883
2701903
2701913
2701927
2701931
2701957
2701967
2701969
2701987
2702003
2702033
2702041
2702057
2702059
2702069
2702081
2702083
2702093
2702107
2702113
2702143
2702153
2702159
2702173
2702197
2702209
2702213
2702233
2702243
2702257
2702261
2702309
2702317
2702321
2702327
2702347
2702393
2702449
2702467
2702471
2702489
2702509
2702551
2702603
2702639
2702647
2702653
2702657
2702671
2702681
2702701
2702719
2702723
2702737
2702741
2702747
2702759
2702773
2702789
2702803
2702809
2702837
2702839
2702857
2702879
2702893
2702897
2702929
2702951
2702977
2702993
2703011
2703013
2703031
2703047
2703049
2703067
2703101
2703137
2703139
2703163
2703191
2703193
2703199
2703251
2703269
2703271
2703313
2703317
2703341
2703347
2703373
2703401
2703403
2703413
2703419
2703427
2703433
2703461
2703473
2703497
2703551
2703577
2703587
2703593
2703599
2703601
2703607
2703611
2703619
2703637
2703653
2703667
2703671
2703677
2703683
2703707
2703733
2703739
2703761
2703763
2703781
2703787
2703809
2703829
2703859
2703887
2703889
2703907
2703917
2703929
2703941
2703973
2703979
2703983
2704019
2704021
2704027
2704043
2704049
2704067
2704103
2704109
2704111
2704127
2704129
2704157
2704189
2704193
2704199
2704217
2704253
2704277
2704283
2704291
2704297
2704301
2704349
2704357
2704381
2704391
2704393
2704417
2704421
2704447
2704451
2704469
2704519
2704529
2704543
2704549
2704553
2704567
2704579
2704591
2704607
2704661
2704693
2704697
2704703
2704711
2704733
2704739
2704747
2704753
2704769
2704771
2704789
2704813
2704817
2704831
2704837
2704841
2704847
2704873
2704901
2704903
2704907
2704909
2704927
2704931
2704937
2704939
2704943
2704957
2704963
2704969
2704979
2704981
2704987
2704993
2704997
2705009
2705041
2705047
2705051
2705063
2705069
2705071
2705077
2705081
2705093
2705111
2705113
2705137
2705141
2705147
2705189
2705203
2705243
2705249
2705251
2705257
2705291
2705299
2705317
2705321
2705341
2705359
2705377
2705383
2705413
2705419
2705441
2705447
2705471
2705509
2705519
2705531
2705537
2705539
2705561
2705569
2705617
2705623
2705627
2705629
2705641
2705663
2705687
2705693
2705741
2705761
2705779
2705819
2705821
2705827
2705831
2705849
2705851
2705863
2705869
2705909
2705933
2705939
2705951
2705957
2705971
2705977
2705981
2705993
2706017
2706029
2706047
2706059
2706061
2706073
2706079
2706089
2706097
2706101
2706107
2706139
2706149
2706163
2706167
2706169
2706173
2706211
2706241
2706257
2706283
2706293
2706313
2706317
2706323
2706337
2706343
2706391
2706413
2706419
2706427
2706437
2706443
2706481
2706503
2706527
2706559
2706563
2706577
2706593
2706601
2706629
2706637
2706653
2706667
2706673
2706677
2706679
2706701
2706719
2706727
2706731
2706787
2706793
2706799
2706817
2706841
2706857
2706923
2706929
2706953
2706959
2706967
2706971
2706973
2706989
2707007
2707037
2707039
2707049
2707057
2707073
2707079
2707087
2707091
2707099
2707109
2707127
2707129
2707163
2707183
2707213
2707223
2707273
2707283
2707297
2707319
2707321
2707339
2707343
2707349
2707357
2707373
2707379
2707387
2707391
2707417
2707423
2707457
2707459
2707477
2707489
2707499
2707501
2707511
2707541
2707559
2707589
2707591
2707603
2707609
2707619
2707651
2707657
2707699
2707703
2707711
2707739
2707741
2707751
2707769
2707781
2707799
2707801
2707841
2707843
2707847
2707853
2707867
2707897
2707909
2707921
2707931
2707961
2707967
2707979
2707987
2708053
2708071
2708077
2708099
2708149
2708171
2708177
2708201
2708213
2708221
2708243
2708249
2708257
2708261
2708263
2708267
2708291
2708297
2708309
2708311
2708327
2708333
2708347
2708351
2708371
2708401
2708417
2708429
2708443
2708467
2708477
2708483
2708509
2708521
2708533
2708543
2708551
2708557
2708581
2708597
2708603
2708611
2708623
2708633
2708647
2708653
2708663
2708669
2708681
2708683
2708689
2708701
2708711
2708737
2708753
2708767
2708801
2708809
2708813
2708819
2708821
2708833
2708837
2708843
2708851
2708869
2708879
2708891
2708903
2708941
2708983
2708999
2709019
2709023
2709061
2709073
2709079
2709097
2709107
2709167
2709169
2709173
2709197
2709199
2709233
2709253
2709257
2709263
2709269
2709271
2709283
2709293
2709313
2709319
2709323
2709359
2709361
2709391
2709397
2709467
2709479
2709481
2709491
2709517
2709569
2709583
2709589
2709593
2709599
2709601
2709611
2709643
2709659
2709667
2709671
2709677
2709709
2709713
2709727
2709737
2709739
2709767
2709781
2709787
2709793
2709797
2709821
2709823
2709841
2709859
2709871
2709877
2709887
2709899
2709907
2709923
2710003
2710007
2710009
2710013
2710039
2710063
2710087
2710093
2710111
2710117
2710151
2710177
2710187
2710189
2710193
2710207
2710241
2710249
2710273
2710289
2710303
2710313
2710321
2710339
2710363
2710373
2710381
2710397
2710399
2710403
2710439
2710441
2710447
2710451
2710453
2710457
2710517
2710541
2710553
2710571
2710621
2710649
2710663
2710679
2710681
2710693
2710699
2710723
2710759
2710777
2710781
2710823
2710831
2710847
2710861
2710867
2710889
2710907
2710909
2710921
2710927
2710931
2710933
2710937
2710943
2710957
2710963
2710969
2710997
2711017
2711039
2711047
2711057
2711077
2711081
2711087
2711089
2711099
2711119
2711153
2711197
2711213
2711231
2711237
2711287
2711327
2711329
2711333
2711339
2711341
2711351
2711363
2711377
2711399
2711411
2711417
2711431
2711437
2711459
2711461
2711497
2711503
2711521
2711549
2711567
2711573
2711591
2711629
2711647
2711669
2711707
2711717
2711729
2711743
2711747
2711771
2711777
2711783
2711803
2711827
2711837
2711867
2711873
2711899
2711921
2711939
2711941
2711977
2711981
2712001
2712007
2712011
2712019
2712037
2712043
2712049
2712067
2712077
2712089
2712119
2712131
2712133
2712161
2712173
2712179
2712181
2712223
2712233
2712239
2712251
2712253
2712257
2712287
2712293
2712317
2712329
2712337
2712371
2712373
2712377
2712379
2712389
2712419
2712427
2712431
2712443
2712449
2712481
2712491
2712517
2712529
2712533
2712539
2712547
2712553
2712559
2712583
2712587
There are 1346 prime numbers in S274.
