S275(2712601~2732400)
2712613
2712637
2712641
2712653
2712659
2712667
2712691
2712709
2712713
2712719
2712733
2712767
2712769
2712811
2712823
2712851
2712859
2712883
2712893
2712923
2712943
2712947
2712971
2712973
2712989
2713003
2713019
2713033
2713043
2713049
2713069
2713079
2713111
2713127
2713133
2713157
2713177
2713189
2713223
2713237
2713253
2713259
2713267
2713273
2713283
2713289
2713297
2713301
2713309
2713313
2713349
2713369
2713391
2713411
2713423
2713427
2713453
2713457
2713493
2713499
2713507
2713531
2713541
2713553
2713577
2713589
2713603
2713619
2713649
2713651
2713657
2713673
2713679
2713703
2713717
2713721
2713783
2713811
2713813
2713817
2713853
2713871
2713873
2713883
2713933
2713937
2713939
2713943
2713961
2713967
2713973
2713981
2713993
2714009
2714011
2714021
2714027
2714029
2714039
2714057
2714071
2714083
2714087
2714099
2714111
2714141
2714167
2714171
2714221
2714227
2714249
2714263
2714273
2714279
2714281
2714287
2714293
2714303
2714311
2714353
2714377
2714389
2714419
2714443
2714449
2714507
2714513
2714539
2714557
2714563
2714567
2714573
2714597
2714609
2714617
2714627
2714629
2714641
2714659
2714707
2714711
2714729
2714731
2714737
2714743
2714749
2714753
2714783
2714791
2714807
2714813
2714837
2714843
2714867
2714903
2714909
2714941
2714947
2714953
2714963
2714983
2715007
2715071
2715079
2715101
2715109
2715113
2715161
2715169
2715191
2715211
2715217
2715221
2715247
2715263
2715269
2715281
2715283
2715287
2715289
2715313
2715329
2715337
2715353
2715367
2715371
2715409
2715413
2715421
2715437
2715439
2715457
2715469
2715481
2715487
2715491
2715497
2715521
2715523
2715533
2715547
2715551
2715571
2715599
2715607
2715617
2715619
2715623
2715637
2715649
2715653
2715683
2715701
2715737
2715749
2715787
2715793
2715809
2715847
2715851
2715857
2715859
2715893
2715899
2715913
2715929
2715931
2715949
2715959
2715961
2715983
2715997
2716027
2716061
2716067
2716079
2716117
2716157
2716159
2716163
2716187
2716201
2716223
2716237
2716249
2716253
2716261
2716279
2716289
2716309
2716319
2716327
2716333
2716349
2716393
2716397
2716423
2716451
2716453
2716457
2716463
2716471
2716501
2716523
2716541
2716543
2716579
2716591
2716603
2716613
2716661
2716669
2716687
2716699
2716709
2716711
2716729
2716733
2716739
2716751
2716759
2716771
2716781
2716789
2716811
2716823
2716843
2716849
2716853
2716907
2716913
2716927
2716951
2716969
2716979
2716993
2716997
2716999
2717027
2717063
2717069
2717087
2717089
2717107
2717129
2717131
2717137
2717147
2717149
2717159
2717173
2717177
2717189
2717201
2717219
2717227
2717233
2717249
2717251
2717287
2717291
2717293
2717321
2717327
2717339
2717359
2717369
2717401
2717411
2717413
2717423
2717441
2717447
2717461
2717497
2717509
2717527
2717549
2717563
2717567
2717573
2717581
2717593
2717609
2717623
2717629
2717639
2717651
2717653
2717683
2717711
2717713
2717731
2717753
2717783
2717791
2717821
2717831
2717833
2717839
2717873
2717881
2717899
2717903
2717921
2717929
2717993
2718017
2718041
2718059
2718061
2718097
2718101
2718103
2718109
2718127
2718137
2718139
2718143
2718169
2718179
2718187
2718193
2718203
2718223
2718227
2718229
2718241
2718251
2718263
2718269
2718277
2718281
2718293
2718299
2718319
2718329
2718337
2718367
2718371
2718383
2718389
2718409
2718413
2718437
2718449
2718461
2718493
2718497
2718509
2718523
2718533
2718553
2718557
2718559
2718571
2718601
2718613
2718629
2718647
2718671
2718673
2718679
2718713
2718719
2718743
2718773
2718799
2718811
2718817
2718823
2718829
2718839
2718841
2718851
2718857
2718869
2718883
2718887
2718889
2718901
2718907
2718931
2718941
2718949
2718959
2718967
2718971
2718973
2718983
2719001
2719009
2719027
2719043
2719081
2719111
2719117
2719121
2719139
2719141
2719151
2719153
2719169
2719187
2719193
2719207
2719219
2719231
2719273
2719291
2719307
2719331
2719349
2719357
2719391
2719393
2719403
2719411
2719421
2719427
2719433
2719447
2719459
2719471
2719477
2719481
2719501
2719511
2719517
2719523
2719529
2719531
2719553
2719559
2719567
2719583
2719601
2719631
2719637
2719663
2719667
2719669
2719699
2719709
2719741
2719747
2719753
2719781
2719789
2719811
2719883
2719897
2719903
2719933
2719943
2719987
2719991
2720009
2720071
2720089
2720101
2720117
2720147
2720149
2720183
2720189
2720191
2720197
2720239
2720243
2720251
2720269
2720273
2720297
2720299
2720303
2720321
2720329
2720359
2720381
2720383
2720387
2720411
2720441
2720447
2720503
2720513
2720551
2720563
2720579
2720593
2720603
2720609
2720623
2720671
2720677
2720687
2720713
2720717
2720723
2720737
2720747
2720789
2720797
2720807
2720821
2720843
2720849
2720881
2720891
2720897
2720899
2720917
2720953
2720981
2720987
2720999
2721007
2721013
2721023
2721031
2721053
2721067
2721109
2721113
2721119
2721127
2721133
2721137
2721143
2721163
2721167
2721193
2721197
2721223
2721227
2721247
2721259
2721307
2721317
2721319
2721371
2721401
2721413
2721419
2721421
2721431
2721437
2721443
2721449
2721451
2721517
2721533
2721553
2721557
2721577
2721619
2721671
2721701
2721721
2721727
2721767
2721773
2721793
2721799
2721811
2721821
2721827
2721841
2721863
2721869
2721871
2721877
2721899
2721913
2721947
2722001
2722007
2722021
2722033
2722043
2722061
2722063
2722067
2722087
2722117
2722147
2722163
2722189
2722207
2722219
2722231
2722241
2722249
2722273
2722309
2722337
2722351
2722361
2722367
2722387
2722399
2722417
2722427
2722439
2722457
2722469
2722471
2722477
2722507
2722541
2722547
2722553
2722561
2722591
2722619
2722639
2722661
2722691
2722729
2722751
2722789
2722799
2722801
2722831
2722843
2722861
2722877
2722879
2722883
2722891
2722913
2722919
2722931
2722939
2722943
2722949
2722957
2722963
2722969
2722987
2722999
2723003
2723033
2723041
2723047
2723057
2723069
2723107
2723113
2723143
2723153
2723159
2723167
2723183
2723197
2723207
2723221
2723239
2723243
2723249
2723293
2723317
2723323
2723333
2723339
2723341
2723351
2723353
2723363
2723387
2723393
2723401
2723431
2723437
2723447
2723473
2723503
2723521
2723543
2723549
2723551
2723561
2723563
2723569
2723579
2723599
2723627
2723641
2723687
2723701
2723717
2723719
2723731
2723737
2723759
2723761
2723771
2723779
2723789
2723797
2723813
2723827
2723837
2723839
2723863
2723879
2723881
2723887
2723909
2723911
2723923
2723933
2723947
2723951
2723969
2723989
2724013
2724031
2724047
2724053
2724061
2724067
2724079
2724109
2724119
2724121
2724151
2724181
2724193
2724209
2724217
2724223
2724229
2724251
2724257
2724263
2724269
2724283
2724299
2724329
2724367
2724377
2724383
2724389
2724401
2724427
2724479
2724481
2724499
2724503
2724529
2724551
2724563
2724583
2724587
2724599
2724629
2724653
2724661
2724697
2724703
2724719
2724721
2724727
2724739
2724749
2724773
2724779
2724803
2724829
2724859
2724877
2724929
2724937
2724949
2724959
2724979
2724989
2725001
2725003
2725027
2725057
2725127
2725153
2725157
2725181
2725187
2725199
2725231
2725237
2725259
2725267
2725271
2725279
2725337
2725343
2725357
2725361
2725367
2725369
2725433
2725439
2725451
2725453
2725501
2725517
2725519
2725529
2725537
2725543
2725553
2725561
2725571
2725621
2725643
2725649
2725669
2725691
2725693
2725699
2725711
2725769
2725781
2725783
2725817
2725819
2725823
2725829
2725837
2725841
2725847
2725871
2725897
2725927
2725939
2725963
2725997
2726023
2726033
2726051
2726057
2726081
2726089
2726093
2726107
2726149
2726153
2726179
2726183
2726201
2726209
2726221
2726231
2726237
2726249
2726263
2726281
2726287
2726299
2726303
2726327
2726363
2726387
2726389
2726401
2726407
2726411
2726441
2726453
2726461
2726473
2726483
2726491
2726509
2726561
2726569
2726617
2726657
2726683
2726687
2726701
2726723
2726741
2726743
2726771
2726809
2726819
2726821
2726831
2726837
2726839
2726873
2726879
2726887
2726891
2726917
2726923
2726939
2726959
2726981
2726989
2727007
2727037
2727059
2727077
2727083
2727097
2727107
2727113
2727119
2727121
2727143
2727149
2727173
2727187
2727199
2727209
2727223
2727239
2727253
2727299
2727301
2727311
2727313
2727331
2727359
2727367
2727379
2727383
2727401
2727407
2727419
2727427
2727437
2727449
2727451
2727521
2727559
2727563
2727577
2727623
2727661
2727679
2727713
2727727
2727733
2727763
2727779
2727793
2727797
2727817
2727821
2727839
2727841
2727847
2727913
2727919
2727941
2727953
2727971
2727979
2727997
2728013
2728027
2728043
2728051
2728067
2728073
2728079
2728097
2728129
2728163
2728169
2728171
2728199
2728207
2728241
2728247
2728259
2728261
2728277
2728289
2728301
2728321
2728331
2728351
2728357
2728373
2728409
2728447
2728471
2728499
2728507
2728519
2728541
2728543
2728547
2728549
2728553
2728567
2728577
2728603
2728631
2728643
2728657
2728669
2728703
2728711
2728741
2728751
2728753
2728763
2728769
2728771
2728777
2728801
2728807
2728819
2728841
2728853
2728877
2728883
2728889
2728907
2728931
2728933
2728939
2728967
2728981
2728997
2729003
2729017
2729029
2729059
2729071
2729087
2729093
2729099
2729101
2729107
2729113
2729117
2729119
2729137
2729143
2729159
2729173
2729183
2729189
2729227
2729239
2729261
2729303
2729317
2729327
2729347
2729351
2729359
2729381
2729383
2729413
2729417
2729423
2729429
2729437
2729443
2729459
2729473
2729491
2729497
2729501
2729533
2729539
2729549
2729557
2729563
2729569
2729591
2729593
2729633
2729651
2729653
2729681
2729717
2729723
2729729
2729747
2729777
2729803
2729813
2729819
2729827
2729833
2729861
2729869
2729887
2729917
2729921
2729957
2729959
2729983
2730001
2730011
2730017
2730041
2730071
2730109
2730121
2730157
2730173
2730179
2730181
2730191
2730197
2730229
2730239
2730241
2730257
2730271
2730347
2730383
2730397
2730439
2730443
2730487
2730493
2730517
2730521
2730529
2730569
2730571
2730577
2730587
2730593
2730599
2730601
2730643
2730649
2730671
2730677
2730683
2730691
2730703
2730709
2730713
2730743
2730751
2730769
2730781
2730797
2730803
2730811
2730817
2730823
2730869
2730899
2730907
2730911
2730919
2730929
2730947
2730953
2730967
2730979
2730983
2730989
2730991
2731013
2731049
2731061
2731063
2731087
2731103
2731111
2731129
2731147
2731159
2731163
2731177
2731187
2731189
2731199
2731207
2731241
2731243
2731277
2731279
2731291
2731327
2731331
2731349
2731357
2731367
2731381
2731427
2731429
2731493
2731501
2731511
2731517
2731541
2731559
2731571
2731579
2731591
2731607
2731609
2731621
2731637
2731667
2731669
2731681
2731691
2731693
2731697
2731699
2731709
2731721
2731739
2731753
2731783
2731787
2731819
2731823
2731831
2731837
2731847
2731853
2731889
2731901
2731903
2731907
2731909
2731921
2731933
2731961
2731979
2731987
2731997
2732017
2732021
2732027
2732047
2732069
2732099
2732137
2732161
2732173
2732179
2732183
2732201
2732207
2732209
2732221
2732237
2732243
2732269
2732273
2732297
2732311
2732329
2732341
2732357
2732381
2732383
There are 1326 prime numbers in S275.
