S276(2732401~2752272)
2732407
2732437
2732441
2732449
2732473
2732489
2732491
2732497
2732501
2732503
2732507
2732519
2732537
2732539
2732549
2732579
2732581
2732593
2732603
2732629
2732651
2732671
2732701
2732749
2732753
2732759
2732761
2732797
2732813
2732819
2732831
2732843
2732893
2732897
2732911
2732921
2732953
2732963
2732987
2732993
2733001
2733007
2733011
2733041
2733043
2733061
2733077
2733091
2733103
2733119
2733127
2733173
2733179
2733187
2733197
2733233
2733253
2733257
2733259
2733271
2733329
2733331
2733361
2733371
2733373
2733391
2733403
2733427
2733431
2733461
2733463
2733469
2733499
2733539
2733541
2733547
2733551
2733559
2733589
2733607
2733613
2733629
2733649
2733697
2733707
2733733
2733737
2733749
2733779
2733781
2733791
2733799
2733817
2733823
2733827
2733851
2733869
2733877
2733901
2733931
2733947
2733971
2733979
2734007
2734009
2734019
2734027
2734097
2734099
2734117
2734129
2734133
2734141
2734153
2734159
2734177
2734181
2734187
2734201
2734211
2734219
2734243
2734253
2734279
2734283
2734289
2734307
2734321
2734339
2734343
2734387
2734393
2734397
2734409
2734421
2734441
2734451
2734477
2734481
2734513
2734549
2734553
2734561
2734573
2734579
2734607
2734609
2734619
2734643
2734663
2734673
2734717
2734733
2734763
2734793
2734801
2734817
2734819
2734867
2734891
2734967
2734969
2734981
2735009
2735017
2735021
2735023
2735081
2735087
2735093
2735119
2735129
2735143
2735153
2735167
2735177
2735189
2735191
2735197
2735207
2735231
2735263
2735267
2735269
2735279
2735281
2735287
2735323
2735329
2735339
2735357
2735377
2735387
2735437
2735441
2735443
2735477
2735501
2735507
2735519
2735527
2735581
2735587
2735609
2735611
2735641
2735671
2735683
2735699
2735713
2735717
2735723
2735731
2735737
2735767
2735797
2735809
2735839
2735857
2735869
2735881
2735899
2735921
2735923
2735951
2735959
2735977
2735983
2736043
2736049
2736061
2736067
2736077
2736089
2736131
2736137
2736143
2736157
2736169
2736193
2736203
2736211
2736221
2736229
2736233
2736257
2736263
2736313
2736317
2736329
2736359
2736367
2736397
2736403
2736413
2736431
2736451
2736491
2736497
2736499
2736511
2736523
2736533
2736571
2736581
2736583
2736623
2736637
2736673
2736689
2736691
2736707
2736733
2736737
2736757
2736787
2736863
2736869
2736889
2736911
2736917
2736941
2736947
2736961
2736967
2736997
2737003
2737013
2737027
2737043
2737057
2737061
2737067
2737073
2737081
2737093
2737103
2737109
2737127
2737129
2737157
2737169
2737171
2737183
2737211
2737213
2737219
2737247
2737309
2737313
2737321
2737333
2737351
2737363
2737367
2737409
2737411
2737433
2737439
2737477
2737487
2737489
2737523
2737543
2737583
2737597
2737607
2737639
2737649
2737661
2737673
2737699
2737717
2737723
2737727
2737747
2737751
2737789
2737793
2737817
2737841
2737849
2737871
2737873
2737937
2737949
2737961
2737979
2737981
2737991
2737997
2738017
2738027
2738039
2738051
2738059
2738063
2738077
2738117
2738119
2738123
2738129
2738149
2738167
2738179
2738191
2738201
2738227
2738231
2738243
2738251
2738269
2738273
2738279
2738287
2738291
2738317
2738321
2738327
2738341
2738347
2738353
2738371
2738381
2738387
2738389
2738423
2738453
2738459
2738467
2738503
2738507
2738539
2738573
2738579
2738599
2738621
2738623
2738639
2738647
2738651
2738653
2738657
2738707
2738719
2738753
2738761
2738773
2738779
2738783
2738803
2738809
2738821
2738861
2738899
2738933
2738941
2738947
2739013
2739017
2739031
2739043
2739049
2739053
2739071
2739089
2739103
2739119
2739127
2739133
2739151
2739181
2739203
2739223
2739239
2739241
2739259
2739271
2739281
2739283
2739293
2739299
2739313
2739337
2739353
2739371
2739379
2739383
2739389
2739403
2739409
2739419
2739421
2739433
2739437
2739479
2739523
2739557
2739559
2739577
2739587
2739613
2739619
2739631
2739637
2739643
2739647
2739673
2739683
2739701
2739707
2739713
2739719
2739721
2739731
2739733
2739757
2739761
2739769
2739773
2739787
2739809
2739817
2739853
2739859
2739871
2739881
2739899
2739931
2739973
2739977
2739983
2739991
2740027
2740037
2740039
2740051
2740057
2740061
2740069
2740093
2740139
2740141
2740169
2740187
2740189
2740207
2740211
2740217
2740219
2740223
2740249
2740267
2740291
2740301
2740319
2740333
2740337
2740343
2740357
2740379
2740393
2740403
2740421
2740453
2740459
2740469
2740477
2740483
2740489
2740511
2740513
2740537
2740559
2740567
2740583
2740597
2740601
2740603
2740607
2740631
2740643
2740649
2740667
2740721
2740733
2740739
2740763
2740799
2740811
2740817
2740831
2740853
2740867
2740889
2740919
2740937
2740943
2740957
2740987
2740999
2741003
2741009
2741021
2741033
2741047
2741059
2741083
2741093
2741119
2741143
2741147
2741159
2741183
2741201
2741227
2741231
2741251
2741257
2741261
2741269
2741273
2741281
2741287
2741303
2741309
2741351
2741353
2741357
2741363
2741411
2741449
2741483
2741489
2741509
2741513
2741521
2741533
2741561
2741579
2741581
2741593
2741597
2741603
2741617
2741621
2741633
2741653
2741657
2741659
2741693
2741729
2741731
2741741
2741759
2741773
2741779
2741797
2741801
2741813
2741821
2741867
2741873
2741887
2741891
2741903
2741927
2741929
2741939
2741941
2741971
2741989
2741993
2742007
2742013
2742017
2742029
2742031
2742041
2742073
2742119
2742127
2742139
2742161
2742163
2742197
2742199
2742209
2742217
2742227
2742241
2742247
2742263
2742277
2742283
2742293
2742317
2742323
2742343
2742347
2742361
2742371
2742407
2742409
2742427
2742461
2742463
2742469
2742473
2742503
2742521
2742529
2742533
2742541
2742547
2742563
2742587
2742629
2742637
2742647
2742653
2742667
2742671
2742673
2742679
2742689
2742703
2742721
2742737
2742739
2742749
2742757
2742769
2742781
2742793
2742799
2742809
2742811
2742853
2742863
2742871
2742881
2742889
2742893
2742917
2742919
2742931
2742937
2742953
2742977
2742979
2742983
2742989
2742991
2743007
2743019
2743031
2743043
2743057
2743079
2743093
2743129
2743133
2743177
2743183
2743207
2743219
2743229
2743243
2743259
2743289
2743297
2743381
2743387
2743397
2743423
2743457
2743483
2743493
2743501
2743523
2743541
2743547
2743549
2743561
2743567
2743571
2743577
2743589
2743621
2743627
2743669
2743673
2743691
2743703
2743709
2743711
2743723
2743747
2743751
2743759
2743789
2743823
2743849
2743859
2743861
2743901
2743931
2743933
2743943
2743967
2743991
2744003
2744017
2744029
2744039
2744051
2744081
2744083
2744087
2744099
2744111
2744117
2744129
2744197
2744233
2744237
2744243
2744257
2744263
2744279
2744297
2744309
2744317
2744323
2744347
2744351
2744359
2744411
2744419
2744447
2744449
2744453
2744459
2744491
2744501
2744509
2744513
2744519
2744543
2744551
2744557
2744563
2744579
2744587
2744591
2744593
2744611
2744617
2744629
2744639
2744689
2744699
2744713
2744719
2744723
2744743
2744747
2744761
2744773
2744779
2744783
2744867
2744881
2744891
2744921
2744933
2744953
2744969
2745011
2745031
2745047
2745049
2745091
2745103
2745107
2745121
2745131
2745151
2745157
2745161
2745179
2745209
2745229
2745251
2745263
2745269
2745277
2745283
2745287
2745307
2745361
2745371
2745373
2745377
2745397
2745419
2745433
2745451
2745467
2745473
2745497
2745503
2745521
2745529
2745541
2745569
2745571
2745581
2745607
2745637
2745643
2745661
2745697
2745719
2745731
2745737
2745761
2745767
2745781
2745797
2745829
2745833
2745839
2745859
2745863
2745907
2745913
2745929
2745931
2745971
2745979
2745989
2746021
2746031
2746033
2746063
2746091
2746111
2746123
2746147
2746151
2746169
2746181
2746189
2746199
2746201
2746207
2746217
2746229
2746283
2746297
2746309
2746319
2746327
2746339
2746379
2746409
2746417
2746421
2746423
2746433
2746459
2746463
2746481
2746483
2746511
2746529
2746543
2746577
2746603
2746607
2746609
2746643
2746651
2746661
2746663
2746669
2746699
2746717
2746739
2746753
2746781
2746787
2746789
2746801
2746813
2746819
2746829
2746847
2746873
2746889
2746901
2746921
2746949
2746957
2746973
2746999
2747021
2747023
2747033
2747071
2747089
2747093
2747111
2747117
2747119
2747131
2747161
2747177
2747179
2747207
2747221
2747231
2747237
2747243
2747249
2747263
2747273
2747279
2747293
2747309
2747321
2747323
2747347
2747351
2747357
2747359
2747363
2747389
2747401
2747429
2747441
2747447
2747449
2747473
2747483
2747491
2747497
2747527
2747531
2747543
2747551
2747567
2747579
2747597
2747611
2747617
2747621
2747627
2747639
2747671
2747683
2747687
2747707
2747711
2747713
2747749
2747753
2747791
2747803
2747819
2747831
2747851
2747869
2747873
2747903
2747911
2747923
2747947
2747959
2747963
2747977
2748013
2748019
2748037
2748041
2748059
2748061
2748077
2748089
2748113
2748131
2748133
2748149
2748157
2748167
2748191
2748227
2748241
2748253
2748257
2748281
2748283
2748287
2748313
2748371
2748391
2748401
2748413
2748433
2748439
2748443
2748457
2748467
2748469
2748497
2748503
2748547
2748563
2748583
2748589
2748593
2748601
2748617
2748643
2748659
2748703
2748719
2748727
2748731
2748769
2748803
2748817
2748827
2748829
2748833
2748857
2748859
2748919
2748923
2748931
2748953
2748971
2748973
2749007
2749027
2749031
2749067
2749069
2749081
2749093
2749127
2749133
2749147
2749157
2749183
2749193
2749207
2749231
2749237
2749247
2749277
2749283
2749289
2749301
2749303
2749309
2749339
2749343
2749361
2749363
2749387
2749391
2749441
2749447
2749499
2749511
2749531
2749543
2749567
2749573
2749589
2749609
2749639
2749667
2749679
2749687
2749709
2749711
2749717
2749723
2749763
2749777
2749787
2749823
2749847
2749849
2749883
2749891
2749907
2749913
2749919
2749921
2749991
2750021
2750029
2750053
2750071
2750123
2750131
2750159
2750161
2750171
2750177
2750197
2750201
2750213
2750219
2750249
2750261
2750263
2750287
2750291
2750303
2750339
2750347
2750353
2750357
2750369
2750387
2750399
2750401
2750431
2750437
2750453
2750471
2750479
2750491
2750509
2750513
2750557
2750569
2750597
2750603
2750623
2750641
2750653
2750663
2750677
2750707
2750729
2750743
2750749
2750771
2750773
2750779
2750789
2750791
2750809
2750827
2750831
2750851
2750857
2750861
2750893
2750899
2750903
2750933
2750939
2750959
2750963
2750981
2750983
2750989
2750999
2751041
2751083
2751101
2751103
2751109
2751113
2751137
2751163
2751187
2751193
2751241
2751247
2751251
2751253
2751293
2751299
2751313
2751319
2751323
2751337
2751349
2751361
2751379
2751383
2751391
2751403
2751407
2751449
2751457
2751461
2751479
2751481
2751493
2751509
2751517
2751557
2751571
2751577
2751587
2751611
2751647
2751667
2751677
2751689
2751703
2751733
2751761
2751779
2751787
2751799
2751809
2751811
2751817
2751821
2751823
2751829
2751857
2751863
2751869
2751883
2751887
2751899
2751907
2751953
2751967
2751989
2751997
2752003
2752021
2752033
2752049
2752051
2752069
2752081
2752103
2752109
2752117
2752121
2752151
2752153
2752177
2752199
2752201
2752219
2752223
2752229
2752231
2752247
2752261
2752271
There are 1326 prime numbers in S276.
