S277(2752273~2772216)
2752307
2752313
2752331
2752349
2752357
2752391
2752403
2752417
2752423
2752447
2752481
2752493
2752499
2752513
2752517
2752523
2752531
2752543
2752591
2752601
2752609
2752613
2752619
2752637
2752639
2752667
2752669
2752679
2752697
2752721
2752723
2752733
2752787
2752811
2752823
2752843
2752877
2752879
2752889
2752901
2752909
2752921
2752933
2752951
2752961
2752987
2752993
2753029
2753033
2753039
2753063
2753111
2753129
2753131
2753137
2753143
2753147
2753189
2753197
2753221
2753237
2753263
2753279
2753287
2753291
2753323
2753351
2753363
2753369
2753407
2753411
2753417
2753441
2753453
2753459
2753467
2753477
2753497
2753501
2753533
2753549
2753551
2753567
2753573
2753581
2753587
2753599
2753693
2753719
2753743
2753759
2753783
2753791
2753809
2753819
2753831
2753851
2753867
2753887
2753897
2753903
2753909
2753921
2753939
2753941
2753957
2753977
2753999
2754001
2754041
2754047
2754049
2754053
2754067
2754083
2754091
2754109
2754113
2754127
2754137
2754151
2754197
2754203
2754239
2754263
2754281
2754299
2754329
2754361
2754379
2754397
2754403
2754407
2754419
2754431
2754467
2754473
2754481
2754491
2754497
2754523
2754541
2754547
2754551
2754599
2754611
2754617
2754649
2754673
2754683
2754701
2754707
2754721
2754743
2754751
2754803
2754847
2754859
2754883
2754889
2754893
2754907
2754911
2754923
2754937
2754949
2754991
2755021
2755031
2755033
2755043
2755073
2755097
2755111
2755117
2755121
2755127
2755141
2755153
2755157
2755163
2755177
2755199
2755201
2755211
2755213
2755219
2755223
2755231
2755237
2755243
2755267
2755289
2755301
2755303
2755307
2755369
2755387
2755393
2755409
2755421
2755429
2755447
2755463
2755471
2755499
2755541
2755549
2755567
2755601
2755619
2755633
2755637
2755661
2755663
2755693
2755721
2755747
2755759
2755769
2755789
2755793
2755801
2755813
2755829
2755859
2755861
2755877
2755891
2755943
2755967
2755981
2755997
2756009
2756011
2756059
2756069
2756071
2756077
2756099
2756101
2756107
2756111
2756119
2756123
2756129
2756147
2756153
2756161
2756191
2756207
2756219
2756249
2756267
2756269
2756279
2756309
2756339
2756357
2756381
2756401
2756417
2756423
2756437
2756441
2756459
2756483
2756491
2756497
2756519
2756521
2756549
2756557
2756561
2756563
2756569
2756587
2756599
2756603
2756609
2756627
2756629
2756639
2756659
2756671
2756681
2756683
2756693
2756707
2756713
2756723
2756731
2756749
2756753
2756777
2756783
2756791
2756797
2756801
2756821
2756869
2756903
2756909
2756933
2756939
2756959
2756977
2756989
2756993
2757019
2757037
2757049
2757061
2757091
2757119
2757121
2757133
2757151
2757163
2757169
2757187
2757191
2757193
2757211
2757221
2757229
2757257
2757259
2757311
2757317
2757319
2757323
2757329
2757347
2757361
2757367
2757371
2757379
2757397
2757437
2757457
2757463
2757529
2757533
2757541
2757563
2757577
2757593
2757607
2757611
2757617
2757649
2757659
2757661
2757691
2757709
2757731
2757743
2757761
2757767
2757773
2757817
2757829
2757851
2757863
2757877
2757883
2757889
2757901
2757917
2758003
2758033
2758037
2758051
2758061
2758069
2758079
2758087
2758099
2758109
2758117
2758121
2758141
2758157
2758169
2758181
2758213
2758241
2758243
2758247
2758253
2758291
2758297
2758307
2758319
2758331
2758337
2758361
2758373
2758397
2758409
2758429
2758447
2758453
2758489
2758499
2758507
2758517
2758519
2758529
2758531
2758537
2758541
2758543
2758589
2758631
2758633
2758661
2758711
2758771
2758787
2758793
2758801
2758807
2758817
2758823
2758829
2758841
2758843
2758871
2758891
2758897
2758901
2758937
2758949
2758957
2758963
2758999
2759023
2759027
2759039
2759059
2759063
2759069
2759087
2759111
2759137
2759153
2759167
2759171
2759173
2759189
2759203
2759227
2759231
2759249
2759257
2759269
2759291
2759293
2759297
2759299
2759303
2759311
2759357
2759369
2759387
2759411
2759413
2759431
2759441
2759443
2759453
2759459
2759461
2759467
2759479
2759483
2759507
2759513
2759521
2759531
2759539
2759599
2759621
2759677
2759683
2759689
2759711
2759717
2759723
2759761
2759789
2759803
2759819
2759821
2759849
2759857
2759873
2759879
2759881
2759891
2759909
2759917
2759929
2759947
2759951
2759957
2759963
2759971
2760013
2760019
2760031
2760049
2760053
2760061
2760077
2760097
2760101
2760113
2760143
2760151
2760179
2760193
2760221
2760223
2760259
2760269
2760283
2760287
2760313
2760319
2760323
2760337
2760361
2760371
2760379
2760403
2760421
2760449
2760463
2760469
2760473
2760487
2760509
2760521
2760559
2760577
2760587
2760617
2760629
2760631
2760649
2760671
2760673
2760683
2760697
2760701
2760721
2760739
2760743
2760761
2760763
2760773
2760781
2760811
2760839
2760847
2760881
2760883
2760889
2760913
2760931
2760937
2760949
2760959
2760983
2760991
2761007
2761009
2761013
2761027
2761039
2761091
2761093
2761097
2761111
2761147
2761151
2761153
2761163
2761169
2761181
2761183
2761189
2761193
2761207
2761217
2761223
2761229
2761267
2761277
2761279
2761301
2761303
2761307
2761333
2761379
2761393
2761397
2761411
2761439
2761453
2761471
2761477
2761481
2761489
2761501
2761529
2761543
2761547
2761553
2761559
2761567
2761571
2761597
2761609
2761621
2761657
2761711
2761721
2761723
2761727
2761729
2761741
2761747
2761751
2761789
2761793
2761819
2761831
2761841
2761853
2761877
2761901
2761903
2761907
2761943
2761961
2761981
2761987
2761999
2762003
2762009
2762027
2762029
2762033
2762063
2762083
2762117
2762119
2762147
2762159
2762167
2762171
2762173
2762183
2762189
2762197
2762213
2762233
2762251
2762261
2762267
2762273
2762281
2762297
2762329
2762339
2762351
2762371
2762401
2762407
2762411
2762423
2762437
2762443
2762447
2762479
2762491
2762497
2762527
2762533
2762537
2762549
2762561
2762567
2762587
2762593
2762647
2762651
2762671
2762699
2762713
2762741
2762759
2762761
2762777
2762779
2762803
2762807
2762819
2762833
2762839
2762849
2762861
2762869
2762909
2762927
2762933
2762939
2762941
2762951
2762953
2762957
2763001
2763011
2763053
2763071
2763097
2763109
2763119
2763127
2763133
2763169
2763179
2763203
2763209
2763221
2763251
2763263
2763287
2763301
2763311
2763317
2763331
2763347
2763353
2763373
2763377
2763407
2763413
2763421
2763443
2763457
2763463
2763487
2763491
2763511
2763529
2763559
2763577
2763583
2763587
2763589
2763599
2763601
2763617
2763623
2763643
2763659
2763661
2763667
2763679
2763751
2763757
2763763
2763773
2763779
2763781
2763793
2763811
2763823
2763829
2763833
2763881
2763883
2763931
2763947
2763967
2763977
2763989
2764001
2764007
2764033
2764039
2764049
2764057
2764087
2764121
2764123
2764127
2764129
2764133
2764147
2764171
2764187
2764199
2764207
2764213
2764247
2764271
2764277
2764283
2764313
2764331
2764361
2764369
2764373
2764423
2764441
2764453
2764469
2764499
2764537
2764543
2764561
2764579
2764609
2764637
2764649
2764651
2764667
2764679
2764687
2764711
2764739
2764757
2764787
2764789
2764819
2764837
2764841
2764847
2764871
2764873
2764891
2764901
2764903
2764907
2764913
2764933
2764939
2764967
2765039
2765053
2765093
2765099
2765117
2765123
2765131
2765143
2765173
2765177
2765183
2765197
2765207
2765209
2765219
2765227
2765233
2765239
2765251
2765281
2765297
2765299
2765303
2765309
2765333
2765351
2765363
2765369
2765383
2765387
2765419
2765429
2765437
2765453
2765461
2765471
2765473
2765513
2765519
2765531
2765551
2765579
2765591
2765597
2765617
2765641
2765671
2765677
2765689
2765731
2765753
2765767
2765771
2765779
2765783
2765797
2765813
2765821
2765831
2765837
2765839
2765857
2765863
2765879
2765891
2765921
2765927
2765929
2765941
2765953
2765969
2765977
2766007
2766013
2766059
2766109
2766119
2766131
2766151
2766163
2766193
2766199
2766217
2766227
2766251
2766259
2766263
2766277
2766287
2766293
2766301
2766317
2766329
2766331
2766341
2766349
2766367
2766389
2766431
2766487
2766493
2766521
2766539
2766551
2766581
2766583
2766593
2766611
2766623
2766637
2766649
2766661
2766667
2766671
2766677
2766679
2766691
2766713
2766727
2766737
2766763
2766769
2766779
2766787
2766791
2766793
2766821
2766859
2766887
2766893
2766901
2766917
2766931
2766943
2766979
2766983
2766997
2767001
2767013
2767019
2767043
2767067
2767069
2767081
2767087
2767111
2767117
2767129
2767139
2767147
2767157
2767189
2767201
2767223
2767229
2767231
2767241
2767249
2767279
2767319
2767321
2767327
2767333
2767343
2767361
2767363
2767393
2767397
2767409
2767411
2767417
2767423
2767477
2767511
2767517
2767529
2767543
2767553
2767561
2767571
2767573
2767579
2767603
2767627
2767643
2767657
2767663
2767669
2767693
2767697
2767717
2767729
2767747
2767759
2767763
2767771
2767799
2767823
2767829
2767871
2767883
2767913
2767927
2767937
2767949
2767993
2768011
2768041
2768057
2768069
2768071
2768123
2768177
2768179
2768189
2768191
2768201
2768203
2768209
2768231
2768237
2768251
2768261
2768267
2768287
2768291
2768317
2768323
2768329
2768341
2768351
2768371
2768401
2768407
2768413
2768417
2768419
2768429
2768431
2768449
2768453
2768461
2768483
2768489
2768497
2768539
2768551
2768567
2768573
2768587
2768609
2768611
2768627
2768639
2768651
2768657
2768663
2768677
2768681
2768683
2768767
2768783
2768789
2768791
2768803
2768819
2768863
2768873
2768893
2768897
2768903
2768923
2768933
2768939
2768957
2768959
2768989
2769001
2769031
2769037
2769049
2769061
2769073
2769077
2769083
2769097
2769101
2769121
2769133
2769139
2769149
2769163
2769167
2769241
2769251
2769257
2769259
2769281
2769289
2769301
2769313
2769337
2769343
2769359
2769391
2769433
2769439
2769443
2769451
2769457
2769467
2769479
2769493
2769511
2769523
2769527
2769541
2769551
2769553
2769563
2769577
2769593
2769601
2769617
2769619
2769631
2769647
2769677
2769719
2769751
2769787
2769791
2769841
2769887
2769889
2769911
2769917
2769937
2769941
2769967
2769983
2770043
2770087
2770091
2770093
2770121
2770169
2770171
2770199
2770211
2770217
2770231
2770237
2770241
2770259
2770267
2770309
2770319
2770367
2770381
2770387
2770393
2770429
2770459
2770489
2770499
2770513
2770549
2770553
2770571
2770577
2770583
2770589
2770591
2770613
2770627
2770639
2770667
2770673
2770693
2770723
2770753
2770769
2770771
2770783
2770793
2770799
2770829
2770841
2770843
2770849
2770883
2770891
2770907
2770913
2770927
2770939
2770973
2770987
2770991
2770993
2771003
2771011
2771023
2771033
2771039
2771057
2771081
2771113
2771117
2771123
2771141
2771143
2771147
2771159
2771173
2771177
2771179
2771191
2771203
2771213
2771233
2771239
2771257
2771273
2771281
2771297
2771309
2771333
2771341
2771381
2771383
2771389
2771401
2771437
2771467
2771471
2771491
2771497
2771513
2771519
2771533
2771537
2771563
2771579
2771597
2771603
2771609
2771611
2771623
2771669
2771687
2771693
2771711
2771719
2771729
2771759
2771767
2771773
2771789
2771801
2771809
2771819
2771831
2771837
2771843
2771861
2771863
2771893
2771933
2771947
2771957
2771959
2771963
2771971
2771999
2772017
2772019
2772041
2772047
2772061
2772067
2772079
2772089
2772097
2772101
2772127
2772131
2772137
2772179
2772191
2772193
2772199
There are 1347 prime numbers in S277.
