S278(2772217~2792232)
2772227
2772239
2772247
2772257
2772281
2772293
2772311
2772317
2772331
2772383
2772391
2772409
2772421
2772433
2772437
2772457
2772481
2772529
2772533
2772569
2772571
2772593
2772607
2772629
2772631
2772643
2772647
2772697
2772703
2772709
2772713
2772761
2772767
2772827
2772829
2772839
2772881
2772883
2772901
2772923
2772967
2772971
2772977
2772997
2773003
2773007
2773019
2773021
2773033
2773037
2773049
2773061
2773073
2773079
2773081
2773093
2773097
2773123
2773153
2773171
2773201
2773207
2773213
2773219
2773223
2773231
2773237
2773249
2773273
2773289
2773301
2773307
2773313
2773319
2773321
2773339
2773349
2773387
2773391
2773403
2773439
2773447
2773471
2773523
2773549
2773579
2773583
2773591
2773597
2773613
2773621
2773627
2773633
2773637
2773651
2773657
2773679
2773681
2773697
2773699
2773721
2773747
2773759
2773789
2773817
2773819
2773843
2773871
2773891
2773919
2773921
2773931
2773949
2773997
2773999
2774011
2774027
2774039
2774047
2774063
2774071
2774089
2774117
2774129
2774137
2774141
2774143
2774173
2774203
2774207
2774251
2774257
2774267
2774273
2774279
2774287
2774293
2774309
2774311
2774327
2774339
2774353
2774381
2774389
2774393
2774411
2774419
2774477
2774479
2774483
2774501
2774503
2774539
2774543
2774557
2774561
2774567
2774581
2774599
2774623
2774669
2774677
2774683
2774687
2774699
2774713
2774719
2774729
2774731
2774767
2774771
2774777
2774801
2774819
2774843
2774851
2774867
2774869
2774873
2774897
2774909
2774917
2774929
2774953
2774957
2774971
2775001
2775011
2775041
2775043
2775067
2775103
2775107
2775119
2775137
2775161
2775163
2775173
2775181
2775187
2775193
2775221
2775247
2775257
2775277
2775281
2775293
2775299
2775313
2775323
2775347
2775359
2775389
2775391
2775431
2775449
2775457
2775469
2775499
2775517
2775527
2775551
2775559
2775569
2775583
2775593
2775599
2775611
2775613
2775637
2775649
2775667
2775673
2775697
2775701
2775713
2775719
2775733
2775737
2775739
2775761
2775781
2775841
2775859
2775863
2775889
2775907
2775911
2775931
2775943
2775959
2775989
2775991
2776001
2776003
2776013
2776027
2776051
2776061
2776063
2776091
2776129
2776133
2776157
2776181
2776183
2776217
2776259
2776289
2776303
2776309
2776343
2776351
2776357
2776421
2776427
2776439
2776471
2776493
2776519
2776541
2776589
2776621
2776649
2776651
2776667
2776673
2776687
2776699
2776727
2776733
2776747
2776751
2776769
2776783
2776789
2776799
2776801
2776817
2776841
2776843
2776849
2776867
2776871
2776883
2776909
2776927
2776957
2776973
2776979
2776981
2776987
2776999
2777003
2777009
2777029
2777039
2777057
2777107
2777111
2777113
2777141
2777143
2777149
2777161
2777213
2777219
2777231
2777233
2777251
2777261
2777267
2777293
2777303
2777309
2777311
2777317
2777329
2777339
2777353
2777387
2777407
2777441
2777447
2777473
2777483
2777491
2777501
2777521
2777527
2777531
2777539
2777557
2777573
2777581
2777597
2777603
2777609
2777623
2777633
2777651
2777657
2777669
2777689
2777699
2777717
2777729
2777741
2777767
2777771
2777813
2777821
2777833
2777837
2777839
2777903
2777909
2777921
2777959
2777969
2777977
2777981
2777993
2778011
2778019
2778023
2778049
2778067
2778073
2778079
2778091
2778107
2778109
2778121
2778131
2778143
2778151
2778173
2778197
2778203
2778227
2778233
2778241
2778257
2778263
2778277
2778299
2778323
2778329
2778341
2778343
2778353
2778383
2778401
2778421
2778439
2778467
2778481
2778521
2778527
2778533
2778539
2778547
2778583
2778619
2778647
2778649
2778673
2778689
2778697
2778739
2778779
2778793
2778799
2778823
2778827
2778829
2778833
2778851
2778863
2778877
2778901
2778907
2778911
2778913
2778917
2778967
2778989
2779001
2779013
2779031
2779061
2779069
2779097
2779129
2779151
2779163
2779171
2779193
2779201
2779229
2779237
2779247
2779253
2779261
2779277
2779289
2779303
2779327
2779351
2779363
2779411
2779417
2779423
2779463
2779487
2779489
2779493
2779501
2779507
2779537
2779541
2779561
2779571
2779597
2779603
2779613
2779631
2779633
2779657
2779663
2779669
2779703
2779717
2779727
2779741
2779747
2779769
2779771
2779781
2779783
2779787
2779793
2779807
2779811
2779859
2779873
2779877
2779939
2779943
2779949
2779961
2779981
2779991
2780039
2780047
2780053
2780077
2780083
2780101
2780119
2780123
2780131
2780149
2780153
2780161
2780177
2780179
2780203
2780207
2780209
2780233
2780243
2780273
2780303
2780329
2780339
2780353
2780357
2780369
2780399
2780413
2780419
2780443
2780467
2780501
2780507
2780521
2780527
2780597
2780599
2780621
2780623
2780641
2780647
2780671
2780683
2780693
2780719
2780753
2780761
2780773
2780777
2780779
2780797
2780801
2780831
2780837
2780873
2780887
2780891
2780909
2780923
2780933
2780951
2780971
2780993
2781001
2781007
2781017
2781019
2781029
2781059
2781061
2781067
2781073
2781089
2781109
2781133
2781139
2781143
2781169
2781193
2781199
2781203
2781209
2781211
2781221
2781271
2781293
2781301
2781307
2781313
2781329
2781343
2781347
2781349
2781377
2781379
2781397
2781433
2781451
2781463
2781469
2781487
2781491
2781497
2781503
2781521
2781577
2781589
2781617
2781629
2781637
2781677
2781683
2781703
2781707
2781731
2781743
2781749
2781797
2781803
2781817
2781853
2781887
2781901
2781913
2781929
2781937
2781949
2781959
2781983
2781991
2782001
2782009
2782019
2782049
2782061
2782063
2782069
2782081
2782097
2782099
2782111
2782123
2782127
2782139
2782147
2782159
2782163
2782183
2782187
2782193
2782201
2782211
2782217
2782279
2782291
2782319
2782331
2782337
2782349
2782361
2782391
2782397
2782411
2782421
2782469
2782489
2782501
2782523
2782567
2782597
2782601
2782613
2782631
2782643
2782649
2782667
2782691
2782693
2782709
2782723
2782727
2782757
2782771
2782783
2782789
2782841
2782847
2782859
2782861
2782877
2782903
2782921
2782937
2782939
2782973
2782981
2782991
2782993
2782999
2783009
2783017
2783021
2783041
2783047
2783107
2783111
2783117
2783153
2783167
2783173
2783191
2783213
2783219
2783227
2783243
2783267
2783281
2783311
2783317
2783321
2783323
2783353
2783371
2783377
2783411
2783419
2783423
2783447
2783477
2783497
2783503
2783513
2783527
2783537
2783549
2783579
2783581
2783593
2783603
2783611
2783647
2783657
2783659
2783663
2783687
2783689
2783717
2783731
2783741
2783749
2783771
2783773
2783779
2783789
2783821
2783849
2783873
2783887
2783909
2783923
2783927
2783933
2783939
2783947
2783959
2783999
2784007
2784043
2784049
2784053
2784059
2784071
2784083
2784091
2784097
2784109
2784113
2784137
2784149
2784157
2784167
2784169
2784181
2784217
2784227
2784239
2784253
2784259
2784263
2784281
2784283
2784307
2784329
2784337
2784347
2784349
2784359
2784367
2784371
2784373
2784473
2784479
2784491
2784503
2784517
2784533
2784539
2784547
2784553
2784557
2784563
2784569
2784571
2784581
2784599
2784619
2784629
2784643
2784647
2784653
2784689
2784701
2784707
2784713
2784757
2784791
2784827
2784853
2784857
2784871
2784883
2784911
2784913
2784917
2784937
2784941
2784949
2784961
2784973
2784979
2784997
2785019
2785021
2785031
2785033
2785037
2785043
2785051
2785087
2785091
2785099
2785129
2785157
2785177
2785187
2785201
2785207
2785219
2785241
2785261
2785273
2785301
2785313
2785333
2785339
2785351
2785357
2785379
2785423
2785439
2785451
2785463
2785469
2785483
2785487
2785511
2785513
2785577
2785579
2785589
2785591
2785597
2785613
2785631
2785633
2785639
2785649
2785667
2785697
2785703
2785709
2785721
2785751
2785759
2785763
2785781
2785813
2785843
2785847
2785859
2785873
2785879
2785891
2785901
2785903
2785907
2785961
2785963
2785973
2785987
2785997
2786009
2786041
2786081
2786083
2786089
2786129
2786153
2786177
2786183
2786209
2786213
2786219
2786221
2786257
2786281
2786321
2786327
2786339
2786347
2786353
2786363
2786383
2786389
2786411
2786417
2786423
2786429
2786431
2786437
2786461
2786471
2786477
2786479
2786491
2786503
2786513
2786527
2786551
2786561
2786569
2786573
2786579
2786587
2786617
2786633
2786659
2786669
2786681
2786699
2786741
2786743
2786753
2786779
2786783
2786789
2786809
2786843
2786867
2786909
2786923
2786947
2786957
2786969
2786981
2787013
2787017
2787019
2787023
2787049
2787061
2787073
2787097
2787107
2787119
2787121
2787143
2787149
2787157
2787181
2787227
2787229
2787233
2787251
2787259
2787271
2787289
2787293
2787299
2787307
2787329
2787331
2787349
2787361
2787373
2787377
2787383
2787403
2787409
2787419
2787443
2787461
2787479
2787481
2787497
2787503
2787511
2787527
2787529
2787553
2787557
2787559
2787571
2787583
2787593
2787601
2787619
2787649
2787689
2787703
2787727
2787739
2787749
2787751
2787767
2787769
2787781
2787859
2787907
2787919
2787931
2787947
2787971
2787977
2788007
2788021
2788033
2788057
2788069
2788081
2788091
2788133
2788199
2788213
2788217
2788273
2788297
2788301
2788309
2788327
2788333
2788337
2788343
2788349
2788367
2788393
2788403
2788417
2788427
2788433
2788439
2788447
2788453
2788469
2788483
2788523
2788529
2788531
2788549
2788567
2788603
2788619
2788627
2788633
2788661
2788693
2788699
2788769
2788781
2788783
2788813
2788817
2788823
2788829
2788831
2788889
2788927
2788939
2788979
2788987
2788997
2789011
2789057
2789063
2789069
2789077
2789081
2789089
2789099
2789117
2789119
2789123
2789161
2789167
2789177
2789197
2789203
2789239
2789251
2789263
2789273
2789299
2789321
2789327
2789329
2789341
2789351
2789387
2789399
2789407
2789441
2789459
2789477
2789483
2789489
2789491
2789503
2789551
2789573
2789587
2789593
2789609
2789617
2789621
2789627
2789629
2789669
2789701
2789707
2789729
2789747
2789767
2789777
2789791
2789821
2789849
2789861
2789881
2789893
2789929
2789939
2789951
2789993
2790001
2790019
2790041
2790077
2790089
2790101
2790103
2790113
2790143
2790149
2790157
2790181
2790187
2790191
2790197
2790209
2790223
2790233
2790251
2790253
2790257
2790259
2790289
2790299
2790311
2790331
2790391
2790401
2790407
2790421
2790449
2790451
2790461
2790479
2790481
2790497
2790547
2790563
2790569
2790629
2790643
2790647
2790649
2790653
2790673
2790679
2790707
2790721
2790769
2790779
2790841
2790857
2790859
2790871
2790883
2790901
2790923
2790943
2790971
2790979
2791007
2791031
2791037
2791039
2791051
2791057
2791069
2791091
2791093
2791097
2791109
2791121
2791123
2791141
2791181
2791183
2791193
2791199
2791237
2791241
2791253
2791267
2791297
2791331
2791339
2791357
2791363
2791367
2791379
2791387
2791409
2791429
2791463
2791469
2791483
2791493
2791501
2791513
2791531
2791541
2791549
2791559
2791561
2791577
2791583
2791589
2791597
2791631
2791637
2791639
2791661
2791673
2791681
2791697
2791699
2791709
2791721
2791751
2791777
2791783
2791799
2791807
2791837
2791843
2791849
2791897
2791907
2791913
2791937
2791949
2791963
2791967
2791969
2791973
2791979
2791981
2791991
2792011
2792051
2792071
2792087
2792089
2792099
2792123
2792137
2792143
2792147
2792159
2792161
2792171
2792173
2792189
2792191
2792213
2792219
There are 1332 prime numbers in S278.
