S279(2792233~2812320)
2792249
2792261
2792281
2792299
2792303
2792311
2792333
2792341
2792351
2792357
2792389
2792399
2792401
2792423
2792429
2792431
2792459
2792473
2792477
2792483
2792509
2792513
2792521
2792557
2792561
2792617
2792659
2792663
2792687
2792711
2792717
2792737
2792747
2792749
2792767
2792771
2792773
2792809
2792827
2792831
2792833
2792843
2792861
2792863
2792891
2792897
2792939
2792957
2792987
2792989
2793013
2793017
2793023
2793041
2793067
2793071
2793073
2793101
2793103
2793107
2793121
2793149
2793157
2793173
2793179
2793181
2793191
2793223
2793227
2793233
2793239
2793269
2793277
2793319
2793337
2793341
2793347
2793359
2793377
2793383
2793391
2793407
2793433
2793451
2793467
2793481
2793499
2793509
2793523
2793563
2793569
2793587
2793607
2793643
2793647
2793673
2793691
2793701
2793731
2793733
2793737
2793793
2793809
2793811
2793823
2793853
2793859
2793883
2793887
2793911
2793941
2793943
2793949
2793991
2794003
2794019
2794031
2794079
2794093
2794111
2794117
2794147
2794163
2794189
2794193
2794199
2794217
2794219
2794223
2794229
2794241
2794243
2794249
2794261
2794271
2794283
2794289
2794301
2794303
2794313
2794321
2794331
2794343
2794357
2794397
2794399
2794403
2794427
2794439
2794453
2794457
2794481
2794507
2794529
2794537
2794541
2794543
2794549
2794553
2794567
2794607
2794639
2794657
2794703
2794711
2794717
2794723
2794739
2794747
2794763
2794769
2794787
2794789
2794807
2794811
2794879
2794907
2794921
2794931
2794963
2794993
2794997
2795003
2795027
2795047
2795059
2795063
2795069
2795077
2795083
2795101
2795119
2795159
2795189
2795201
2795209
2795227
2795237
2795267
2795269
2795279
2795291
2795297
2795311
2795321
2795323
2795381
2795383
2795393
2795399
2795411
2795417
2795423
2795431
2795437
2795453
2795459
2795467
2795477
2795491
2795501
2795521
2795537
2795543
2795557
2795561
2795563
2795567
2795593
2795621
2795647
2795659
2795677
2795693
2795713
2795753
2795777
2795791
2795809
2795873
2795879
2795887
2795899
2795911
2795917
2795927
2795963
2795971
2795981
2795993
2795999
2796011
2796019
2796037
2796043
2796083
2796091
2796103
2796139
2796163
2796181
2796203
2796221
2796223
2796229
2796259
2796329
2796337
2796341
2796361
2796373
2796397
2796403
2796427
2796433
2796467
2796503
2796509
2796523
2796527
2796529
2796559
2796583
2796587
2796611
2796617
2796623
2796649
2796701
2796707
2796709
2796737
2796751
2796767
2796779
2796797
2796803
2796817
2796839
2796877
2796883
2796901
2796919
2796929
2796943
2796949
2796967
2796977
2797019
2797031
2797043
2797057
2797063
2797073
2797117
2797121
2797133
2797159
2797169
2797211
2797213
2797217
2797229
2797241
2797247
2797259
2797273
2797303
2797309
2797337
2797339
2797357
2797363
2797373
2797381
2797387
2797391
2797411
2797439
2797441
2797447
2797453
2797463
2797477
2797481
2797489
2797493
2797507
2797517
2797523
2797549
2797567
2797589
2797637
2797667
2797679
2797699
2797723
2797727
2797733
2797757
2797783
2797793
2797813
2797819
2797841
2797849
2797867
2797889
2797901
2797913
2797919
2797939
2797961
2797999
2798011
2798023
2798069
2798083
2798087
2798093
2798099
2798113
2798119
2798129
2798137
2798141
2798143
2798161
2798167
2798171
2798177
2798207
2798233
2798261
2798269
2798281
2798293
2798303
2798317
2798321
2798329
2798351
2798359
2798363
2798381
2798437
2798449
2798459
2798461
2798503
2798513
2798519
2798527
2798539
2798597
2798599
2798603
2798611
2798623
2798639
2798641
2798647
2798651
2798669
2798687
2798707
2798713
2798729
2798737
2798743
2798759
2798767
2798777
2798821
2798837
2798849
2798867
2798869
2798899
2798903
2798921
2798923
2798927
2798933
2798941
2798951
2798963
2798969
2798981
2798989
2799001
2799037
2799053
2799073
2799091
2799103
2799113
2799119
2799131
2799133
2799143
2799149
2799151
2799157
2799163
2799187
2799197
2799211
2799217
2799221
2799233
2799239
2799253
2799259
2799281
2799299
2799361
2799371
2799397
2799409
2799413
2799431
2799443
2799449
2799451
2799463
2799469
2799493
2799497
2799499
2799529
2799539
2799551
2799557
2799581
2799607
2799637
2799647
2799661
2799733
2799749
2799751
2799757
2799779
2799787
2799791
2799793
2799803
2799809
2799817
2799829
2799833
2799847
2799857
2799871
2799887
2799893
2799899
2799911
2799913
2799919
2799941
2799947
2799959
2799967
2799977
2799989
2799991
2800001
2800003
2800033
2800051
2800069
2800073
2800079
2800103
2800139
2800141
2800159
2800219
2800241
2800247
2800249
2800267
2800283
2800309
2800321
2800331
2800333
2800339
2800373
2800379
2800397
2800403
2800439
2800451
2800459
2800481
2800489
2800507
2800513
2800519
2800531
2800541
2800561
2800583
2800601
2800607
2800621
2800627
2800639
2800643
2800663
2800703
2800709
2800729
2800769
2800781
2800783
2800799
2800823
2800843
2800859
2800873
2800877
2800883
2800921
2800927
2800949
2800951
2800957
2800969
2800979
2800981
2800991
2801003
2801017
2801041
2801047
2801087
2801111
2801119
2801137
2801179
2801219
2801221
2801237
2801251
2801257
2801273
2801287
2801299
2801317
2801339
2801347
2801353
2801363
2801369
2801401
2801431
2801441
2801443
2801459
2801473
2801479
2801483
2801509
2801543
2801573
2801587
2801593
2801597
2801599
2801611
2801621
2801641
2801681
2801693
2801707
2801713
2801737
2801741
2801767
2801783
2801789
2801801
2801803
2801819
2801833
2801857
2801863
2801891
2801917
2801921
2801927
2801941
2801971
2801977
2802011
2802013
2802017
2802029
2802053
2802077
2802083
2802089
2802091
2802097
2802109
2802131
2802143
2802169
2802179
2802193
2802199
2802211
2802257
2802277
2802301
2802311
2802313
2802337
2802341
2802347
2802377
2802383
2802403
2802407
2802451
2802479
2802487
2802497
2802511
2802551
2802571
2802581
2802593
2802599
2802601
2802623
2802641
2802643
2802659
2802673
2802707
2802743
2802749
2802797
2802847
2802853
2802857
2802859
2802871
2802881
2802893
2802901
2802907
2802911
2802923
2802929
2802931
2802949
2802959
2802967
2802973
2802979
2802983
2802991
2802997
2803001
2803019
2803037
2803057
2803061
2803067
2803069
2803081
2803091
2803103
2803109
2803121
2803123
2803139
2803183
2803187
2803193
2803201
2803253
2803259
2803291
2803303
2803327
2803331
2803337
2803357
2803369
2803399
2803403
2803421
2803433
2803441
2803477
2803511
2803519
2803543
2803561
2803571
2803573
2803579
2803607
2803637
2803639
2803649
2803651
2803663
2803667
2803673
2803679
2803687
2803693
2803699
2803727
2803741
2803751
2803771
2803777
2803781
2803783
2803799
2803813
2803817
2803819
2803837
2803847
2803873
2803877
2803891
2803903
2803909
2803937
2803939
2803967
2803991
2804023
2804027
2804029
2804041
2804051
2804057
2804059
2804069
2804083
2804111
2804117
2804129
2804141
2804143
2804147
2804171
2804189
2804203
2804209
2804227
2804237
2804239
2804251
2804257
2804273
2804293
2804299
2804309
2804311
2804323
2804327
2804377
2804383
2804407
2804411
2804437
2804449
2804471
2804497
2804509
2804519
2804521
2804531
2804567
2804569
2804573
2804591
2804617
2804639
2804693
2804699
2804717
2804729
2804731
2804749
2804759
2804807
2804831
2804833
2804839
2804843
2804861
2804887
2804891
2804899
2804917
2804927
2804939
2804941
2804953
2804959
2804993
2805001
2805031
2805041
2805043
2805071
2805091
2805107
2805113
2805137
2805157
2805161
2805163
2805167
2805169
2805181
2805193
2805203
2805227
2805233
2805247
2805251
2805259
2805263
2805311
2805353
2805367
2805371
2805389
2805403
2805443
2805457
2805461
2805487
2805497
2805511
2805529
2805533
2805577
2805587
2805601
2805619
2805631
2805637
2805643
2805653
2805659
2805683
2805689
2805703
2805709
2805713
2805757
2805763
2805773
2805791
2805809
2805827
2805851
2805899
2805911
2805923
2805949
2805967
2805973
2805989
2806007
2806021
2806031
2806049
2806073
2806087
2806093
2806109
2806121
2806123
2806157
2806169
2806187
2806201
2806211
2806231
2806247
2806249
2806261
2806267
2806277
2806283
2806291
2806333
2806351
2806361
2806367
2806369
2806373
2806379
2806381
2806387
2806439
2806457
2806459
2806469
2806493
2806499
2806519
2806537
2806543
2806589
2806597
2806603
2806607
2806613
2806619
2806651
2806663
2806673
2806679
2806691
2806693
2806711
2806757
2806781
2806787
2806789
2806801
2806829
2806847
2806849
2806861
2806907
2806913
2806919
2806961
2806963
2806987
2807009
2807017
2807027
2807071
2807087
2807089
2807111
2807131
2807141
2807177
2807179
2807191
2807197
2807209
2807213
2807239
2807303
2807323
2807353
2807369
2807381
2807407
2807443
2807473
2807477
2807479
2807521
2807527
2807531
2807537
2807549
2807551
2807561
2807591
2807593
2807603
2807657
2807659
2807663
2807689
2807729
2807741
2807767
2807789
2807821
2807851
2807879
2807881
2807899
2807927
2807929
2807933
2807947
2807969
2807971
2807977
2808007
2808017
2808023
2808031
2808059
2808061
2808079
2808083
2808101
2808107
2808119
2808149
2808161
2808187
2808193
2808229
2808241
2808251
2808269
2808293
2808301
2808307
2808313
2808319
2808329
2808347
2808353
2808359
2808361
2808397
2808413
2808419
2808427
2808433
2808437
2808469
2808479
2808497
2808499
2808511
2808517
2808521
2808527
2808551
2808571
2808583
2808593
2808601
2808607
2808647
2808661
2808667
2808677
2808683
2808697
2808703
2808719
2808721
2808733
2808739
2808761
2808763
2808779
2808797
2808809
2808811
2808833
2808847
2808863
2808877
2808881
2808901
2808917
2808919
2808959
2808977
2808983
2808997
2809007
2809019
2809069
2809073
2809087
2809091
2809099
2809117
2809141
2809181
2809187
2809211
2809223
2809241
2809249
2809253
2809271
2809273
2809277
2809291
2809297
2809307
2809309
2809327
2809343
2809349
2809351
2809363
2809409
2809423
2809439
2809451
2809453
2809483
2809487
2809489
2809493
2809507
2809523
2809529
2809537
2809553
2809559
2809567
2809603
2809619
2809627
2809637
2809643
2809649
2809661
2809673
2809679
2809687
2809691
2809699
2809711
2809717
2809727
2809759
2809769
2809783
2809787
2809813
2809823
2809831
2809837
2809847
2809867
2809883
2809889
2809903
2809931
2809973
2809987
2810009
2810011
2810021
2810029
2810051
2810069
2810077
2810089
2810107
2810147
2810153
2810161
2810167
2810173
2810191
2810201
2810207
2810221
2810231
2810237
2810257
2810279
2810299
2810317
2810323
2810329
2810333
2810341
2810359
2810369
2810371
2810399
2810407
2810411
2810413
2810471
2810501
2810503
2810513
2810539
2810579
2810581
2810597
2810617
2810641
2810653
2810657
2810663
2810671
2810683
2810693
2810699
2810707
2810711
2810713
2810737
2810747
2810827
2810833
2810849
2810861
2810881
2810893
2810897
2810909
2810911
2810921
2810957
2810959
2810981
2810989
2811013
2811041
2811073
2811079
2811089
2811091
2811097
2811113
2811131
2811161
2811163
2811169
2811181
2811187
2811191
2811197
2811203
2811209
2811217
2811227
2811229
2811241
2811257
2811269
2811283
2811287
2811299
2811311
2811317
2811331
2811337
2811343
2811349
2811353
2811379
2811397
2811407
2811427
2811439
2811503
2811509
2811517
2811533
2811539
2811559
2811569
2811583
2811617
2811619
2811623
2811629
2811631
2811649
2811659
2811661
2811691
2811707
2811709
2811719
2811761
2811803
2811833
2811841
2811863
2811871
2811877
2811883
2811931
2811947
2811959
2811973
2811983
2811989
2812001
2812013
2812031
2812063
2812099
2812129
2812153
2812169
2812181
2812189
2812193
2812207
2812211
2812219
2812223
2812237
2812241
2812261
2812267
2812291
2812297
2812301
2812307
2812319
There are 1387 prime numbers in S279.
