S28(27217~29232)
27239
27241
27253
27259
27271
27277
27281
27283
27299
27329
27337
27361
27367
27397
27407
27409
27427
27431
27437
27449
27457
27479
27481
27487
27509
27527
27529
27539
27541
27551
27581
27583
27611
27617
27631
27647
27653
27673
27689
27691
27697
27701
27733
27737
27739
27743
27749
27751
27763
27767
27773
27779
27791
27793
27799
27803
27809
27817
27823
27827
27847
27851
27883
27893
27901
27917
27919
27941
27943
27947
27953
27961
27967
27983
27997
28001
28019
28027
28031
28051
28057
28069
28081
28087
28097
28099
28109
28111
28123
28151
28163
28181
28183
28201
28211
28219
28229
28277
28279
28283
28289
28297
28307
28309
28319
28349
28351
28387
28393
28403
28409
28411
28429
28433
28439
28447
28463
28477
28493
28499
28513
28517
28537
28541
28547
28549
28559
28571
28573
28579
28591
28597
28603
28607
28619
28621
28627
28631
28643
28649
28657
28661
28663
28669
28687
28697
28703
28711
28723
28729
28751
28753
28759
28771
28789
28793
28807
28813
28817
28837
28843
28859
28867
28871
28879
28901
28909
28921
28927
28933
28949
28961
28979
29009
29017
29021
29023
29027
29033
29059
29063
29077
29101
29123
29129
29131
29137
29147
29153
29167
29173
29179
29191
29201
29207
29209
29221
29231
There are 198 prime numbers in S28.
