S280(2812321~2832480)
2812331
2812343
2812357
2812379
2812393
2812421
2812423
2812441
2812451
2812493
2812499
2812519
2812541
2812549
2812553
2812571
2812577
2812583
2812597
2812609
2812619
2812631
2812639
2812643
2812651
2812679
2812687
2812697
2812717
2812729
2812751
2812753
2812801
2812811
2812813
2812819
2812829
2812853
2812867
2812883
2812897
2812907
2812919
2812937
2812961
2812967
2812993
2813011
2813039
2813047
2813053
2813071
2813077
2813099
2813117
2813123
2813131
2813141
2813149
2813171
2813183
2813191
2813207
2813227
2813249
2813257
2813267
2813287
2813299
2813309
2813323
2813329
2813333
2813339
2813341
2813353
2813401
2813411
2813413
2813423
2813441
2813453
2813477
2813479
2813497
2813507
2813509
2813513
2813519
2813549
2813563
2813579
2813581
2813593
2813627
2813633
2813641
2813647
2813663
2813669
2813677
2813683
2813693
2813711
2813719
2813731
2813737
2813807
2813809
2813819
2813821
2813827
2813849
2813851
2813879
2813897
2813903
2813917
2813927
2813947
2813969
2813977
2813983
2813989
2814001
2814013
2814017
2814041
2814083
2814089
2814103
2814127
2814139
2814143
2814151
2814167
2814169
2814173
2814179
2814233
2814277
2814311
2814319
2814341
2814347
2814389
2814403
2814419
2814431
2814433
2814439
2814481
2814499
2814509
2814541
2814551
2814557
2814563
2814569
2814587
2814599
2814607
2814629
2814683
2814697
2814709
2814719
2814727
2814733
2814739
2814743
2814751
2814761
2814787
2814811
2814817
2814821
2814829
2814839
2814841
2814857
2814863
2814881
2814899
2814913
2814941
2814991
2815003
2815009
2815049
2815061
2815069
2815073
2815091
2815103
2815123
2815129
2815157
2815171
2815187
2815207
2815237
2815247
2815259
2815271
2815289
2815301
2815313
2815331
2815343
2815369
2815399
2815403
2815411
2815427
2815447
2815457
2815469
2815493
2815507
2815517
2815529
2815559
2815573
2815607
2815613
2815627
2815633
2815649
2815669
2815691
2815733
2815739
2815741
2815759
2815763
2815793
2815807
2815843
2815853
2815861
2815877
2815889
2815903
2815927
2815937
2815963
2815973
2815979
2815993
2815997
2816017
2816029
2816053
2816057
2816059
2816083
2816087
2816089
2816131
2816141
2816147
2816171
2816173
2816197
2816213
2816221
2816239
2816243
2816251
2816263
2816269
2816291
2816293
2816311
2816353
2816377
2816399
2816453
2816459
2816501
2816507
2816519
2816531
2816533
2816537
2816549
2816563
2816573
2816581
2816623
2816633
2816647
2816651
2816657
2816701
2816707
2816711
2816717
2816767
2816777
2816809
2816819
2816831
2816839
2816861
2816873
2816899
2816909
2816927
2816941
2816953
2816963
2816969
2816981
2817007
2817011
2817029
2817043
2817077
2817079
2817083
2817091
2817127
2817137
2817161
2817167
2817169
2817173
2817181
2817197
2817211
2817229
2817239
2817251
2817253
2817259
2817271
2817299
2817307
2817337
2817341
2817361
2817371
2817383
2817389
2817421
2817433
2817443
2817449
2817467
2817469
2817481
2817487
2817499
2817511
2817517
2817539
2817547
2817557
2817583
2817593
2817599
2817613
2817623
2817629
2817649
2817667
2817671
2817673
2817677
2817701
2817709
2817713
2817721
2817743
2817769
2817779
2817797
2817817
2817821
2817847
2817877
2817887
2817907
2817917
2817929
2817943
2817967
2817973
2818027
2818033
2818043
2818103
2818111
2818147
2818157
2818159
2818163
2818171
2818181
2818219
2818223
2818229
2818237
2818267
2818271
2818279
2818297
2818337
2818357
2818369
2818391
2818393
2818399
2818411
2818421
2818429
2818451
2818469
2818471
2818499
2818507
2818513
2818523
2818531
2818537
2818547
2818553
2818561
2818577
2818609
2818619
2818639
2818643
2818649
2818657
2818661
2818667
2818687
2818729
2818733
2818789
2818817
2818841
2818853
2818867
2818877
2818883
2818909
2818939
2818967
2818987
2818997
2818999
2819009
2819021
2819023
2819039
2819051
2819053
2819099
2819101
2819137
2819143
2819147
2819149
2819153
2819189
2819203
2819221
2819231
2819269
2819281
2819287
2819303
2819309
2819329
2819347
2819371
2819387
2819393
2819407
2819413
2819423
2819449
2819471
2819473
2819477
2819489
2819491
2819497
2819519
2819521
2819549
2819587
2819599
2819627
2819629
2819633
2819647
2819651
2819681
2819683
2819701
2819711
2819717
2819723
2819741
2819743
2819749
2819753
2819767
2819779
2819783
2819797
2819801
2819827
2819867
2819899
2819903
2819911
2819933
2819951
2819959
2819981
2819987
2820001
2820017
2820019
2820031
2820043
2820071
2820089
2820109
2820119
2820127
2820131
2820179
2820193
2820197
2820211
2820229
2820239
2820263
2820271
2820313
2820319
2820331
2820343
2820347
2820359
2820361
2820373
2820383
2820401
2820403
2820407
2820479
2820481
2820491
2820509
2820527
2820541
2820553
2820557
2820563
2820619
2820641
2820667
2820673
2820679
2820689
2820703
2820707
2820709
2820733
2820737
2820749
2820751
2820773
2820781
2820787
2820791
2820803
2820809
2820817
2820821
2820833
2820863
2820869
2820877
2820887
2820889
2820899
2820913
2820919
2820941
2820943
2820947
2820971
2820977
2821001
2821009
2821057
2821073
2821079
2821097
2821103
2821109
2821141
2821151
2821153
2821163
2821183
2821229
2821267
2821277
2821289
2821319
2821331
2821369
2821393
2821411
2821421
2821451
2821459
2821463
2821471
2821477
2821493
2821501
2821513
2821517
2821537
2821543
2821549
2821573
2821591
2821601
2821607
2821627
2821649
2821681
2821699
2821717
2821733
2821759
2821769
2821771
2821807
2821811
2821817
2821829
2821831
2821849
2821859
2821867
2821877
2821909
2821913
2821919
2821933
2821957
2821969
2821979
2821981
2821991
2821997
2821999
2822003
2822009
2822011
2822033
2822069
2822093
2822129
2822137
2822143
2822159
2822189
2822191
2822201
2822207
2822213
2822233
2822263
2822269
2822297
2822299
2822311
2822371
2822377
2822381
2822387
2822411
2822423
2822429
2822441
2822447
2822461
2822473
2822503
2822513
2822539
2822543
2822557
2822569
2822579
2822587
2822593
2822609
2822623
2822641
2822669
2822681
2822689
2822707
2822711
2822713
2822717
2822719
2822723
2822741
2822761
2822791
2822819
2822851
2822857
2822879
2822881
2822893
2822899
2822903
2822909
2822917
2822923
2822929
2822933
2822959
2822971
2822987
2823047
2823053
2823059
2823101
2823109
2823113
2823133
2823143
2823167
2823193
2823203
2823217
2823221
2823269
2823277
2823283
2823287
2823311
2823329
2823361
2823371
2823389
2823407
2823437
2823439
2823451
2823463
2823467
2823473
2823487
2823493
2823497
2823517
2823521
2823523
2823529
2823559
2823589
2823607
2823617
2823631
2823637
2823661
2823671
2823673
2823679
2823721
2823731
2823749
2823763
2823773
2823791
2823809
2823811
2823823
2823829
2823833
2823839
2823857
2823869
2823889
2823911
2823923
2823943
2823971
2823973
2824021
2824043
2824067
2824079
2824097
2824109
2824123
2824127
2824139
2824163
2824177
2824181
2824187
2824189
2824201
2824207
2824259
2824291
2824303
2824307
2824313
2824319
2824333
2824337
2824351
2824373
2824387
2824399
2824411
2824417
2824421
2824429
2824433
2824439
2824447
2824463
2824477
2824553
2824579
2824583
2824603
2824609
2824621
2824631
2824637
2824643
2824649
2824651
2824681
2824697
2824709
2824721
2824733
2824781
2824793
2824807
2824819
2824823
2824853
2824879
2824889
2824903
2824909
2824933
2824967
2824973
2824993
2825003
2825033
2825047
2825051
2825063
2825083
2825099
2825101
2825117
2825131
2825149
2825153
2825191
2825227
2825239
2825261
2825287
2825293
2825299
2825353
2825363
2825387
2825411
2825413
2825419
2825423
2825429
2825447
2825461
2825467
2825477
2825479
2825489
2825491
2825497
2825503
2825521
2825551
2825561
2825567
2825639
2825651
2825657
2825671
2825701
2825741
2825749
2825759
2825773
2825777
2825783
2825819
2825821
2825827
2825833
2825857
2825861
2825863
2825869
2825891
2825939
2825951
2825957
2825959
2825981
2825983
2826037
2826059
2826071
2826073
2826091
2826101
2826107
2826113
2826121
2826143
2826149
2826151
2826167
2826179
2826181
2826211
2826281
2826293
2826323
2826337
2826361
2826367
2826371
2826379
2826413
2826431
2826443
2826457
2826463
2826491
2826521
2826553
2826559
2826563
2826613
2826623
2826643
2826661
2826667
2826671
2826683
2826701
2826727
2826737
2826739
2826757
2826773
2826793
2826821
2826829
2826847
2826851
2826853
2826883
2826899
2826917
2826919
2826979
2826997
2827031
2827043
2827051
2827061
2827079
2827087
2827109
2827159
2827211
2827213
2827241
2827267
2827277
2827327
2827337
2827369
2827381
2827387
2827393
2827397
2827403
2827421
2827427
2827439
2827469
2827481
2827493
2827499
2827507
2827519
2827547
2827549
2827553
2827571
2827621
2827631
2827633
2827639
2827667
2827673
2827679
2827681
2827687
2827753
2827793
2827813
2827823
2827901
2827907
2827927
2827931
2827939
2827961
2827969
2827973
2827987
2828053
2828083
2828107
2828113
2828123
2828129
2828141
2828173
2828179
2828183
2828191
2828197
2828209
2828219
2828237
2828257
2828281
2828291
2828297
2828299
2828311
2828327
2828339
2828351
2828363
2828383
2828389
2828429
2828431
2828453
2828461
2828491
2828521
2828543
2828593
2828597
2828599
2828611
2828627
2828629
2828633
2828641
2828717
2828731
2828741
2828743
2828767
2828779
2828797
2828809
2828857
2828867
2828869
2828879
2828887
2828893
2828897
2828923
2828939
2828951
2828971
2828989
2828993
2828999
2829007
2829011
2829049
2829061
2829083
2829097
2829103
2829107
2829121
2829133
2829139
2829143
2829173
2829217
2829223
2829247
2829251
2829257
2829263
2829289
2829301
2829311
2829317
2829329
2829341
2829349
2829367
2829373
2829383
2829397
2829403
2829413
2829439
2829467
2829473
2829479
2829487
2829493
2829503
2829509
2829527
2829539
2829557
2829569
2829571
2829583
2829641
2829653
2829661
2829677
2829679
2829683
2829691
2829703
2829707
2829709
2829737
2829751
2829767
2829793
2829809
2829821
2829839
2829863
2829877
2829881
2829887
2829889
2829899
2829913
2829923
2829949
2829961
2829977
2830027
2830033
2830039
2830049
2830067
2830073
2830097
2830099
2830123
2830129
2830133
2830141
2830151
2830153
2830181
2830187
2830229
2830237
2830249
2830277
2830291
2830301
2830349
2830351
2830361
2830367
2830379
2830391
2830397
2830433
2830439
2830469
2830489
2830501
2830507
2830511
2830523
2830547
2830559
2830567
2830573
2830577
2830591
2830609
2830613
2830627
2830631
2830637
2830651
2830657
2830741
2830781
2830787
2830801
2830813
2830837
2830843
2830853
2830859
2830871
2830873
2830897
2830913
2830921
2830937
2830939
2830963
2830967
2830969
2830973
2830979
2831011
2831039
2831051
2831069
2831089
2831141
2831167
2831177
2831189
2831221
2831237
2831263
2831273
2831293
2831317
2831321
2831329
2831341
2831347
2831359
2831377
2831393
2831407
2831417
2831429
2831449
2831459
2831467
2831471
2831489
2831497
2831533
2831539
2831557
2831561
2831603
2831617
2831623
2831641
2831651
2831657
2831659
2831663
2831669
2831671
2831677
2831683
2831687
2831701
2831729
2831749
2831753
2831767
2831789
2831791
2831839
2831849
2831861
2831863
2831903
2831909
2831947
2831951
2831953
2831971
2831999
2832001
2832019
2832031
2832041
2832073
2832077
2832097
2832103
2832113
2832127
2832131
2832133
2832143
2832163
2832187
2832211
2832223
2832257
2832259
2832283
2832287
2832329
2832331
2832359
2832371
2832383
2832391
2832419
2832433
2832443
2832449
2832457
There are 1363 prime numbers in S280.
