S281(2832481~2852712)
2832491
2832503
2832509
2832527
2832553
2832569
2832589
2832593
2832601
2832617
2832623
2832629
2832631
2832637
2832667
2832679
2832701
2832719
2832743
2832787
2832793
2832799
2832803
2832847
2832853
2832857
2832871
2832877
2832889
2832917
2832941
2832953
2832967
2832983
2833001
2833007
2833013
2833021
2833027
2833031
2833043
2833049
2833063
2833069
2833073
2833081
2833093
2833099
2833111
2833123
2833133
2833139
2833157
2833189
2833199
2833211
2833231
2833241
2833247
2833279
2833283
2833291
2833309
2833319
2833321
2833331
2833333
2833343
2833381
2833403
2833409
2833421
2833447
2833463
2833471
2833477
2833483
2833487
2833507
2833517
2833529
2833541
2833549
2833553
2833559
2833573
2833591
2833601
2833609
2833613
2833627
2833637
2833643
2833667
2833687
2833709
2833723
2833729
2833739
2833759
2833763
2833769
2833777
2833799
2833801
2833811
2833813
2833837
2833843
2833889
2833903
2833921
2833937
2833969
2833973
2833993
2833997
2834011
2834017
2834047
2834057
2834063
2834077
2834093
2834101
2834123
2834131
2834159
2834171
2834179
2834191
2834197
2834203
2834213
2834233
2834261
2834263
2834269
2834309
2834317
2834329
2834339
2834347
2834369
2834399
2834411
2834413
2834417
2834443
2834449
2834467
2834473
2834479
2834483
2834501
2834509
2834521
2834527
2834539
2834551
2834567
2834581
2834639
2834647
2834651
2834653
2834659
2834677
2834683
2834693
2834701
2834707
2834717
2834719
2834729
2834737
2834747
2834749
2834753
2834759
2834789
2834807
2834813
2834833
2834849
2834873
2834893
2834921
2834939
2834983
2834989
2835037
2835061
2835071
2835089
2835103
2835113
2835121
2835137
2835139
2835149
2835163
2835169
2835211
2835221
2835223
2835241
2835253
2835269
2835271
2835289
2835293
2835307
2835319
2835323
2835331
2835367
2835383
2835397
2835401
2835409
2835419
2835433
2835439
2835479
2835491
2835499
2835517
2835523
2835563
2835587
2835589
2835593
2835653
2835661
2835667
2835671
2835673
2835689
2835691
2835697
2835733
2835737
2835751
2835779
2835793
2835841
2835851
2835857
2835869
2835887
2835901
2835913
2835941
2835967
2835971
2836003
2836007
2836033
2836069
2836079
2836081
2836103
2836109
2836117
2836129
2836139
2836201
2836241
2836243
2836259
2836261
2836271
2836279
2836303
2836313
2836321
2836343
2836357
2836367
2836369
2836381
2836387
2836391
2836397
2836423
2836447
2836481
2836487
2836489
2836549
2836553
2836597
2836601
2836607
2836609
2836619
2836621
2836627
2836633
2836651
2836699
2836703
2836711
2836721
2836727
2836733
2836741
2836747
2836759
2836763
2836777
2836781
2836789
2836793
2836817
2836849
2836861
2836879
2836919
2836937
2836949
2836961
2836963
2836973
2836991
2836993
2837017
2837033
2837039
2837047
2837057
2837059
2837063
2837069
2837071
2837083
2837101
2837111
2837141
2837167
2837173
2837179
2837201
2837209
2837221
2837227
2837239
2837243
2837279
2837281
2837287
2837297
2837309
2837339
2837353
2837357
2837363
2837371
2837377
2837381
2837431
2837459
2837473
2837477
2837491
2837501
2837503
2837519
2837551
2837557
2837581
2837599
2837609
2837617
2837629
2837633
2837677
2837693
2837711
2837713
2837741
2837773
2837777
2837801
2837803
2837839
2837843
2837851
2837867
2837873
2837881
2837909
2837927
2837951
2837953
2837977
2837981
2837983
2837987
2838007
2838013
2838023
2838037
2838047
2838067
2838071
2838079
2838091
2838103
2838109
2838119
2838137
2838139
2838149
2838151
2838169
2838191
2838211
2838217
2838247
2838271
2838281
2838287
2838289
2838293
2838359
2838373
2838397
2838401
2838421
2838443
2838449
2838457
2838461
2838463
2838481
2838487
2838547
2838557
2838569
2838587
2838593
2838601
2838611
2838617
2838629
2838631
2838697
2838713
2838721
2838727
2838743
2838749
2838767
2838769
2838827
2838841
2838851
2838853
2838859
2838863
2838889
2838907
2838911
2838917
2838919
2838931
2838937
2839007
2839019
2839049
2839063
2839069
2839087
2839099
2839117
2839141
2839159
2839171
2839183
2839201
2839217
2839271
2839283
2839301
2839307
2839313
2839337
2839349
2839363
2839381
2839399
2839409
2839429
2839433
2839451
2839457
2839469
2839471
2839483
2839519
2839541
2839547
2839549
2839553
2839567
2839589
2839601
2839621
2839657
2839691
2839699
2839747
2839757
2839769
2839789
2839801
2839819
2839831
2839841
2839843
2839853
2839871
2839913
2839927
2839931
2839933
2839937
2839939
2839943
2839951
2839957
2839961
2839981
2840023
2840027
2840039
2840041
2840059
2840077
2840087
2840093
2840113
2840119
2840161
2840171
2840179
2840183
2840191
2840203
2840209
2840237
2840239
2840249
2840261
2840263
2840267
2840269
2840273
2840281
2840303
2840353
2840359
2840393
2840417
2840419
2840447
2840449
2840459
2840483
2840507
2840549
2840627
2840647
2840653
2840657
2840681
2840687
2840689
2840699
2840723
2840731
2840741
2840759
2840771
2840777
2840779
2840801
2840857
2840911
2840917
2840939
2840951
2840987
2841011
2841019
2841031
2841067
2841071
2841073
2841079
2841109
2841131
2841133
2841151
2841161
2841187
2841199
2841211
2841283
2841287
2841301
2841313
2841337
2841347
2841353
2841361
2841373
2841401
2841407
2841413
2841427
2841437
2841439
2841451
2841457
2841463
2841467
2841473
2841493
2841497
2841511
2841523
2841529
2841541
2841547
2841557
2841589
2841593
2841653
2841679
2841691
2841733
2841749
2841757
2841763
2841767
2841781
2841793
2841799
2841803
2841821
2841823
2841847
2841851
2841869
2841893
2841911
2841931
2841961
2841967
2841973
2841989
2842031
2842033
2842061
2842069
2842097
2842127
2842139
2842157
2842159
2842181
2842187
2842193
2842199
2842211
2842219
2842223
2842237
2842253
2842283
2842291
2842309
2842331
2842351
2842361
2842373
2842397
2842403
2842439
2842459
2842487
2842517
2842529
2842531
2842537
2842559
2842573
2842579
2842583
2842589
2842591
2842597
2842603
2842643
2842649
2842663
2842681
2842691
2842711
2842717
2842727
2842729
2842733
2842739
2842751
2842753
2842781
2842787
2842789
2842811
2842813
2842843
2842849
2842871
2842891
2842897
2842901
2842937
2842943
2842949
2842963
2842991
2843003
2843017
2843021
2843023
2843039
2843051
2843059
2843081
2843089
2843101
2843107
2843111
2843119
2843143
2843147
2843153
2843177
2843207
2843213
2843219
2843221
2843249
2843257
2843261
2843263
2843273
2843287
2843317
2843327
2843333
2843341
2843353
2843377
2843389
2843411
2843429
2843501
2843507
2843527
2843531
2843549
2843557
2843567
2843587
2843611
2843627
2843671
2843677
2843683
2843689
2843693
2843699
2843717
2843747
2843767
2843791
2843803
2843809
2843831
2843833
2843837
2843851
2843873
2843887
2843899
2843903
2843941
2843969
2843987
2843993
2843999
2844013
2844031
2844043
2844067
2844071
2844103
2844109
2844119
2844133
2844197
2844199
2844221
2844223
2844229
2844239
2844251
2844263
2844269
2844271
2844277
2844311
2844313
2844329
2844337
2844353
2844367
2844379
2844397
2844421
2844427
2844437
2844461
2844469
2844481
2844557
2844587
2844601
2844607
2844629
2844641
2844649
2844691
2844701
2844713
2844731
2844739
2844761
2844767
2844833
2844911
2844917
2844931
2844937
2844943
2844953
2844971
2844973
2844983
2845019
2845033
2845043
2845061
2845091
2845097
2845099
2845109
2845127
2845133
2845147
2845151
2845177
2845201
2845207
2845279
2845303
2845309
2845319
2845357
2845361
2845363
2845369
2845373
2845387
2845391
2845417
2845433
2845457
2845463
2845481
2845499
2845519
2845529
2845547
2845553
2845561
2845571
2845603
2845631
2845637
2845639
2845657
2845673
2845693
2845699
2845723
2845727
2845789
2845811
2845823
2845837
2845841
2845853
2845873
2845891
2845903
2845907
2845949
2845963
2845967
2845979
2845981
2846009
2846027
2846033
2846057
2846071
2846083
2846111
2846113
2846119
2846161
2846167
2846183
2846189
2846243
2846287
2846323
2846329
2846339
2846351
2846359
2846377
2846387
2846399
2846401
2846413
2846479
2846491
2846527
2846533
2846537
2846539
2846551
2846593
2846609
2846617
2846621
2846647
2846677
2846693
2846717
2846719
2846731
2846737
2846741
2846749
2846759
2846771
2846773
2846777
2846783
2846791
2846797
2846801
2846813
2846821
2846861
2846863
2846867
2846869
2846873
2846929
2846951
2846953
2846957
2846969
2846981
2846989
2847011
2847043
2847059
2847067
2847079
2847083
2847127
2847139
2847167
2847179
2847181
2847197
2847203
2847209
2847217
2847227
2847253
2847259
2847269
2847277
2847287
2847289
2847293
2847301
2847323
2847337
2847343
2847349
2847379
2847389
2847413
2847431
2847457
2847479
2847497
2847499
2847521
2847527
2847529
2847563
2847583
2847599
2847601
2847623
2847643
2847661
2847671
2847679
2847697
2847707
2847727
2847731
2847749
2847763
2847769
2847787
2847797
2847799
2847833
2847839
2847863
2847893
2847917
2847931
2847937
2847961
2847973
2847991
2848009
2848031
2848033
2848037
2848051
2848057
2848091
2848117
2848121
2848123
2848127
2848133
2848141
2848171
2848193
2848199
2848201
2848207
2848213
2848243
2848283
2848319
2848327
2848337
2848361
2848369
2848381
2848399
2848411
2848421
2848453
2848459
2848471
2848493
2848501
2848507
2848511
2848513
2848541
2848561
2848567
2848577
2848589
2848597
2848603
2848607
2848609
2848627
2848631
2848633
2848663
2848669
2848687
2848691
2848693
2848709
2848723
2848739
2848753
2848771
2848777
2848787
2848789
2848799
2848823
2848829
2848831
2848837
2848847
2848871
2848897
2848913
2848919
2848921
2848927
2848939
2848949
2848957
2848973
2848981
2849009
2849053
2849057
2849087
2849123
2849129
2849153
2849173
2849177
2849201
2849207
2849233
2849291
2849299
2849317
2849321
2849339
2849351
2849389
2849419
2849423
2849461
2849477
2849479
2849491
2849507
2849519
2849537
2849593
2849617
2849633
2849647
2849663
2849669
2849681
2849683
2849687
2849689
2849699
2849713
2849741
2849771
2849773
2849779
2849783
2849797
2849807
2849809
2849813
2849831
2849839
2849843
2849849
2849857
2849887
2849893
2849927
2849929
2849933
2849941
2849947
2849963
2849983
2849989
2850013
2850037
2850041
2850059
2850061
2850079
2850097
2850157
2850161
2850173
2850179
2850187
2850191
2850193
2850223
2850251
2850257
2850259
2850299
2850301
2850311
2850313
2850317
2850329
2850343
2850371
2850377
2850383
2850389
2850401
2850433
2850451
2850461
2850479
2850487
2850493
2850511
2850541
2850563
2850571
2850583
2850619
2850623
2850629
2850647
2850697
2850719
2850737
2850761
2850763
2850767
2850773
2850797
2850811
2850823
2850829
2850851
2850871
2850899
2850929
2850941
2850949
2850959
2850971
2850979
2850989
2850997
2851001
2851049
2851061
2851081
2851091
2851097
2851111
2851141
2851151
2851153
2851169
2851171
2851187
2851231
2851249
2851253
2851267
2851313
2851327
2851337
2851351
2851361
2851391
2851397
2851399
2851403
2851421
2851423
2851441
2851447
2851451
2851469
2851481
2851523
2851543
2851561
2851571
2851601
2851603
2851613
2851621
2851633
2851643
2851661
2851727
2851741
2851777
2851787
2851789
2851799
2851813
2851817
2851829
2851841
2851847
2851853
2851861
2851867
2851873
2851879
2851909
2851921
2851939
2851943
2851949
2851951
2851973
2851991
2852027
2852041
2852051
2852053
2852077
2852081
2852099
2852117
2852149
2852159
2852167
2852189
2852191
2852197
2852249
2852281
2852303
2852309
2852327
2852351
2852371
2852387
2852389
2852401
2852429
2852449
2852467
2852471
2852501
2852503
2852519
2852569
2852581
2852587
2852599
2852609
2852669
2852671
2852677
2852699
2852711
There are 1382 prime numbers in S281.
