S284(2893393~2913840)
2893393
2893399
2893409
2893421
2893439
2893477
2893481
2893483
2893487
2893489
2893507
2893523
2893531
2893543
2893547
2893589
2893619
2893637
2893651
2893661
2893679
2893703
2893717
2893721
2893727
2893741
2893753
2893763
2893777
2893811
2893831
2893843
2893861
2893867
2893879
2893897
2893937
2893951
2893967
2893987
2893993
2894041
2894053
2894069
2894071
2894123
2894153
2894161
2894167
2894179
2894209
2894219
2894239
2894263
2894273
2894279
2894299
2894303
2894321
2894329
2894341
2894351
2894387
2894407
2894413
2894417
2894431
2894443
2894447
2894449
2894453
2894483
2894509
2894513
2894533
2894537
2894543
2894557
2894561
2894579
2894587
2894603
2894627
2894629
2894653
2894657
2894659
2894677
2894719
2894737
2894747
2894753
2894767
2894813
2894831
2894833
2894839
2894861
2894863
2894893
2894909
2894911
2894929
2894939
2894951
2894971
2894989
2894993
2895001
2895023
2895029
2895031
2895037
2895047
2895073
2895077
2895089
2895091
2895103
2895119
2895127
2895169
2895187
2895203
2895229
2895241
2895281
2895293
2895301
2895323
2895329
2895349
2895359
2895371
2895377
2895407
2895419
2895421
2895439
2895449
2895463
2895479
2895511
2895521
2895523
2895533
2895589
2895637
2895643
2895647
2895743
2895757
2895773
2895791
2895799
2895821
2895833
2895857
2895859
2895869
2895881
2895887
2895901
2895913
2895917
2895929
2895943
2895979
2896013
2896031
2896039
2896057
2896063
2896067
2896073
2896087
2896099
2896109
2896111
2896121
2896123
2896139
2896147
2896207
2896213
2896241
2896247
2896253
2896261
2896277
2896297
2896319
2896339
2896349
2896357
2896373
2896393
2896403
2896427
2896447
2896483
2896501
2896507
2896519
2896559
2896561
2896571
2896573
2896601
2896627
2896631
2896637
2896639
2896651
2896661
2896667
2896687
2896703
2896717
2896739
2896741
2896763
2896769
2896787
2896793
2896799
2896813
2896837
2896847
2896849
2896853
2896877
2896903
2896913
2896931
2896963
2896967
2896969
2896973
2896979
2897003
2897023
2897047
2897051
2897053
2897087
2897093
2897107
2897113
2897119
2897131
2897171
2897173
2897179
2897197
2897227
2897249
2897263
2897269
2897273
2897299
2897311
2897341
2897357
2897369
2897371
2897381
2897393
2897417
2897423
2897437
2897449
2897491
2897501
2897527
2897533
2897579
2897611
2897621
2897627
2897689
2897707
2897711
2897717
2897731
2897753
2897789
2897801
2897819
2897827
2897833
2897887
2897893
2897897
2897933
2897959
2897963
2897971
2897981
2897989
2898017
2898029
2898031
2898047
2898053
2898061
2898079
2898083
2898101
2898121
2898131
2898151
2898169
2898187
2898191
2898197
2898227
2898229
2898239
2898359
2898367
2898383
2898409
2898421
2898451
2898479
2898481
2898499
2898503
2898527
2898541
2898557
2898559
2898569
2898601
2898607
2898613
2898661
2898671
2898677
2898683
2898733
2898739
2898743
2898761
2898793
2898803
2898809
2898821
2898827
2898853
2898871
2898881
2898893
2898901
2898919
2898923
2898937
2898947
2898949
2898977
2898979
2898983
2898991
2899009
2899019
2899021
2899031
2899037
2899051
2899067
2899079
2899087
2899109
2899121
2899133
2899139
2899181
2899187
2899199
2899261
2899271
2899277
2899279
2899313
2899321
2899327
2899339
2899349
2899363
2899373
2899417
2899433
2899459
2899483
2899489
2899499
2899511
2899517
2899529
2899543
2899549
2899573
2899583
2899597
2899601
2899613
2899627
2899649
2899651
2899657
2899661
2899691
2899697
2899703
2899717
2899747
2899751
2899753
2899763
2899777
2899781
2899783
2899823
2899829
2899847
2899859
2899861
2899867
2899873
2899903
2899907
2899921
2899927
2899931
2899943
2899991
2899993
2899997
2900017
2900039
2900057
2900059
2900063
2900069
2900077
2900083
2900099
2900113
2900119
2900129
2900147
2900159
2900167
2900189
2900207
2900237
2900281
2900297
2900309
2900311
2900333
2900341
2900347
2900351
2900357
2900383
2900389
2900399
2900411
2900413
2900419
2900437
2900441
2900477
2900503
2900533
2900581
2900587
2900603
2900621
2900629
2900633
2900641
2900647
2900669
2900683
2900719
2900731
2900747
2900753
2900771
2900797
2900803
2900809
2900813
2900819
2900827
2900831
2900839
2900851
2900857
2900869
2900893
2900903
2900923
2900929
2900951
2900987
2901001
2901029
2901043
2901047
2901071
2901077
2901097
2901109
2901121
2901127
2901161
2901181
2901187
2901191
2901193
2901209
2901211
2901229
2901293
2901313
2901317
2901323
2901337
2901341
2901359
2901361
2901391
2901397
2901401
2901403
2901419
2901463
2901469
2901487
2901491
2901499
2901527
2901553
2901559
2901571
2901583
2901589
2901593
2901601
2901607
2901617
2901643
2901649
2901707
2901719
2901721
2901739
2901757
2901761
2901779
2901791
2901793
2901839
2901853
2901893
2901901
2901911
2901919
2901931
2901989
2902049
2902057
2902063
2902091
2902099
2902111
2902147
2902153
2902157
2902171
2902183
2902187
2902213
2902217
2902219
2902259
2902271
2902279
2902303
2902309
2902321
2902327
2902351
2902357
2902369
2902397
2902411
2902423
2902429
2902433
2902447
2902453
2902477
2902483
2902489
2902511
2902517
2902519
2902591
2902607
2902609
2902637
2902657
2902661
2902663
2902717
2902723
2902729
2902771
2902777
2902787
2902789
2902793
2902811
2902819
2902831
2902873
2902883
2902897
2902927
2902931
2902943
2902951
2902957
2902981
2902993
2903003
2903023
2903027
2903041
2903063
2903071
2903077
2903081
2903099
2903101
2903111
2903123
2903179
2903183
2903191
2903203
2903207
2903227
2903249
2903273
2903291
2903323
2903363
2903387
2903389
2903399
2903419
2903437
2903443
2903477
2903479
2903503
2903507
2903513
2903521
2903569
2903581
2903587
2903603
2903623
2903627
2903633
2903639
2903657
2903669
2903671
2903689
2903699
2903717
2903731
2903737
2903749
2903767
2903777
2903837
2903893
2903897
2903899
2903909
2903933
2903939
2903947
2903959
2903969
2904001
2904047
2904061
2904067
2904073
2904103
2904107
2904133
2904137
2904163
2904179
2904193
2904197
2904203
2904211
2904217
2904221
2904227
2904247
2904257
2904259
2904269
2904281
2904287
2904299
2904311
2904313
2904323
2904329
2904353
2904403
2904409
2904413
2904427
2904469
2904487
2904491
2904529
2904533
2904541
2904557
2904571
2904599
2904613
2904619
2904623
2904641
2904653
2904661
2904667
2904673
2904689
2904709
2904719
2904749
2904757
2904763
2904767
2904791
2904821
2904827
2904829
2904851
2904857
2904883
2904887
2904893
2904947
2904949
2904989
2905027
2905031
2905033
2905057
2905069
2905073
2905087
2905093
2905099
2905109
2905139
2905151
2905163
2905171
2905183
2905193
2905213
2905223
2905237
2905241
2905267
2905303
2905313
2905319
2905339
2905363
2905367
2905393
2905403
2905411
2905417
2905421
2905433
2905439
2905447
2905451
2905459
2905471
2905477
2905489
2905549
2905559
2905571
2905577
2905601
2905603
2905607
2905621
2905627
2905631
2905667
2905687
2905703
2905739
2905753
2905769
2905783
2905787
2905789
2905807
2905823
2905853
2905867
2905891
2905901
2905919
2905921
2905949
2905961
2905999
2906009
2906011
2906053
2906077
2906081
2906089
2906129
2906131
2906143
2906147
2906153
2906159
2906161
2906179
2906207
2906213
2906231
2906261
2906263
2906279
2906291
2906333
2906347
2906357
2906363
2906381
2906401
2906429
2906443
2906459
2906471
2906483
2906509
2906513
2906521
2906537
2906539
2906549
2906567
2906569
2906581
2906593
2906597
2906623
2906627
2906633
2906663
2906681
2906707
2906719
2906723
2906741
2906747
2906801
2906803
2906807
2906851
2906857
2906861
2906863
2906879
2906887
2906951
2906987
2906999
2907011
2907013
2907029
2907043
2907049
2907059
2907061
2907067
2907089
2907097
2907109
2907137
2907143
2907181
2907193
2907217
2907227
2907239
2907257
2907263
2907271
2907287
2907293
2907301
2907313
2907319
2907329
2907347
2907367
2907383
2907389
2907419
2907427
2907451
2907469
2907481
2907491
2907529
2907533
2907547
2907563
2907577
2907601
2907623
2907631
2907647
2907649
2907677
2907691
2907713
2907721
2907727
2907763
2907767
2907803
2907823
2907851
2907857
2907869
2907871
2907881
2907887
2907889
2907899
2907907
2907923
2907929
2907943
2907953
2907967
2907977
2907979
2907997
2908013
2908021
2908027
2908039
2908043
2908049
2908063
2908123
2908151
2908177
2908183
2908261
2908267
2908271
2908277
2908291
2908307
2908319
2908333
2908361
2908363
2908369
2908379
2908397
2908421
2908429
2908441
2908471
2908483
2908487
2908519
2908531
2908567
2908573
2908579
2908583
2908597
2908601
2908621
2908627
2908651
2908667
2908669
2908673
2908679
2908687
2908721
2908723
2908747
2908753
2908757
2908771
2908781
2908793
2908811
2908817
2908837
2908847
2908861
2908889
2908891
2908931
2908937
2908951
2908963
2908979
2908981
2908999
2909003
2909041
2909047
2909059
2909087
2909107
2909119
2909129
2909141
2909149
2909161
2909167
2909177
2909183
2909191
2909219
2909239
2909243
2909267
2909279
2909281
2909311
2909323
2909353
2909359
2909369
2909377
2909383
2909393
2909407
2909419
2909429
2909447
2909453
2909461
2909513
2909519
2909521
2909551
2909563
2909573
2909581
2909587
2909591
2909597
2909611
2909617
2909623
2909633
2909659
2909663
2909671
2909689
2909701
2909741
2909747
2909749
2909789
2909813
2909827
2909833
2909849
2909867
2909909
2909923
2909957
2909971
2909981
2909989
2909993
2910007
2910031
2910041
2910049
2910073
2910091
2910101
2910107
2910133
2910137
2910143
2910151
2910169
2910199
2910203
2910209
2910217
2910227
2910233
2910241
2910251
2910253
2910301
2910307
2910319
2910329
2910419
2910433
2910449
2910461
2910463
2910487
2910499
2910511
2910533
2910539
2910577
2910599
2910613
2910617
2910637
2910641
2910671
2910697
2910709
2910731
2910749
2910751
2910769
2910779
2910797
2910823
2910829
2910833
2910841
2910863
2910889
2910907
2910911
2910917
2910979
2910997
2911003
2911043
2911061
2911079
2911081
2911091
2911093
2911141
2911159
2911163
2911169
2911177
2911187
2911189
2911193
2911211
2911243
2911247
2911291
2911297
2911309
2911327
2911333
2911357
2911361
2911367
2911373
2911379
2911393
2911399
2911421
2911423
2911429
2911453
2911477
2911481
2911483
2911507
2911511
2911523
2911537
2911543
2911549
2911561
2911583
2911621
2911651
2911663
2911679
2911721
2911757
2911759
2911771
2911819
2911829
2911837
2911847
2911859
2911871
2911877
2911901
2911903
2911927
2911933
2911969
2911973
2912009
2912023
2912033
2912051
2912059
2912069
2912081
2912131
2912141
2912197
2912213
2912227
2912243
2912257
2912269
2912291
2912293
2912303
2912309
2912333
2912341
2912359
2912369
2912401
2912407
2912411
2912431
2912447
2912473
2912477
2912479
2912501
2912521
2912527
2912551
2912561
2912573
2912579
2912617
2912621
2912641
2912659
2912683
2912699
2912717
2912753
2912759
2912761
2912779
2912783
2912803
2912839
2912849
2912851
2912887
2912891
2912893
2912929
2912951
2912953
2912957
2912969
2912971
2912989
2913011
2913037
2913041
2913067
2913083
2913139
2913151
2913167
2913179
2913187
2913191
2913193
2913223
2913233
2913241
2913247
2913257
2913259
2913263
2913271
2913319
2913329
2913331
2913347
2913353
2913359
2913367
2913371
2913377
2913401
2913413
2913431
2913451
2913457
2913487
2913497
2913509
2913523
2913529
2913541
2913553
2913563
2913587
2913607
2913619
2913641
2913697
2913719
2913727
2913733
2913739
2913751
2913773
2913791
2913797
2913803
2913811
There are 1369 prime numbers in S284.
