S285(2913841~2934360)
2913863
2913871
2913913
2913929
2913943
2913961
2913979
2913997
2914001
2914013
2914019
2914027
2914033
2914081
2914097
2914103
2914111
2914129
2914133
2914139
2914147
2914151
2914159
2914183
2914189
2914193
2914199
2914211
2914229
2914237
2914267
2914283
2914309
2914313
2914319
2914363
2914369
2914393
2914421
2914441
2914447
2914477
2914481
2914487
2914489
2914501
2914507
2914511
2914553
2914577
2914579
2914607
2914673
2914687
2914693
2914697
2914739
2914741
2914801
2914831
2914843
2914861
2914867
2914883
2914909
2914913
2914921
2914931
2914937
2914957
2914979
2914991
2915027
2915039
2915069
2915071
2915093
2915111
2915123
2915137
2915149
2915161
2915173
2915191
2915201
2915219
2915243
2915257
2915261
2915281
2915293
2915299
2915309
2915317
2915321
2915323
2915327
2915351
2915369
2915413
2915431
2915441
2915453
2915461
2915467
2915491
2915501
2915509
2915527
2915533
2915537
2915543
2915557
2915587
2915597
2915599
2915611
2915623
2915663
2915677
2915681
2915699
2915713
2915719
2915753
2915791
2915807
2915831
2915837
2915849
2915893
2915897
2915903
2915923
2915951
2915977
2915981
2915989
2915999
2916013
2916019
2916031
2916059
2916073
2916103
2916107
2916119
2916143
2916149
2916161
2916167
2916169
2916181
2916203
2916241
2916257
2916271
2916281
2916283
2916293
2916307
2916313
2916317
2916323
2916337
2916343
2916373
2916383
2916391
2916409
2916439
2916457
2916479
2916493
2916497
2916509
2916521
2916523
2916527
2916539
2916553
2916581
2916583
2916587
2916611
2916629
2916649
2916677
2916691
2916701
2916737
2916757
2916763
2916769
2916787
2916799
2916811
2916827
2916841
2916919
2916931
2916941
2916943
2916971
2917001
2917003
2917037
2917049
2917073
2917091
2917097
2917099
2917129
2917147
2917157
2917171
2917181
2917199
2917219
2917223
2917237
2917253
2917259
2917261
2917289
2917303
2917307
2917309
2917333
2917357
2917361
2917403
2917423
2917427
2917433
2917457
2917463
2917477
2917483
2917493
2917511
2917513
2917517
2917529
2917543
2917559
2917567
2917633
2917637
2917639
2917643
2917667
2917723
2917753
2917769
2917771
2917781
2917799
2917801
2917823
2917841
2917853
2917861
2917877
2917891
2917909
2917913
2917927
2917939
2917949
2917969
2917973
2918059
2918107
2918117
2918119
2918129
2918131
2918137
2918141
2918173
2918177
2918207
2918213
2918231
2918239
2918249
2918261
2918273
2918291
2918297
2918303
2918323
2918327
2918329
2918351
2918359
2918369
2918387
2918389
2918393
2918411
2918413
2918417
2918431
2918437
2918471
2918477
2918479
2918491
2918501
2918507
2918519
2918521
2918537
2918561
2918563
2918567
2918569
2918581
2918593
2918603
2918621
2918689
2918717
2918719
2918731
2918737
2918767
2918777
2918779
2918803
2918807
2918809
2918857
2918873
2918887
2918891
2918897
2918899
2918921
2918939
2918959
2918963
2918977
2919011
2919013
2919017
2919031
2919047
2919061
2919071
2919079
2919083
2919097
2919107
2919109
2919113
2919127
2919149
2919157
2919199
2919209
2919211
2919221
2919251
2919269
2919299
2919317
2919341
2919353
2919361
2919377
2919383
2919419
2919443
2919451
2919463
2919473
2919479
2919481
2919491
2919503
2919509
2919541
2919557
2919577
2919589
2919599
2919613
2919619
2919629
2919647
2919667
2919671
2919677
2919701
2919703
2919727
2919757
2919769
2919779
2919803
2919811
2919821
2919841
2919853
2919899
2919907
2919913
2919941
2919949
2919967
2919989
2920013
2920019
2920031
2920037
2920051
2920069
2920079
2920109
2920117
2920123
2920139
2920163
2920171
2920187
2920193
2920201
2920207
2920237
2920249
2920273
2920279
2920289
2920303
2920321
2920327
2920339
2920343
2920349
2920361
2920363
2920367
2920381
2920391
2920397
2920399
2920403
2920409
2920427
2920453
2920457
2920469
2920487
2920501
2920507
2920513
2920523
2920531
2920543
2920571
2920579
2920591
2920633
2920637
2920649
2920691
2920693
2920739
2920751
2920783
2920811
2920829
2920831
2920837
2920871
2920877
2920901
2920903
2920943
2920969
2920979
2920987
2921027
2921029
2921047
2921053
2921057
2921063
2921089
2921111
2921129
2921131
2921137
2921147
2921173
2921179
2921189
2921197
2921203
2921213
2921221
2921227
2921239
2921249
2921273
2921293
2921327
2921329
2921339
2921371
2921417
2921423
2921507
2921509
2921531
2921539
2921561
2921563
2921591
2921593
2921599
2921617
2921623
2921629
2921647
2921689
2921729
2921753
2921761
2921767
2921771
2921777
2921819
2921861
2921869
2921873
2921879
2921881
2921899
2921903
2921911
2921921
2921923
2921929
2921951
2921957
2921981
2921987
2922041
2922043
2922047
2922061
2922077
2922097
2922103
2922107
2922121
2922133
2922167
2922191
2922203
2922209
2922221
2922229
2922247
2922259
2922287
2922307
2922313
2922331
2922341
2922343
2922349
2922373
2922383
2922391
2922407
2922433
2922443
2922457
2922461
2922497
2922509
2922527
2922529
2922539
2922547
2922551
2922553
2922559
2922583
2922613
2922631
2922641
2922653
2922659
2922677
2922697
2922709
2922721
2922737
2922739
2922743
2922749
2922757
2922761
2922769
2922779
2922797
2922809
2922811
2922833
2922841
2922853
2922859
2922893
2922911
2922961
2922967
2922973
2922989
2922991
2923007
2923033
2923043
2923049
2923051
2923069
2923087
2923091
2923103
2923121
2923127
2923147
2923153
2923157
2923163
2923199
2923211
2923213
2923247
2923253
2923279
2923313
2923351
2923367
2923379
2923387
2923409
2923421
2923433
2923457
2923463
2923469
2923471
2923477
2923493
2923499
2923513
2923523
2923559
2923589
2923597
2923619
2923633
2923651
2923727
2923741
2923747
2923763
2923769
2923787
2923799
2923807
2923831
2923859
2923897
2923901
2923903
2923927
2923933
2923961
2923969
2924021
2924023
2924029
2924069
2924087
2924111
2924167
2924171
2924177
2924183
2924189
2924191
2924209
2924213
2924227
2924231
2924237
2924263
2924267
2924269
2924281
2924287
2924303
2924321
2924329
2924351
2924353
2924371
2924393
2924399
2924413
2924431
2924437
2924477
2924491
2924497
2924503
2924513
2924521
2924533
2924557
2924567
2924569
2924573
2924587
2924609
2924627
2924641
2924711
2924717
2924723
2924729
2924777
2924791
2924827
2924839
2924851
2924861
2924869
2924893
2924897
2924921
2924923
2924927
2924939
2924953
2924963
2924983
2925001
2925023
2925029
2925049
2925053
2925077
2925079
2925089
2925103
2925113
2925119
2925127
2925137
2925149
2925151
2925157
2925179
2925193
2925199
2925203
2925211
2925281
2925313
2925353
2925359
2925367
2925383
2925389
2925401
2925407
2925427
2925437
2925443
2925463
2925467
2925469
2925511
2925521
2925523
2925539
2925551
2925583
2925613
2925619
2925631
2925641
2925679
2925691
2925707
2925721
2925731
2925733
2925739
2925773
2925779
2925799
2925809
2925817
2925821
2925827
2925841
2925847
2925851
2925859
2925889
2925893
2925917
2925919
2925931
2925941
2925973
2925977
2926003
2926031
2926039
2926051
2926067
2926069
2926103
2926111
2926117
2926139
2926141
2926151
2926163
2926169
2926177
2926181
2926201
2926271
2926277
2926283
2926291
2926309
2926321
2926327
2926337
2926349
2926379
2926387
2926403
2926411
2926421
2926453
2926481
2926487
2926507
2926519
2926559
2926571
2926579
2926591
2926603
2926633
2926657
2926661
2926673
2926687
2926699
2926717
2926733
2926739
2926751
2926757
2926769
2926783
2926787
2926793
2926799
2926801
2926823
2926843
2926897
2926909
2926919
2926939
2926961
2926981
2927011
2927021
2927027
2927047
2927087
2927101
2927123
2927129
2927131
2927143
2927147
2927149
2927189
2927191
2927219
2927257
2927261
2927263
2927293
2927303
2927339
2927341
2927389
2927459
2927473
2927531
2927537
2927581
2927591
2927593
2927597
2927599
2927611
2927651
2927663
2927669
2927681
2927707
2927711
2927713
2927737
2927747
2927777
2927779
2927789
2927797
2927801
2927803
2927807
2927809
2927861
2927863
2927867
2927891
2927917
2927941
2927971
2927983
2928007
2928017
2928019
2928049
2928059
2928083
2928089
2928113
2928119
2928137
2928151
2928173
2928181
2928203
2928209
2928227
2928251
2928259
2928271
2928281
2928283
2928287
2928307
2928311
2928319
2928361
2928377
2928397
2928421
2928461
2928463
2928479
2928481
2928491
2928509
2928517
2928529
2928547
2928553
2928559
2928571
2928581
2928647
2928677
2928691
2928713
2928719
2928749
2928769
2928791
2928817
2928823
2928829
2928839
2928851
2928881
2928929
2928931
2928943
2928953
2928967
2928997
2929007
2929009
2929033
2929051
2929061
2929067
2929093
2929099
2929103
2929111
2929133
2929177
2929183
2929187
2929189
2929207
2929231
2929237
2929243
2929259
2929301
2929331
2929337
2929343
2929351
2929357
2929373
2929391
2929393
2929411
2929427
2929453
2929483
2929501
2929513
2929517
2929519
2929523
2929529
2929571
2929601
2929603
2929607
2929621
2929637
2929639
2929643
2929657
2929669
2929687
2929699
2929711
2929723
2929741
2929747
2929753
2929757
2929789
2929793
2929807
2929813
2929859
2929867
2929879
2929921
2929937
2929939
2929943
2929951
2929961
2929963
2929973
2929991
2930003
2930021
2930033
2930071
2930093
2930113
2930119
2930153
2930159
2930167
2930173
2930197
2930201
2930219
2930231
2930243
2930261
2930267
2930281
2930287
2930299
2930303
2930329
2930357
2930359
2930371
2930381
2930401
2930413
2930419
2930449
2930483
2930489
2930491
2930507
2930509
2930519
2930527
2930533
2930539
2930561
2930563
2930593
2930633
2930651
2930657
2930689
2930699
2930713
2930723
2930737
2930743
2930747
2930761
2930773
2930777
2930789
2930791
2930819
2930831
2930839
2930843
2930849
2930861
2930869
2930887
2930897
2930911
2930947
2930969
2930999
2931041
2931043
2931053
2931067
2931079
2931083
2931101
2931113
2931127
2931151
2931161
2931167
2931193
2931197
2931209
2931211
2931217
2931221
2931223
2931241
2931289
2931307
2931319
2931413
2931421
2931427
2931433
2931443
2931457
2931493
2931503
2931527
2931553
2931569
2931583
2931587
2931619
2931629
2931637
2931647
2931653
2931671
2931683
2931707
2931713
2931739
2931751
2931779
2931793
2931823
2931827
2931829
2931847
2931883
2931889
2931919
2931941
2931961
2931983
2931997
2932003
2932021
2932031
2932037
2932043
2932067
2932091
2932117
2932147
2932151
2932169
2932183
2932231
2932271
2932273
2932297
2932301
2932309
2932343
2932351
2932357
2932367
2932373
2932379
2932387
2932399
2932409
2932411
2932429
2932439
2932459
2932481
2932487
2932493
2932499
2932511
2932537
2932541
2932547
2932561
2932577
2932591
2932597
2932609
2932651
2932679
2932681
2932691
2932703
2932711
2932751
2932757
2932777
2932781
2932793
2932807
2932829
2932837
2932841
2932843
2932871
2932883
2932889
2932903
2932913
2932931
2932933
2932957
2932961
2932981
2932997
2932999
2933009
2933023
2933071
2933083
2933093
2933113
2933143
2933171
2933219
2933233
2933257
2933267
2933279
2933291
2933297
2933311
2933339
2933347
2933383
2933393
2933423
2933453
2933479
2933501
2933531
2933549
2933563
2933597
2933629
2933633
2933641
2933647
2933659
2933677
2933681
2933683
2933687
2933713
2933717
2933731
2933743
2933753
2933759
2933773
2933789
2933803
2933807
2933849
2933867
2933869
2933891
2933897
2933927
2933947
2933963
2933971
2933993
2934059
2934067
2934073
2934077
2934079
2934091
2934097
2934103
2934109
2934143
2934167
2934193
2934223
2934229
2934233
2934263
2934289
2934293
2934301
2934311
2934313
2934343
There are 1367 prime numbers in S285.
