S286(2934361~2954952)
2934361
2934401
2934439
2934461
2934467
2934473
2934479
2934499
2934509
2934511
2934517
2934559
2934563
2934571
2934577
2934583
2934587
2934623
2934629
2934637
2934641
2934647
2934671
2934697
2934703
2934733
2934749
2934751
2934773
2934787
2934809
2934839
2934847
2934859
2934871
2934881
2934901
2934913
2934917
2934923
2934937
2934941
2934973
2934983
2934989
2935013
2935019
2935027
2935039
2935057
2935091
2935109
2935133
2935147
2935157
2935171
2935183
2935189
2935213
2935217
2935241
2935243
2935249
2935267
2935279
2935301
2935327
2935357
2935379
2935391
2935399
2935411
2935417
2935423
2935433
2935447
2935453
2935459
2935463
2935507
2935531
2935547
2935553
2935571
2935589
2935601
2935609
2935613
2935619
2935687
2935703
2935717
2935727
2935729
2935733
2935741
2935753
2935763
2935769
2935799
2935811
2935813
2935817
2935831
2935837
2935871
2935879
2935897
2935903
2935909
2935939
2935957
2935981
2935993
2936023
2936039
2936069
2936071
2936077
2936099
2936107
2936117
2936159
2936161
2936177
2936179
2936183
2936191
2936207
2936233
2936237
2936239
2936251
2936267
2936273
2936293
2936309
2936327
2936369
2936383
2936389
2936407
2936411
2936429
2936441
2936443
2936447
2936459
2936473
2936491
2936503
2936519
2936533
2936539
2936551
2936567
2936573
2936587
2936603
2936611
2936639
2936657
2936683
2936693
2936711
2936719
2936729
2936737
2936741
2936753
2936797
2936803
2936807
2936821
2936831
2936833
2936837
2936851
2936867
2936873
2936929
2936933
2936957
2936959
2936977
2936981
2936987
2936993
2937013
2937019
2937037
2937047
2937049
2937059
2937083
2937113
2937119
2937127
2937167
2937173
2937203
2937217
2937239
2937241
2937269
2937271
2937283
2937329
2937371
2937377
2937391
2937397
2937401
2937409
2937421
2937427
2937437
2937443
2937461
2937463
2937469
2937499
2937509
2937511
2937521
2937523
2937553
2937559
2937563
2937581
2937589
2937601
2937611
2937643
2937667
2937673
2937677
2937679
2937709
2937731
2937733
2937743
2937751
2937757
2937769
2937791
2937793
2937817
2937827
2937853
2937881
2937929
2937947
2937959
2937967
2937971
2937983
2938003
2938009
2938021
2938037
2938057
2938069
2938073
2938079
2938081
2938097
2938123
2938129
2938163
2938189
2938213
2938219
2938223
2938237
2938241
2938261
2938277
2938279
2938291
2938301
2938307
2938333
2938337
2938343
2938357
2938361
2938379
2938381
2938391
2938409
2938423
2938451
2938489
2938493
2938517
2938543
2938547
2938561
2938571
2938589
2938591
2938601
2938609
2938627
2938667
2938669
2938679
2938697
2938703
2938709
2938717
2938729
2938753
2938763
2938777
2938783
2938801
2938813
2938843
2938853
2938861
2938927
2938931
2938951
2938973
2938981
2938987
2938993
2939023
2939039
2939059
2939071
2939081
2939087
2939107
2939117
2939119
2939137
2939143
2939149
2939159
2939171
2939173
2939177
2939191
2939207
2939213
2939219
2939227
2939231
2939257
2939263
2939267
2939269
2939273
2939291
2939297
2939347
2939371
2939393
2939399
2939401
2939449
2939473
2939479
2939533
2939543
2939549
2939567
2939569
2939579
2939591
2939597
2939633
2939639
2939641
2939663
2939683
2939689
2939693
2939707
2939747
2939749
2939753
2939767
2939821
2939869
2939873
2939879
2939891
2939899
2939917
2939941
2939957
2939971
2939977
2939999
2940011
2940013
2940043
2940053
2940059
2940061
2940073
2940083
2940089
2940097
2940101
2940127
2940163
2940169
2940173
2940187
2940229
2940239
2940247
2940263
2940271
2940277
2940313
2940317
2940391
2940401
2940407
2940409
2940419
2940437
2940449
2940517
2940521
2940523
2940551
2940559
2940577
2940593
2940601
2940631
2940667
2940671
2940673
2940689
2940709
2940731
2940733
2940761
2940781
2940787
2940793
2940799
2940853
2940857
2940863
2940887
2940893
2940907
2940911
2940937
2940947
2940989
2941007
2941031
2941039
2941049
2941073
2941087
2941123
2941139
2941199
2941201
2941207
2941223
2941231
2941247
2941283
2941291
2941297
2941313
2941319
2941339
2941349
2941363
2941387
2941397
2941403
2941451
2941453
2941483
2941487
2941531
2941541
2941567
2941571
2941573
2941579
2941607
2941613
2941649
2941651
2941669
2941691
2941699
2941703
2941711
2941733
2941753
2941781
2941811
2941819
2941831
2941837
2941843
2941849
2941859
2941877
2941889
2941891
2941921
2941927
2941943
2941951
2941957
2942011
2942033
2942041
2942063
2942089
2942099
2942113
2942141
2942161
2942221
2942227
2942243
2942249
2942257
2942263
2942273
2942281
2942287
2942293
2942323
2942327
2942383
2942399
2942431
2942441
2942449
2942461
2942477
2942503
2942519
2942521
2942531
2942539
2942561
2942609
2942627
2942629
2942657
2942669
2942677
2942699
2942713
2942729
2942741
2942749
2942759
2942761
2942767
2942783
2942809
2942843
2942881
2942909
2942959
2942977
2942981
2943001
2943079
2943089
2943113
2943121
2943133
2943137
2943167
2943173
2943179
2943191
2943217
2943223
2943229
2943247
2943257
2943289
2943301
2943323
2943341
2943359
2943361
2943371
2943373
2943389
2943403
2943427
2943467
2943491
2943503
2943527
2943539
2943541
2943559
2943571
2943599
2943607
2943631
2943641
2943643
2943649
2943653
2943671
2943691
2943697
2943713
2943739
2943749
2943767
2943769
2943781
2943797
2943821
2943827
2943833
2943859
2943869
2943887
2943911
2943929
2943937
2943947
2943949
2943961
2943971
2944003
2944021
2944027
2944057
2944061
2944063
2944099
2944103
2944129
2944133
2944147
2944153
2944177
2944189
2944211
2944219
2944229
2944231
2944243
2944289
2944301
2944303
2944307
2944321
2944343
2944363
2944379
2944397
2944427
2944429
2944433
2944439
2944463
2944471
2944493
2944499
2944507
2944517
2944523
2944537
2944547
2944561
2944577
2944589
2944619
2944637
2944657
2944673
2944679
2944681
2944693
2944699
2944703
2944709
2944727
2944751
2944763
2944789
2944807
2944813
2944817
2944819
2944831
2944841
2944847
2944861
2944891
2944913
2944919
2944933
2944937
2944967
2944999
2945021
2945069
2945101
2945123
2945147
2945149
2945167
2945177
2945179
2945191
2945203
2945207
2945227
2945249
2945287
2945291
2945303
2945309
2945321
2945333
2945351
2945359
2945377
2945381
2945401
2945407
2945417
2945429
2945441
2945447
2945461
2945473
2945479
2945483
2945489
2945497
2945519
2945531
2945609
2945611
2945639
2945647
2945659
2945669
2945707
2945711
2945731
2945749
2945773
2945807
2945851
2945857
2945869
2945933
2945939
2945941
2945951
2945959
2945983
2945993
2946011
2946029
2946037
2946043
2946067
2946089
2946091
2946107
2946127
2946131
2946133
2946143
2946149
2946157
2946169
2946187
2946211
2946221
2946227
2946241
2946247
2946257
2946259
2946263
2946299
2946319
2946331
2946337
2946341
2946343
2946367
2946373
2946407
2946409
2946431
2946439
2946443
2946451
2946467
2946469
2946479
2946511
2946533
2946563
2946589
2946611
2946623
2946649
2946659
2946667
2946679
2946683
2946743
2946761
2946799
2946803
2946809
2946821
2946841
2946859
2946863
2946871
2946883
2946901
2946907
2946913
2946929
2946941
2946943
2946961
2946973
2947027
2947097
2947099
2947111
2947117
2947123
2947127
2947157
2947159
2947169
2947199
2947207
2947211
2947213
2947249
2947271
2947283
2947291
2947331
2947333
2947339
2947363
2947403
2947429
2947447
2947471
2947487
2947499
2947517
2947523
2947537
2947541
2947547
2947559
2947561
2947583
2947601
2947621
2947649
2947661
2947669
2947673
2947691
2947709
2947723
2947729
2947741
2947781
2947801
2947823
2947843
2947853
2947877
2947891
2947897
2947939
2947949
2947999
2948009
2948039
2948041
2948063
2948087
2948119
2948159
2948161
2948167
2948177
2948189
2948203
2948207
2948213
2948219
2948233
2948261
2948273
2948279
2948299
2948311
2948321
2948333
2948353
2948369
2948389
2948399
2948411
2948423
2948437
2948447
2948453
2948479
2948483
2948489
2948513
2948521
2948527
2948537
2948551
2948563
2948573
2948579
2948587
2948611
2948677
2948681
2948683
2948711
2948713
2948723
2948747
2948779
2948783
2948797
2948839
2948851
2948861
2948873
2948887
2948903
2948909
2948917
2948929
2948951
2948963
2948969
2948977
2948987
2949013
2949029
2949043
2949049
2949059
2949077
2949101
2949103
2949113
2949119
2949137
2949151
2949169
2949173
2949179
2949209
2949217
2949223
2949227
2949229
2949251
2949257
2949259
2949263
2949277
2949281
2949283
2949319
2949337
2949343
2949361
2949377
2949403
2949409
2949421
2949461
2949467
2949487
2949491
2949493
2949509
2949511
2949521
2949523
2949539
2949577
2949593
2949629
2949637
2949643
2949647
2949679
2949701
2949703
2949707
2949733
2949763
2949797
2949799
2949803
2949839
2949841
2949871
2949887
2949889
2949893
2949901
2949913
2949917
2949923
2949931
2949949
2949953
2950001
2950009
2950019
2950037
2950063
2950093
2950127
2950133
2950147
2950151
2950153
2950159
2950183
2950193
2950223
2950247
2950253
2950267
2950271
2950291
2950307
2950361
2950393
2950399
2950403
2950421
2950427
2950447
2950459
2950477
2950499
2950511
2950517
2950559
2950561
2950579
2950583
2950589
2950609
2950637
2950657
2950667
2950687
2950697
2950709
2950711
2950751
2950771
2950793
2950799
2950807
2950813
2950817
2950819
2950853
2950867
2950873
2950889
2950891
2950897
2950903
2950931
2950939
2950943
2950949
2950951
2950963
2950991
2950999
2951021
2951027
2951029
2951033
2951041
2951051
2951059
2951063
2951071
2951077
2951087
2951089
2951159
2951161
2951189
2951209
2951233
2951237
2951269
2951279
2951287
2951297
2951309
2951323
2951341
2951371
2951413
2951423
2951449
2951471
2951483
2951491
2951497
2951503
2951513
2951537
2951539
2951569
2951573
2951579
2951617
2951621
2951629
2951639
2951653
2951657
2951687
2951699
2951717
2951719
2951723
2951731
2951743
2951747
2951771
2951777
2951779
2951801
2951803
2951813
2951827
2951831
2951833
2951849
2951857
2951867
2951873
2951887
2951891
2951933
2951957
2951983
2951987
2952007
2952017
2952029
2952097
2952127
2952133
2952143
2952149
2952167
2952179
2952197
2952199
2952241
2952263
2952269
2952281
2952283
2952293
2952307
2952311
2952317
2952319
2952329
2952359
2952361
2952371
2952377
2952379
2952401
2952413
2952421
2952427
2952431
2952437
2952479
2952511
2952527
2952553
2952557
2952569
2952601
2952613
2952617
2952629
2952647
2952659
2952661
2952667
2952689
2952721
2952737
2952739
2952749
2952769
2952787
2952791
2952793
2952797
2952799
2952839
2952863
2952881
2952893
2952913
2952953
2952959
2952977
2952991
2952997
2953003
2953021
2953063
2953079
2953117
2953123
2953129
2953141
2953163
2953183
2953199
2953201
2953207
2953219
2953231
2953243
2953261
2953297
2953373
2953399
2953411
2953421
2953429
2953439
2953459
2953469
2953487
2953501
2953523
2953537
2953571
2953589
2953603
2953609
2953619
2953661
2953667
2953697
2953703
2953777
2953793
2953807
2953817
2953823
2953831
2953837
2953843
2953859
2953861
2953879
2953883
2953891
2953921
2953931
2953957
2953961
2953967
2953981
2953991
2954023
2954033
2954041
2954059
2954069
2954089
2954093
2954113
2954129
2954137
2954179
2954183
2954213
2954233
2954249
2954293
2954299
2954323
2954333
2954353
2954387
2954389
2954411
2954417
2954423
2954429
2954437
2954449
2954453
2954459
2954461
2954489
2954503
2954507
2954509
2954513
2954531
2954537
2954563
2954569
2954587
2954599
2954621
2954639
2954681
2954683
2954687
2954689
2954737
2954771
2954773
2954789
2954797
2954801
2954851
2954863
2954891
2954893
2954927
2954933
2954947
There are 1378 prime numbers in S286.
