S287(2954953~2975616)
2954977
2954981
2954989
2955011
2955037
2955041
2955047
2955053
2955097
2955101
2955103
2955107
2955119
2955131
2955167
2955181
2955191
2955209
2955217
2955223
2955257
2955269
2955283
2955287
2955307
2955319
2955371
2955373
2955377
2955397
2955427
2955443
2955457
2955479
2955481
2955497
2955521
2955527
2955529
2955539
2955541
2955559
2955581
2955599
2955607
2955613
2955629
2955653
2955683
2955721
2955727
2955737
2955749
2955751
2955761
2955781
2955803
2955817
2955829
2955833
2955847
2955851
2955853
2955859
2955889
2955907
2955917
2955919
2955923
2955929
2955947
2955961
2956003
2956007
2956013
2956021
2956033
2956061
2956097
2956099
2956111
2956123
2956133
2956157
2956171
2956183
2956199
2956201
2956237
2956297
2956301
2956307
2956357
2956363
2956399
2956403
2956451
2956477
2956483
2956493
2956523
2956531
2956553
2956561
2956621
2956631
2956649
2956651
2956693
2956703
2956727
2956729
2956741
2956747
2956763
2956769
2956783
2956813
2956819
2956831
2956841
2956897
2956907
2956931
2956939
2956969
2956973
2956979
2956991
2956999
2957023
2957051
2957057
2957107
2957111
2957161
2957177
2957189
2957191
2957197
2957231
2957237
2957243
2957261
2957267
2957321
2957327
2957329
2957377
2957387
2957389
2957399
2957401
2957413
2957417
2957429
2957441
2957443
2957459
2957477
2957489
2957531
2957579
2957621
2957641
2957651
2957657
2957659
2957683
2957687
2957753
2957761
2957767
2957783
2957791
2957807
2957809
2957819
2957827
2957831
2957833
2957861
2957873
2957879
2957897
2957917
2957947
2957963
2958019
2958023
2958031
2958041
2958049
2958061
2958077
2958079
2958101
2958139
2958149
2958169
2958173
2958223
2958233
2958239
2958247
2958253
2958257
2958259
2958269
2958311
2958331
2958341
2958353
2958359
2958379
2958383
2958413
2958419
2958427
2958463
2958479
2958481
2958503
2958511
2958521
2958539
2958563
2958569
2958577
2958583
2958607
2958647
2958677
2958707
2958713
2958721
2958727
2958749
2958773
2958793
2958803
2958811
2958821
2958827
2958829
2958859
2958863
2958877
2958887
2958911
2958913
2958941
2958947
2958953
2958961
2958971
2959031
2959051
2959069
2959081
2959091
2959097
2959127
2959133
2959141
2959183
2959213
2959219
2959259
2959267
2959273
2959277
2959283
2959301
2959321
2959391
2959393
2959403
2959409
2959417
2959427
2959447
2959469
2959487
2959501
2959507
2959549
2959559
2959589
2959597
2959609
2959613
2959631
2959633
2959643
2959651
2959661
2959669
2959673
2959681
2959699
2959703
2959739
2959753
2959757
2959771
2959783
2959793
2959823
2959837
2959841
2959843
2959861
2959867
2959937
2959949
2959951
2959961
2959967
2959969
2959981
2960003
2960011
2960017
2960033
2960039
2960047
2960071
2960101
2960129
2960137
2960161
2960171
2960173
2960189
2960197
2960213
2960231
2960267
2960273
2960281
2960297
2960303
2960317
2960327
2960341
2960351
2960357
2960381
2960387
2960393
2960413
2960417
2960423
2960437
2960449
2960453
2960459
2960467
2960471
2960479
2960509
2960543
2960557
2960563
2960597
2960603
2960609
2960621
2960623
2960641
2960647
2960653
2960681
2960687
2960689
2960701
2960719
2960729
2960747
2960753
2960759
2960773
2960791
2960801
2960809
2960819
2960821
2960861
2960869
2960891
2960899
2960917
2960927
2960957
2960977
2960989
2961019
2961037
2961053
2961067
2961083
2961113
2961121
2961137
2961139
2961149
2961187
2961209
2961229
2961239
2961253
2961271
2961289
2961311
2961331
2961373
2961377
2961433
2961437
2961463
2961479
2961499
2961521
2961527
2961533
2961557
2961577
2961583
2961589
2961593
2961599
2961613
2961619
2961659
2961667
2961671
2961677
2961691
2961713
2961727
2961737
2961743
2961769
2961773
2961781
2961787
2961809
2961821
2961823
2961839
2961851
2961863
2961877
2961899
2961901
2961923
2961949
2961953
2961979
2961983
2961989
2961991
2961997
2962007
2962013
2962033
2962039
2962067
2962073
2962093
2962103
2962111
2962133
2962151
2962159
2962163
2962207
2962231
2962237
2962241
2962247
2962249
2962261
2962273
2962277
2962307
2962319
2962327
2962361
2962367
2962381
2962397
2962409
2962411
2962417
2962429
2962441
2962451
2962459
2962481
2962483
2962489
2962493
2962501
2962517
2962549
2962591
2962621
2962637
2962681
2962693
2962697
2962703
2962711
2962717
2962733
2962741
2962787
2962793
2962801
2962819
2962823
2962853
2962871
2962873
2962891
2962903
2962907
2962931
2962933
2962943
2962961
2962963
2962979
2962991
2963027
2963041
2963047
2963101
2963131
2963137
2963161
2963167
2963179
2963189
2963201
2963203
2963231
2963243
2963267
2963269
2963273
2963281
2963299
2963333
2963339
2963347
2963353
2963371
2963377
2963381
2963399
2963407
2963417
2963437
2963453
2963459
2963473
2963479
2963497
2963501
2963509
2963533
2963549
2963551
2963567
2963599
2963617
2963621
2963647
2963657
2963669
2963671
2963683
2963687
2963717
2963743
2963777
2963809
2963833
2963837
2963869
2963881
2963903
2963911
2963923
2963951
2963953
2963957
2963971
2963977
2963999
2964011
2964041
2964067
2964077
2964089
2964097
2964121
2964151
2964161
2964163
2964191
2964211
2964229
2964233
2964253
2964257
2964277
2964289
2964301
2964319
2964331
2964347
2964349
2964359
2964371
2964383
2964397
2964413
2964427
2964433
2964461
2964491
2964497
2964509
2964523
2964527
2964547
2964553
2964557
2964571
2964581
2964601
2964617
2964667
2964671
2964697
2964719
2964727
2964737
2964739
2964743
2964811
2964821
2964823
2964827
2964839
2964853
2964859
2964869
2964881
2964883
2964943
2964947
2964967
2964971
2965003
2965019
2965033
2965037
2965043
2965073
2965087
2965093
2965097
2965099
2965111
2965117
2965139
2965141
2965147
2965153
2965177
2965189
2965199
2965211
2965223
2965247
2965253
2965289
2965307
2965331
2965351
2965357
2965363
2965373
2965379
2965381
2965397
2965411
2965421
2965471
2965477
2965481
2965483
2965499
2965519
2965537
2965541
2965549
2965561
2965579
2965591
2965601
2965603
2965609
2965631
2965681
2965687
2965693
2965717
2965733
2965757
2965763
2965777
2965783
2965793
2965799
2965811
2965819
2965847
2965849
2965861
2965867
2965877
2965891
2965901
2965903
2965909
2965951
2965961
2965979
2965993
2966009
2966017
2966059
2966069
2966081
2966083
2966099
2966113
2966129
2966141
2966153
2966189
2966219
2966221
2966231
2966267
2966321
2966329
2966351
2966389
2966407
2966419
2966479
2966507
2966519
2966531
2966533
2966539
2966581
2966597
2966599
2966617
2966627
2966633
2966651
2966657
2966659
2966681
2966713
2966723
2966737
2966741
2966749
2966759
2966767
2966773
2966783
2966791
2966807
2966809
2966819
2966837
2966861
2966863
2966879
2966881
2966893
2966897
2966911
2966921
2966923
2966963
2966981
2966987
2967011
2967031
2967049
2967073
2967091
2967109
2967119
2967131
2967187
2967199
2967203
2967221
2967241
2967247
2967259
2967269
2967271
2967277
2967317
2967323
2967329
2967331
2967337
2967343
2967347
2967353
2967359
2967361
2967373
2967379
2967383
2967389
2967397
2967403
2967407
2967409
2967421
2967427
2967443
2967491
2967509
2967551
2967583
2967607
2967637
2967647
2967649
2967689
2967691
2967697
2967709
2967737
2967749
2967751
2967779
2967787
2967799
2967803
2967823
2967827
2967893
2967901
2967919
2967953
2967967
2967973
2967977
2967983
2968001
2968019
2968027
2968037
2968039
2968057
2968099
2968111
2968139
2968169
2968181
2968193
2968201
2968213
2968223
2968241
2968243
2968261
2968271
2968279
2968283
2968291
2968307
2968309
2968337
2968367
2968373
2968391
2968409
2968447
2968451
2968453
2968457
2968463
2968487
2968513
2968517
2968519
2968531
2968549
2968573
2968601
2968627
2968631
2968639
2968673
2968681
2968697
2968709
2968711
2968717
2968733
2968747
2968753
2968781
2968783
2968787
2968813
2968831
2968841
2968859
2968871
2968877
2968891
2968907
2968913
2968937
2968961
2968967
2969003
2969009
2969011
2969017
2969023
2969039
2969041
2969059
2969063
2969089
2969137
2969147
2969167
2969171
2969173
2969177
2969189
2969207
2969233
2969249
2969251
2969257
2969303
2969311
2969333
2969359
2969363
2969389
2969423
2969437
2969467
2969471
2969479
2969489
2969497
2969503
2969569
2969573
2969591
2969597
2969609
2969627
2969651
2969669
2969683
2969693
2969699
2969723
2969741
2969767
2969773
2969777
2969779
2969797
2969807
2969809
2969821
2969867
2969887
2969899
2969903
2969927
2969929
2969933
2969959
2969963
2969971
2969983
2969987
2970031
2970047
2970049
2970091
2970109
2970127
2970133
2970157
2970161
2970167
2970179
2970181
2970193
2970217
2970229
2970239
2970263
2970269
2970277
2970281
2970287
2970293
2970299
2970301
2970313
2970329
2970343
2970347
2970371
2970413
2970421
2970433
2970437
2970439
2970467
2970469
2970503
2970509
2970521
2970523
2970533
2970551
2970559
2970599
2970601
2970629
2970659
2970661
2970677
2970679
2970689
2970701
2970719
2970769
2970787
2970791
2970797
2970833
2970857
2970893
2970907
2970923
2970941
2970943
2970959
2970967
2970977
2970991
2971019
2971043
2971051
2971081
2971093
2971099
2971103
2971121
2971123
2971139
2971159
2971169
2971183
2971193
2971223
2971247
2971259
2971261
2971271
2971273
2971307
2971321
2971333
2971337
2971349
2971357
2971363
2971399
2971459
2971469
2971471
2971489
2971499
2971511
2971537
2971541
2971547
2971559
2971597
2971603
2971607
2971663
2971693
2971699
2971741
2971747
2971751
2971777
2971841
2971849
2971873
2971879
2971883
2971897
2971909
2971963
2971973
2971987
2971993
2972027
2972029
2972033
2972041
2972069
2972071
2972107
2972119
2972141
2972149
2972159
2972171
2972183
2972197
2972219
2972251
2972257
2972269
2972279
2972287
2972309
2972323
2972351
2972363
2972369
2972383
2972419
2972429
2972447
2972449
2972483
2972491
2972503
2972507
2972527
2972537
2972549
2972551
2972573
2972639
2972663
2972687
2972693
2972701
2972729
2972731
2972741
2972747
2972771
2972777
2972789
2972791
2972803
2972821
2972831
2972843
2972863
2972881
2972887
2972897
2972899
2972903
2972939
2972947
2972969
2972971
2973001
2973017
2973023
2973029
2973031
2973043
2973053
2973059
2973073
2973077
2973083
2973097
2973119
2973121
2973151
2973161
2973163
2973199
2973221
2973239
2973251
2973263
2973277
2973331
2973337
2973343
2973359
2973379
2973391
2973403
2973413
2973433
2973437
2973449
2973461
2973479
2973491
2973497
2973511
2973517
2973539
2973547
2973559
2973563
2973577
2973583
2973611
2973617
2973667
2973673
2973701
2973703
2973721
2973767
2973787
2973809
2973833
2973857
2973871
2973881
2973889
2973913
2973917
2973931
2973941
2973953
2973961
2974001
2974003
2974033
2974057
2974079
2974091
2974121
2974123
2974129
2974141
2974159
2974187
2974193
2974219
2974289
2974297
2974351
2974369
2974379
2974397
2974409
2974417
2974423
2974441
2974451
2974459
2974463
2974511
2974513
2974529
2974547
2974553
2974561
2974577
2974579
2974589
2974607
2974619
2974627
2974633
2974639
2974649
2974651
2974661
2974669
2974691
2974723
2974747
2974757
2974759
2974781
2974789
2974799
2974817
2974819
2974859
2974861
2974883
2974891
2974927
2974931
2974967
2974973
2974987
2974991
2974997
2974999
2975009
2975029
2975047
2975057
2975099
2975111
2975117
2975123
2975129
2975131
2975149
2975171
2975173
2975183
2975209
2975227
2975237
2975243
2975251
2975263
2975279
2975293
2975317
2975321
2975339
2975341
2975351
2975353
2975363
2975383
2975389
2975393
2975417
2975443
2975449
2975477
2975491
2975501
2975507
2975513
2975521
2975543
2975569
2975593
There are 1386 prime numbers in S287.
