S289(2996353~3017160)
2996377
2996387
2996393
2996419
2996443
2996449
2996453
2996479
2996489
2996507
2996527
2996531
2996537
2996557
2996561
2996563
2996603
2996611
2996629
2996633
2996663
2996671
2996681
2996683
2996717
2996729
2996761
2996783
2996789
2996803
2996809
2996827
2996857
2996891
2996893
2996899
2996909
2996933
2997011
2997017
2997019
2997031
2997067
2997077
2997089
2997091
2997101
2997109
2997131
2997133
2997157
2997209
2997221
2997227
2997233
2997263
2997271
2997277
2997283
2997301
2997311
2997329
2997341
2997361
2997373
2997409
2997413
2997419
2997439
2997443
2997451
2997461
2997473
2997499
2997503
2997509
2997523
2997529
2997557
2997563
2997583
2997587
2997619
2997623
2997637
2997641
2997653
2997667
2997689
2997719
2997721
2997727
2997737
2997767
2997769
2997773
2997779
2997811
2997821
2997823
2997829
2997847
2997853
2997857
2997859
2997871
2997887
2997893
2997901
2997913
2997919
2997947
2997949
2997959
2997977
2997997
2998007
2998013
2998019
2998031
2998063
2998081
2998097
2998109
2998111
2998133
2998139
2998141
2998153
2998159
2998169
2998187
2998199
2998201
2998213
2998217
2998231
2998241
2998243
2998253
2998279
2998291
2998301
2998313
2998319
2998337
2998357
2998363
2998381
2998393
2998399
2998403
2998417
2998421
2998423
2998483
2998531
2998549
2998573
2998601
2998631
2998649
2998651
2998657
2998663
2998679
2998693
2998729
2998747
2998753
2998759
2998771
2998811
2998823
2998829
2998837
2998841
2998859
2998867
2998883
2998921
2998927
2998937
2998939
2998981
2998991
2998997
2998999
2999041
2999047
2999063
2999069
2999071
2999099
2999107
2999119
2999141
2999167
2999173
2999189
2999231
2999233
2999251
2999261
2999263
2999287
2999299
2999303
2999333
2999357
2999387
2999401
2999411
2999417
2999443
2999459
2999461
2999483
2999509
2999539
2999543
2999569
2999597
2999603
2999609
2999611
2999617
2999629
2999639
2999651
2999677
2999693
2999707
2999767
2999783
2999807
2999813
2999819
2999827
2999831
2999833
2999851
2999863
2999873
2999879
2999897
2999903
2999911
2999921
2999933
2999951
2999957
2999999
3000017
3000029
3000047
3000061
3000073
3000077
3000089
3000103
3000131
3000133
3000161
3000181
3000199
3000223
3000229
3000251
3000289
3000299
3000301
3000317
3000331
3000343
3000359
3000377
3000379
3000409
3000463
3000469
3000479
3000523
3000539
3000541
3000553
3000607
3000611
3000617
3000637
3000643
3000671
3000677
3000709
3000733
3000743
3000757
3000761
3000779
3000791
3000797
3000821
3000847
3000859
3000869
3000887
3000919
3000929
3000931
3000947
3000953
3000961
3000967
3000979
3000983
3001001
3001003
3001021
3001049
3001057
3001067
3001073
3001081
3001087
3001121
3001127
3001133
3001147
3001151
3001171
3001213
3001217
3001223
3001237
3001253
3001267
3001283
3001291
3001303
3001321
3001351
3001387
3001421
3001423
3001429
3001441
3001459
3001463
3001489
3001499
3001501
3001543
3001547
3001553
3001577
3001591
3001597
3001613
3001631
3001633
3001643
3001657
3001681
3001697
3001711
3001721
3001727
3001759
3001769
3001777
3001811
3001837
3001853
3001879
3001883
3001907
3001909
3001919
3001927
3001931
3001939
3001963
3001991
3002003
3002039
3002089
3002101
3002107
3002113
3002117
3002123
3002147
3002161
3002173
3002177
3002189
3002191
3002221
3002231
3002239
3002243
3002269
3002273
3002281
3002327
3002369
3002393
3002401
3002411
3002413
3002429
3002431
3002449
3002453
3002459
3002473
3002491
3002507
3002509
3002521
3002533
3002537
3002599
3002611
3002617
3002621
3002639
3002641
3002653
3002663
3002669
3002677
3002683
3002723
3002729
3002737
3002743
3002773
3002789
3002801
3002807
3002833
3002843
3002849
3002861
3002891
3002899
3002911
3002917
3002933
3002953
3002977
3002981
3003017
3003029
3003043
3003053
3003061
3003071
3003073
3003079
3003113
3003131
3003149
3003157
3003167
3003173
3003181
3003191
3003223
3003227
3003233
3003241
3003251
3003257
3003281
3003307
3003323
3003331
3003337
3003353
3003359
3003367
3003379
3003389
3003391
3003397
3003419
3003431
3003433
3003449
3003461
3003487
3003491
3003499
3003527
3003529
3003551
3003557
3003569
3003571
3003607
3003641
3003643
3003647
3003673
3003703
3003709
3003719
3003739
3003743
3003757
3003761
3003773
3003779
3003787
3003821
3003827
3003859
3003863
3003887
3003899
3003941
3003943
3003967
3003971
3003977
3003997
3004013
3004037
3004049
3004051
3004061
3004063
3004091
3004097
3004123
3004151
3004153
3004159
3004181
3004217
3004229
3004231
3004271
3004277
3004279
3004301
3004307
3004319
3004321
3004327
3004343
3004349
3004361
3004369
3004387
3004403
3004409
3004423
3004493
3004499
3004523
3004531
3004537
3004543
3004549
3004553
3004583
3004591
3004633
3004637
3004643
3004669
3004681
3004723
3004741
3004759
3004787
3004829
3004847
3004867
3004877
3004901
3004909
3004913
3004919
3004943
3004957
3004961
3004979
3004987
3004993
3005011
3005027
3005033
3005063
3005071
3005083
3005087
3005117
3005129
3005131
3005147
3005161
3005179
3005207
3005213
3005221
3005237
3005267
3005269
3005279
3005281
3005291
3005293
3005297
3005329
3005339
3005377
3005381
3005383
3005393
3005417
3005449
3005459
3005489
3005491
3005503
3005507
3005521
3005551
3005573
3005579
3005581
3005599
3005609
3005623
3005627
3005633
3005671
3005677
3005693
3005701
3005711
3005731
3005747
3005749
3005771
3005773
3005809
3005831
3005839
3005851
3005881
3005909
3005911
3005929
3005941
3005953
3005969
3005983
3005987
3005999
3006013
3006037
3006119
3006121
3006151
3006193
3006233
3006239
3006247
3006277
3006299
3006301
3006317
3006323
3006347
3006371
3006383
3006391
3006397
3006413
3006439
3006457
3006461
3006469
3006511
3006529
3006533
3006551
3006599
3006623
3006631
3006649
3006667
3006677
3006701
3006713
3006719
3006733
3006737
3006761
3006763
3006781
3006791
3006793
3006821
3006823
3006827
3006847
3006851
3006881
3006901
3006917
3006937
3006967
3006973
3006989
3007001
3007003
3007009
3007019
3007049
3007057
3007091
3007129
3007139
3007141
3007153
3007159
3007177
3007183
3007189
3007219
3007223
3007229
3007241
3007247
3007253
3007261
3007297
3007313
3007321
3007327
3007349
3007369
3007373
3007393
3007409
3007421
3007423
3007447
3007469
3007481
3007493
3007507
3007531
3007541
3007547
3007573
3007583
3007603
3007607
3007621
3007633
3007639
3007661
3007709
3007717
3007723
3007747
3007777
3007783
3007787
3007789
3007811
3007813
3007843
3007847
3007853
3007889
3007897
3007919
3007937
3007957
3007969
3007973
3007981
3007987
3008011
3008017
3008021
3008029
3008041
3008053
3008077
3008087
3008107
3008113
3008119
3008149
3008179
3008189
3008191
3008197
3008207
3008219
3008221
3008267
3008273
3008281
3008311
3008339
3008347
3008353
3008363
3008389
3008393
3008417
3008419
3008429
3008437
3008449
3008477
3008513
3008521
3008543
3008563
3008567
3008569
3008617
3008623
3008633
3008641
3008659
3008683
3008693
3008713
3008723
3008741
3008743
3008773
3008801
3008807
3008809
3008827
3008849
3008857
3008861
3008879
3008911
3008921
3008923
3008981
3009023
3009043
3009089
3009091
3009101
3009103
3009131
3009137
3009151
3009157
3009203
3009233
3009241
3009271
3009311
3009317
3009319
3009329
3009337
3009341
3009361
3009371
3009373
3009379
3009397
3009401
3009407
3009421
3009431
3009437
3009443
3009451
3009473
3009491
3009541
3009553
3009563
3009577
3009593
3009607
3009631
3009637
3009659
3009683
3009689
3009701
3009703
3009709
3009719
3009749
3009751
3009779
3009781
3009827
3009857
3009859
3009887
3009899
3009907
3009931
3009953
3009959
3009967
3009971
3009973
3009977
3009991
3010001
3010013
3010019
3010039
3010067
3010093
3010123
3010153
3010157
3010177
3010181
3010199
3010213
3010219
3010279
3010291
3010297
3010313
3010339
3010349
3010363
3010367
3010391
3010457
3010459
3010463
3010477
3010481
3010489
3010499
3010517
3010523
3010529
3010537
3010541
3010543
3010583
3010591
3010597
3010621
3010633
3010639
3010643
3010669
3010673
3010681
3010691
3010697
3010699
3010703
3010729
3010757
3010807
3010811
3010831
3010841
3010871
3010901
3010939
3010951
3010957
3010967
3010979
3010981
3011003
3011009
3011011
3011017
3011027
3011051
3011053
3011077
3011083
3011093
3011117
3011119
3011131
3011147
3011167
3011179
3011189
3011191
3011209
3011213
3011219
3011221
3011231
3011237
3011251
3011257
3011263
3011279
3011287
3011293
3011299
3011311
3011341
3011369
3011377
3011383
3011399
3011429
3011441
3011453
3011483
3011507
3011527
3011531
3011543
3011549
3011581
3011587
3011599
3011627
3011629
3011641
3011647
3011653
3011663
3011707
3011711
3011741
3011759
3011791
3011797
3011803
3011809
3011843
3011857
3011881
3011887
3011909
3011917
3011923
3011927
3011951
3011959
3011963
3011971
3011989
3012001
3012007
3012017
3012019
3012041
3012049
3012067
3012071
3012073
3012101
3012109
3012131
3012137
3012161
3012169
3012181
3012187
3012209
3012211
3012221
3012223
3012227
3012271
3012283
3012323
3012337
3012343
3012353
3012367
3012377
3012389
3012409
3012413
3012419
3012421
3012437
3012439
3012461
3012473
3012479
3012497
3012509
3012511
3012523
3012533
3012539
3012551
3012571
3012589
3012593
3012619
3012629
3012641
3012649
3012683
3012719
3012727
3012769
3012809
3012827
3012871
3012883
3012899
3012901
3012907
3012913
3012937
3012941
3012949
3012979
3012991
3013007
3013019
3013037
3013051
3013067
3013081
3013091
3013099
3013147
3013151
3013159
3013177
3013193
3013211
3013237
3013259
3013271
3013277
3013289
3013313
3013319
3013321
3013331
3013337
3013349
3013357
3013379
3013427
3013433
3013447
3013463
3013489
3013501
3013519
3013531
3013553
3013559
3013567
3013579
3013601
3013639
3013643
3013663
3013669
3013691
3013697
3013721
3013733
3013753
3013783
3013817
3013841
3013847
3013853
3013859
3013873
3013889
3013919
3013957
3013963
3013973
3013987
3013991
3014003
3014009
3014041
3014047
3014051
3014059
3014093
3014107
3014119
3014147
3014153
3014159
3014189
3014191
3014201
3014203
3014227
3014237
3014239
3014261
3014273
3014281
3014299
3014303
3014371
3014377
3014383
3014387
3014393
3014399
3014461
3014497
3014513
3014537
3014549
3014551
3014563
3014567
3014573
3014581
3014611
3014617
3014621
3014629
3014639
3014647
3014653
3014659
3014699
3014701
3014741
3014743
3014747
3014777
3014779
3014789
3014801
3014813
3014819
3014839
3014881
3014887
3014903
3014911
3014923
3014929
3014941
3014981
3014983
3014989
3015007
3015037
3015059
3015071
3015109
3015113
3015121
3015127
3015161
3015163
3015197
3015209
3015211
3015247
3015269
3015283
3015293
3015301
3015343
3015349
3015373
3015403
3015407
3015421
3015437
3015487
3015497
3015503
3015517
3015521
3015527
3015539
3015577
3015589
3015601
3015619
3015637
3015643
3015671
3015689
3015697
3015721
3015757
3015763
3015769
3015787
3015791
3015799
3015809
3015811
3015839
3015841
3015847
3015863
3015877
3015893
3015899
3015911
3015937
3015997
3016007
3016019
3016031
3016033
3016043
3016049
3016051
3016061
3016067
3016093
3016099
3016103
3016133
3016147
3016171
3016199
3016201
3016219
3016229
3016241
3016249
3016291
3016301
3016337
3016367
3016379
3016399
3016417
3016483
3016523
3016529
3016543
3016547
3016549
3016583
3016589
3016613
3016621
3016627
3016639
3016679
3016691
3016693
3016697
3016709
3016747
3016753
3016757
3016759
3016777
3016781
3016817
3016823
3016859
3016879
3016901
3016907
3016921
3016927
3016963
3016997
3017023
3017033
3017051
3017081
3017087
3017093
3017099
3017129
3017159
There are 1397 prime numbers in S289.
