S290(3017161~3038040)
3017167
3017171
3017191
3017207
3017233
3017249
3017251
3017263
3017281
3017291
3017297
3017303
3017317
3017321
3017327
3017341
3017351
3017359
3017369
3017411
3017419
3017423
3017459
3017471
3017489
3017491
3017519
3017527
3017543
3017557
3017569
3017579
3017587
3017593
3017603
3017617
3017627
3017671
3017681
3017689
3017701
3017717
3017719
3017741
3017743
3017753
3017759
3017771
3017801
3017809
3017821
3017837
3017849
3017851
3017867
3017897
3017921
3017929
3017947
3017957
3017983
3017999
3018013
3018019
3018023
3018031
3018047
3018091
3018121
3018137
3018161
3018173
3018181
3018187
3018217
3018227
3018229
3018241
3018277
3018289
3018307
3018311
3018317
3018329
3018347
3018413
3018427
3018437
3018467
3018479
3018487
3018493
3018517
3018527
3018529
3018539
3018559
3018583
3018593
3018601
3018607
3018629
3018637
3018647
3018649
3018661
3018667
3018679
3018683
3018703
3018709
3018733
3018803
3018881
3018919
3018947
3018949
3018989
3019019
3019031
3019057
3019063
3019067
3019091
3019109
3019111
3019127
3019151
3019153
3019169
3019201
3019213
3019229
3019241
3019243
3019253
3019259
3019273
3019283
3019333
3019337
3019339
3019349
3019351
3019361
3019381
3019391
3019397
3019411
3019453
3019469
3019481
3019501
3019507
3019529
3019571
3019573
3019579
3019603
3019619
3019633
3019657
3019661
3019663
3019697
3019711
3019717
3019721
3019729
3019763
3019769
3019777
3019787
3019801
3019811
3019837
3019853
3019867
3019873
3019883
3019921
3019949
3019957
3019967
3019981
3020021
3020023
3020027
3020077
3020117
3020119
3020123
3020161
3020167
3020177
3020189
3020201
3020219
3020231
3020233
3020239
3020261
3020279
3020309
3020317
3020323
3020327
3020333
3020351
3020357
3020359
3020371
3020389
3020399
3020401
3020431
3020443
3020471
3020491
3020497
3020513
3020527
3020533
3020539
3020551
3020557
3020579
3020581
3020587
3020599
3020617
3020651
3020653
3020657
3020683
3020687
3020701
3020761
3020767
3020779
3020783
3020789
3020803
3020807
3020819
3020827
3020833
3020851
3020869
3020873
3020891
3020893
3020911
3020923
3020929
3020957
3020971
3020989
3020993
3020999
3021001
3021059
3021061
3021077
3021079
3021089
3021091
3021101
3021107
3021131
3021157
3021163
3021169
3021173
3021241
3021313
3021367
3021373
3021377
3021407
3021419
3021439
3021463
3021467
3021479
3021493
3021497
3021503
3021509
3021523
3021527
3021541
3021553
3021569
3021581
3021587
3021611
3021619
3021643
3021649
3021691
3021701
3021719
3021727
3021737
3021751
3021761
3021769
3021773
3021797
3021833
3021839
3021847
3021853
3021871
3021881
3021883
3021913
3021919
3021923
3021929
3021943
3021979
3021983
3021989
3022027
3022031
3022043
3022067
3022079
3022081
3022087
3022091
3022163
3022171
3022181
3022189
3022207
3022211
3022237
3022249
3022259
3022267
3022289
3022297
3022307
3022309
3022339
3022343
3022363
3022373
3022391
3022403
3022441
3022457
3022471
3022477
3022507
3022517
3022543
3022601
3022661
3022667
3022681
3022687
3022693
3022697
3022751
3022759
3022769
3022801
3022813
3022819
3022823
3022837
3022847
3022849
3022853
3022861
3022871
3022883
3022907
3022909
3022933
3022949
3022963
3023017
3023039
3023057
3023077
3023081
3023113
3023123
3023129
3023177
3023183
3023191
3023197
3023257
3023303
3023309
3023329
3023341
3023347
3023351
3023353
3023357
3023401
3023417
3023429
3023437
3023443
3023477
3023479
3023497
3023507
3023513
3023519
3023543
3023549
3023561
3023563
3023599
3023617
3023621
3023623
3023633
3023653
3023659
3023681
3023687
3023689
3023701
3023723
3023729
3023747
3023749
3023759
3023821
3023843
3023849
3023851
3023861
3023887
3023897
3023903
3023921
3023947
3023959
3023963
3023981
3023989
3024013
3024023
3024071
3024083
3024101
3024137
3024157
3024167
3024187
3024191
3024193
3024209
3024221
3024227
3024311
3024337
3024341
3024349
3024377
3024407
3024409
3024433
3024443
3024449
3024451
3024457
3024481
3024493
3024499
3024533
3024547
3024583
3024599
3024607
3024617
3024643
3024649
3024653
3024677
3024683
3024689
3024709
3024733
3024737
3024739
3024767
3024797
3024803
3024809
3024817
3024821
3024829
3024839
3024841
3024863
3024877
3024881
3024899
3024907
3024941
3024943
3024947
3024953
3024977
3024979
3024991
3025003
3025027
3025037
3025049
3025069
3025079
3025109
3025111
3025129
3025153
3025159
3025163
3025177
3025207
3025219
3025241
3025261
3025271
3025277
3025291
3025301
3025307
3025327
3025331
3025357
3025361
3025369
3025387
3025409
3025423
3025459
3025471
3025487
3025499
3025511
3025559
3025567
3025571
3025577
3025619
3025651
3025667
3025669
3025679
3025681
3025691
3025699
3025703
3025709
3025739
3025741
3025747
3025793
3025819
3025837
3025849
3025871
3025909
3025927
3025961
3025963
3025973
3025987
3025999
3026021
3026053
3026057
3026059
3026071
3026077
3026081
3026113
3026123
3026129
3026131
3026143
3026147
3026159
3026173
3026183
3026197
3026203
3026213
3026227
3026249
3026279
3026293
3026299
3026321
3026329
3026351
3026369
3026371
3026389
3026417
3026423
3026431
3026473
3026477
3026483
3026503
3026509
3026521
3026531
3026539
3026549
3026581
3026587
3026609
3026633
3026669
3026677
3026687
3026707
3026717
3026767
3026773
3026783
3026789
3026827
3026831
3026839
3026843
3026851
3026857
3026873
3026879
3026893
3026897
3026911
3026917
3026921
3026929
3026951
3026953
3026957
3026971
3026977
3026987
3026999
3027001
3027041
3027047
3027077
3027083
3027121
3027131
3027133
3027161
3027163
3027169
3027179
3027187
3027221
3027263
3027287
3027293
3027301
3027319
3027337
3027347
3027361
3027371
3027373
3027379
3027389
3027391
3027407
3027419
3027439
3027457
3027461
3027469
3027473
3027487
3027503
3027509
3027523
3027527
3027533
3027539
3027617
3027623
3027637
3027643
3027659
3027719
3027733
3027737
3027749
3027763
3027769
3027793
3027799
3027811
3027823
3027839
3027851
3027901
3027907
3027917
3027971
3028001
3028007
3028021
3028027
3028031
3028033
3028063
3028073
3028099
3028121
3028141
3028147
3028153
3028171
3028177
3028213
3028217
3028229
3028241
3028247
3028271
3028313
3028321
3028331
3028343
3028349
3028357
3028379
3028423
3028427
3028453
3028457
3028469
3028471
3028489
3028507
3028511
3028517
3028523
3028537
3028541
3028559
3028577
3028583
3028591
3028603
3028609
3028621
3028639
3028643
3028651
3028667
3028681
3028691
3028699
3028721
3028747
3028763
3028769
3028799
3028807
3028811
3028813
3028819
3028841
3028867
3028871
3028891
3028903
3028913
3028943
3028969
3028973
3028997
3029017
3029023
3029051
3029071
3029083
3029087
3029099
3029101
3029141
3029167
3029171
3029177
3029183
3029239
3029249
3029263
3029287
3029309
3029329
3029339
3029359
3029381
3029401
3029419
3029447
3029459
3029483
3029501
3029561
3029563
3029581
3029603
3029623
3029633
3029647
3029711
3029713
3029731
3029753
3029771
3029779
3029801
3029837
3029843
3029857
3029861
3029863
3029867
3029947
3029953
3029959
3029963
3029969
3029981
3030017
3030019
3030031
3030037
3030047
3030107
3030113
3030119
3030127
3030143
3030149
3030151
3030163
3030179
3030191
3030193
3030197
3030217
3030221
3030229
3030241
3030259
3030277
3030283
3030289
3030317
3030331
3030353
3030359
3030371
3030373
3030383
3030389
3030407
3030409
3030431
3030463
3030473
3030479
3030497
3030509
3030523
3030551
3030553
3030581
3030619
3030623
3030661
3030667
3030673
3030689
3030691
3030719
3030739
3030749
3030767
3030791
3030799
3030803
3030817
3030821
3030829
3030847
3030857
3030869
3030893
3030931
3030949
3030953
3030971
3030997
3031001
3031019
3031031
3031043
3031069
3031079
3031103
3031121
3031129
3031141
3031157
3031163
3031169
3031177
3031183
3031201
3031247
3031267
3031271
3031291
3031319
3031333
3031337
3031351
3031381
3031387
3031403
3031421
3031463
3031481
3031489
3031519
3031529
3031531
3031537
3031571
3031577
3031579
3031603
3031619
3031657
3031667
3031681
3031687
3031711
3031727
3031753
3031757
3031793
3031799
3031807
3031813
3031823
3031841
3031843
3031867
3031901
3031927
3031937
3031949
3031957
3031969
3031981
3031999
3032033
3032041
3032047
3032063
3032083
3032087
3032089
3032093
3032119
3032143
3032149
3032177
3032179
3032207
3032209
3032213
3032233
3032243
3032279
3032287
3032321
3032333
3032357
3032363
3032369
3032377
3032383
3032399
3032417
3032429
3032431
3032441
3032453
3032459
3032467
3032531
3032537
3032543
3032551
3032567
3032569
3032591
3032593
3032599
3032611
3032641
3032651
3032669
3032677
3032693
3032717
3032759
3032767
3032773
3032789
3032801
3032831
3032839
3032867
3032879
3032917
3032921
3032933
3032963
3032969
3032971
3032983
3032993
3032999
3033007
3033011
3033053
3033059
3033061
3033067
3033073
3033097
3033101
3033161
3033167
3033169
3033181
3033187
3033229
3033253
3033269
3033281
3033301
3033307
3033323
3033341
3033353
3033383
3033389
3033403
3033409
3033413
3033419
3033431
3033449
3033473
3033509
3033517
3033529
3033533
3033551
3033571
3033581
3033587
3033643
3033647
3033671
3033689
3033697
3033703
3033707
3033727
3033731
3033739
3033757
3033761
3033763
3033781
3033791
3033847
3033851
3033859
3033881
3033883
3033911
3033913
3033917
3033931
3033941
3033971
3033983
3034013
3034019
3034027
3034033
3034049
3034069
3034093
3034117
3034127
3034133
3034151
3034159
3034169
3034189
3034217
3034219
3034253
3034261
3034289
3034301
3034307
3034331
3034349
3034351
3034379
3034403
3034439
3034441
3034453
3034457
3034463
3034487
3034489
3034501
3034511
3034513
3034523
3034529
3034543
3034561
3034573
3034579
3034607
3034613
3034657
3034667
3034679
3034693
3034709
3034711
3034739
3034751
3034769
3034771
3034793
3034819
3034831
3034853
3034859
3034883
3034903
3034907
3034909
3034921
3034951
3034973
3034979
3034987
3035009
3035017
3035029
3035047
3035051
3035059
3035063
3035083
3035099
3035113
3035143
3035183
3035191
3035203
3035239
3035273
3035341
3035371
3035381
3035387
3035407
3035419
3035437
3035441
3035453
3035467
3035477
3035479
3035507
3035531
3035561
3035579
3035581
3035587
3035647
3035653
3035677
3035693
3035713
3035717
3035723
3035731
3035743
3035761
3035771
3035779
3035789
3035803
3035819
3035821
3035833
3035863
3035869
3035873
3035939
3035947
3035957
3035969
3035983
3035993
3036001
3036037
3036043
3036053
3036073
3036119
3036127
3036151
3036167
3036193
3036221
3036269
3036281
3036283
3036287
3036301
3036343
3036349
3036367
3036379
3036401
3036427
3036431
3036433
3036461
3036463
3036491
3036497
3036499
3036511
3036521
3036533
3036547
3036569
3036571
3036577
3036589
3036601
3036613
3036643
3036661
3036731
3036739
3036757
3036797
3036799
3036809
3036823
3036833
3036857
3036871
3036881
3036899
3036919
3036937
3036949
3036959
3036983
3037009
3037031
3037049
3037057
3037079
3037087
3037109
3037121
3037147
3037159
3037183
3037189
3037193
3037201
3037213
3037217
3037231
3037247
3037259
3037267
3037273
3037277
3037297
3037319
3037343
3037369
3037393
3037399
3037417
3037421
3037423
3037429
3037453
3037501
3037513
3037519
3037523
3037561
3037583
3037591
3037607
3037613
3037631
3037637
3037669
3037673
3037681
3037687
3037691
3037703
3037709
3037711
3037753
3037757
3037763
3037789
3037799
3037807
3037819
3037823
3037829
3037843
3037871
3037873
3037889
3037901
3037919
3037921
3037927
3037933
3037963
3037973
3037999
3038003
3038017
3038023
3038027
3038039
There are 1383 prime numbers in S290.
