S293(3080017~3101112)
3080017
3080029
3080039
3080093
3080107
3080113
3080117
3080123
3080141
3080149
3080153
3080159
3080167
3080237
3080243
3080251
3080263
3080269
3080291
3080303
3080347
3080353
3080359
3080369
3080387
3080393
3080401
3080419
3080431
3080443
3080461
3080479
3080503
3080507
3080513
3080531
3080543
3080549
3080569
3080573
3080633
3080647
3080653
3080669
3080677
3080713
3080729
3080743
3080747
3080771
3080783
3080789
3080797
3080807
3080809
3080813
3080839
3080843
3080849
3080867
3080881
3080887
3080911
3080933
3080939
3080941
3080947
3080951
3080963
3080969
3080971
3080981
3081007
3081017
3081031
3081037
3081053
3081061
3081073
3081083
3081107
3081119
3081137
3081139
3081151
3081161
3081181
3081203
3081217
3081223
3081259
3081271
3081311
3081313
3081319
3081343
3081347
3081349
3081361
3081373
3081389
3081391
3081413
3081433
3081443
3081467
3081479
3081497
3081499
3081503
3081523
3081577
3081581
3081583
3081599
3081643
3081677
3081691
3081697
3081703
3081713
3081719
3081721
3081731
3081737
3081751
3081761
3081763
3081779
3081797
3081809
3081817
3081823
3081833
3081851
3081877
3081901
3081907
3081919
3081937
3081943
3081959
3082021
3082031
3082073
3082087
3082103
3082127
3082129
3082139
3082169
3082171
3082187
3082231
3082241
3082259
3082267
3082271
3082291
3082309
3082327
3082333
3082367
3082393
3082397
3082441
3082451
3082463
3082477
3082489
3082511
3082517
3082523
3082543
3082567
3082577
3082591
3082601
3082649
3082657
3082663
3082669
3082697
3082699
3082711
3082721
3082727
3082741
3082747
3082771
3082801
3082841
3082843
3082873
3082889
3082901
3082907
3082909
3082939
3082949
3082993
3082999
3083021
3083023
3083029
3083039
3083071
3083083
3083089
3083131
3083141
3083147
3083161
3083177
3083189
3083191
3083203
3083209
3083221
3083231
3083233
3083237
3083279
3083293
3083303
3083329
3083359
3083369
3083371
3083383
3083387
3083389
3083417
3083467
3083473
3083503
3083513
3083519
3083537
3083581
3083621
3083627
3083653
3083683
3083693
3083701
3083711
3083713
3083737
3083741
3083767
3083779
3083803
3083813
3083827
3083837
3083869
3083879
3083881
3083891
3083929
3083957
3083959
3083963
3083981
3084013
3084019
3084041
3084049
3084073
3084079
3084083
3084101
3084127
3084149
3084163
3084173
3084203
3084217
3084223
3084227
3084247
3084287
3084317
3084329
3084331
3084371
3084377
3084391
3084413
3084427
3084437
3084443
3084451
3084467
3084481
3084491
3084493
3084509
3084511
3084569
3084581
3084583
3084607
3084611
3084617
3084619
3084629
3084637
3084647
3084649
3084673
3084689
3084721
3084733
3084743
3084749
3084797
3084833
3084839
3084847
3084857
3084869
3084877
3084883
3084889
3084901
3084911
3084929
3084931
3084937
3084941
3084943
3084947
3084979
3084989
3085001
3085009
3085037
3085039
3085057
3085063
3085067
3085073
3085123
3085129
3085139
3085189
3085231
3085237
3085259
3085273
3085297
3085307
3085309
3085321
3085331
3085333
3085349
3085351
3085367
3085403
3085421
3085451
3085457
3085471
3085477
3085487
3085493
3085499
3085531
3085547
3085553
3085561
3085567
3085591
3085601
3085603
3085609
3085613
3085631
3085633
3085639
3085673
3085711
3085717
3085727
3085739
3085741
3085751
3085769
3085787
3085793
3085813
3085843
3085903
3085921
3085931
3085949
3085963
3085969
3086003
3086009
3086011
3086021
3086033
3086047
3086063
3086077
3086089
3086099
3086101
3086107
3086131
3086141
3086159
3086177
3086179
3086183
3086191
3086219
3086261
3086269
3086287
3086309
3086311
3086353
3086359
3086371
3086389
3086407
3086423
3086437
3086471
3086507
3086527
3086533
3086549
3086563
3086579
3086599
3086617
3086621
3086627
3086641
3086653
3086693
3086711
3086717
3086729
3086737
3086749
3086779
3086791
3086801
3086813
3086861
3086903
3086933
3086957
3086959
3086971
3086977
3086981
3086983
3086999
3087023
3087031
3087053
3087059
3087061
3087089
3087103
3087107
3087109
3087113
3087167
3087173
3087179
3087181
3087199
3087209
3087211
3087223
3087229
3087233
3087239
3087281
3087283
3087307
3087323
3087349
3087373
3087407
3087419
3087431
3087437
3087439
3087449
3087457
3087463
3087467
3087473
3087479
3087509
3087521
3087533
3087547
3087559
3087583
3087599
3087619
3087649
3087653
3087661
3087673
3087703
3087731
3087737
3087739
3087743
3087757
3087767
3087769
3087793
3087811
3087839
3087841
3087857
3087859
3087869
3087871
3087893
3087901
3087907
3087923
3087943
3087961
3087971
3087977
3087979
3087989
3087991
3088009
3088021
3088039
3088061
3088073
3088081
3088087
3088091
3088093
3088121
3088139
3088147
3088159
3088171
3088199
3088201
3088213
3088219
3088289
3088291
3088307
3088321
3088333
3088343
3088357
3088367
3088381
3088387
3088399
3088439
3088447
3088451
3088453
3088457
3088483
3088487
3088493
3088517
3088537
3088559
3088573
3088607
3088609
3088619
3088627
3088639
3088643
3088667
3088669
3088691
3088711
3088717
3088721
3088741
3088753
3088783
3088801
3088807
3088823
3088837
3088843
3088847
3088859
3088861
3088873
3088879
3088913
3088931
3088949
3088957
3088961
3088973
3089027
3089029
3089059
3089069
3089083
3089117
3089123
3089131
3089143
3089147
3089171
3089173
3089183
3089221
3089231
3089237
3089239
3089269
3089293
3089311
3089321
3089323
3089327
3089329
3089369
3089371
3089377
3089407
3089431
3089441
3089447
3089459
3089477
3089479
3089483
3089497
3089501
3089519
3089531
3089539
3089549
3089557
3089561
3089587
3089591
3089621
3089627
3089629
3089633
3089641
3089657
3089663
3089687
3089693
3089701
3089717
3089729
3089731
3089753
3089789
3089791
3089803
3089857
3089881
3089887
3089899
3089909
3089923
3089941
3089959
3089993
3090011
3090013
3090019
3090067
3090071
3090079
3090089
3090097
3090127
3090161
3090181
3090187
3090193
3090221
3090223
3090229
3090233
3090247
3090253
3090287
3090289
3090301
3090313
3090319
3090337
3090371
3090383
3090389
3090397
3090431
3090449
3090463
3090469
3090473
3090491
3090497
3090511
3090523
3090551
3090587
3090599
3090613
3090641
3090653
3090679
3090697
3090713
3090727
3090743
3090757
3090761
3090779
3090781
3090817
3090827
3090839
3090851
3090853
3090877
3090887
3090959
3090961
3090973
3091001
3091007
3091009
3091019
3091021
3091027
3091037
3091057
3091087
3091111
3091117
3091147
3091159
3091171
3091181
3091201
3091213
3091217
3091219
3091259
3091261
3091267
3091273
3091279
3091321
3091327
3091367
3091373
3091379
3091381
3091391
3091393
3091397
3091409
3091421
3091427
3091457
3091463
3091481
3091483
3091489
3091493
3091511
3091549
3091559
3091573
3091577
3091579
3091589
3091607
3091633
3091639
3091643
3091703
3091721
3091727
3091733
3091741
3091747
3091763
3091799
3091811
3091817
3091819
3091853
3091873
3091883
3091897
3091901
3091903
3091919
3091939
3091961
3091973
3091987
3091997
3092017
3092021
3092039
3092057
3092071
3092077
3092093
3092101
3092107
3092119
3092137
3092171
3092203
3092209
3092213
3092237
3092279
3092291
3092321
3092347
3092359
3092363
3092371
3092387
3092389
3092393
3092399
3092413
3092447
3092491
3092503
3092513
3092539
3092549
3092561
3092563
3092567
3092569
3092581
3092587
3092597
3092629
3092669
3092681
3092699
3092701
3092711
3092717
3092723
3092729
3092731
3092767
3092783
3092797
3092813
3092851
3092857
3092891
3092893
3092909
3092951
3092959
3092977
3092981
3092983
3092989
3092993
3093011
3093043
3093047
3093059
3093061
3093071
3093113
3093121
3093131
3093137
3093151
3093173
3093197
3093199
3093203
3093217
3093221
3093241
3093253
3093271
3093281
3093283
3093317
3093319
3093331
3093359
3093361
3093383
3093407
3093421
3093479
3093481
3093487
3093511
3093527
3093539
3093581
3093589
3093611
3093613
3093617
3093641
3093647
3093689
3093703
3093709
3093733
3093743
3093763
3093767
3093803
3093817
3093823
3093841
3093851
3093863
3093887
3093889
3093899
3093913
3093917
3093919
3093931
3093943
3093947
3093971
3093973
3093989
3094027
3094033
3094037
3094043
3094061
3094067
3094073
3094099
3094111
3094123
3094129
3094163
3094181
3094241
3094243
3094277
3094291
3094297
3094303
3094309
3094331
3094361
3094411
3094417
3094423
3094439
3094453
3094457
3094463
3094471
3094501
3094523
3094541
3094573
3094607
3094633
3094661
3094669
3094687
3094709
3094711
3094747
3094757
3094769
3094783
3094787
3094789
3094801
3094807
3094813
3094849
3094859
3094873
3094877
3094907
3094913
3094951
3094991
3095063
3095069
3095077
3095101
3095107
3095111
3095123
3095149
3095203
3095221
3095227
3095231
3095237
3095243
3095263
3095291
3095311
3095321
3095327
3095329
3095341
3095353
3095357
3095369
3095429
3095437
3095453
3095471
3095483
3095497
3095503
3095507
3095539
3095551
3095557
3095563
3095579
3095597
3095611
3095621
3095627
3095641
3095647
3095681
3095707
3095713
3095723
3095747
3095759
3095761
3095791
3095797
3095801
3095809
3095821
3095839
3095849
3095863
3095867
3095893
3095899
3095903
3095941
3095959
3095969
3095971
3095977
3095999
3096017
3096047
3096059
3096061
3096073
3096083
3096103
3096109
3096151
3096157
3096161
3096167
3096169
3096173
3096179
3096199
3096209
3096217
3096229
3096251
3096253
3096257
3096277
3096287
3096319
3096323
3096349
3096377
3096389
3096391
3096403
3096409
3096413
3096427
3096433
3096437
3096439
3096461
3096463
3096479
3096491
3096529
3096547
3096551
3096553
3096571
3096589
3096617
3096619
3096623
3096629
3096637
3096659
3096661
3096679
3096701
3096719
3096727
3096739
3096757
3096811
3096827
3096889
3096911
3096913
3096917
3096959
3096967
3096983
3097001
3097021
3097027
3097033
3097049
3097051
3097079
3097097
3097103
3097121
3097123
3097141
3097151
3097169
3097177
3097183
3097187
3097207
3097223
3097261
3097271
3097273
3097279
3097291
3097309
3097319
3097327
3097363
3097439
3097469
3097481
3097483
3097487
3097499
3097531
3097537
3097541
3097547
3097631
3097639
3097649
3097687
3097711
3097727
3097739
3097769
3097777
3097781
3097789
3097793
3097813
3097841
3097873
3097883
3097891
3097907
3097909
3097921
3097951
3097979
3097993
3097999
3098033
3098057
3098059
3098071
3098089
3098101
3098119
3098153
3098191
3098209
3098213
3098237
3098239
3098243
3098297
3098299
3098317
3098321
3098341
3098371
3098383
3098393
3098423
3098429
3098443
3098453
3098479
3098489
3098497
3098507
3098509
3098519
3098521
3098531
3098561
3098597
3098633
3098647
3098677
3098681
3098687
3098699
3098707
3098717
3098723
3098731
3098741
3098747
3098749
3098759
3098783
3098789
3098801
3098807
3098819
3098833
3098839
3098863
3098867
3098869
3098873
3098899
3098939
3098941
3098959
3098999
3099011
3099029
3099059
3099073
3099127
3099169
3099179
3099193
3099199
3099203
3099209
3099233
3099241
3099269
3099293
3099307
3099323
3099331
3099347
3099359
3099367
3099391
3099403
3099409
3099419
3099431
3099443
3099449
3099461
3099463
3099497
3099511
3099517
3099529
3099539
3099541
3099557
3099563
3099571
3099581
3099587
3099617
3099623
3099667
3099709
3099713
3099727
3099731
3099757
3099809
3099893
3099911
3099937
3099953
3099961
3099977
3099997
3100007
3100043
3100057
3100061
3100067
3100079
3100087
3100099
3100127
3100151
3100169
3100177
3100199
3100219
3100231
3100259
3100271
3100277
3100289
3100301
3100309
3100313
3100327
3100351
3100367
3100373
3100421
3100463
3100501
3100519
3100549
3100597
3100621
3100633
3100649
3100661
3100663
3100697
3100703
3100733
3100739
3100807
3100843
3100847
3100861
3100873
3100913
3100927
3100939
3100949
3100957
3100991
3101029
3101039
3101041
3101051
3101069
There are 1397 prime numbers in S293.
