S294(3101113~3122280)
3101141
3101143
3101149
3101171
3101177
3101183
3101207
3101233
3101239
3101249
3101257
3101279
3101291
3101299
3101309
3101311
3101321
3101339
3101353
3101359
3101369
3101387
3101393
3101419
3101437
3101459
3101471
3101473
3101477
3101479
3101491
3101509
3101537
3101557
3101591
3101597
3101611
3101629
3101653
3101663
3101669
3101677
3101699
3101729
3101741
3101743
3101759
3101771
3101779
3101827
3101831
3101851
3101863
3101867
3101881
3101897
3101947
3101951
3101957
3101971
3101999
3102017
3102023
3102059
3102067
3102097
3102103
3102107
3102131
3102173
3102179
3102181
3102193
3102199
3102223
3102227
3102233
3102259
3102269
3102271
3102289
3102293
3102299
3102311
3102317
3102331
3102343
3102353
3102367
3102371
3102373
3102383
3102389
3102419
3102431
3102433
3102439
3102469
3102481
3102497
3102499
3102503
3102509
3102523
3102557
3102571
3102581
3102587
3102601
3102613
3102637
3102661
3102667
3102707
3102713
3102727
3102731
3102733
3102763
3102767
3102773
3102787
3102793
3102809
3102811
3102817
3102829
3102851
3102859
3102877
3102881
3102889
3102901
3102917
3102919
3102929
3102941
3102949
3102961
3102977
3102989
3103013
3103019
3103021
3103033
3103043
3103049
3103057
3103063
3103073
3103109
3103147
3103151
3103159
3103171
3103189
3103207
3103211
3103237
3103241
3103271
3103273
3103277
3103279
3103283
3103297
3103313
3103343
3103381
3103391
3103393
3103409
3103411
3103417
3103421
3103423
3103483
3103501
3103531
3103543
3103547
3103549
3103553
3103579
3103589
3103601
3103649
3103679
3103687
3103691
3103693
3103729
3103757
3103759
3103769
3103799
3103801
3103811
3103817
3103829
3103847
3103861
3103871
3103879
3103939
3103943
3103949
3103981
3104063
3104071
3104083
3104089
3104093
3104099
3104113
3104137
3104159
3104173
3104197
3104219
3104221
3104237
3104243
3104249
3104267
3104293
3104327
3104329
3104347
3104357
3104377
3104393
3104407
3104417
3104459
3104461
3104477
3104483
3104501
3104503
3104509
3104513
3104531
3104533
3104551
3104573
3104597
3104603
3104611
3104623
3104627
3104641
3104669
3104671
3104677
3104683
3104723
3104737
3104741
3104749
3104753
3104767
3104789
3104797
3104813
3104833
3104851
3104869
3104879
3104887
3104891
3104903
3104939
3104951
3104957
3104963
3105007
3105041
3105071
3105079
3105097
3105103
3105107
3105119
3105131
3105143
3105163
3105173
3105181
3105199
3105211
3105251
3105257
3105259
3105269
3105283
3105293
3105307
3105317
3105329
3105343
3105371
3105413
3105419
3105433
3105439
3105451
3105467
3105481
3105491
3105497
3105499
3105527
3105533
3105539
3105551
3105593
3105629
3105631
3105637
3105643
3105659
3105689
3105691
3105703
3105719
3105749
3105763
3105769
3105787
3105799
3105803
3105811
3105821
3105841
3105857
3105863
3105877
3105887
3105913
3105923
3105941
3105961
3105967
3105979
3106003
3106007
3106013
3106021
3106027
3106049
3106057
3106067
3106069
3106073
3106079
3106091
3106111
3106133
3106151
3106153
3106157
3106163
3106193
3106199
3106237
3106273
3106297
3106307
3106319
3106339
3106349
3106351
3106361
3106381
3106387
3106421
3106423
3106429
3106459
3106469
3106487
3106577
3106601
3106637
3106639
3106643
3106651
3106657
3106667
3106673
3106703
3106729
3106751
3106757
3106769
3106777
3106781
3106783
3106787
3106837
3106847
3106849
3106867
3106877
3106891
3106897
3106919
3106921
3106969
3106981
3106993
3107009
3107011
3107033
3107053
3107077
3107081
3107101
3107113
3107119
3107131
3107171
3107177
3107183
3107249
3107303
3107327
3107329
3107333
3107339
3107359
3107381
3107383
3107411
3107417
3107441
3107449
3107453
3107473
3107483
3107491
3107497
3107509
3107561
3107569
3107581
3107591
3107597
3107609
3107633
3107639
3107647
3107701
3107711
3107729
3107743
3107747
3107749
3107789
3107803
3107809
3107813
3107827
3107831
3107833
3107861
3107869
3107873
3107891
3107893
3107899
3107903
3107927
3107933
3107947
3107971
3107981
3107983
3107989
3108019
3108023
3108031
3108041
3108043
3108047
3108067
3108103
3108109
3108139
3108163
3108173
3108199
3108221
3108227
3108239
3108253
3108257
3108269
3108283
3108293
3108317
3108319
3108337
3108349
3108359
3108361
3108367
3108373
3108379
3108383
3108409
3108431
3108449
3108461
3108487
3108491
3108493
3108509
3108529
3108541
3108551
3108557
3108577
3108583
3108607
3108613
3108689
3108691
3108697
3108701
3108719
3108727
3108731
3108737
3108751
3108779
3108793
3108797
3108817
3108823
3108827
3108839
3108863
3108869
3108893
3108901
3108949
3108961
3108967
3108991
3109031
3109069
3109081
3109091
3109111
3109121
3109157
3109159
3109187
3109193
3109199
3109213
3109247
3109259
3109273
3109279
3109297
3109307
3109319
3109333
3109343
3109349
3109367
3109387
3109391
3109397
3109411
3109427
3109441
3109451
3109471
3109501
3109511
3109523
3109541
3109549
3109553
3109607
3109619
3109621
3109633
3109637
3109649
3109651
3109681
3109693
3109697
3109709
3109747
3109751
3109781
3109783
3109789
3109801
3109811
3109817
3109819
3109823
3109829
3109837
3109859
3109867
3109913
3109921
3109937
3109969
3109979
3109999
3110011
3110027
3110033
3110057
3110059
3110069
3110101
3110143
3110153
3110179
3110213
3110227
3110231
3110249
3110251
3110273
3110287
3110293
3110299
3110321
3110339
3110353
3110369
3110377
3110381
3110399
3110417
3110423
3110431
3110477
3110489
3110519
3110531
3110537
3110561
3110563
3110567
3110579
3110593
3110617
3110621
3110647
3110651
3110669
3110671
3110683
3110689
3110707
3110717
3110741
3110753
3110759
3110761
3110771
3110791
3110797
3110803
3110837
3110843
3110867
3110879
3110903
3110929
3110953
3110963
3110981
3110993
3110999
3111001
3111013
3111023
3111029
3111037
3111077
3111083
3111107
3111131
3111137
3111151
3111161
3111169
3111197
3111217
3111223
3111271
3111281
3111287
3111299
3111301
3111313
3111319
3111331
3111337
3111341
3111343
3111349
3111397
3111403
3111419
3111431
3111457
3111481
3111487
3111491
3111539
3111569
3111593
3111599
3111607
3111631
3111653
3111659
3111673
3111677
3111679
3111721
3111727
3111743
3111769
3111803
3111809
3111817
3111821
3111827
3111847
3111853
3111863
3111931
3111973
3112007
3112069
3112091
3112093
3112099
3112103
3112111
3112117
3112127
3112129
3112141
3112147
3112237
3112247
3112253
3112259
3112267
3112271
3112279
3112283
3112301
3112303
3112313
3112321
3112327
3112331
3112357
3112381
3112391
3112399
3112423
3112441
3112463
3112471
3112489
3112507
3112519
3112609
3112621
3112639
3112661
3112667
3112687
3112693
3112709
3112721
3112729
3112757
3112771
3112783
3112787
3112801
3112807
3112829
3112859
3112873
3112909
3112913
3112919
3112933
3112943
3112973
3112987
3113009
3113039
3113053
3113059
3113083
3113087
3113101
3113111
3113129
3113147
3113177
3113189
3113197
3113213
3113221
3113239
3113249
3113267
3113269
3113281
3113317
3113333
3113339
3113387
3113389
3113393
3113399
3113401
3113437
3113443
3113447
3113449
3113459
3113471
3113483
3113497
3113521
3113531
3113569
3113573
3113611
3113633
3113639
3113641
3113647
3113683
3113687
3113707
3113723
3113767
3113783
3113801
3113819
3113821
3113833
3113837
3113861
3113863
3113881
3113893
3113897
3113899
3113917
3113921
3113923
3113927
3113939
3113963
3113969
3113977
3113983
3113987
3114019
3114029
3114047
3114091
3114109
3114143
3114161
3114169
3114191
3114203
3114211
3114277
3114283
3114289
3114299
3114301
3114313
3114317
3114329
3114343
3114359
3114367
3114389
3114403
3114431
3114437
3114473
3114479
3114487
3114493
3114497
3114509
3114521
3114523
3114541
3114563
3114577
3114589
3114593
3114607
3114611
3114673
3114679
3114701
3114719
3114731
3114743
3114781
3114809
3114817
3114833
3114847
3114857
3114869
3114871
3114889
3114899
3114931
3114949
3114953
3114967
3114971
3114989
3114997
3115003
3115009
3115027
3115033
3115061
3115103
3115109
3115117
3115153
3115157
3115169
3115171
3115187
3115193
3115201
3115237
3115241
3115249
3115253
3115261
3115271
3115279
3115291
3115319
3115361
3115379
3115381
3115397
3115417
3115423
3115429
3115439
3115451
3115457
3115477
3115481
3115493
3115529
3115537
3115559
3115561
3115577
3115579
3115591
3115597
3115621
3115627
3115633
3115643
3115657
3115667
3115727
3115729
3115751
3115769
3115781
3115799
3115813
3115831
3115873
3115883
3115897
3115907
3115919
3115921
3115927
3115933
3115991
3115993
3115999
3116011
3116033
3116039
3116051
3116077
3116093
3116111
3116129
3116131
3116149
3116159
3116173
3116189
3116207
3116227
3116233
3116257
3116263
3116273
3116299
3116303
3116317
3116327
3116341
3116353
3116381
3116417
3116447
3116459
3116497
3116501
3116507
3116521
3116537
3116549
3116563
3116573
3116587
3116591
3116609
3116611
3116623
3116651
3116657
3116669
3116671
3116689
3116693
3116699
3116719
3116747
3116749
3116761
3116767
3116777
3116783
3116807
3116809
3116819
3116837
3116849
3116851
3116857
3116863
3116873
3116947
3116951
3116959
3116977
3116999
3117011
3117013
3117031
3117043
3117053
3117071
3117097
3117109
3117119
3117151
3117187
3117203
3117209
3117211
3117217
3117221
3117223
3117241
3117251
3117269
3117281
3117293
3117299
3117421
3117431
3117437
3117451
3117461
3117467
3117479
3117481
3117487
3117493
3117497
3117503
3117523
3117553
3117559
3117571
3117589
3117593
3117601
3117623
3117637
3117661
3117679
3117683
3117713
3117721
3117739
3117781
3117787
3117791
3117797
3117799
3117809
3117827
3117833
3117847
3117853
3117889
3117899
3117901
3117911
3117923
3117941
3117943
3117967
3117991
3117997
3118007
3118013
3118067
3118069
3118081
3118099
3118139
3118151
3118153
3118169
3118183
3118201
3118207
3118211
3118229
3118237
3118243
3118253
3118267
3118289
3118307
3118319
3118333
3118343
3118387
3118411
3118417
3118433
3118439
3118441
3118459
3118469
3118481
3118499
3118513
3118519
3118523
3118537
3118541
3118553
3118561
3118567
3118579
3118597
3118601
3118607
3118637
3118651
3118657
3118663
3118669
3118673
3118691
3118697
3118699
3118721
3118723
3118727
3118733
3118741
3118757
3118763
3118789
3118807
3118847
3118849
3118853
3118859
3118861
3118867
3118883
3118889
3118897
3118901
3118909
3118931
3118933
3118937
3118949
3118987
3119009
3119023
3119069
3119087
3119089
3119107
3119111
3119117
3119131
3119161
3119167
3119197
3119201
3119219
3119257
3119267
3119293
3119309
3119317
3119341
3119377
3119383
3119387
3119407
3119411
3119429
3119447
3119491
3119497
3119533
3119537
3119563
3119569
3119573
3119647
3119659
3119663
3119681
3119707
3119713
3119737
3119749
3119759
3119761
3119771
3119783
3119797
3119807
3119821
3119843
3119863
3119869
3119899
3119903
3119923
3119929
3119957
3119981
3119999
3120011
3120017
3120067
3120071
3120077
3120079
3120083
3120107
3120127
3120137
3120217
3120233
3120253
3120277
3120281
3120287
3120311
3120317
3120319
3120323
3120331
3120373
3120407
3120413
3120437
3120443
3120457
3120461
3120463
3120473
3120493
3120497
3120499
3120527
3120529
3120539
3120547
3120563
3120589
3120599
3120613
3120619
3120629
3120643
3120647
3120653
3120671
3120697
3120703
3120713
3120727
3120757
3120763
3120791
3120827
3120833
3120841
3120857
3120881
3120889
3120899
3120907
3120919
3120937
3120973
3120977
3120989
3120991
3121007
3121033
3121037
3121039
3121051
3121057
3121087
3121091
3121109
3121121
3121163
3121177
3121189
3121193
3121199
3121201
3121219
3121229
3121249
3121253
3121259
3121267
3121273
3121291
3121303
3121333
3121361
3121367
3121379
3121409
3121423
3121427
3121429
3121441
3121457
3121487
3121493
3121519
3121543
3121561
3121571
3121603
3121609
3121619
3121627
3121633
3121663
3121667
3121691
3121711
3121717
3121739
3121747
3121771
3121817
3121831
3121837
3121841
3121873
3121891
3121901
3121913
3121927
3121933
3121961
3121973
3121981
3122003
3122017
3122059
3122107
3122113
3122117
3122143
3122149
3122173
3122179
3122183
3122201
3122219
3122233
3122261
3122279
There are 1447 prime numbers in S294.
