S295(3122281~3143520)
3122281
3122299
3122309
3122321
3122341
3122347
3122381
3122419
3122447
3122453
3122461
3122473
3122489
3122491
3122513
3122533
3122551
3122563
3122569
3122579
3122597
3122627
3122657
3122671
3122711
3122719
3122729
3122731
3122737
3122761
3122771
3122797
3122809
3122827
3122851
3122863
3122869
3122879
3122881
3122893
3122927
3122939
3122947
3122953
3122957
3122969
3122983
3122989
3122993
3123007
3123023
3123037
3123061
3123073
3123089
3123091
3123137
3123143
3123149
3123151
3123167
3123173
3123181
3123187
3123203
3123209
3123217
3123221
3123227
3123233
3123287
3123317
3123349
3123403
3123413
3123431
3123481
3123493
3123499
3123509
3123511
3123521
3123541
3123553
3123557
3123583
3123587
3123599
3123611
3123623
3123629
3123641
3123643
3123671
3123683
3123689
3123709
3123713
3123721
3123727
3123751
3123773
3123779
3123781
3123797
3123803
3123823
3123833
3123853
3123859
3123863
3123881
3123893
3123931
3123959
3123973
3123977
3123983
3123997
3124001
3124013
3124019
3124027
3124057
3124061
3124063
3124103
3124117
3124123
3124127
3124129
3124171
3124193
3124217
3124279
3124291
3124301
3124307
3124313
3124321
3124361
3124367
3124393
3124399
3124409
3124421
3124427
3124441
3124469
3124519
3124543
3124567
3124571
3124577
3124579
3124609
3124631
3124633
3124657
3124673
3124691
3124717
3124727
3124729
3124741
3124747
3124801
3124811
3124829
3124843
3124861
3124871
3124883
3124903
3124943
3124963
3124967
3124997
3124999
3125009
3125021
3125027
3125029
3125051
3125099
3125113
3125117
3125147
3125153
3125159
3125173
3125179
3125183
3125189
3125191
3125209
3125219
3125257
3125261
3125293
3125299
3125323
3125341
3125351
3125387
3125449
3125459
3125461
3125497
3125503
3125527
3125537
3125561
3125587
3125593
3125611
3125651
3125659
3125669
3125711
3125719
3125729
3125737
3125753
3125767
3125777
3125779
3125789
3125803
3125809
3125819
3125821
3125831
3125833
3125839
3125867
3125873
3125893
3125921
3125957
3125959
3125989
3126001
3126007
3126023
3126031
3126061
3126077
3126083
3126103
3126121
3126131
3126139
3126163
3126173
3126187
3126191
3126199
3126223
3126239
3126269
3126293
3126307
3126313
3126323
3126353
3126377
3126379
3126397
3126427
3126437
3126449
3126451
3126457
3126491
3126509
3126511
3126533
3126547
3126553
3126559
3126653
3126661
3126667
3126679
3126713
3126727
3126731
3126733
3126737
3126743
3126749
3126779
3126791
3126797
3126803
3126821
3126847
3126857
3126869
3126881
3126901
3126961
3126973
3126979
3127009
3127013
3127021
3127037
3127079
3127081
3127087
3127097
3127109
3127123
3127127
3127139
3127141
3127147
3127181
3127213
3127219
3127237
3127253
3127259
3127279
3127291
3127297
3127301
3127339
3127387
3127403
3127417
3127429
3127441
3127451
3127459
3127469
3127483
3127489
3127513
3127529
3127543
3127561
3127567
3127577
3127601
3127613
3127633
3127637
3127669
3127673
3127681
3127687
3127693
3127699
3127703
3127753
3127757
3127759
3127771
3127781
3127783
3127819
3127823
3127829
3127841
3127843
3127877
3127879
3127889
3127903
3127907
3127909
3127919
3127921
3127937
3127979
3127981
3127987
3127997
3128009
3128011
3128033
3128039
3128053
3128057
3128101
3128107
3128129
3128131
3128159
3128171
3128173
3128197
3128227
3128233
3128249
3128291
3128311
3128329
3128339
3128381
3128393
3128399
3128401
3128443
3128453
3128501
3128533
3128579
3128581
3128599
3128611
3128623
3128633
3128641
3128647
3128651
3128659
3128687
3128689
3128693
3128701
3128729
3128747
3128761
3128767
3128779
3128789
3128791
3128803
3128813
3128819
3128821
3128843
3128849
3128869
3128887
3128891
3128893
3128921
3128927
3128933
3128941
3128987
3129011
3129019
3129023
3129031
3129043
3129059
3129073
3129089
3129103
3129121
3129169
3129193
3129199
3129209
3129221
3129223
3129253
3129257
3129263
3129271
3129289
3129323
3129383
3129391
3129421
3129431
3129439
3129443
3129461
3129463
3129487
3129517
3129521
3129523
3129557
3129559
3129601
3129611
3129613
3129617
3129619
3129629
3129641
3129677
3129689
3129691
3129701
3129733
3129757
3129769
3129781
3129787
3129799
3129803
3129811
3129821
3129827
3129839
3129859
3129911
3129913
3129923
3129937
3129943
3129947
3129953
3129961
3129967
3129991
3130007
3130019
3130027
3130031
3130037
3130087
3130097
3130111
3130129
3130147
3130187
3130199
3130207
3130229
3130241
3130243
3130249
3130279
3130291
3130297
3130327
3130331
3130333
3130367
3130373
3130399
3130403
3130409
3130417
3130427
3130429
3130451
3130453
3130483
3130487
3130493
3130513
3130537
3130541
3130549
3130559
3130571
3130577
3130583
3130619
3130627
3130663
3130667
3130679
3130693
3130711
3130733
3130739
3130759
3130789
3130817
3130819
3130823
3130871
3130901
3130913
3130943
3130949
3130957
3130961
3130979
3130987
3130993
3130997
3131017
3131021
3131027
3131041
3131053
3131057
3131087
3131099
3131113
3131123
3131137
3131153
3131173
3131203
3131209
3131221
3131231
3131237
3131239
3131251
3131263
3131267
3131299
3131309
3131311
3131321
3131327
3131329
3131339
3131351
3131353
3131357
3131369
3131377
3131419
3131431
3131437
3131441
3131467
3131477
3131483
3131489
3131497
3131501
3131503
3131537
3131549
3131551
3131593
3131603
3131629
3131641
3131669
3131671
3131699
3131701
3131743
3131747
3131761
3131771
3131833
3131851
3131857
3131861
3131879
3131911
3131917
3131951
3131977
3131981
3131983
3132007
3132037
3132083
3132119
3132121
3132139
3132149
3132179
3132187
3132257
3132263
3132281
3132287
3132299
3132323
3132329
3132331
3132343
3132379
3132407
3132413
3132431
3132443
3132461
3132469
3132499
3132517
3132529
3132541
3132553
3132559
3132599
3132601
3132629
3132631
3132637
3132653
3132659
3132677
3132707
3132737
3132749
3132751
3132763
3132781
3132793
3132799
3132803
3132823
3132839
3132847
3132859
3132881
3132887
3132907
3132917
3132923
3132971
3132977
3132979
3133019
3133027
3133033
3133057
3133111
3133153
3133171
3133177
3133181
3133183
3133211
3133213
3133237
3133243
3133259
3133279
3133283
3133289
3133297
3133303
3133331
3133337
3133357
3133381
3133397
3133399
3133411
3133433
3133439
3133441
3133447
3133463
3133469
3133513
3133531
3133541
3133547
3133583
3133591
3133597
3133607
3133609
3133633
3133639
3133643
3133673
3133699
3133721
3133733
3133751
3133777
3133783
3133787
3133799
3133811
3133843
3133847
3133853
3133861
3133873
3133891
3133901
3133909
3133919
3133927
3133931
3133939
3133961
3133987
3134017
3134023
3134029
3134039
3134041
3134057
3134063
3134071
3134093
3134113
3134123
3134143
3134147
3134203
3134207
3134213
3134231
3134249
3134251
3134267
3134303
3134309
3134321
3134347
3134353
3134357
3134387
3134389
3134413
3134419
3134431
3134447
3134459
3134479
3134497
3134519
3134543
3134557
3134561
3134591
3134597
3134623
3134633
3134671
3134683
3134707
3134713
3134723
3134771
3134773
3134797
3134801
3134821
3134837
3134843
3134881
3134891
3134893
3134903
3134909
3134917
3134921
3134927
3134941
3135017
3135023
3135029
3135031
3135037
3135043
3135049
3135059
3135071
3135073
3135079
3135113
3135127
3135151
3135163
3135211
3135221
3135227
3135283
3135287
3135299
3135313
3135317
3135329
3135373
3135389
3135397
3135401
3135403
3135409
3135413
3135443
3135449
3135469
3135487
3135523
3135527
3135529
3135547
3135553
3135571
3135593
3135607
3135617
3135623
3135641
3135661
3135677
3135707
3135709
3135731
3135739
3135767
3135773
3135809
3135833
3135841
3135859
3135877
3135883
3135943
3135953
3135959
3135961
3135983
3136019
3136037
3136079
3136087
3136097
3136099
3136103
3136123
3136127
3136129
3136163
3136201
3136207
3136223
3136229
3136249
3136253
3136261
3136267
3136307
3136319
3136327
3136333
3136339
3136351
3136361
3136373
3136403
3136409
3136417
3136423
3136429
3136433
3136447
3136457
3136477
3136513
3136531
3136543
3136561
3136571
3136589
3136597
3136603
3136607
3136631
3136633
3136643
3136649
3136657
3136667
3136759
3136769
3136781
3136799
3136817
3136841
3136849
3136867
3136877
3136907
3136909
3136933
3136943
3136949
3136961
3137003
3137051
3137059
3137063
3137081
3137083
3137087
3137093
3137117
3137137
3137143
3137159
3137171
3137179
3137201
3137209
3137243
3137257
3137263
3137311
3137357
3137371
3137389
3137399
3137447
3137461
3137471
3137507
3137509
3137513
3137521
3137531
3137551
3137567
3137569
3137573
3137593
3137609
3137611
3137623
3137627
3137663
3137669
3137681
3137699
3137723
3137731
3137747
3137749
3137777
3137803
3137837
3137857
3137863
3137879
3137881
3137899
3137903
3137923
3137941
3137977
3137993
3137999
3138029
3138041
3138067
3138071
3138073
3138103
3138127
3138131
3138137
3138167
3138193
3138209
3138221
3138283
3138299
3138329
3138337
3138361
3138371
3138383
3138391
3138397
3138403
3138449
3138469
3138491
3138493
3138503
3138521
3138529
3138539
3138547
3138559
3138563
3138571
3138581
3138589
3138593
3138601
3138637
3138647
3138661
3138671
3138691
3138767
3138769
3138791
3138799
3138803
3138809
3138847
3138851
3138853
3138869
3138881
3138893
3138899
3138911
3138913
3138917
3138929
3138943
3138953
3138991
3138997
3139007
3139021
3139049
3139061
3139069
3139111
3139141
3139187
3139189
3139193
3139207
3139231
3139259
3139261
3139267
3139291
3139303
3139307
3139321
3139327
3139333
3139363
3139369
3139379
3139391
3139393
3139399
3139403
3139417
3139421
3139447
3139471
3139483
3139489
3139517
3139519
3139537
3139547
3139571
3139573
3139583
3139597
3139601
3139607
3139621
3139639
3139651
3139663
3139673
3139681
3139699
3139723
3139727
3139733
3139757
3139771
3139789
3139811
3139813
3139837
3139841
3139847
3139861
3139867
3139889
3139901
3139907
3139909
3139919
3139943
3139967
3139979
3139991
3139993
3140041
3140057
3140069
3140099
3140107
3140113
3140131
3140147
3140183
3140209
3140233
3140237
3140243
3140251
3140273
3140297
3140299
3140309
3140317
3140321
3140353
3140363
3140369
3140407
3140413
3140437
3140441
3140447
3140507
3140513
3140551
3140593
3140623
3140633
3140639
3140653
3140659
3140693
3140701
3140713
3140717
3140741
3140749
3140777
3140783
3140791
3140807
3140821
3140843
3140861
3140873
3140881
3140911
3140933
3140959
3140981
3140993
3141001
3141007
3141011
3141043
3141049
3141059
3141067
3141097
3141139
3141143
3141163
3141167
3141197
3141211
3141217
3141221
3141223
3141233
3141239
3141241
3141247
3141269
3141283
3141319
3141329
3141331
3141343
3141361
3141371
3141373
3141389
3141419
3141431
3141443
3141473
3141487
3141491
3141493
3141497
3141503
3141553
3141557
3141569
3141601
3141641
3141643
3141647
3141659
3141667
3141673
3141689
3141713
3141763
3141769
3141811
3141829
3141833
3141863
3141877
3141883
3141899
3141911
3141913
3141937
3141959
3142019
3142021
3142043
3142079
3142123
3142157
3142177
3142187
3142193
3142219
3142231
3142259
3142267
3142273
3142301
3142303
3142309
3142313
3142319
3142333
3142343
3142351
3142357
3142379
3142387
3142393
3142441
3142453
3142457
3142459
3142481
3142487
3142493
3142499
3142507
3142511
3142519
3142547
3142589
3142591
3142613
3142627
3142639
3142649
3142661
3142681
3142693
3142709
3142717
3142721
3142729
3142747
3142751
3142757
3142793
3142813
3142819
3142829
3142831
3142837
3142849
3142859
3142861
3142877
3142879
3142901
3142907
3142939
3142949
3142963
3142969
3142981
3142987
3143003
3143027
3143029
3143033
3143051
3143053
3143057
3143069
3143071
3143087
3143117
3143131
3143137
3143141
3143149
3143159
3143167
3143197
3143209
3143243
3143263
3143299
3143323
3143353
3143389
3143401
3143411
3143447
3143467
3143471
3143477
There are 1407 prime numbers in S295.
