S296(3143521~3164832)
3143533
3143537
3143549
3143551
3143561
3143563
3143587
3143641
3143671
3143711
3143713
3143719
3143729
3143731
3143761
3143771
3143807
3143813
3143851
3143857
3143863
3143897
3143953
3143969
3143993
3144007
3144019
3144023
3144059
3144067
3144079
3144083
3144091
3144137
3144143
3144157
3144161
3144173
3144179
3144181
3144191
3144217
3144221
3144257
3144259
3144263
3144283
3144293
3144301
3144313
3144343
3144359
3144373
3144389
3144403
3144419
3144431
3144457
3144467
3144469
3144509
3144527
3144529
3144539
3144551
3144571
3144587
3144599
3144607
3144613
3144619
3144689
3144697
3144707
3144727
3144737
3144749
3144751
3144761
3144773
3144793
3144811
3144821
3144829
3144853
3144871
3144887
3144893
3144907
3144923
3144931
3144941
3144959
3144961
3144971
3144989
3145019
3145027
3145049
3145057
3145091
3145097
3145117
3145123
3145133
3145141
3145147
3145157
3145169
3145183
3145189
3145201
3145211
3145223
3145243
3145249
3145283
3145297
3145327
3145339
3145361
3145367
3145399
3145447
3145453
3145463
3145487
3145489
3145511
3145529
3145547
3145553
3145559
3145573
3145577
3145589
3145607
3145609
3145627
3145633
3145661
3145669
3145673
3145679
3145711
3145721
3145739
3145741
3145771
3145781
3145801
3145817
3145819
3145823
3145841
3145873
3145897
3145903
3145913
3145927
3145943
3145981
3145997
3146021
3146023
3146029
3146041
3146069
3146089
3146107
3146131
3146137
3146141
3146149
3146161
3146183
3146203
3146219
3146237
3146243
3146261
3146263
3146279
3146303
3146327
3146359
3146371
3146393
3146399
3146431
3146459
3146461
3146467
3146483
3146497
3146501
3146567
3146573
3146579
3146597
3146599
3146617
3146623
3146639
3146651
3146657
3146659
3146687
3146701
3146707
3146719
3146729
3146743
3146749
3146771
3146809
3146827
3146831
3146833
3146839
3146861
3146863
3146867
3146879
3146909
3146911
3146953
3146987
3147007
3147017
3147049
3147061
3147077
3147083
3147097
3147101
3147121
3147143
3147149
3147161
3147169
3147181
3147197
3147203
3147211
3147223
3147229
3147233
3147239
3147241
3147253
3147259
3147269
3147311
3147323
3147349
3147421
3147427
3147433
3147451
3147467
3147497
3147503
3147563
3147581
3147587
3147589
3147623
3147629
3147649
3147653
3147659
3147679
3147707
3147719
3147721
3147751
3147763
3147773
3147779
3147797
3147853
3147883
3147887
3147889
3147899
3147929
3147953
3147959
3147961
3147967
3147971
3147973
3147983
3148001
3148003
3148031
3148039
3148051
3148097
3148099
3148109
3148121
3148139
3148151
3148157
3148163
3148193
3148231
3148259
3148279
3148283
3148291
3148297
3148303
3148307
3148333
3148337
3148339
3148351
3148361
3148399
3148421
3148459
3148463
3148469
3148477
3148487
3148499
3148511
3148517
3148543
3148567
3148573
3148583
3148597
3148601
3148603
3148609
3148619
3148627
3148633
3148657
3148667
3148679
3148681
3148687
3148693
3148697
3148741
3148751
3148793
3148801
3148807
3148829
3148867
3148883
3148897
3148913
3148919
3148931
3148939
3148969
3148973
3148987
3148991
3148993
3149009
3149051
3149057
3149059
3149071
3149077
3149123
3149129
3149143
3149173
3149203
3149221
3149249
3149261
3149273
3149309
3149339
3149353
3149357
3149359
3149381
3149387
3149441
3149467
3149521
3149533
3149537
3149543
3149557
3149561
3149563
3149591
3149599
3149609
3149639
3149647
3149659
3149677
3149681
3149683
3149747
3149749
3149753
3149761
3149771
3149791
3149803
3149807
3149813
3149821
3149831
3149837
3149849
3149851
3149897
3149899
3149903
3149911
3149917
3149929
3149959
3149963
3149969
3149983
3149999
3150001
3150031
3150047
3150053
3150097
3150107
3150113
3150131
3150167
3150193
3150197
3150211
3150229
3150233
3150247
3150263
3150271
3150281
3150293
3150311
3150319
3150331
3150337
3150347
3150349
3150377
3150391
3150397
3150421
3150443
3150449
3150451
3150509
3150529
3150547
3150557
3150569
3150571
3150577
3150601
3150611
3150617
3150619
3150643
3150649
3150671
3150677
3150683
3150709
3150733
3150761
3150769
3150773
3150781
3150787
3150799
3150817
3150841
3150857
3150869
3150877
3150887
3150893
3150907
3150913
3150919
3150923
3150947
3151007
3151033
3151067
3151097
3151117
3151129
3151133
3151139
3151153
3151157
3151163
3151217
3151229
3151241
3151259
3151319
3151333
3151361
3151373
3151381
3151387
3151399
3151403
3151417
3151439
3151469
3151481
3151487
3151493
3151501
3151507
3151523
3151543
3151559
3151567
3151573
3151583
3151601
3151607
3151609
3151637
3151639
3151649
3151657
3151669
3151699
3151703
3151717
3151741
3151763
3151769
3151781
3151787
3151789
3151829
3151831
3151843
3151847
3151849
3151859
3151861
3151871
3151877
3151879
3151901
3151913
3151927
3151979
3151999
3152003
3152033
3152041
3152047
3152057
3152059
3152077
3152087
3152099
3152101
3152117
3152147
3152153
3152159
3152161
3152167
3152189
3152207
3152221
3152239
3152249
3152251
3152263
3152273
3152321
3152333
3152339
3152341
3152377
3152399
3152441
3152447
3152453
3152467
3152489
3152509
3152519
3152533
3152557
3152573
3152593
3152603
3152609
3152621
3152623
3152627
3152641
3152657
3152671
3152683
3152693
3152707
3152719
3152749
3152753
3152759
3152761
3152767
3152801
3152827
3152833
3152857
3152861
3152867
3152873
3152911
3152927
3152957
3152959
3152977
3152983
3152987
3153011
3153037
3153053
3153071
3153077
3153121
3153131
3153149
3153169
3153173
3153191
3153203
3153209
3153217
3153223
3153281
3153299
3153317
3153331
3153343
3153361
3153377
3153383
3153391
3153401
3153407
3153421
3153439
3153463
3153467
3153481
3153497
3153499
3153529
3153533
3153569
3153571
3153581
3153583
3153587
3153589
3153593
3153629
3153637
3153641
3153643
3153649
3153671
3153707
3153713
3153719
3153739
3153743
3153763
3153767
3153793
3153797
3153809
3153827
3153853
3153863
3153881
3153901
3153907
3153911
3153919
3153923
3153929
3153947
3153949
3153961
3153989
3154001
3154003
3154009
3154031
3154037
3154043
3154079
3154091
3154097
3154103
3154141
3154147
3154153
3154187
3154201
3154211
3154223
3154237
3154241
3154259
3154267
3154271
3154297
3154303
3154321
3154337
3154339
3154357
3154363
3154373
3154379
3154387
3154397
3154409
3154421
3154423
3154429
3154433
3154439
3154441
3154471
3154477
3154483
3154511
3154531
3154573
3154597
3154607
3154631
3154637
3154691
3154693
3154717
3154729
3154757
3154759
3154763
3154769
3154799
3154831
3154849
3154871
3154889
3154903
3154967
3154999
3155003
3155017
3155021
3155029
3155041
3155051
3155057
3155069
3155077
3155137
3155147
3155153
3155203
3155213
3155221
3155239
3155263
3155267
3155281
3155303
3155329
3155333
3155359
3155363
3155371
3155377
3155381
3155389
3155407
3155417
3155429
3155437
3155473
3155513
3155549
3155563
3155573
3155597
3155599
3155609
3155617
3155629
3155651
3155687
3155689
3155699
3155723
3155731
3155741
3155771
3155773
3155777
3155783
3155791
3155819
3155821
3155827
3155837
3155839
3155923
3155939
3155959
3155963
3155987
3155993
3156001
3156019
3156031
3156053
3156059
3156061
3156073
3156091
3156103
3156107
3156113
3156121
3156151
3156161
3156187
3156193
3156199
3156227
3156239
3156259
3156277
3156289
3156311
3156317
3156319
3156341
3156347
3156371
3156383
3156397
3156401
3156409
3156427
3156431
3156443
3156449
3156457
3156463
3156469
3156481
3156493
3156511
3156529
3156533
3156541
3156557
3156583
3156599
3156613
3156619
3156649
3156653
3156667
3156683
3156697
3156701
3156709
3156719
3156743
3156763
3156779
3156787
3156809
3156817
3156841
3156871
3156887
3156929
3156941
3156949
3156971
3156977
3156991
3156997
3157001
3157013
3157057
3157061
3157067
3157081
3157109
3157111
3157117
3157127
3157139
3157151
3157163
3157171
3157181
3157199
3157207
3157213
3157229
3157243
3157277
3157283
3157303
3157309
3157313
3157337
3157339
3157367
3157373
3157379
3157391
3157397
3157411
3157471
3157481
3157487
3157489
3157501
3157537
3157541
3157547
3157571
3157573
3157577
3157579
3157589
3157603
3157613
3157639
3157657
3157669
3157703
3157711
3157751
3157771
3157783
3157807
3157811
3157829
3157837
3157853
3157859
3157873
3157879
3157919
3157927
3157949
3157961
3157981
3157991
3157993
3158033
3158041
3158069
3158081
3158087
3158119
3158131
3158143
3158149
3158167
3158203
3158213
3158227
3158257
3158297
3158299
3158339
3158359
3158377
3158381
3158401
3158443
3158473
3158489
3158509
3158513
3158531
3158537
3158557
3158569
3158591
3158609
3158629
3158633
3158671
3158713
3158717
3158759
3158761
3158791
3158819
3158839
3158851
3158873
3158879
3158887
3158891
3158933
3158951
3158963
3158971
3158989
3159001
3159017
3159029
3159031
3159041
3159043
3159061
3159067
3159089
3159133
3159151
3159157
3159181
3159197
3159203
3159209
3159223
3159227
3159239
3159271
3159307
3159313
3159323
3159353
3159361
3159371
3159397
3159413
3159421
3159437
3159439
3159451
3159461
3159469
3159517
3159553
3159557
3159577
3159619
3159623
3159641
3159647
3159649
3159677
3159691
3159697
3159707
3159721
3159733
3159743
3159749
3159781
3159791
3159797
3159803
3159823
3159853
3159859
3159881
3159883
3159889
3159907
3159917
3159929
3159931
3159953
3159973
3159991
3160007
3160009
3160021
3160033
3160037
3160051
3160063
3160103
3160111
3160117
3160121
3160127
3160151
3160153
3160169
3160187
3160193
3160211
3160219
3160247
3160291
3160303
3160307
3160309
3160331
3160363
3160369
3160379
3160393
3160397
3160411
3160427
3160519
3160541
3160559
3160561
3160583
3160601
3160607
3160613
3160621
3160643
3160687
3160697
3160699
3160709
3160741
3160747
3160753
3160757
3160769
3160777
3160811
3160841
3160877
3160879
3160909
3160919
3160931
3160933
3160943
3160951
3160957
3160979
3161003
3161009
3161017
3161023
3161057
3161071
3161089
3161107
3161129
3161131
3161149
3161159
3161183
3161209
3161227
3161237
3161273
3161293
3161297
3161299
3161309
3161321
3161329
3161339
3161341
3161351
3161407
3161437
3161449
3161453
3161461
3161479
3161491
3161497
3161519
3161567
3161579
3161593
3161611
3161617
3161629
3161647
3161651
3161681
3161689
3161693
3161707
3161749
3161773
3161777
3161801
3161819
3161857
3161867
3161887
3161891
3161897
3161953
3161993
3162001
3162011
3162041
3162059
3162067
3162101
3162143
3162149
3162157
3162167
3162253
3162277
3162283
3162317
3162319
3162331
3162347
3162359
3162373
3162413
3162443
3162463
3162473
3162487
3162499
3162503
3162517
3162529
3162539
3162557
3162587
3162611
3162619
3162623
3162637
3162641
3162647
3162659
3162671
3162673
3162703
3162727
3162739
3162743
3162749
3162763
3162767
3162773
3162787
3162811
3162829
3162839
3162847
3162857
3162877
3162883
3162889
3162893
3162941
3162947
3162977
3162989
3163051
3163067
3163087
3163099
3163103
3163133
3163141
3163157
3163159
3163169
3163201
3163231
3163243
3163247
3163249
3163261
3163283
3163297
3163331
3163357
3163361
3163373
3163387
3163409
3163417
3163423
3163427
3163451
3163453
3163469
3163471
3163483
3163487
3163493
3163499
3163529
3163541
3163543
3163549
3163561
3163571
3163577
3163579
3163583
3163591
3163597
3163603
3163609
3163619
3163631
3163637
3163663
3163681
3163687
3163703
3163723
3163733
3163739
3163753
3163763
3163793
3163799
3163801
3163837
3163841
3163879
3163913
3163933
3163957
3163961
3163967
3163969
3163991
3164003
3164053
3164059
3164071
3164081
3164101
3164123
3164137
3164141
3164143
3164167
3164173
3164177
3164191
3164197
3164221
3164233
3164243
3164251
3164269
3164303
3164323
3164333
3164353
3164377
3164401
3164407
3164419
3164429
3164443
3164479
3164519
3164521
3164531
3164537
3164543
3164549
3164569
3164591
3164627
3164653
3164663
3164677
3164687
3164699
3164719
3164723
3164747
3164761
3164779
3164783
3164801
3164803
3164807
3164813
3164827
There are 1423 prime numbers in S296.
