S297(3164833~3186216)
3164851
3164867
3164893
3164911
3164921
3164923
3164927
3164939
3164951
3164957
3164969
3164981
3164983
3164989
3165011
3165023
3165049
3165059
3165067
3165073
3165079
3165083
3165133
3165139
3165143
3165163
3165181
3165203
3165209
3165223
3165259
3165269
3165271
3165287
3165289
3165299
3165301
3165307
3165311
3165341
3165367
3165373
3165377
3165389
3165397
3165427
3165439
3165479
3165511
3165517
3165521
3165523
3165541
3165557
3165563
3165577
3165581
3165583
3165599
3165601
3165607
3165619
3165649
3165653
3165661
3165667
3165671
3165707
3165709
3165713
3165739
3165769
3165781
3165797
3165829
3165847
3165853
3165857
3165887
3165889
3165907
3165917
3165919
3165941
3165947
3165971
3165991
3166001
3166013
3166039
3166043
3166049
3166067
3166099
3166129
3166151
3166159
3166169
3166171
3166181
3166183
3166187
3166193
3166211
3166213
3166223
3166231
3166253
3166259
3166271
3166277
3166279
3166283
3166297
3166313
3166321
3166333
3166351
3166357
3166363
3166393
3166409
3166411
3166439
3166441
3166447
3166453
3166463
3166469
3166517
3166519
3166523
3166543
3166547
3166549
3166561
3166577
3166613
3166627
3166637
3166643
3166651
3166661
3166679
3166721
3166729
3166733
3166741
3166747
3166753
3166769
3166781
3166817
3166831
3166859
3166871
3166883
3166897
3166903
3166921
3166949
3166951
3166973
3166979
3166987
3166997
3167009
3167033
3167041
3167081
3167107
3167113
3167137
3167141
3167149
3167191
3167201
3167207
3167231
3167233
3167249
3167257
3167267
3167273
3167279
3167317
3167327
3167401
3167407
3167413
3167429
3167443
3167453
3167473
3167497
3167501
3167513
3167519
3167551
3167557
3167561
3167569
3167573
3167581
3167587
3167597
3167617
3167621
3167653
3167657
3167687
3167707
3167741
3167771
3167809
3167833
3167837
3167839
3167849
3167869
3167891
3167897
3167909
3167917
3167929
3167953
3167963
3167987
3167993
3167999
3168007
3168017
3168019
3168023
3168031
3168037
3168097
3168119
3168167
3168203
3168247
3168257
3168259
3168271
3168289
3168313
3168323
3168331
3168343
3168349
3168353
3168367
3168371
3168449
3168461
3168467
3168493
3168509
3168533
3168563
3168617
3168619
3168629
3168653
3168679
3168689
3168701
3168709
3168719
3168721
3168757
3168821
3168827
3168829
3168833
3168863
3168911
3168937
3168941
3168959
3168961
3168973
3168983
3168989
3169007
3169027
3169039
3169043
3169051
3169063
3169093
3169097
3169109
3169121
3169169
3169211
3169217
3169237
3169247
3169261
3169273
3169277
3169289
3169291
3169297
3169307
3169319
3169321
3169337
3169343
3169349
3169357
3169417
3169427
3169433
3169451
3169459
3169477
3169483
3169489
3169501
3169519
3169541
3169547
3169549
3169567
3169583
3169603
3169643
3169681
3169693
3169697
3169721
3169723
3169739
3169741
3169757
3169759
3169783
3169811
3169813
3169819
3169847
3169849
3169867
3169889
3169909
3169919
3169921
3169931
3169949
3169951
3169963
3169981
3170039
3170051
3170053
3170059
3170099
3170107
3170119
3170137
3170149
3170179
3170183
3170201
3170213
3170227
3170249
3170263
3170267
3170281
3170287
3170311
3170327
3170333
3170341
3170357
3170369
3170371
3170383
3170393
3170399
3170413
3170417
3170423
3170437
3170459
3170467
3170521
3170533
3170543
3170579
3170603
3170617
3170621
3170659
3170669
3170681
3170689
3170723
3170737
3170743
3170747
3170753
3170759
3170767
3170807
3170851
3170861
3170879
3170887
3170903
3170911
3170927
3170933
3170953
3170957
3170969
3170983
3171013
3171017
3171029
3171031
3171041
3171053
3171059
3171067
3171071
3171089
3171101
3171107
3171131
3171143
3171187
3171199
3171209
3171251
3171253
3171257
3171277
3171281
3171313
3171323
3171349
3171359
3171383
3171403
3171407
3171409
3171431
3171433
3171439
3171449
3171479
3171481
3171521
3171547
3171559
3171577
3171583
3171593
3171599
3171601
3171611
3171653
3171661
3171667
3171671
3171683
3171697
3171709
3171731
3171733
3171737
3171739
3171743
3171761
3171787
3171793
3171799
3171811
3171823
3171853
3171859
3171863
3171869
3171881
3171893
3171913
3171941
3171943
3171947
3171967
3171977
3171989
3172003
3172007
3172019
3172021
3172027
3172051
3172063
3172073
3172093
3172097
3172123
3172133
3172159
3172163
3172189
3172193
3172201
3172207
3172237
3172243
3172271
3172277
3172289
3172303
3172313
3172327
3172349
3172357
3172363
3172391
3172399
3172423
3172439
3172441
3172451
3172471
3172501
3172529
3172531
3172541
3172553
3172567
3172573
3172577
3172627
3172649
3172667
3172681
3172691
3172699
3172711
3172717
3172721
3172723
3172733
3172747
3172751
3172801
3172811
3172817
3172823
3172831
3172837
3172847
3172879
3172889
3172901
3172907
3172909
3172913
3172921
3172933
3172937
3172957
3172973
3172987
3172991
3172997
3173021
3173029
3173039
3173069
3173081
3173089
3173119
3173189
3173207
3173243
3173249
3173257
3173263
3173273
3173293
3173309
3173311
3173329
3173341
3173363
3173369
3173371
3173381
3173389
3173413
3173419
3173477
3173479
3173497
3173503
3173519
3173537
3173539
3173561
3173579
3173617
3173623
3173633
3173641
3173657
3173659
3173683
3173689
3173699
3173717
3173761
3173767
3173777
3173791
3173801
3173803
3173813
3173887
3173899
3173903
3173923
3173927
3173953
3173987
3174001
3174029
3174037
3174043
3174049
3174071
3174089
3174091
3174103
3174109
3174163
3174167
3174181
3174187
3174191
3174221
3174247
3174251
3174263
3174287
3174293
3174313
3174317
3174319
3174337
3174361
3174371
3174373
3174401
3174419
3174439
3174467
3174487
3174497
3174499
3174511
3174517
3174533
3174547
3174553
3174571
3174593
3174599
3174607
3174641
3174643
3174649
3174707
3174737
3174739
3174781
3174793
3174799
3174811
3174817
3174823
3174827
3174841
3174863
3174887
3174889
3174893
3174901
3174911
3174947
3174953
3174959
3174973
3174979
3175001
3175009
3175013
3175021
3175027
3175031
3175037
3175057
3175079
3175093
3175097
3175099
3175121
3175157
3175169
3175259
3175313
3175343
3175351
3175363
3175373
3175391
3175399
3175433
3175441
3175463
3175517
3175531
3175553
3175559
3175561
3175567
3175577
3175591
3175597
3175607
3175619
3175643
3175661
3175687
3175691
3175751
3175763
3175769
3175789
3175801
3175811
3175847
3175853
3175859
3175871
3175891
3175897
3175927
3175943
3175951
3175961
3175967
3175973
3175987
3176003
3176009
3176027
3176053
3176057
3176077
3176099
3176101
3176111
3176113
3176137
3176149
3176171
3176177
3176197
3176203
3176221
3176273
3176293
3176333
3176351
3176377
3176387
3176389
3176419
3176423
3176441
3176443
3176447
3176471
3176479
3176483
3176491
3176513
3176519
3176533
3176597
3176609
3176617
3176627
3176681
3176699
3176717
3176729
3176749
3176759
3176779
3176801
3176809
3176813
3176821
3176837
3176839
3176843
3176851
3176861
3176867
3176869
3176879
3176891
3176897
3176951
3176981
3176989
3176993
3177007
3177017
3177061
3177067
3177077
3177089
3177101
3177107
3177121
3177137
3177149
3177169
3177193
3177203
3177217
3177253
3177257
3177259
3177271
3177281
3177299
3177311
3177329
3177331
3177337
3177347
3177373
3177379
3177397
3177457
3177497
3177511
3177533
3177547
3177553
3177583
3177607
3177613
3177619
3177631
3177637
3177641
3177649
3177659
3177661
3177683
3177689
3177701
3177709
3177737
3177739
3177809
3177847
3177851
3177857
3177901
3177913
3177919
3177943
3177947
3177949
3177953
3177961
3177971
3178003
3178013
3178037
3178051
3178057
3178061
3178079
3178103
3178127
3178141
3178157
3178159
3178169
3178193
3178199
3178207
3178211
3178223
3178237
3178267
3178289
3178297
3178321
3178327
3178363
3178367
3178379
3178381
3178387
3178397
3178403
3178421
3178423
3178433
3178451
3178459
3178489
3178499
3178543
3178583
3178589
3178601
3178619
3178631
3178667
3178691
3178717
3178729
3178733
3178739
3178753
3178759
3178783
3178789
3178793
3178823
3178837
3178841
3178843
3178849
3178873
3178891
3178897
3178907
3178913
3178919
3178927
3178933
3178943
3178961
3178963
3178997
3178999
3179027
3179063
3179087
3179107
3179117
3179147
3179173
3179201
3179227
3179237
3179243
3179257
3179269
3179279
3179287
3179303
3179339
3179387
3179389
3179399
3179413
3179419
3179437
3179461
3179467
3179483
3179489
3179551
3179557
3179587
3179611
3179621
3179651
3179653
3179689
3179717
3179741
3179749
3179789
3179797
3179801
3179831
3179843
3179851
3179863
3179873
3179921
3179941
3179971
3179977
3179983
3179993
3179999
3180007
3180013
3180017
3180029
3180031
3180101
3180103
3180131
3180143
3180167
3180193
3180209
3180223
3180251
3180257
3180271
3180283
3180313
3180319
3180337
3180407
3180413
3180427
3180431
3180451
3180473
3180481
3180491
3180503
3180521
3180523
3180553
3180559
3180563
3180577
3180589
3180599
3180613
3180641
3180677
3180679
3180701
3180707
3180719
3180721
3180757
3180761
3180767
3180769
3180773
3180781
3180787
3180797
3180799
3180803
3180823
3180841
3180869
3180893
3180899
3180907
3180911
3180917
3180929
3180937
3180971
3180979
3180997
3181021
3181033
3181043
3181049
3181051
3181069
3181081
3181109
3181111
3181163
3181169
3181181
3181207
3181229
3181237
3181249
3181253
3181259
3181301
3181327
3181331
3181349
3181351
3181357
3181369
3181391
3181411
3181421
3181447
3181471
3181481
3181489
3181501
3181543
3181573
3181579
3181603
3181609
3181627
3181637
3181657
3181663
3181679
3181681
3181691
3181709
3181727
3181733
3181753
3181757
3181777
3181781
3181813
3181823
3181831
3181837
3181847
3181861
3181877
3181879
3181901
3181921
3181931
3181951
3181973
3181999
3182021
3182029
3182033
3182059
3182071
3182087
3182093
3182107
3182131
3182147
3182159
3182167
3182189
3182191
3182197
3182203
3182219
3182237
3182261
3182293
3182317
3182321
3182341
3182351
3182359
3182369
3182371
3182393
3182411
3182423
3182437
3182467
3182471
3182477
3182479
3182483
3182503
3182507
3182521
3182527
3182537
3182549
3182561
3182573
3182591
3182603
3182609
3182623
3182653
3182657
3182659
3182687
3182713
3182719
3182741
3182743
3182759
3182761
3182771
3182807
3182819
3182827
3182833
3182843
3182849
3182857
3182869
3182911
3182917
3182923
3182939
3182941
3182951
3182957
3183023
3183043
3183067
3183071
3183079
3183083
3183091
3183101
3183107
3183119
3183137
3183139
3183151
3183179
3183197
3183211
3183259
3183277
3183287
3183289
3183293
3183307
3183319
3183331
3183337
3183343
3183347
3183353
3183377
3183391
3183409
3183461
3183491
3183503
3183511
3183541
3183559
3183577
3183589
3183599
3183601
3183611
3183613
3183617
3183623
3183643
3183647
3183671
3183673
3183679
3183689
3183703
3183721
3183727
3183737
3183751
3183757
3183767
3183769
3183799
3183809
3183839
3183857
3183863
3183871
3183877
3183883
3183893
3183899
3183911
3183923
3183941
3183953
3183967
3183977
3183989
3183991
3184003
3184007
3184009
3184057
3184063
3184079
3184091
3184099
3184121
3184123
3184133
3184147
3184157
3184163
3184169
3184177
3184241
3184243
3184273
3184277
3184283
3184303
3184319
3184367
3184393
3184397
3184409
3184469
3184471
3184481
3184483
3184501
3184513
3184529
3184541
3184549
3184561
3184613
3184619
3184633
3184637
3184639
3184651
3184697
3184733
3184747
3184789
3184807
3184859
3184901
3184903
3184919
3184927
3184943
3184949
3184957
3184963
3184969
3184999
3185009
3185011
3185023
3185029
3185051
3185081
3185087
3185093
3185101
3185107
3185111
3185123
3185177
3185197
3185207
3185227
3185243
3185251
3185257
3185261
3185263
3185267
3185279
3185317
3185321
3185327
3185363
3185417
3185423
3185437
3185453
3185461
3185473
3185489
3185503
3185513
3185531
3185543
3185551
3185561
3185599
3185627
3185629
3185639
3185669
3185713
3185717
3185723
3185729
3185759
3185773
3185797
3185803
3185821
3185837
3185849
3185857
3185867
3185869
3185873
3185881
3185887
3185899
3185909
3185921
3185929
3185947
3185957
3185981
3186013
3186023
3186037
3186041
3186047
3186061
3186103
3186119
3186133
3186137
3186163
3186187
3186203
There are 1443 prime numbers in S297.
