S298(3186217~3207672)
3186217
3186223
3186229
3186241
3186263
3186269
3186277
3186283
3186347
3186349
3186367
3186371
3186373
3186389
3186401
3186427
3186437
3186439
3186451
3186461
3186473
3186481
3186517
3186559
3186569
3186571
3186593
3186611
3186637
3186671
3186679
3186683
3186691
3186697
3186709
3186739
3186749
3186761
3186763
3186779
3186791
3186793
3186809
3186877
3186881
3186899
3186901
3186907
3186913
3186917
3186919
3186941
3186959
3186979
3186983
3187021
3187027
3187033
3187039
3187043
3187061
3187073
3187091
3187111
3187127
3187147
3187153
3187159
3187169
3187201
3187213
3187241
3187243
3187267
3187273
3187277
3187309
3187321
3187343
3187397
3187411
3187427
3187441
3187469
3187489
3187507
3187523
3187531
3187537
3187553
3187567
3187601
3187603
3187607
3187609
3187621
3187631
3187643
3187663
3187669
3187703
3187733
3187739
3187753
3187757
3187759
3187787
3187813
3187819
3187831
3187841
3187859
3187879
3187901
3187903
3187907
3187913
3187931
3187939
3187967
3187969
3187973
3187979
3188033
3188077
3188083
3188089
3188093
3188123
3188131
3188161
3188177
3188221
3188239
3188249
3188261
3188291
3188303
3188323
3188369
3188377
3188387
3188399
3188411
3188413
3188417
3188429
3188431
3188459
3188461
3188473
3188483
3188491
3188501
3188509
3188543
3188551
3188557
3188569
3188573
3188587
3188609
3188617
3188641
3188657
3188659
3188687
3188699
3188701
3188711
3188723
3188761
3188767
3188791
3188803
3188807
3188819
3188821
3188831
3188833
3188879
3188893
3188917
3188929
3188947
3188951
3188953
3188963
3188981
3188987
3188989
3189007
3189029
3189037
3189059
3189061
3189083
3189089
3189119
3189139
3189161
3189167
3189191
3189227
3189229
3189239
3189253
3189259
3189269
3189281
3189287
3189293
3189299
3189301
3189313
3189317
3189331
3189343
3189371
3189377
3189379
3189383
3189409
3189413
3189419
3189427
3189451
3189463
3189491
3189499
3189503
3189517
3189539
3189541
3189547
3189551
3189553
3189581
3189583
3189619
3189647
3189653
3189673
3189679
3189689
3189713
3189731
3189737
3189743
3189779
3189793
3189799
3189811
3189821
3189827
3189833
3189839
3189871
3189889
3189899
3189943
3189961
3189973
3189983
3189997
3190001
3190049
3190051
3190069
3190079
3190091
3190093
3190111
3190129
3190139
3190147
3190151
3190153
3190163
3190181
3190183
3190207
3190211
3190217
3190247
3190249
3190267
3190283
3190289
3190301
3190349
3190381
3190393
3190403
3190417
3190457
3190459
3190463
3190519
3190553
3190559
3190571
3190589
3190591
3190597
3190601
3190637
3190673
3190687
3190697
3190699
3190723
3190751
3190753
3190787
3190819
3190829
3190853
3190871
3190909
3190919
3190949
3190961
3190969
3190973
3190981
3191003
3191017
3191021
3191039
3191059
3191099
3191113
3191117
3191137
3191161
3191179
3191191
3191197
3191207
3191219
3191261
3191263
3191281
3191299
3191303
3191323
3191327
3191329
3191333
3191351
3191381
3191389
3191407
3191413
3191423
3191429
3191437
3191443
3191453
3191471
3191477
3191497
3191527
3191533
3191557
3191561
3191569
3191593
3191603
3191609
3191611
3191621
3191623
3191627
3191681
3191693
3191707
3191719
3191737
3191743
3191759
3191777
3191803
3191821
3191831
3191849
3191861
3191893
3191897
3191899
3191921
3191927
3191987
3191999
3192017
3192037
3192041
3192043
3192047
3192061
3192083
3192113
3192121
3192139
3192143
3192149
3192151
3192157
3192169
3192181
3192187
3192221
3192227
3192251
3192253
3192271
3192289
3192347
3192353
3192389
3192391
3192419
3192433
3192439
3192451
3192457
3192463
3192487
3192491
3192499
3192503
3192521
3192529
3192571
3192577
3192599
3192611
3192613
3192647
3192649
3192661
3192677
3192713
3192727
3192731
3192733
3192737
3192769
3192781
3192803
3192809
3192829
3192877
3192881
3192887
3192901
3192919
3192953
3192961
3192967
3192977
3192983
3192997
3193013
3193027
3193033
3193049
3193081
3193087
3193097
3193129
3193147
3193171
3193187
3193189
3193213
3193237
3193241
3193243
3193249
3193261
3193271
3193283
3193313
3193319
3193327
3193339
3193361
3193363
3193381
3193397
3193423
3193429
3193439
3193447
3193453
3193457
3193469
3193471
3193483
3193511
3193513
3193543
3193549
3193559
3193601
3193627
3193633
3193639
3193643
3193667
3193679
3193703
3193709
3193717
3193747
3193759
3193763
3193769
3193789
3193831
3193871
3193873
3193889
3193901
3193903
3193913
3193921
3193937
3193991
3194017
3194041
3194047
3194053
3194069
3194101
3194111
3194119
3194123
3194129
3194131
3194153
3194159
3194161
3194179
3194183
3194189
3194227
3194273
3194291
3194293
3194353
3194357
3194371
3194377
3194381
3194383
3194393
3194417
3194441
3194459
3194461
3194483
3194497
3194507
3194531
3194533
3194537
3194549
3194551
3194557
3194561
3194563
3194567
3194573
3194593
3194629
3194647
3194651
3194683
3194687
3194743
3194773
3194777
3194783
3194797
3194801
3194803
3194813
3194837
3194879
3194881
3194897
3194923
3194927
3194941
3194951
3194981
3195001
3195019
3195037
3195047
3195079
3195103
3195109
3195121
3195131
3195149
3195151
3195161
3195169
3195217
3195223
3195233
3195259
3195271
3195299
3195319
3195323
3195331
3195347
3195377
3195383
3195397
3195403
3195407
3195427
3195433
3195457
3195461
3195487
3195547
3195557
3195571
3195589
3195593
3195601
3195611
3195623
3195637
3195641
3195649
3195679
3195683
3195691
3195707
3195739
3195761
3195763
3195791
3195809
3195817
3195823
3195839
3195869
3195877
3195893
3195911
3195947
3195961
3195977
3196001
3196021
3196031
3196033
3196087
3196093
3196099
3196111
3196129
3196133
3196157
3196163
3196169
3196183
3196189
3196201
3196211
3196223
3196229
3196231
3196243
3196253
3196283
3196301
3196307
3196321
3196343
3196373
3196381
3196397
3196421
3196429
3196433
3196447
3196469
3196477
3196481
3196489
3196499
3196507
3196511
3196559
3196573
3196607
3196631
3196639
3196649
3196651
3196681
3196691
3196703
3196709
3196723
3196741
3196759
3196783
3196789
3196819
3196847
3196849
3196859
3196871
3196877
3196891
3196903
3196909
3196913
3196927
3196933
3196939
3196951
3196957
3196979
3196981
3197009
3197011
3197027
3197063
3197101
3197107
3197137
3197141
3197143
3197167
3197171
3197177
3197203
3197219
3197231
3197239
3197251
3197273
3197287
3197321
3197323
3197353
3197399
3197401
3197407
3197419
3197449
3197461
3197497
3197501
3197533
3197563
3197573
3197587
3197591
3197599
3197611
3197633
3197641
3197647
3197657
3197659
3197669
3197687
3197693
3197707
3197723
3197767
3197771
3197783
3197797
3197809
3197813
3197837
3197839
3197849
3197863
3197879
3197881
3197891
3197893
3197899
3197903
3197923
3197939
3197983
3198007
3198011
3198031
3198067
3198101
3198109
3198113
3198119
3198131
3198133
3198161
3198163
3198191
3198197
3198199
3198257
3198269
3198277
3198281
3198313
3198319
3198341
3198347
3198353
3198359
3198389
3198407
3198409
3198421
3198427
3198463
3198511
3198523
3198553
3198557
3198581
3198599
3198607
3198617
3198619
3198649
3198653
3198659
3198661
3198667
3198683
3198719
3198721
3198731
3198733
3198739
3198743
3198751
3198799
3198809
3198827
3198829
3198841
3198883
3198887
3198893
3198913
3198919
3198929
3198931
3198953
3198959
3198967
3198977
3198991
3198997
3199013
3199033
3199037
3199051
3199061
3199067
3199099
3199117
3199121
3199127
3199129
3199153
3199171
3199177
3199187
3199223
3199249
3199253
3199291
3199297
3199303
3199307
3199319
3199321
3199327
3199333
3199379
3199387
3199411
3199433
3199439
3199453
3199459
3199463
3199523
3199549
3199561
3199571
3199577
3199589
3199591
3199597
3199601
3199613
3199631
3199643
3199661
3199709
3199741
3199751
3199753
3199787
3199811
3199813
3199837
3199843
3199849
3199883
3199891
3199943
3199951
3199957
3199969
3199979
3199991
3199993
3199997
3200003
3200027
3200033
3200039
3200051
3200069
3200081
3200111
3200117
3200123
3200129
3200137
3200149
3200159
3200177
3200191
3200201
3200203
3200207
3200209
3200213
3200251
3200257
3200279
3200287
3200291
3200297
3200311
3200317
3200333
3200339
3200357
3200359
3200363
3200383
3200401
3200413
3200423
3200429
3200443
3200453
3200459
3200479
3200507
3200543
3200551
3200557
3200579
3200581
3200597
3200599
3200621
3200629
3200663
3200671
3200677
3200689
3200737
3200767
3200773
3200779
3200789
3200801
3200807
3200837
3200839
3200861
3200881
3200891
3200909
3200917
3200929
3200941
3200971
3200983
3200999
3201007
3201043
3201047
3201067
3201103
3201109
3201113
3201131
3201161
3201167
3201173
3201179
3201181
3201197
3201199
3201229
3201251
3201257
3201259
3201271
3201293
3201299
3201349
3201361
3201371
3201379
3201391
3201409
3201421
3201427
3201431
3201437
3201469
3201487
3201521
3201529
3201551
3201581
3201589
3201617
3201619
3201641
3201643
3201689
3201697
3201713
3201719
3201727
3201743
3201749
3201767
3201787
3201799
3201817
3201833
3201839
3201851
3201857
3201893
3201901
3201911
3201917
3201923
3201929
3201931
3201941
3201971
3201973
3201983
3202019
3202027
3202039
3202049
3202079
3202097
3202099
3202117
3202123
3202139
3202153
3202163
3202169
3202181
3202183
3202187
3202201
3202217
3202229
3202231
3202237
3202247
3202249
3202259
3202271
3202301
3202319
3202321
3202327
3202333
3202337
3202349
3202351
3202363
3202369
3202379
3202391
3202411
3202429
3202453
3202471
3202481
3202483
3202501
3202513
3202519
3202523
3202531
3202541
3202603
3202607
3202663
3202669
3202679
3202687
3202691
3202709
3202723
3202733
3202741
3202753
3202763
3202777
3202799
3202841
3202873
3202883
3202891
3202921
3202937
3202939
3202943
3202967
3202993
3203009
3203017
3203041
3203047
3203059
3203063
3203071
3203093
3203099
3203107
3203111
3203117
3203129
3203147
3203149
3203177
3203243
3203251
3203257
3203273
3203281
3203309
3203339
3203341
3203353
3203359
3203407
3203411
3203413
3203443
3203461
3203467
3203477
3203483
3203503
3203507
3203527
3203539
3203549
3203569
3203573
3203579
3203581
3203593
3203621
3203639
3203653
3203657
3203677
3203689
3203729
3203731
3203737
3203741
3203743
3203747
3203771
3203773
3203777
3203789
3203807
3203857
3203861
3203869
3203909
3203917
3203927
3203929
3203933
3203957
3203999
3204011
3204013
3204029
3204073
3204101
3204127
3204137
3204139
3204203
3204209
3204247
3204251
3204259
3204263
3204281
3204283
3204307
3204373
3204389
3204401
3204419
3204451
3204463
3204469
3204473
3204493
3204503
3204511
3204557
3204569
3204581
3204611
3204631
3204647
3204667
3204679
3204689
3204697
3204701
3204739
3204767
3204769
3204779
3204781
3204791
3204809
3204827
3204853
3204871
3204893
3204899
3204907
3204911
3204913
3204917
3204937
3204953
3204961
3204973
3204983
3204991
3205003
3205009
3205039
3205049
3205063
3205087
3205141
3205217
3205219
3205253
3205261
3205289
3205291
3205297
3205331
3205337
3205351
3205361
3205373
3205393
3205403
3205417
3205427
3205429
3205453
3205459
3205507
3205519
3205523
3205589
3205597
3205603
3205627
3205637
3205651
3205681
3205687
3205703
3205751
3205759
3205777
3205789
3205793
3205837
3205849
3205859
3205871
3205879
3205897
3205903
3205907
3205919
3205949
3205957
3205973
3205981
3205997
3205999
3206009
3206029
3206083
3206101
3206143
3206167
3206171
3206179
3206197
3206213
3206219
3206227
3206239
3206243
3206249
3206257
3206261
3206267
3206297
3206303
3206311
3206321
3206339
3206347
3206363
3206377
3206393
3206417
3206429
3206471
3206477
3206509
3206519
3206537
3206543
3206551
3206561
3206563
3206579
3206597
3206633
3206653
3206677
3206701
3206711
3206713
3206717
3206741
3206747
3206767
3206773
3206783
3206789
3206809
3206813
3206837
3206843
3206873
3206881
3206887
3206891
3206893
3206899
3206909
3206911
3206921
3206933
3206939
3206941
3206971
3206993
3207007
3207013
3207019
3207031
3207041
3207047
3207077
3207079
3207091
3207119
3207121
3207133
3207137
3207151
3207157
3207161
3207173
3207187
3207199
3207221
3207227
3207251
3207263
3207277
3207289
3207301
3207329
3207331
3207341
3207361
3207367
3207377
3207397
3207431
3207433
3207437
3207439
3207443
3207461
3207473
3207517
3207527
3207551
3207571
3207583
3207587
3207623
3207629
3207643
There are 1469 prime numbers in S298.
