S299(3207673~3229200)
3207689
3207691
3207697
3207707
3207727
3207733
3207739
3207749
3207767
3207769
3207779
3207791
3207803
3207817
3207847
3207857
3207899
3207901
3207913
3207923
3207943
3207949
3207961
3207983
3207989
3207991
3208001
3208013
3208021
3208039
3208043
3208091
3208103
3208123
3208151
3208193
3208211
3208213
3208253
3208319
3208327
3208333
3208343
3208351
3208367
3208379
3208399
3208421
3208451
3208453
3208459
3208463
3208481
3208483
3208489
3208493
3208501
3208507
3208547
3208559
3208573
3208607
3208613
3208657
3208679
3208687
3208691
3208693
3208721
3208727
3208729
3208769
3208771
3208781
3208787
3208811
3208813
3208817
3208819
3208837
3208847
3208859
3208867
3208873
3208883
3208889
3208913
3208921
3208927
3208939
3208957
3208969
3208979
3208999
3209009
3209033
3209057
3209077
3209083
3209117
3209131
3209147
3209161
3209177
3209183
3209201
3209221
3209231
3209257
3209263
3209267
3209279
3209281
3209293
3209317
3209321
3209329
3209333
3209341
3209363
3209387
3209407
3209419
3209431
3209441
3209449
3209467
3209509
3209513
3209543
3209561
3209579
3209593
3209597
3209611
3209621
3209623
3209641
3209653
3209681
3209683
3209699
3209741
3209761
3209797
3209809
3209813
3209837
3209867
3209887
3209891
3209929
3209933
3209939
3209951
3209953
3209971
3210001
3210017
3210023
3210043
3210049
3210061
3210073
3210089
3210091
3210101
3210113
3210121
3210167
3210199
3210203
3210209
3210211
3210223
3210227
3210239
3210253
3210257
3210283
3210287
3210289
3210293
3210301
3210307
3210313
3210349
3210353
3210359
3210371
3210413
3210419
3210457
3210463
3210469
3210479
3210511
3210517
3210521
3210533
3210551
3210553
3210583
3210589
3210607
3210629
3210631
3210643
3210653
3210661
3210667
3210673
3210703
3210709
3210719
3210743
3210803
3210817
3210821
3210827
3210847
3210859
3210863
3210871
3210877
3210881
3210917
3210929
3210947
3210953
3210959
3211001
3211003
3211009
3211027
3211037
3211049
3211069
3211123
3211127
3211129
3211151
3211163
3211189
3211207
3211213
3211279
3211289
3211291
3211301
3211303
3211309
3211319
3211331
3211357
3211363
3211367
3211393
3211409
3211427
3211433
3211441
3211451
3211457
3211459
3211469
3211499
3211501
3211517
3211529
3211531
3211583
3211601
3211603
3211613
3211639
3211667
3211669
3211673
3211717
3211723
3211739
3211751
3211753
3211757
3211763
3211771
3211777
3211811
3211829
3211841
3211843
3211867
3211883
3211889
3211891
3211909
3211919
3211937
3211939
3211979
3211987
3212009
3212021
3212023
3212029
3212039
3212071
3212087
3212089
3212093
3212101
3212117
3212119
3212123
3212147
3212173
3212191
3212213
3212233
3212257
3212263
3212267
3212317
3212323
3212329
3212347
3212353
3212381
3212389
3212413
3212423
3212431
3212453
3212471
3212483
3212509
3212519
3212527
3212551
3212581
3212593
3212597
3212603
3212611
3212639
3212647
3212689
3212723
3212743
3212753
3212777
3212791
3212819
3212849
3212857
3212861
3212863
3212927
3212947
3212953
3212959
3212971
3212977
3212981
3213011
3213029
3213059
3213073
3213083
3213101
3213127
3213131
3213137
3213139
3213149
3213151
3213163
3213233
3213239
3213269
3213277
3213281
3213283
3213349
3213373
3213377
3213383
3213401
3213421
3213439
3213473
3213479
3213499
3213559
3213589
3213593
3213599
3213619
3213659
3213689
3213737
3213757
3213773
3213779
3213803
3213811
3213827
3213829
3213839
3213851
3213853
3213877
3213887
3213893
3213937
3213961
3213979
3214007
3214019
3214027
3214039
3214051
3214061
3214073
3214087
3214091
3214103
3214109
3214129
3214147
3214171
3214187
3214199
3214201
3214213
3214223
3214229
3214231
3214247
3214271
3214279
3214313
3214327
3214333
3214349
3214369
3214373
3214381
3214399
3214417
3214423
3214427
3214433
3214451
3214481
3214487
3214489
3214493
3214499
3214529
3214531
3214537
3214543
3214559
3214567
3214571
3214573
3214613
3214619
3214633
3214657
3214663
3214681
3214691
3214693
3214703
3214711
3214759
3214763
3214777
3214787
3214811
3214831
3214837
3214867
3214877
3214879
3214891
3214901
3214903
3214909
3214949
3214997
3215011
3215021
3215039
3215071
3215081
3215083
3215099
3215111
3215117
3215119
3215131
3215137
3215141
3215183
3215197
3215207
3215213
3215231
3215257
3215273
3215281
3215291
3215297
3215299
3215309
3215339
3215341
3215347
3215369
3215383
3215417
3215447
3215467
3215473
3215479
3215539
3215543
3215587
3215591
3215593
3215603
3215623
3215629
3215651
3215687
3215711
3215713
3215741
3215743
3215747
3215749
3215759
3215761
3215777
3215783
3215789
3215809
3215819
3215833
3215879
3215893
3215899
3215903
3215911
3215923
3215939
3215963
3215977
3215983
3216007
3216023
3216029
3216041
3216047
3216049
3216053
3216061
3216079
3216089
3216091
3216107
3216119
3216121
3216127
3216131
3216137
3216139
3216197
3216209
3216211
3216221
3216233
3216259
3216277
3216287
3216289
3216331
3216337
3216341
3216359
3216403
3216407
3216413
3216431
3216449
3216457
3216487
3216497
3216509
3216511
3216523
3216559
3216569
3216571
3216581
3216583
3216601
3216611
3216613
3216637
3216649
3216659
3216667
3216671
3216677
3216683
3216691
3216751
3216779
3216781
3216799
3216827
3216853
3216881
3216887
3216911
3216931
3216937
3216949
3216977
3216979
3216991
3217001
3217003
3217007
3217021
3217043
3217069
3217073
3217091
3217121
3217133
3217141
3217157
3217177
3217189
3217219
3217241
3217243
3217297
3217307
3217321
3217337
3217343
3217351
3217363
3217367
3217381
3217391
3217399
3217421
3217429
3217453
3217477
3217481
3217519
3217537
3217547
3217549
3217553
3217559
3217619
3217633
3217663
3217673
3217681
3217693
3217699
3217727
3217741
3217757
3217763
3217771
3217787
3217793
3217807
3217813
3217817
3217829
3217843
3217847
3217849
3217873
3217891
3217931
3217937
3217939
3217969
3217979
3217997
3218003
3218009
3218027
3218041
3218057
3218063
3218069
3218081
3218093
3218119
3218123
3218143
3218153
3218161
3218167
3218191
3218207
3218209
3218221
3218227
3218233
3218261
3218279
3218311
3218317
3218323
3218357
3218399
3218417
3218431
3218437
3218447
3218471
3218473
3218477
3218483
3218503
3218533
3218569
3218587
3218609
3218629
3218639
3218641
3218653
3218659
3218669
3218693
3218707
3218711
3218713
3218717
3218737
3218749
3218767
3218773
3218777
3218791
3218807
3218819
3218837
3218843
3218861
3218893
3218911
3218939
3218953
3218987
3218993
3219019
3219067
3219107
3219121
3219127
3219131
3219157
3219179
3219193
3219199
3219221
3219233
3219247
3219253
3219269
3219289
3219299
3219301
3219311
3219331
3219343
3219371
3219389
3219401
3219421
3219431
3219449
3219457
3219473
3219479
3219497
3219499
3219529
3219553
3219583
3219589
3219631
3219659
3219707
3219757
3219761
3219767
3219781
3219787
3219847
3219857
3219859
3219863
3219889
3219893
3219901
3219917
3219929
3219947
3219959
3219967
3219973
3219989
3220003
3220027
3220033
3220037
3220051
3220081
3220093
3220097
3220117
3220127
3220153
3220163
3220169
3220193
3220201
3220211
3220219
3220267
3220271
3220289
3220297
3220307
3220309
3220319
3220351
3220381
3220409
3220411
3220423
3220433
3220447
3220453
3220471
3220499
3220513
3220523
3220543
3220549
3220561
3220577
3220579
3220597
3220601
3220603
3220619
3220627
3220639
3220661
3220663
3220669
3220681
3220699
3220703
3220727
3220771
3220793
3220799
3220801
3220817
3220831
3220849
3220859
3220873
3220879
3220883
3220901
3220907
3220951
3220963
3220967
3221017
3221033
3221063
3221069
3221093
3221107
3221111
3221123
3221129
3221137
3221167
3221189
3221237
3221243
3221261
3221269
3221297
3221299
3221321
3221327
3221353
3221359
3221371
3221401
3221419
3221423
3221429
3221437
3221441
3221443
3221453
3221473
3221497
3221501
3221503
3221509
3221513
3221539
3221549
3221557
3221567
3221573
3221591
3221599
3221629
3221641
3221677
3221707
3221717
3221719
3221731
3221747
3221753
3221761
3221783
3221791
3221807
3221809
3221819
3221899
3221917
3221941
3221951
3221957
3221971
3221983
3222007
3222031
3222041
3222053
3222059
3222083
3222101
3222113
3222137
3222151
3222169
3222187
3222199
3222209
3222211
3222217
3222221
3222223
3222239
3222251
3222253
3222269
3222281
3222287
3222301
3222337
3222379
3222389
3222397
3222409
3222413
3222467
3222487
3222493
3222547
3222551
3222581
3222613
3222617
3222629
3222643
3222677
3222679
3222689
3222697
3222727
3222763
3222773
3222781
3222787
3222797
3222823
3222833
3222841
3222847
3222859
3222871
3222881
3222883
3222899
3222917
3222929
3222937
3222953
3222971
3222991
3223007
3223009
3223043
3223049
3223061
3223063
3223069
3223079
3223109
3223127
3223153
3223159
3223189
3223201
3223211
3223223
3223247
3223261
3223273
3223291
3223309
3223333
3223343
3223357
3223373
3223391
3223399
3223439
3223459
3223463
3223481
3223499
3223501
3223529
3223531
3223537
3223541
3223547
3223567
3223603
3223621
3223631
3223663
3223687
3223709
3223729
3223739
3223741
3223751
3223757
3223769
3223771
3223793
3223799
3223811
3223813
3223817
3223837
3223849
3223853
3223859
3223867
3223873
3223903
3223919
3223943
3223963
3223967
3223991
3224009
3224027
3224047
3224051
3224057
3224077
3224099
3224113
3224119
3224131
3224159
3224161
3224171
3224189
3224197
3224233
3224239
3224251
3224261
3224267
3224293
3224297
3224317
3224321
3224401
3224413
3224447
3224449
3224453
3224461
3224479
3224489
3224491
3224497
3224519
3224537
3224563
3224567
3224581
3224591
3224593
3224647
3224677
3224687
3224707
3224719
3224723
3224731
3224743
3224783
3224789
3224791
3224797
3224801
3224833
3224857
3224861
3224863
3224867
3224869
3224909
3224929
3224971
3224981
3224987
3225011
3225029
3225071
3225073
3225091
3225097
3225127
3225137
3225139
3225143
3225149
3225151
3225161
3225163
3225181
3225191
3225197
3225203
3225227
3225247
3225259
3225283
3225289
3225319
3225323
3225329
3225349
3225371
3225373
3225377
3225389
3225407
3225413
3225433
3225437
3225479
3225487
3225493
3225499
3225503
3225517
3225539
3225647
3225653
3225667
3225671
3225679
3225737
3225749
3225769
3225779
3225787
3225791
3225793
3225821
3225823
3225841
3225847
3225853
3225883
3225889
3225899
3225907
3225947
3225949
3225967
3225973
3226001
3226021
3226031
3226043
3226079
3226099
3226129
3226133
3226147
3226151
3226159
3226183
3226189
3226207
3226217
3226231
3226241
3226271
3226309
3226313
3226319
3226343
3226357
3226393
3226397
3226403
3226411
3226423
3226441
3226469
3226471
3226477
3226493
3226499
3226529
3226537
3226541
3226543
3226547
3226571
3226579
3226603
3226621
3226631
3226649
3226669
3226679
3226711
3226771
3226777
3226781
3226793
3226829
3226837
3226841
3226843
3226871
3226891
3226901
3226907
3226933
3226939
3226967
3226981
3226997
3226999
3227009
3227027
3227039
3227041
3227129
3227137
3227141
3227143
3227171
3227201
3227209
3227219
3227221
3227239
3227243
3227249
3227261
3227267
3227269
3227281
3227293
3227353
3227363
3227369
3227417
3227423
3227431
3227459
3227507
3227509
3227513
3227519
3227551
3227579
3227597
3227611
3227617
3227639
3227641
3227669
3227681
3227683
3227717
3227723
3227743
3227747
3227761
3227767
3227771
3227789
3227801
3227803
3227821
3227827
3227837
3227839
3227849
3227867
3227879
3227893
3227897
3227899
3227911
3227921
3227933
3227947
3227951
3227957
3227963
3227989
3228023
3228037
3228041
3228047
3228097
3228103
3228107
3228109
3228143
3228149
3228151
3228161
3228163
3228179
3228187
3228191
3228209
3228221
3228223
3228227
3228241
3228259
3228293
3228341
3228343
3228359
3228373
3228403
3228413
3228427
3228437
3228439
3228443
3228457
3228469
3228517
3228527
3228559
3228581
3228593
3228661
3228683
3228703
3228713
3228733
3228737
3228739
3228751
3228769
3228779
3228781
3228811
3228829
3228847
3228857
3228871
3228877
3228887
3228899
3228937
3228943
3228959
3228961
3228977
3228983
3229001
3229003
3229021
3229049
3229067
3229081
3229091
3229097
3229103
3229111
3229117
3229123
3229139
3229141
3229169
3229181
3229189
There are 1452 prime numbers in S299.
