S301(3250801~3272472)
3250801
3250811
3250817
3250831
3250837
3250853
3250901
3250913
3250979
3250991
3250993
3250997
3251009
3251023
3251047
3251057
3251069
3251093
3251099
3251111
3251137
3251159
3251173
3251191
3251197
3251207
3251221
3251231
3251243
3251251
3251279
3251317
3251333
3251357
3251363
3251377
3251389
3251399
3251407
3251411
3251447
3251453
3251467
3251473
3251503
3251513
3251519
3251557
3251569
3251593
3251609
3251653
3251659
3251663
3251681
3251693
3251701
3251707
3251723
3251747
3251749
3251761
3251767
3251779
3251783
3251791
3251803
3251839
3251851
3251861
3251863
3251873
3251887
3251891
3251909
3251917
3251923
3251929
3251933
3251999
3252017
3252043
3252061
3252091
3252121
3252163
3252169
3252191
3252203
3252209
3252217
3252281
3252283
3252289
3252299
3252307
3252311
3252329
3252349
3252367
3252371
3252377
3252397
3252409
3252413
3252419
3252421
3252443
3252449
3252463
3252467
3252481
3252523
3252527
3252533
3252547
3252577
3252583
3252607
3252617
3252619
3252631
3252643
3252677
3252679
3252713
3252731
3252761
3252773
3252779
3252787
3252827
3252833
3252839
3252859
3252863
3252869
3252871
3252877
3252941
3252943
3252961
3252979
3253013
3253021
3253027
3253031
3253043
3253057
3253073
3253091
3253093
3253111
3253127
3253139
3253147
3253153
3253177
3253219
3253223
3253231
3253241
3253253
3253297
3253301
3253321
3253333
3253343
3253361
3253417
3253463
3253469
3253487
3253489
3253493
3253499
3253519
3253529
3253531
3253553
3253559
3253561
3253571
3253631
3253697
3253709
3253711
3253739
3253753
3253777
3253781
3253799
3253813
3253823
3253841
3253871
3253889
3253933
3253937
3253949
3253961
3253963
3253967
3253981
3254023
3254033
3254051
3254057
3254071
3254077
3254081
3254117
3254131
3254137
3254159
3254183
3254203
3254213
3254219
3254221
3254227
3254231
3254249
3254269
3254281
3254291
3254299
3254323
3254333
3254341
3254353
3254371
3254389
3254393
3254423
3254437
3254441
3254443
3254501
3254509
3254519
3254521
3254527
3254549
3254579
3254591
3254623
3254653
3254683
3254689
3254729
3254731
3254737
3254749
3254759
3254761
3254773
3254789
3254791
3254807
3254809
3254813
3254821
3254843
3254863
3254869
3254893
3254897
3254921
3254929
3254959
3255059
3255071
3255127
3255139
3255157
3255179
3255181
3255193
3255199
3255209
3255227
3255233
3255247
3255269
3255281
3255283
3255293
3255299
3255311
3255319
3255367
3255377
3255379
3255389
3255431
3255433
3255437
3255451
3255467
3255491
3255493
3255529
3255547
3255557
3255559
3255583
3255587
3255601
3255613
3255641
3255649
3255661
3255671
3255683
3255691
3255701
3255739
3255751
3255761
3255767
3255773
3255779
3255781
3255787
3255793
3255803
3255817
3255853
3255871
3255877
3255881
3255893
3255913
3255929
3255943
3255953
3255971
3255979
3255983
3255991
3256021
3256031
3256039
3256051
3256067
3256069
3256081
3256093
3256171
3256181
3256217
3256229
3256247
3256249
3256289
3256303
3256313
3256327
3256361
3256369
3256397
3256399
3256411
3256417
3256423
3256427
3256441
3256453
3256471
3256483
3256499
3256523
3256531
3256549
3256553
3256567
3256573
3256579
3256601
3256621
3256637
3256681
3256697
3256711
3256717
3256723
3256727
3256739
3256789
3256793
3256807
3256817
3256831
3256861
3256871
3256879
3256889
3256927
3256931
3256943
3256951
3256987
3256997
3257011
3257017
3257027
3257063
3257069
3257083
3257101
3257117
3257119
3257129
3257153
3257161
3257167
3257171
3257173
3257179
3257203
3257231
3257239
3257257
3257269
3257291
3257297
3257299
3257347
3257363
3257377
3257381
3257383
3257399
3257413
3257447
3257453
3257497
3257503
3257509
3257519
3257521
3257533
3257549
3257603
3257609
3257623
3257641
3257663
3257671
3257689
3257699
3257707
3257713
3257717
3257719
3257731
3257747
3257753
3257777
3257783
3257791
3257801
3257851
3257861
3257869
3257879
3257923
3257941
3257959
3258001
3258029
3258037
3258041
3258049
3258053
3258077
3258089
3258091
3258097
3258103
3258107
3258113
3258137
3258149
3258161
3258163
3258173
3258217
3258223
3258247
3258293
3258301
3258323
3258349
3258371
3258383
3258389
3258391
3258413
3258421
3258427
3258449
3258461
3258467
3258487
3258491
3258499
3258523
3258529
3258539
3258547
3258551
3258569
3258587
3258601
3258623
3258631
3258649
3258659
3258667
3258691
3258707
3258719
3258727
3258737
3258743
3258763
3258769
3258797
3258863
3258869
3258877
3258889
3258911
3258919
3258929
3258943
3258953
3258977
3258979
3258989
3259001
3259037
3259073
3259097
3259111
3259117
3259177
3259181
3259183
3259199
3259211
3259237
3259253
3259283
3259301
3259369
3259379
3259387
3259429
3259439
3259453
3259457
3259463
3259471
3259481
3259489
3259517
3259519
3259547
3259559
3259561
3259567
3259579
3259601
3259603
3259609
3259639
3259643
3259649
3259661
3259667
3259679
3259703
3259717
3259723
3259727
3259771
3259783
3259793
3259799
3259807
3259829
3259843
3259853
3259891
3259909
3259931
3259933
3259957
3259973
3259979
3259987
3259999
3260003
3260017
3260021
3260027
3260029
3260041
3260051
3260063
3260071
3260087
3260099
3260111
3260113
3260119
3260123
3260129
3260137
3260143
3260149
3260167
3260203
3260207
3260219
3260237
3260261
3260263
3260291
3260293
3260297
3260317
3260321
3260339
3260347
3260371
3260407
3260417
3260423
3260431
3260449
3260473
3260497
3260501
3260513
3260519
3260539
3260563
3260573
3260591
3260597
3260599
3260623
3260629
3260639
3260657
3260659
3260669
3260683
3260701
3260711
3260717
3260729
3260749
3260791
3260809
3260827
3260833
3260839
3260857
3260863
3260867
3260869
3260879
3260891
3260897
3260899
3260903
3260911
3260947
3260969
3260977
3260993
3261007
3261023
3261029
3261113
3261119
3261131
3261133
3261151
3261157
3261173
3261191
3261197
3261211
3261221
3261241
3261257
3261259
3261281
3261299
3261317
3261337
3261353
3261371
3261373
3261397
3261403
3261413
3261437
3261451
3261473
3261481
3261491
3261497
3261523
3261539
3261547
3261551
3261553
3261581
3261617
3261619
3261631
3261641
3261667
3261683
3261703
3261721
3261733
3261737
3261743
3261799
3261803
3261827
3261829
3261857
3261871
3261877
3261889
3261899
3261911
3261931
3261961
3261967
3262003
3262009
3262019
3262033
3262081
3262139
3262153
3262157
3262177
3262183
3262187
3262201
3262241
3262277
3262289
3262307
3262313
3262321
3262331
3262339
3262361
3262373
3262387
3262393
3262397
3262403
3262421
3262429
3262439
3262451
3262477
3262499
3262507
3262531
3262559
3262579
3262591
3262601
3262613
3262639
3262673
3262681
3262687
3262717
3262723
3262741
3262769
3262799
3262807
3262823
3262837
3262859
3262879
3262891
3262907
3262913
3262921
3262933
3262949
3262957
3262981
3263009
3263017
3263047
3263053
3263059
3263077
3263081
3263083
3263107
3263119
3263123
3263131
3263137
3263147
3263189
3263191
3263207
3263213
3263219
3263233
3263237
3263243
3263287
3263291
3263297
3263333
3263353
3263389
3263413
3263417
3263431
3263441
3263443
3263453
3263461
3263471
3263483
3263489
3263501
3263509
3263551
3263597
3263599
3263627
3263629
3263639
3263647
3263671
3263693
3263713
3263791
3263797
3263803
3263831
3263833
3263837
3263849
3263851
3263879
3263893
3263917
3263933
3263947
3263957
3263971
3263977
3263989
3263993
3264007
3264011
3264047
3264059
3264071
3264073
3264077
3264101
3264109
3264139
3264161
3264179
3264193
3264199
3264203
3264227
3264241
3264263
3264271
3264301
3264311
3264319
3264343
3264383
3264397
3264403
3264419
3264427
3264433
3264449
3264491
3264533
3264539
3264553
3264571
3264581
3264589
3264593
3264601
3264607
3264631
3264649
3264691
3264719
3264721
3264743
3264749
3264773
3264809
3264817
3264823
3264829
3264839
3264851
3264857
3264887
3264893
3264929
3264931
3264967
3264983
3265007
3265019
3265021
3265049
3265051
3265061
3265063
3265069
3265079
3265099
3265109
3265123
3265127
3265133
3265151
3265153
3265159
3265181
3265183
3265187
3265201
3265247
3265331
3265337
3265349
3265357
3265369
3265373
3265393
3265399
3265403
3265433
3265439
3265441
3265459
3265477
3265541
3265543
3265567
3265573
3265579
3265589
3265597
3265601
3265621
3265627
3265631
3265637
3265643
3265667
3265673
3265679
3265681
3265693
3265711
3265723
3265727
3265733
3265741
3265771
3265799
3265817
3265831
3265837
3265859
3265861
3265877
3265883
3265901
3265903
3265907
3265949
3265957
3265973
3265981
3265987
3265991
3265993
3266041
3266047
3266089
3266113
3266117
3266141
3266143
3266147
3266167
3266177
3266189
3266209
3266243
3266251
3266257
3266269
3266279
3266287
3266293
3266297
3266327
3266339
3266369
3266371
3266381
3266383
3266387
3266399
3266401
3266407
3266447
3266477
3266479
3266503
3266513
3266519
3266521
3266551
3266561
3266569
3266573
3266579
3266587
3266591
3266597
3266617
3266671
3266707
3266741
3266743
3266773
3266779
3266801
3266827
3266831
3266843
3266849
3266881
3266899
3266909
3266927
3266933
3266957
3266999
3267001
3267023
3267029
3267037
3267041
3267067
3267071
3267073
3267109
3267113
3267133
3267139
3267149
3267151
3267157
3267161
3267193
3267197
3267217
3267223
3267233
3267289
3267317
3267337
3267347
3267353
3267367
3267371
3267377
3267409
3267419
3267427
3267443
3267463
3267497
3267499
3267529
3267547
3267557
3267569
3267571
3267611
3267623
3267631
3267643
3267647
3267697
3267703
3267713
3267727
3267731
3267743
3267763
3267773
3267787
3267799
3267809
3267839
3267841
3267883
3267899
3267907
3267931
3267937
3267941
3267947
3267967
3267973
3268009
3268021
3268037
3268049
3268061
3268079
3268103
3268121
3268127
3268141
3268157
3268159
3268163
3268183
3268207
3268211
3268219
3268229
3268241
3268253
3268297
3268303
3268337
3268339
3268373
3268379
3268381
3268417
3268439
3268451
3268453
3268477
3268481
3268483
3268487
3268493
3268519
3268523
3268537
3268549
3268571
3268591
3268621
3268649
3268651
3268667
3268687
3268693
3268711
3268723
3268739
3268753
3268781
3268787
3268799
3268813
3268819
3268823
3268831
3268847
3268849
3268861
3268871
3268891
3268901
3268907
3268927
3268943
3268961
3268963
3269009
3269011
3269029
3269039
3269047
3269069
3269081
3269111
3269143
3269153
3269177
3269207
3269213
3269239
3269267
3269303
3269327
3269339
3269351
3269363
3269369
3269377
3269393
3269401
3269407
3269437
3269443
3269447
3269449
3269503
3269509
3269531
3269537
3269561
3269639
3269641
3269659
3269681
3269683
3269687
3269699
3269701
3269711
3269713
3269719
3269723
3269753
3269789
3269803
3269807
3269809
3269821
3269863
3269897
3269921
3269923
3269927
3269963
3269969
3269977
3269983
3269989
3269993
3270031
3270049
3270061
3270073
3270083
3270101
3270121
3270139
3270143
3270187
3270191
3270199
3270217
3270227
3270229
3270247
3270251
3270257
3270277
3270287
3270313
3270343
3270373
3270383
3270419
3270427
3270431
3270433
3270457
3270461
3270497
3270499
3270517
3270523
3270569
3270571
3270581
3270583
3270599
3270607
3270629
3270643
3270653
3270667
3270671
3270691
3270697
3270719
3270727
3270733
3270737
3270769
3270797
3270803
3270821
3270829
3270833
3270863
3270889
3270893
3270913
3270923
3270929
3270959
3270961
3270973
3270979
3271031
3271033
3271039
3271043
3271049
3271069
3271109
3271111
3271117
3271127
3271159
3271189
3271217
3271223
3271253
3271271
3271277
3271321
3271357
3271381
3271391
3271441
3271447
3271459
3271481
3271487
3271493
3271501
3271507
3271517
3271537
3271547
3271561
3271571
3271601
3271657
3271661
3271669
3271673
3271679
3271687
3271691
3271703
3271711
3271733
3271753
3271813
3271817
3271823
3271843
3271861
3271883
3271889
3271903
3271927
3271967
3271981
3271991
3271993
3272011
3272023
3272029
3272033
3272039
3272051
3272053
3272069
3272077
3272083
3272089
3272119
3272147
3272173
3272179
3272197
3272219
3272221
3272231
3272239
3272303
3272309
3272323
3272327
3272359
3272369
3272377
3272383
3272387
3272419
3272431
3272443
3272459
There are 1441 prime numbers in S301.
