S302(3272473~3294216)
3272473
3272491
3272527
3272531
3272543
3272567
3272587
3272609
3272629
3272651
3272669
3272677
3272681
3272707
3272713
3272723
3272729
3272741
3272747
3272779
3272783
3272791
3272813
3272837
3272839
3272849
3272861
3272869
3272873
3272879
3272881
3272897
3272903
3272963
3272999
3273001
3273013
3273019
3273043
3273059
3273079
3273089
3273091
3273119
3273139
3273157
3273169
3273181
3273191
3273209
3273211
3273217
3273233
3273239
3273269
3273287
3273307
3273323
3273329
3273343
3273349
3273371
3273397
3273407
3273421
3273449
3273467
3273493
3273527
3273533
3273581
3273593
3273601
3273617
3273661
3273671
3273703
3273737
3273761
3273763
3273773
3273791
3273799
3273811
3273827
3273857
3273869
3273899
3273901
3273937
3273961
3273967
3273983
3273989
3274001
3274009
3274031
3274039
3274049
3274057
3274069
3274079
3274097
3274111
3274121
3274151
3274153
3274157
3274169
3274171
3274177
3274199
3274207
3274231
3274237
3274247
3274253
3274261
3274273
3274277
3274279
3274283
3274291
3274331
3274333
3274343
3274363
3274367
3274379
3274391
3274409
3274451
3274457
3274459
3274511
3274529
3274543
3274553
3274589
3274619
3274633
3274637
3274643
3274657
3274681
3274697
3274699
3274721
3274729
3274753
3274757
3274771
3274801
3274811
3274813
3274823
3274841
3274847
3274867
3274879
3274891
3274903
3274961
3274963
3274987
3275003
3275021
3275023
3275053
3275081
3275089
3275093
3275113
3275117
3275137
3275143
3275147
3275179
3275189
3275191
3275197
3275213
3275219
3275221
3275249
3275309
3275317
3275357
3275359
3275369
3275381
3275401
3275411
3275413
3275417
3275471
3275473
3275479
3275483
3275497
3275501
3275507
3275513
3275537
3275551
3275567
3275599
3275603
3275609
3275627
3275633
3275651
3275663
3275669
3275687
3275689
3275693
3275707
3275719
3275731
3275737
3275743
3275749
3275803
3275819
3275843
3275851
3275873
3275891
3275897
3275903
3275911
3275929
3275933
3275939
3275953
3275957
3275963
3275969
3275971
3275989
3276029
3276061
3276067
3276071
3276073
3276083
3276103
3276107
3276109
3276131
3276139
3276149
3276157
3276181
3276199
3276241
3276253
3276263
3276271
3276277
3276283
3276293
3276319
3276331
3276337
3276347
3276349
3276397
3276401
3276409
3276457
3276479
3276487
3276491
3276503
3276509
3276517
3276521
3276523
3276527
3276551
3276587
3276599
3276601
3276617
3276641
3276653
3276667
3276671
3276677
3276719
3276773
3276781
3276799
3276803
3276809
3276817
3276821
3276827
3276853
3276881
3276883
3276941
3276961
3276967
3276983
3276989
3276997
3277003
3277009
3277019
3277031
3277033
3277049
3277051
3277067
3277081
3277091
3277093
3277097
3277111
3277117
3277121
3277123
3277133
3277181
3277217
3277279
3277283
3277297
3277301
3277321
3277327
3277343
3277363
3277387
3277397
3277399
3277403
3277409
3277411
3277427
3277457
3277471
3277501
3277507
3277513
3277531
3277541
3277543
3277559
3277579
3277597
3277601
3277607
3277613
3277619
3277621
3277643
3277649
3277657
3277691
3277693
3277697
3277699
3277721
3277763
3277777
3277801
3277811
3277817
3277829
3277843
3277853
3277903
3277913
3277943
3277949
3277951
3277961
3277969
3277987
3277993
3278021
3278039
3278047
3278053
3278057
3278063
3278071
3278081
3278083
3278087
3278101
3278113
3278117
3278129
3278147
3278173
3278179
3278207
3278221
3278227
3278239
3278257
3278267
3278269
3278291
3278299
3278321
3278329
3278333
3278339
3278347
3278369
3278371
3278381
3278389
3278413
3278423
3278437
3278461
3278477
3278519
3278521
3278531
3278551
3278557
3278573
3278599
3278609
3278629
3278651
3278669
3278683
3278699
3278701
3278741
3278753
3278761
3278771
3278783
3278789
3278791
3278797
3278809
3278819
3278831
3278833
3278837
3278867
3278917
3278927
3278939
3278959
3278969
3278981
3278983
3278987
3278999
3279007
3279037
3279127
3279131
3279173
3279187
3279193
3279197
3279209
3279251
3279257
3279281
3279293
3279329
3279337
3279361
3279377
3279391
3279401
3279431
3279439
3279491
3279499
3279503
3279511
3279517
3279541
3279559
3279607
3279641
3279673
3279677
3279709
3279737
3279743
3279763
3279767
3279781
3279803
3279811
3279833
3279841
3279949
3279953
3279973
3279977
3280003
3280009
3280033
3280037
3280061
3280073
3280111
3280127
3280139
3280157
3280181
3280187
3280213
3280229
3280231
3280279
3280289
3280297
3280307
3280313
3280339
3280357
3280363
3280367
3280373
3280391
3280423
3280441
3280463
3280469
3280471
3280477
3280481
3280489
3280493
3280499
3280517
3280523
3280549
3280561
3280579
3280583
3280591
3280603
3280621
3280639
3280649
3280657
3280661
3280663
3280681
3280687
3280691
3280703
3280747
3280757
3280759
3280793
3280801
3280811
3280867
3280877
3280889
3280897
3280903
3280957
3280961
3280967
3280969
3281011
3281021
3281039
3281041
3281059
3281063
3281077
3281081
3281087
3281093
3281101
3281137
3281141
3281149
3281171
3281183
3281207
3281209
3281233
3281269
3281273
3281293
3281297
3281303
3281351
3281359
3281363
3281393
3281401
3281417
3281431
3281441
3281449
3281461
3281483
3281497
3281503
3281507
3281513
3281533
3281543
3281557
3281563
3281573
3281627
3281657
3281687
3281689
3281693
3281701
3281723
3281767
3281777
3281783
3281791
3281821
3281827
3281849
3281857
3281909
3281911
3281933
3281981
3281987
3282029
3282047
3282067
3282089
3282101
3282121
3282127
3282143
3282161
3282163
3282203
3282211
3282281
3282283
3282289
3282341
3282379
3282407
3282427
3282437
3282443
3282451
3282457
3282463
3282469
3282473
3282493
3282509
3282511
3282523
3282533
3282551
3282563
3282571
3282599
3282641
3282667
3282673
3282689
3282691
3282703
3282709
3282731
3282739
3282743
3282757
3282761
3282779
3282791
3282817
3282833
3282841
3282847
3282857
3282889
3282893
3282901
3282907
3282913
3282977
3283001
3283009
3283019
3283031
3283037
3283051
3283069
3283079
3283087
3283097
3283103
3283127
3283129
3283139
3283141
3283151
3283153
3283171
3283199
3283211
3283213
3283237
3283271
3283283
3283289
3283307
3283327
3283337
3283339
3283349
3283361
3283381
3283393
3283421
3283429
3283433
3283451
3283463
3283471
3283493
3283507
3283517
3283529
3283531
3283541
3283543
3283571
3283573
3283589
3283619
3283627
3283633
3283663
3283681
3283711
3283717
3283727
3283747
3283769
3283783
3283807
3283817
3283823
3283829
3283831
3283837
3283853
3283879
3283897
3283901
3283909
3283913
3283921
3283927
3283939
3283967
3283981
3283991
3283993
3283997
3284003
3284023
3284033
3284041
3284063
3284069
3284137
3284143
3284161
3284173
3284191
3284201
3284243
3284257
3284263
3284269
3284293
3284311
3284339
3284341
3284363
3284371
3284441
3284443
3284447
3284461
3284467
3284483
3284507
3284521
3284537
3284539
3284599
3284639
3284647
3284657
3284669
3284681
3284693
3284713
3284719
3284737
3284747
3284753
3284761
3284767
3284779
3284807
3284833
3284839
3284843
3284851
3284857
3284867
3284873
3284909
3284921
3284923
3284947
3284959
3284989
3284999
3285019
3285041
3285083
3285089
3285103
3285127
3285167
3285169
3285173
3285181
3285197
3285203
3285229
3285239
3285259
3285263
3285283
3285299
3285319
3285353
3285367
3285377
3285407
3285419
3285421
3285427
3285431
3285433
3285449
3285467
3285509
3285517
3285559
3285571
3285577
3285593
3285647
3285677
3285679
3285683
3285697
3285703
3285713
3285719
3285739
3285749
3285823
3285827
3285839
3285851
3285857
3285889
3285901
3285923
3285929
3285943
3285959
3285979
3285983
3285991
3286013
3286021
3286043
3286057
3286067
3286091
3286097
3286111
3286121
3286133
3286139
3286141
3286177
3286181
3286207
3286247
3286249
3286267
3286277
3286301
3286307
3286319
3286331
3286369
3286391
3286399
3286427
3286429
3286441
3286453
3286471
3286501
3286511
3286513
3286529
3286531
3286553
3286561
3286567
3286571
3286573
3286579
3286603
3286607
3286643
3286649
3286667
3286669
3286687
3286691
3286693
3286697
3286721
3286739
3286771
3286781
3286799
3286807
3286823
3286841
3286849
3286873
3286891
3286909
3286937
3286939
3286951
3286957
3286991
3286993
3287003
3287017
3287027
3287029
3287033
3287047
3287051
3287059
3287071
3287077
3287083
3287099
3287101
3287143
3287149
3287177
3287189
3287261
3287267
3287293
3287309
3287311
3287327
3287329
3287359
3287429
3287441
3287447
3287461
3287467
3287483
3287491
3287497
3287507
3287521
3287533
3287563
3287567
3287573
3287587
3287593
3287617
3287629
3287639
3287653
3287677
3287699
3287719
3287747
3287761
3287771
3287773
3287777
3287803
3287807
3287813
3287819
3287821
3287833
3287861
3287881
3287887
3287897
3287899
3287917
3287941
3287957
3287959
3287989
3288023
3288029
3288037
3288053
3288091
3288097
3288113
3288143
3288151
3288163
3288169
3288179
3288193
3288209
3288269
3288317
3288319
3288343
3288347
3288353
3288359
3288367
3288371
3288403
3288419
3288433
3288437
3288451
3288457
3288473
3288479
3288499
3288503
3288529
3288541
3288547
3288559
3288587
3288611
3288613
3288619
3288631
3288673
3288707
3288713
3288721
3288737
3288751
3288757
3288763
3288781
3288787
3288797
3288811
3288823
3288827
3288833
3288841
3288847
3288889
3288899
3288911
3288917
3288947
3288949
3288953
3288983
3288997
3289001
3289019
3289037
3289043
3289067
3289087
3289123
3289141
3289159
3289163
3289171
3289229
3289241
3289243
3289259
3289277
3289283
3289291
3289327
3289331
3289361
3289369
3289387
3289393
3289397
3289423
3289439
3289459
3289463
3289493
3289513
3289519
3289523
3289549
3289567
3289571
3289579
3289591
3289597
3289613
3289631
3289651
3289661
3289691
3289697
3289709
3289711
3289723
3289739
3289753
3289757
3289777
3289787
3289817
3289843
3289849
3289861
3289877
3289879
3289889
3289931
3289933
3289961
3289967
3289969
3289981
3289987
3289997
3290009
3290029
3290039
3290041
3290051
3290057
3290083
3290087
3290093
3290107
3290117
3290149
3290153
3290159
3290167
3290171
3290179
3290201
3290207
3290213
3290237
3290239
3290257
3290263
3290267
3290281
3290321
3290323
3290341
3290347
3290377
3290389
3290411
3290431
3290453
3290459
3290473
3290509
3290519
3290533
3290549
3290561
3290579
3290593
3290641
3290647
3290653
3290657
3290663
3290671
3290687
3290689
3290699
3290711
3290723
3290737
3290773
3290789
3290797
3290801
3290803
3290821
3290827
3290831
3290849
3290873
3290879
3290887
3290927
3290977
3290981
3290983
3291017
3291031
3291073
3291083
3291109
3291137
3291143
3291163
3291179
3291221
3291227
3291259
3291271
3291283
3291293
3291311
3291317
3291331
3291341
3291359
3291361
3291367
3291371
3291373
3291383
3291391
3291401
3291437
3291469
3291481
3291493
3291511
3291539
3291569
3291581
3291583
3291593
3291647
3291653
3291661
3291667
3291679
3291683
3291689
3291707
3291709
3291719
3291721
3291733
3291749
3291751
3291763
3291781
3291791
3291793
3291817
3291823
3291839
3291881
3291901
3291907
3291917
3291919
3291923
3291929
3291943
3291947
3291949
3291979
3291991
3292019
3292027
3292031
3292039
3292043
3292049
3292063
3292087
3292103
3292129
3292147
3292183
3292213
3292217
3292229
3292241
3292249
3292279
3292309
3292327
3292337
3292343
3292349
3292351
3292369
3292391
3292403
3292411
3292433
3292439
3292451
3292463
3292489
3292501
3292507
3292511
3292537
3292561
3292579
3292589
3292609
3292633
3292637
3292673
3292687
3292691
3292697
3292717
3292753
3292759
3292769
3292787
3292801
3292813
3292843
3292873
3292907
3292931
3292969
3292973
3292981
3293009
3293021
3293029
3293033
3293047
3293057
3293113
3293123
3293167
3293177
3293183
3293197
3293221
3293231
3293233
3293239
3293281
3293287
3293299
3293309
3293351
3293363
3293387
3293399
3293419
3293429
3293447
3293449
3293453
3293497
3293503
3293527
3293551
3293561
3293603
3293621
3293639
3293651
3293681
3293683
3293701
3293737
3293749
3293789
3293813
3293819
3293839
3293861
3293863
3293867
3293879
3293881
3293893
3293923
3293957
3293959
3293977
3293987
3293989
3293993
3294007
3294013
3294041
3294077
3294079
3294097
3294103
3294127
3294143
3294169
3294173
3294191
There are 1452 prime numbers in S302.
