S303(3294217~3316032)
3294233
3294251
3294259
3294281
3294287
3294293
3294299
3294301
3294337
3294349
3294373
3294397
3294407
3294437
3294449
3294461
3294479
3294491
3294493
3294503
3294509
3294523
3294527
3294541
3294553
3294593
3294631
3294659
3294667
3294677
3294679
3294689
3294701
3294749
3294751
3294763
3294769
3294791
3294817
3294827
3294829
3294833
3294857
3294871
3294881
3294899
3294901
3294913
3294917
3294919
3294931
3294953
3294979
3294983
3294989
3295007
3295013
3295027
3295069
3295111
3295121
3295199
3295213
3295223
3295249
3295267
3295277
3295291
3295307
3295309
3295321
3295333
3295337
3295339
3295343
3295351
3295361
3295363
3295367
3295441
3295447
3295451
3295471
3295483
3295489
3295507
3295541
3295543
3295547
3295549
3295559
3295561
3295583
3295597
3295657
3295661
3295673
3295679
3295709
3295711
3295723
3295729
3295741
3295751
3295753
3295757
3295771
3295783
3295793
3295811
3295843
3295883
3295913
3295939
3295967
3295991
3296003
3296021
3296039
3296047
3296077
3296081
3296089
3296093
3296119
3296129
3296143
3296149
3296207
3296213
3296221
3296231
3296233
3296263
3296281
3296287
3296311
3296339
3296347
3296369
3296387
3296393
3296399
3296417
3296437
3296473
3296477
3296479
3296497
3296537
3296551
3296561
3296569
3296581
3296593
3296597
3296599
3296603
3296641
3296647
3296651
3296669
3296693
3296701
3296707
3296723
3296729
3296731
3296771
3296773
3296779
3296789
3296791
3296801
3296831
3296837
3296849
3296863
3296897
3296903
3296983
3296999
3297011
3297017
3297029
3297037
3297043
3297059
3297061
3297071
3297083
3297101
3297103
3297109
3297113
3297143
3297149
3297163
3297187
3297193
3297199
3297209
3297251
3297263
3297293
3297299
3297313
3297319
3297323
3297331
3297353
3297367
3297383
3297397
3297421
3297433
3297449
3297457
3297461
3297467
3297479
3297493
3297499
3297509
3297517
3297521
3297527
3297557
3297571
3297587
3297601
3297611
3297617
3297647
3297683
3297691
3297731
3297733
3297739
3297743
3297769
3297781
3297787
3297803
3297823
3297841
3297857
3297859
3297869
3297871
3297883
3297907
3297911
3297913
3297919
3297937
3297989
3298003
3298007
3298019
3298033
3298049
3298091
3298103
3298111
3298117
3298129
3298151
3298181
3298189
3298193
3298201
3298247
3298259
3298261
3298279
3298297
3298313
3298367
3298387
3298403
3298411
3298423
3298441
3298481
3298483
3298511
3298517
3298523
3298543
3298577
3298579
3298597
3298613
3298619
3298621
3298627
3298639
3298643
3298657
3298681
3298699
3298717
3298739
3298769
3298807
3298811
3298817
3298843
3298847
3298849
3298853
3298861
3298871
3298877
3298891
3298907
3298909
3298921
3298979
3299017
3299033
3299057
3299059
3299081
3299117
3299123
3299129
3299137
3299161
3299183
3299201
3299213
3299239
3299251
3299267
3299269
3299273
3299279
3299291
3299297
3299323
3299357
3299363
3299383
3299389
3299437
3299459
3299477
3299489
3299503
3299509
3299537
3299563
3299579
3299617
3299633
3299641
3299651
3299677
3299687
3299689
3299761
3299789
3299797
3299827
3299837
3299851
3299869
3299927
3299941
3299957
3299969
3300001
3300007
3300019
3300029
3300041
3300061
3300071
3300097
3300103
3300127
3300133
3300139
3300149
3300169
3300179
3300181
3300191
3300203
3300211
3300217
3300233
3300263
3300301
3300313
3300331
3300337
3300343
3300359
3300389
3300413
3300419
3300443
3300449
3300491
3300503
3300529
3300559
3300571
3300593
3300613
3300679
3300683
3300691
3300697
3300721
3300749
3300757
3300767
3300779
3300811
3300821
3300823
3300853
3300859
3300863
3300883
3300887
3300917
3300923
3300943
3300949
3300953
3300959
3300961
3300967
3300971
3300989
3301019
3301027
3301037
3301073
3301091
3301093
3301147
3301163
3301169
3301187
3301217
3301229
3301237
3301267
3301303
3301321
3301343
3301357
3301369
3301379
3301391
3301409
3301427
3301471
3301477
3301481
3301499
3301511
3301513
3301541
3301561
3301579
3301591
3301601
3301603
3301631
3301637
3301663
3301681
3301709
3301733
3301751
3301759
3301777
3301787
3301789
3301799
3301807
3301819
3301861
3301901
3301919
3301931
3301933
3301943
3301957
3301981
3301999
3302003
3302011
3302069
3302071
3302081
3302083
3302107
3302119
3302129
3302137
3302149
3302153
3302161
3302177
3302183
3302191
3302197
3302203
3302207
3302209
3302237
3302251
3302261
3302269
3302291
3302303
3302329
3302339
3302353
3302359
3302389
3302393
3302413
3302449
3302459
3302473
3302477
3302503
3302527
3302531
3302557
3302567
3302569
3302603
3302617
3302681
3302683
3302693
3302711
3302749
3302797
3302807
3302813
3302821
3302843
3302851
3302857
3302861
3302891
3302917
3302921
3302927
3302939
3302987
3302993
3303011
3303023
3303059
3303109
3303127
3303137
3303149
3303161
3303163
3303173
3303193
3303199
3303229
3303259
3303263
3303269
3303271
3303281
3303319
3303337
3303341
3303343
3303347
3303353
3303371
3303373
3303379
3303383
3303401
3303403
3303409
3303439
3303449
3303499
3303523
3303533
3303539
3303541
3303551
3303557
3303571
3303607
3303617
3303623
3303637
3303667
3303673
3303679
3303683
3303691
3303719
3303731
3303737
3303749
3303799
3303809
3303827
3303829
3303857
3303871
3303889
3303893
3303953
3303961
3303977
3304003
3304033
3304061
3304079
3304087
3304097
3304099
3304123
3304129
3304151
3304153
3304181
3304219
3304237
3304243
3304253
3304261
3304277
3304291
3304297
3304319
3304331
3304349
3304361
3304363
3304369
3304397
3304403
3304451
3304487
3304489
3304493
3304513
3304529
3304541
3304589
3304597
3304601
3304607
3304627
3304633
3304643
3304657
3304661
3304669
3304673
3304687
3304751
3304757
3304759
3304787
3304813
3304823
3304843
3304849
3304853
3304859
3304871
3304883
3304891
3304897
3304901
3304913
3304933
3304943
3304949
3304957
3304963
3304981
3304991
3305009
3305011
3305017
3305033
3305039
3305047
3305063
3305111
3305117
3305119
3305147
3305149
3305171
3305179
3305201
3305209
3305227
3305233
3305249
3305257
3305273
3305279
3305287
3305299
3305303
3305317
3305329
3305377
3305381
3305389
3305417
3305447
3305459
3305473
3305479
3305483
3305501
3305503
3305509
3305527
3305573
3305581
3305587
3305591
3305611
3305657
3305671
3305693
3305699
3305717
3305719
3305749
3305759
3305761
3305777
3305779
3305821
3305833
3305851
3305873
3305879
3305891
3305917
3305923
3305927
3305941
3305959
3305963
3305983
3305989
3305999
3306001
3306011
3306013
3306049
3306059
3306091
3306131
3306137
3306151
3306157
3306169
3306179
3306217
3306223
3306239
3306253
3306269
3306271
3306287
3306293
3306341
3306343
3306349
3306371
3306379
3306397
3306427
3306451
3306461
3306467
3306469
3306473
3306481
3306487
3306509
3306521
3306529
3306533
3306539
3306547
3306557
3306559
3306587
3306593
3306599
3306601
3306607
3306623
3306629
3306631
3306643
3306647
3306659
3306679
3306701
3306707
3306713
3306731
3306763
3306791
3306799
3306811
3306839
3306847
3306851
3306859
3306869
3306883
3306907
3306911
3306913
3306943
3306971
3306977
3306991
3307033
3307067
3307099
3307141
3307153
3307201
3307211
3307219
3307223
3307229
3307267
3307277
3307279
3307289
3307307
3307327
3307351
3307361
3307373
3307379
3307399
3307417
3307439
3307457
3307459
3307487
3307489
3307523
3307529
3307559
3307567
3307573
3307609
3307613
3307621
3307627
3307631
3307643
3307663
3307679
3307693
3307721
3307727
3307739
3307747
3307753
3307781
3307789
3307807
3307831
3307853
3307859
3307873
3307891
3307903
3307939
3307973
3308027
3308057
3308077
3308083
3308087
3308089
3308093
3308153
3308161
3308203
3308209
3308237
3308243
3308267
3308273
3308303
3308309
3308321
3308323
3308341
3308359
3308369
3308381
3308399
3308423
3308447
3308449
3308467
3308483
3308497
3308507
3308509
3308519
3308521
3308531
3308533
3308551
3308563
3308567
3308587
3308593
3308609
3308611
3308621
3308623
3308633
3308653
3308663
3308677
3308713
3308719
3308749
3308759
3308777
3308783
3308791
3308801
3308819
3308867
3308881
3308887
3308891
3308911
3308917
3308923
3308927
3308939
3308951
3308953
3308957
3308959
3308989
3308993
3309001
3309011
3309013
3309037
3309041
3309071
3309077
3309083
3309091
3309107
3309121
3309139
3309143
3309149
3309167
3309179
3309193
3309209
3309221
3309227
3309247
3309253
3309269
3309301
3309307
3309347
3309353
3309359
3309367
3309377
3309379
3309413
3309437
3309461
3309463
3309469
3309473
3309491
3309499
3309511
3309517
3309541
3309563
3309571
3309583
3309623
3309637
3309659
3309661
3309673
3309689
3309701
3309703
3309721
3309739
3309749
3309751
3309763
3309809
3309811
3309827
3309829
3309833
3309847
3309851
3309869
3309919
3309923
3309961
3309979
3309991
3309997
3310049
3310061
3310063
3310079
3310117
3310127
3310129
3310133
3310141
3310169
3310171
3310187
3310193
3310201
3310207
3310253
3310261
3310267
3310271
3310283
3310297
3310301
3310357
3310387
3310399
3310423
3310429
3310451
3310453
3310457
3310469
3310507
3310547
3310577
3310589
3310609
3310639
3310651
3310663
3310691
3310717
3310721
3310739
3310753
3310757
3310771
3310777
3310789
3310793
3310799
3310819
3310829
3310837
3310849
3310859
3310861
3310877
3310891
3310927
3310933
3310987
3310999
3311027
3311029
3311041
3311051
3311059
3311081
3311089
3311101
3311117
3311123
3311131
3311137
3311173
3311177
3311179
3311183
3311213
3311219
3311233
3311251
3311299
3311303
3311309
3311317
3311359
3311401
3311411
3311419
3311431
3311437
3311467
3311501
3311509
3311519
3311521
3311527
3311531
3311579
3311587
3311591
3311593
3311603
3311621
3311639
3311641
3311647
3311657
3311669
3311683
3311717
3311723
3311741
3311797
3311807
3311809
3311813
3311827
3311831
3311837
3311849
3311851
3311881
3311897
3311899
3311911
3311921
3311927
3311929
3311933
3311941
3311951
3311969
3311983
3311999
3312013
3312019
3312031
3312041
3312053
3312077
3312091
3312097
3312107
3312109
3312139
3312151
3312163
3312167
3312173
3312181
3312187
3312191
3312193
3312209
3312217
3312227
3312307
3312347
3312367
3312383
3312389
3312451
3312457
3312503
3312511
3312527
3312539
3312563
3312571
3312577
3312581
3312587
3312599
3312601
3312623
3312653
3312679
3312689
3312697
3312719
3312731
3312733
3312737
3312761
3312767
3312781
3312811
3312817
3312823
3312833
3312853
3312863
3312887
3312893
3312899
3312919
3312929
3312941
3313003
3313043
3313067
3313099
3313109
3313117
3313139
3313153
3313159
3313183
3313199
3313213
3313223
3313237
3313241
3313253
3313259
3313267
3313291
3313319
3313327
3313361
3313363
3313369
3313399
3313411
3313417
3313421
3313433
3313439
3313477
3313481
3313483
3313489
3313561
3313571
3313573
3313577
3313591
3313603
3313631
3313637
3313649
3313663
3313669
3313697
3313699
3313727
3313741
3313747
3313763
3313769
3313777
3313787
3313823
3313837
3313841
3313867
3313873
3313879
3313883
3313901
3313903
3313913
3313939
3313943
3313949
3313957
3313969
3313987
3314009
3314027
3314029
3314039
3314119
3314137
3314141
3314147
3314159
3314173
3314203
3314219
3314237
3314239
3314243
3314257
3314261
3314281
3314309
3314329
3314347
3314383
3314387
3314401
3314407
3314411
3314413
3314429
3314447
3314459
3314471
3314477
3314501
3314503
3314513
3314527
3314537
3314579
3314593
3314639
3314651
3314657
3314659
3314681
3314687
3314699
3314713
3314747
3314767
3314791
3314819
3314837
3314879
3314893
3314917
3314929
3314933
3314939
3314951
3314953
3314963
3314977
3314981
3315001
3315007
3315031
3315041
3315049
3315071
3315073
3315079
3315107
3315121
3315127
3315131
3315133
3315157
3315173
3315209
3315211
3315223
3315271
3315283
3315287
3315317
3315331
3315337
3315349
3315353
3315371
3315373
3315379
3315401
3315407
3315409
3315421
3315439
3315457
3315461
3315469
3315491
3315509
3315511
3315523
3315577
3315581
3315593
3315619
3315643
3315649
3315661
3315679
3315701
3315721
3315727
3315737
3315757
3315761
3315769
3315779
3315817
3315827
3315857
3315863
3315877
3315883
3315929
3315943
3315971
3315989
3316007
There are 1447 prime numbers in S303.
