S304(3316033~3337920)
3316057
3316067
3316069
3316073
3316087
3316129
3316147
3316151
3316153
3316169
3316177
3316189
3316223
3316253
3316259
3316267
3316277
3316283
3316297
3316321
3316337
3316361
3316363
3316399
3316403
3316427
3316441
3316451
3316457
3316459
3316471
3316483
3316487
3316517
3316519
3316529
3316541
3316549
3316553
3316559
3316571
3316589
3316601
3316619
3316627
3316637
3316639
3316661
3316667
3316673
3316681
3316699
3316711
3316723
3316799
3316813
3316823
3316843
3316847
3316867
3316879
3316897
3316903
3316913
3316927
3316949
3316961
3316967
3316981
3316987
3316993
3317009
3317011
3317021
3317033
3317117
3317123
3317147
3317177
3317179
3317183
3317189
3317201
3317203
3317231
3317233
3317239
3317243
3317257
3317263
3317273
3317291
3317299
3317357
3317417
3317423
3317441
3317449
3317507
3317521
3317537
3317551
3317557
3317563
3317569
3317581
3317591
3317599
3317603
3317663
3317689
3317693
3317701
3317707
3317711
3317719
3317779
3317807
3317813
3317849
3317857
3317869
3317879
3317887
3317891
3317903
3317933
3317947
3318001
3318011
3318013
3318031
3318053
3318067
3318083
3318097
3318109
3318137
3318143
3318149
3318157
3318167
3318173
3318193
3318221
3318223
3318229
3318239
3318241
3318251
3318283
3318299
3318307
3318319
3318323
3318373
3318377
3318389
3318409
3318421
3318431
3318433
3318449
3318479
3318503
3318533
3318547
3318569
3318571
3318599
3318613
3318629
3318631
3318671
3318683
3318703
3318709
3318719
3318769
3318793
3318803
3318817
3318841
3318853
3318857
3318911
3318919
3318929
3318943
3318947
3318983
3318989
3319003
3319009
3319031
3319039
3319051
3319067
3319081
3319103
3319109
3319117
3319123
3319133
3319157
3319171
3319177
3319207
3319219
3319229
3319249
3319289
3319313
3319333
3319361
3319363
3319391
3319411
3319417
3319439
3319447
3319489
3319493
3319499
3319513
3319531
3319541
3319553
3319577
3319579
3319583
3319597
3319609
3319619
3319621
3319627
3319633
3319637
3319639
3319703
3319727
3319733
3319741
3319763
3319781
3319807
3319819
3319829
3319831
3319837
3319861
3319919
3319931
3319937
3319951
3319957
3319963
3319969
3319997
3320029
3320059
3320071
3320081
3320089
3320099
3320101
3320129
3320137
3320143
3320189
3320197
3320201
3320237
3320263
3320281
3320299
3320309
3320311
3320341
3320351
3320357
3320363
3320371
3320377
3320381
3320431
3320477
3320509
3320519
3320521
3320539
3320543
3320557
3320561
3320567
3320591
3320623
3320651
3320663
3320683
3320699
3320749
3320753
3320767
3320771
3320773
3320777
3320791
3320803
3320827
3320833
3320869
3320873
3320881
3320887
3320909
3320939
3320969
3320971
3321037
3321049
3321053
3321077
3321089
3321107
3321113
3321119
3321151
3321163
3321179
3321203
3321217
3321229
3321233
3321251
3321259
3321271
3321289
3321293
3321301
3321317
3321319
3321323
3321401
3321403
3321419
3321421
3321467
3321469
3321491
3321497
3321503
3321517
3321529
3321541
3321551
3321553
3321559
3321583
3321589
3321607
3321611
3321623
3321629
3321653
3321667
3321677
3321679
3321709
3321733
3321737
3321739
3321757
3321761
3321763
3321781
3321841
3321859
3321887
3321889
3321911
3321917
3321937
3321947
3321949
3321973
3321977
3322001
3322003
3322009
3322013
3322027
3322043
3322049
3322069
3322073
3322091
3322117
3322129
3322133
3322139
3322141
3322147
3322159
3322171
3322181
3322213
3322217
3322219
3322237
3322261
3322273
3322279
3322337
3322343
3322351
3322357
3322367
3322369
3322379
3322393
3322399
3322421
3322433
3322439
3322441
3322507
3322513
3322519
3322523
3322537
3322547
3322577
3322607
3322621
3322639
3322643
3322679
3322687
3322699
3322721
3322723
3322727
3322747
3322757
3322771
3322783
3322793
3322807
3322831
3322843
3322861
3322867
3322873
3322877
3322889
3322897
3322901
3322903
3322919
3322931
3322961
3322981
3322987
3323003
3323027
3323029
3323051
3323059
3323069
3323093
3323113
3323129
3323137
3323141
3323183
3323189
3323191
3323207
3323213
3323239
3323249
3323311
3323399
3323447
3323473
3323497
3323543
3323549
3323557
3323561
3323563
3323597
3323611
3323623
3323633
3323641
3323659
3323681
3323693
3323711
3323729
3323731
3323783
3323797
3323833
3323843
3323861
3323867
3323869
3323921
3323923
3323933
3323939
3323941
3323977
3323989
3324017
3324019
3324047
3324049
3324053
3324077
3324089
3324091
3324103
3324109
3324127
3324133
3324137
3324143
3324151
3324179
3324187
3324193
3324199
3324203
3324227
3324247
3324257
3324283
3324301
3324311
3324323
3324329
3324341
3324353
3324359
3324361
3324371
3324389
3324407
3324421
3324437
3324457
3324467
3324491
3324499
3324509
3324521
3324523
3324527
3324551
3324569
3324577
3324593
3324599
3324611
3324613
3324619
3324623
3324641
3324661
3324679
3324689
3324697
3324701
3324703
3324721
3324751
3324757
3324779
3324793
3324817
3324847
3324863
3324913
3324929
3324941
3324947
3324961
3324983
3324989
3324991
3325027
3325033
3325039
3325043
3325051
3325067
3325093
3325097
3325099
3325121
3325123
3325159
3325177
3325187
3325211
3325219
3325237
3325243
3325249
3325253
3325261
3325279
3325291
3325303
3325313
3325321
3325327
3325331
3325349
3325351
3325373
3325381
3325393
3325403
3325429
3325433
3325447
3325457
3325519
3325541
3325549
3325573
3325631
3325643
3325657
3325681
3325687
3325709
3325717
3325733
3325739
3325747
3325759
3325769
3325787
3325789
3325793
3325801
3325811
3325831
3325849
3325859
3325867
3325877
3325901
3325913
3325937
3325943
3325957
3325963
3325991
3325997
3326009
3326023
3326047
3326051
3326069
3326107
3326111
3326117
3326119
3326123
3326129
3326153
3326171
3326173
3326177
3326201
3326209
3326249
3326287
3326291
3326299
3326327
3326347
3326363
3326377
3326383
3326399
3326413
3326417
3326423
3326431
3326443
3326471
3326489
3326507
3326549
3326567
3326569
3326573
3326581
3326593
3326621
3326623
3326627
3326629
3326663
3326669
3326671
3326711
3326717
3326753
3326761
3326773
3326783
3326821
3326831
3326857
3326861
3326887
3326891
3326899
3326933
3326941
3326971
3326977
3327011
3327031
3327043
3327061
3327089
3327091
3327101
3327167
3327169
3327173
3327179
3327193
3327227
3327229
3327239
3327251
3327253
3327281
3327283
3327329
3327347
3327349
3327353
3327361
3327371
3327377
3327397
3327403
3327407
3327409
3327419
3327491
3327497
3327517
3327523
3327551
3327607
3327629
3327637
3327673
3327677
3327697
3327707
3327713
3327749
3327761
3327763
3327769
3327773
3327787
3327791
3327803
3327811
3327833
3327839
3327859
3327871
3327901
3327911
3327931
3327941
3327949
3327967
3327991
3328007
3328019
3328037
3328043
3328049
3328063
3328111
3328121
3328133
3328139
3328153
3328159
3328163
3328177
3328201
3328207
3328219
3328229
3328231
3328271
3328291
3328319
3328327
3328373
3328387
3328393
3328411
3328427
3328433
3328441
3328459
3328463
3328469
3328487
3328499
3328513
3328519
3328531
3328541
3328561
3328573
3328597
3328601
3328621
3328679
3328697
3328723
3328729
3328739
3328747
3328763
3328777
3328783
3328789
3328799
3328807
3328837
3328849
3328879
3328883
3328891
3328901
3328903
3328907
3328909
3328961
3328967
3328979
3328987
3328993
3329003
3329023
3329033
3329041
3329083
3329087
3329101
3329129
3329141
3329147
3329173
3329177
3329201
3329231
3329233
3329251
3329257
3329267
3329281
3329303
3329309
3329327
3329341
3329353
3329363
3329377
3329387
3329423
3329437
3329449
3329453
3329477
3329483
3329507
3329531
3329539
3329551
3329561
3329567
3329581
3329587
3329609
3329611
3329629
3329633
3329653
3329657
3329659
3329707
3329713
3329717
3329723
3329737
3329743
3329747
3329759
3329761
3329789
3329801
3329819
3329839
3329861
3329873
3329881
3329899
3329923
3329933
3329939
3329981
3329993
3329999
3330013
3330053
3330083
3330121
3330133
3330139
3330167
3330169
3330179
3330211
3330227
3330247
3330251
3330281
3330287
3330289
3330293
3330311
3330323
3330391
3330401
3330409
3330421
3330427
3330461
3330473
3330493
3330497
3330511
3330527
3330557
3330577
3330583
3330611
3330617
3330641
3330659
3330667
3330697
3330721
3330731
3330739
3330763
3330773
3330781
3330787
3330809
3330863
3330889
3330907
3330913
3330923
3330941
3330949
3330959
3330961
3330967
3330973
3330979
3330983
3331001
3331033
3331037
3331051
3331079
3331087
3331091
3331093
3331109
3331129
3331151
3331157
3331169
3331171
3331177
3331187
3331189
3331217
3331247
3331267
3331301
3331309
3331319
3331331
3331333
3331357
3331381
3331399
3331409
3331423
3331451
3331453
3331457
3331463
3331487
3331499
3331519
3331561
3331577
3331621
3331639
3331649
3331651
3331661
3331673
3331733
3331747
3331753
3331763
3331799
3331829
3331831
3331837
3331891
3331921
3331927
3331931
3331943
3331957
3331963
3331981
3331997
3332039
3332041
3332053
3332059
3332083
3332089
3332093
3332107
3332137
3332149
3332167
3332191
3332207
3332213
3332233
3332267
3332279
3332281
3332291
3332297
3332321
3332339
3332341
3332363
3332383
3332387
3332389
3332393
3332411
3332431
3332437
3332471
3332489
3332501
3332503
3332507
3332551
3332579
3332591
3332611
3332617
3332687
3332713
3332737
3332741
3332743
3332761
3332807
3332827
3332831
3332843
3332863
3332869
3332897
3332921
3332929
3332933
3332957
3332963
3332983
3333007
3333019
3333047
3333053
3333061
3333067
3333097
3333103
3333119
3333131
3333133
3333163
3333199
3333203
3333217
3333221
3333233
3333251
3333257
3333263
3333277
3333283
3333301
3333307
3333311
3333313
3333331
3333373
3333383
3333391
3333397
3333401
3333419
3333427
3333431
3333433
3333439
3333469
3333481
3333497
3333509
3333511
3333527
3333593
3333601
3333611
3333619
3333641
3333653
3333679
3333697
3333703
3333727
3333739
3333749
3333761
3333767
3333773
3333787
3333791
3333809
3333823
3333893
3333901
3333907
3333917
3333923
3333931
3333943
3333961
3333971
3333977
3334049
3334087
3334099
3334109
3334117
3334127
3334141
3334147
3334153
3334171
3334189
3334223
3334237
3334271
3334273
3334297
3334301
3334307
3334337
3334339
3334351
3334361
3334393
3334399
3334411
3334451
3334493
3334531
3334543
3334549
3334559
3334561
3334579
3334613
3334651
3334663
3334673
3334679
3334711
3334733
3334753
3334787
3334789
3334801
3334811
3334819
3334829
3334841
3334843
3334879
3334889
3334901
3334939
3334943
3334963
3334967
3334973
3334987
3334999
3335021
3335047
3335071
3335081
3335099
3335113
3335119
3335141
3335149
3335159
3335173
3335201
3335221
3335239
3335249
3335251
3335257
3335263
3335273
3335303
3335351
3335359
3335369
3335389
3335413
3335471
3335489
3335503
3335531
3335533
3335537
3335561
3335567
3335573
3335581
3335593
3335597
3335599
3335611
3335623
3335627
3335669
3335671
3335677
3335701
3335707
3335737
3335743
3335747
3335749
3335753
3335771
3335777
3335789
3335803
3335807
3335819
3335821
3335833
3335867
3335903
3335923
3335947
3335951
3335953
3335971
3335999
3336017
3336071
3336089
3336101
3336103
3336161
3336167
3336181
3336209
3336227
3336239
3336269
3336271
3336283
3336299
3336317
3336323
3336341
3336379
3336383
3336409
3336451
3336461
3336467
3336469
3336481
3336491
3336511
3336523
3336547
3336563
3336569
3336583
3336601
3336617
3336629
3336643
3336649
3336659
3336661
3336677
3336689
3336713
3336727
3336731
3336779
3336797
3336803
3336829
3336833
3336887
3336899
3336917
3336923
3336937
3336941
3336967
3336979
3337007
3337013
3337021
3337043
3337051
3337063
3337073
3337109
3337111
3337121
3337123
3337129
3337133
3337171
3337177
3337189
3337199
3337211
3337237
3337261
3337283
3337307
3337309
3337319
3337333
3337339
3337351
3337361
3337379
3337381
3337391
3337393
3337403
3337409
3337421
3337427
3337447
3337469
3337489
3337501
3337561
3337577
3337583
3337591
3337601
3337603
3337619
3337637
3337643
3337669
3337709
3337721
3337723
3337757
3337759
3337777
3337823
3337837
3337847
3337861
3337879
3337883
3337889
3337891
3337903
3337909
There are 1440 prime numbers in S304.
