S305(3337921~3359880)
3337927
3337931
3337937
3337951
3337969
3337973
3337979
3337991
3338003
3338017
3338033
3338039
3338051
3338057
3338089
3338117
3338119
3338131
3338143
3338147
3338189
3338201
3338213
3338249
3338263
3338329
3338339
3338351
3338369
3338371
3338407
3338429
3338431
3338437
3338441
3338501
3338513
3338527
3338537
3338549
3338557
3338581
3338593
3338597
3338603
3338609
3338617
3338627
3338639
3338651
3338689
3338701
3338717
3338719
3338747
3338759
3338767
3338773
3338791
3338807
3338849
3338861
3338873
3338879
3338893
3338897
3338899
3338903
3338921
3338939
3338963
3338971
3338977
3338981
3338989
3339019
3339029
3339043
3339047
3339067
3339113
3339121
3339131
3339137
3339143
3339151
3339169
3339179
3339221
3339229
3339247
3339257
3339283
3339313
3339317
3339319
3339331
3339353
3339367
3339373
3339403
3339407
3339431
3339449
3339451
3339467
3339487
3339493
3339503
3339521
3339527
3339529
3339563
3339571
3339587
3339601
3339607
3339617
3339629
3339643
3339647
3339653
3339659
3339673
3339709
3339751
3339797
3339857
3339859
3339863
3339881
3339887
3339893
3339913
3339937
3339943
3339949
3339967
3339977
3339979
3339989
3340009
3340021
3340039
3340061
3340079
3340091
3340093
3340097
3340123
3340153
3340159
3340163
3340189
3340193
3340201
3340217
3340223
3340277
3340291
3340297
3340301
3340327
3340331
3340339
3340349
3340367
3340387
3340391
3340411
3340417
3340427
3340429
3340453
3340459
3340487
3340499
3340507
3340511
3340531
3340549
3340577
3340609
3340633
3340657
3340669
3340679
3340691
3340697
3340703
3340709
3340723
3340747
3340769
3340811
3340817
3340837
3340847
3340849
3340853
3340859
3340871
3340873
3340877
3340879
3340907
3340913
3340919
3340927
3340933
3340943
3340949
3340951
3340969
3340973
3341021
3341029
3341033
3341053
3341059
3341069
3341077
3341083
3341099
3341101
3341113
3341161
3341167
3341171
3341179
3341203
3341227
3341237
3341251
3341267
3341269
3341281
3341291
3341309
3341311
3341323
3341341
3341363
3341369
3341389
3341399
3341411
3341413
3341419
3341449
3341483
3341489
3341501
3341531
3341539
3341557
3341561
3341579
3341599
3341603
3341609
3341617
3341627
3341669
3341677
3341687
3341719
3341731
3341743
3341753
3341761
3341773
3341783
3341801
3341813
3341827
3341839
3341857
3341879
3341881
3341903
3341953
3341959
3341971
3341993
3342023
3342037
3342067
3342071
3342077
3342091
3342103
3342113
3342133
3342137
3342139
3342151
3342167
3342179
3342193
3342223
3342239
3342257
3342263
3342277
3342293
3342299
3342301
3342307
3342323
3342331
3342341
3342371
3342379
3342413
3342419
3342439
3342457
3342473
3342481
3342487
3342491
3342503
3342509
3342529
3342539
3342541
3342553
3342571
3342583
3342587
3342589
3342601
3342611
3342623
3342629
3342667
3342671
3342673
3342679
3342683
3342709
3342719
3342721
3342733
3342737
3342793
3342809
3342821
3342847
3342877
3342883
3342887
3342901
3342943
3342959
3342961
3342973
3342979
3343013
3343037
3343051
3343097
3343111
3343127
3343129
3343141
3343147
3343217
3343229
3343243
3343247
3343261
3343273
3343279
3343289
3343309
3343337
3343343
3343369
3343387
3343391
3343397
3343409
3343421
3343433
3343447
3343453
3343469
3343481
3343499
3343511
3343531
3343547
3343553
3343559
3343607
3343631
3343649
3343651
3343661
3343663
3343693
3343699
3343733
3343741
3343751
3343757
3343771
3343777
3343789
3343817
3343831
3343853
3343861
3343871
3343889
3343891
3343897
3343957
3344021
3344027
3344041
3344113
3344119
3344147
3344161
3344213
3344227
3344261
3344267
3344273
3344279
3344287
3344303
3344317
3344321
3344333
3344339
3344351
3344371
3344377
3344387
3344389
3344401
3344417
3344423
3344431
3344441
3344443
3344449
3344491
3344501
3344503
3344507
3344519
3344521
3344527
3344543
3344557
3344587
3344611
3344617
3344629
3344633
3344647
3344681
3344701
3344711
3344717
3344723
3344749
3344791
3344819
3344827
3344833
3344897
3344899
3344909
3344921
3344941
3344951
3344977
3344987
3345029
3345047
3345071
3345091
3345119
3345127
3345137
3345161
3345169
3345187
3345191
3345193
3345217
3345229
3345233
3345247
3345253
3345259
3345263
3345317
3345323
3345361
3345383
3345401
3345409
3345431
3345439
3345451
3345457
3345467
3345479
3345491
3345493
3345509
3345523
3345541
3345581
3345593
3345607
3345611
3345659
3345679
3345703
3345709
3345721
3345739
3345757
3345763
3345781
3345829
3345841
3345847
3345857
3345877
3345893
3345907
3345917
3345929
3345931
3345941
3345961
3345967
3345989
3346003
3346019
3346039
3346061
3346099
3346111
3346139
3346151
3346157
3346199
3346219
3346237
3346241
3346253
3346267
3346279
3346307
3346309
3346327
3346333
3346349
3346351
3346363
3346373
3346417
3346457
3346463
3346471
3346493
3346507
3346517
3346531
3346537
3346547
3346549
3346559
3346589
3346591
3346601
3346621
3346633
3346649
3346663
3346669
3346709
3346711
3346723
3346751
3346757
3346781
3346801
3346817
3346843
3346859
3346867
3346877
3346883
3346901
3346913
3346921
3346927
3346951
3346961
3346963
3346979
3346999
3347033
3347053
3347081
3347087
3347161
3347171
3347231
3347243
3347251
3347257
3347261
3347263
3347273
3347291
3347297
3347299
3347303
3347327
3347329
3347341
3347369
3347413
3347417
3347423
3347429
3347431
3347447
3347459
3347471
3347503
3347543
3347549
3347551
3347573
3347599
3347633
3347647
3347651
3347653
3347671
3347677
3347683
3347689
3347699
3347713
3347749
3347753
3347767
3347779
3347831
3347833
3347843
3347867
3347873
3347879
3347887
3347891
3347893
3347909
3347921
3347947
3347959
3347983
3347987
3347989
3348001
3348011
3348013
3348017
3348029
3348043
3348053
3348061
3348067
3348083
3348097
3348113
3348119
3348131
3348157
3348223
3348227
3348239
3348263
3348283
3348287
3348307
3348349
3348353
3348361
3348377
3348391
3348407
3348413
3348419
3348461
3348479
3348481
3348493
3348497
3348533
3348551
3348557
3348563
3348571
3348577
3348581
3348599
3348613
3348623
3348641
3348647
3348661
3348673
3348707
3348733
3348767
3348773
3348809
3348811
3348817
3348827
3348841
3348853
3348887
3348893
3348913
3348929
3348937
3348953
3348973
3348977
3348991
3349001
3349013
3349033
3349037
3349039
3349057
3349061
3349069
3349097
3349103
3349109
3349121
3349127
3349139
3349163
3349183
3349189
3349201
3349211
3349217
3349231
3349259
3349273
3349279
3349309
3349321
3349343
3349349
3349393
3349403
3349417
3349427
3349429
3349439
3349447
3349469
3349501
3349517
3349543
3349579
3349597
3349601
3349603
3349613
3349637
3349639
3349649
3349667
3349673
3349691
3349699
3349727
3349733
3349763
3349769
3349771
3349777
3349783
3349793
3349807
3349817
3349847
3349859
3349861
3349873
3349903
3349919
3349921
3349939
3349999
3350021
3350027
3350029
3350107
3350131
3350143
3350147
3350159
3350161
3350209
3350219
3350261
3350273
3350279
3350297
3350299
3350329
3350339
3350351
3350353
3350371
3350381
3350383
3350393
3350407
3350423
3350429
3350453
3350467
3350471
3350519
3350527
3350531
3350549
3350569
3350579
3350591
3350597
3350621
3350629
3350651
3350653
3350657
3350681
3350687
3350719
3350723
3350729
3350741
3350777
3350779
3350803
3350827
3350833
3350839
3350843
3350857
3350881
3350909
3350911
3350923
3350929
3350951
3350953
3350969
3350981
3350983
3350993
3350999
3351001
3351013
3351071
3351083
3351097
3351107
3351109
3351113
3351121
3351191
3351197
3351203
3351209
3351223
3351233
3351251
3351263
3351287
3351289
3351301
3351319
3351331
3351343
3351367
3351371
3351389
3351419
3351421
3351427
3351449
3351451
3351461
3351511
3351521
3351527
3351553
3351589
3351599
3351611
3351631
3351637
3351643
3351653
3351671
3351679
3351683
3351743
3351749
3351763
3351779
3351797
3351823
3351841
3351851
3351869
3351877
3351883
3351947
3351949
3352003
3352031
3352033
3352039
3352067
3352073
3352093
3352099
3352147
3352169
3352177
3352183
3352187
3352199
3352249
3352267
3352277
3352289
3352339
3352343
3352361
3352373
3352381
3352387
3352397
3352403
3352469
3352471
3352477
3352483
3352511
3352537
3352571
3352627
3352633
3352639
3352669
3352703
3352709
3352711
3352729
3352763
3352787
3352807
3352831
3352837
3352841
3352879
3352889
3352901
3352919
3352957
3352967
3352969
3352981
3353003
3353023
3353041
3353047
3353057
3353069
3353081
3353087
3353089
3353093
3353107
3353111
3353113
3353153
3353171
3353191
3353197
3353201
3353209
3353213
3353219
3353221
3353227
3353237
3353243
3353249
3353281
3353293
3353297
3353303
3353321
3353323
3353333
3353341
3353351
3353359
3353381
3353393
3353411
3353429
3353447
3353461
3353477
3353491
3353533
3353579
3353587
3353599
3353617
3353621
3353627
3353663
3353683
3353687
3353711
3353729
3353767
3353773
3353789
3353803
3353807
3353813
3353851
3353869
3353881
3353891
3353927
3354007
3354017
3354031
3354037
3354059
3354073
3354079
3354097
3354119
3354121
3354133
3354149
3354157
3354173
3354187
3354191
3354233
3354269
3354283
3354289
3354313
3354331
3354341
3354349
3354359
3354367
3354371
3354391
3354397
3354409
3354427
3354433
3354443
3354467
3354493
3354503
3354509
3354511
3354521
3354539
3354553
3354581
3354587
3354599
3354613
3354641
3354647
3354649
3354667
3354671
3354683
3354707
3354721
3354733
3354737
3354739
3354761
3354781
3354787
3354809
3354823
3354853
3354881
3354929
3354971
3354973
3354983
3354991
3355013
3355021
3355031
3355057
3355063
3355067
3355073
3355081
3355087
3355127
3355141
3355151
3355181
3355193
3355201
3355207
3355241
3355243
3355259
3355291
3355337
3355349
3355357
3355369
3355403
3355411
3355423
3355439
3355453
3355459
3355487
3355489
3355519
3355529
3355543
3355553
3355577
3355601
3355603
3355621
3355633
3355643
3355661
3355663
3355669
3355699
3355711
3355717
3355733
3355739
3355747
3355757
3355777
3355811
3355813
3355819
3355831
3355853
3355867
3355871
3355873
3355901
3355949
3355991
3355993
3355997
3356039
3356047
3356051
3356053
3356057
3356081
3356117
3356147
3356149
3356161
3356173
3356203
3356209
3356237
3356239
3356263
3356267
3356273
3356303
3356323
3356341
3356347
3356357
3356387
3356389
3356393
3356417
3356447
3356449
3356471
3356513
3356539
3356557
3356567
3356581
3356593
3356641
3356651
3356657
3356699
3356707
3356723
3356741
3356761
3356777
3356783
3356791
3356797
3356833
3356887
3356893
3356921
3356929
3356933
3356971
3356981
3356987
3356993
3356999
3357001
3357019
3357037
3357043
3357061
3357071
3357113
3357157
3357161
3357181
3357199
3357209
3357217
3357223
3357239
3357247
3357251
3357253
3357259
3357293
3357307
3357323
3357337
3357349
3357353
3357407
3357413
3357439
3357443
3357451
3357457
3357469
3357479
3357493
3357511
3357521
3357559
3357577
3357593
3357667
3357677
3357689
3357691
3357719
3357751
3357769
3357779
3357791
3357797
3357799
3357811
3357817
3357829
3357833
3357841
3357847
3357863
3357877
3357899
3357901
3357929
3357943
3357979
3358001
3358031
3358037
3358039
3358057
3358063
3358067
3358099
3358123
3358141
3358151
3358169
3358213
3358217
3358249
3358297
3358301
3358309
3358321
3358337
3358349
3358357
3358373
3358423
3358441
3358463
3358471
3358501
3358507
3358543
3358547
3358549
3358559
3358567
3358591
3358651
3358661
3358669
3358681
3358697
3358703
3358723
3358753
3358787
3358799
3358841
3358847
3358853
3358889
3358903
3358913
3358937
3358963
3358967
3358973
3358987
3358997
3359011
3359021
3359033
3359039
3359063
3359071
3359101
3359107
3359113
3359221
3359243
3359261
3359263
3359281
3359287
3359309
3359327
3359347
3359351
3359359
3359381
3359383
3359393
3359413
3359423
3359431
3359437
3359443
3359459
3359471
3359497
3359509
3359527
3359567
3359569
3359597
3359639
3359641
3359669
3359683
3359689
3359729
3359743
3359747
3359773
3359779
3359803
3359809
3359821
3359843
3359857
3359861
3359869
There are 1432 prime numbers in S305.
