S307(3381913~3404016)
3381913
3381919
3381923
3381971
3382003
3382013
3382039
3382063
3382103
3382109
3382117
3382123
3382129
3382147
3382153
3382157
3382177
3382189
3382199
3382217
3382229
3382231
3382237
3382243
3382259
3382271
3382277
3382279
3382297
3382307
3382319
3382321
3382331
3382339
3382349
3382367
3382373
3382381
3382387
3382409
3382427
3382433
3382451
3382453
3382493
3382501
3382517
3382537
3382549
3382571
3382607
3382649
3382657
3382663
3382693
3382697
3382733
3382759
3382777
3382781
3382783
3382807
3382849
3382861
3382867
3382889
3382943
3382957
3382961
3382987
3382991
3382993
3383041
3383059
3383077
3383087
3383099
3383101
3383113
3383117
3383131
3383137
3383161
3383173
3383179
3383203
3383207
3383209
3383239
3383249
3383267
3383269
3383291
3383293
3383297
3383321
3383327
3383339
3383377
3383381
3383383
3383411
3383423
3383431
3383441
3383449
3383453
3383503
3383509
3383519
3383531
3383537
3383543
3383551
3383563
3383581
3383593
3383603
3383617
3383621
3383669
3383683
3383693
3383741
3383747
3383753
3383773
3383777
3383791
3383801
3383819
3383837
3383879
3383893
3383899
3383903
3383917
3383927
3383951
3383959
3383999
3384049
3384119
3384127
3384133
3384149
3384179
3384187
3384191
3384203
3384217
3384221
3384247
3384257
3384259
3384287
3384313
3384319
3384331
3384361
3384379
3384383
3384389
3384431
3384461
3384467
3384481
3384523
3384529
3384551
3384553
3384569
3384583
3384587
3384593
3384599
3384607
3384617
3384629
3384637
3384671
3384691
3384697
3384701
3384709
3384713
3384721
3384727
3384737
3384743
3384767
3384769
3384779
3384781
3384803
3384809
3384811
3384817
3384839
3384847
3384863
3384877
3384883
3384929
3384943
3384959
3384961
3384971
3384973
3384977
3384991
3385013
3385033
3385049
3385079
3385087
3385099
3385103
3385111
3385127
3385139
3385147
3385153
3385157
3385181
3385201
3385223
3385253
3385267
3385273
3385279
3385297
3385303
3385313
3385331
3385339
3385357
3385399
3385409
3385423
3385441
3385453
3385469
3385511
3385517
3385559
3385573
3385579
3385583
3385589
3385609
3385633
3385637
3385661
3385699
3385709
3385717
3385741
3385747
3385757
3385763
3385793
3385817
3385829
3385841
3385843
3385847
3385859
3385883
3385891
3385897
3385931
3385937
3385961
3385969
3385973
3385997
3386017
3386023
3386027
3386029
3386041
3386057
3386063
3386081
3386087
3386093
3386153
3386167
3386191
3386197
3386249
3386261
3386263
3386297
3386311
3386321
3386353
3386363
3386371
3386387
3386393
3386399
3386407
3386419
3386431
3386473
3386507
3386527
3386557
3386563
3386567
3386569
3386597
3386599
3386609
3386611
3386633
3386639
3386653
3386671
3386683
3386711
3386729
3386737
3386741
3386749
3386759
3386767
3386797
3386813
3386839
3386849
3386857
3386861
3386863
3386891
3386897
3386899
3386909
3386923
3386941
3386947
3386951
3386983
3386987
3386989
3386993
3387001
3387011
3387019
3387061
3387077
3387079
3387089
3387103
3387107
3387119
3387157
3387161
3387169
3387173
3387203
3387253
3387271
3387281
3387289
3387311
3387317
3387323
3387331
3387341
3387353
3387407
3387413
3387421
3387443
3387451
3387457
3387467
3387469
3387473
3387487
3387493
3387499
3387511
3387523
3387533
3387541
3387551
3387557
3387563
3387581
3387613
3387653
3387673
3387677
3387679
3387689
3387691
3387697
3387701
3387731
3387733
3387749
3387799
3387803
3387817
3387821
3387823
3387827
3387863
3387869
3387887
3387893
3387899
3387911
3387931
3387949
3387961
3387971
3387991
3387997
3388019
3388037
3388043
3388057
3388067
3388069
3388081
3388087
3388093
3388097
3388109
3388169
3388171
3388181
3388211
3388223
3388241
3388243
3388261
3388279
3388351
3388361
3388379
3388387
3388397
3388433
3388439
3388459
3388471
3388477
3388481
3388493
3388499
3388523
3388573
3388589
3388643
3388657
3388663
3388673
3388687
3388717
3388727
3388753
3388769
3388789
3388799
3388813
3388817
3388829
3388837
3388849
3388877
3388907
3388921
3388939
3388949
3388961
3388963
3388993
3388997
3388999
3389003
3389017
3389053
3389063
3389077
3389081
3389093
3389107
3389117
3389147
3389161
3389219
3389233
3389251
3389279
3389299
3389333
3389339
3389359
3389369
3389371
3389381
3389401
3389411
3389413
3389417
3389423
3389437
3389453
3389461
3389479
3389489
3389513
3389521
3389527
3389531
3389537
3389539
3389557
3389591
3389621
3389629
3389651
3389663
3389689
3389693
3389699
3389713
3389719
3389747
3389767
3389773
3389797
3389801
3389857
3389861
3389879
3389891
3389927
3389929
3389941
3389951
3389959
3389989
3390017
3390019
3390029
3390031
3390041
3390043
3390061
3390073
3390083
3390091
3390097
3390109
3390119
3390139
3390143
3390161
3390169
3390209
3390217
3390221
3390229
3390239
3390271
3390287
3390307
3390323
3390329
3390371
3390389
3390391
3390427
3390437
3390461
3390479
3390523
3390529
3390547
3390551
3390571
3390581
3390587
3390589
3390619
3390641
3390649
3390661
3390689
3390691
3390697
3390703
3390707
3390719
3390731
3390733
3390743
3390763
3390787
3390809
3390839
3390847
3390869
3390899
3390901
3390931
3390953
3390971
3390977
3390979
3390983
3390991
3391021
3391033
3391039
3391049
3391061
3391067
3391081
3391103
3391117
3391123
3391127
3391133
3391163
3391181
3391187
3391229
3391237
3391301
3391303
3391321
3391331
3391343
3391351
3391363
3391387
3391393
3391433
3391441
3391471
3391477
3391489
3391499
3391537
3391543
3391547
3391559
3391601
3391613
3391627
3391631
3391639
3391651
3391657
3391667
3391669
3391673
3391693
3391697
3391769
3391771
3391813
3391819
3391831
3391853
3391859
3391877
3391897
3391903
3391907
3391909
3391933
3391939
3391957
3391963
3391967
3391987
3391991
3392021
3392041
3392047
3392069
3392071
3392083
3392093
3392111
3392161
3392171
3392173
3392209
3392219
3392239
3392243
3392261
3392269
3392281
3392327
3392341
3392443
3392479
3392491
3392509
3392533
3392539
3392549
3392561
3392563
3392617
3392633
3392651
3392663
3392693
3392723
3392729
3392737
3392771
3392777
3392801
3392803
3392827
3392833
3392867
3392869
3392899
3392933
3392941
3392951
3392953
3392959
3392993
3392999
3393017
3393023
3393053
3393067
3393073
3393107
3393109
3393127
3393151
3393163
3393197
3393199
3393211
3393223
3393227
3393239
3393311
3393317
3393323
3393329
3393331
3393347
3393359
3393361
3393367
3393371
3393373
3393409
3393413
3393427
3393433
3393437
3393449
3393451
3393461
3393463
3393469
3393479
3393487
3393553
3393563
3393583
3393619
3393623
3393629
3393653
3393671
3393683
3393703
3393707
3393713
3393721
3393757
3393779
3393781
3393791
3393809
3393833
3393839
3393851
3393853
3393881
3393883
3393893
3393959
3393967
3393997
3394031
3394037
3394043
3394049
3394051
3394057
3394063
3394091
3394099
3394109
3394123
3394129
3394163
3394177
3394201
3394207
3394219
3394229
3394231
3394277
3394301
3394333
3394337
3394351
3394367
3394379
3394381
3394403
3394411
3394429
3394453
3394459
3394471
3394477
3394487
3394553
3394561
3394579
3394591
3394607
3394613
3394619
3394627
3394637
3394661
3394663
3394681
3394687
3394691
3394693
3394733
3394739
3394757
3394771
3394799
3394813
3394819
3394843
3394847
3394871
3394873
3394879
3394891
3394907
3394921
3394927
3394969
3394973
3394981
3394999
3395033
3395039
3395047
3395057
3395069
3395071
3395081
3395101
3395107
3395123
3395131
3395141
3395143
3395159
3395173
3395177
3395207
3395209
3395219
3395221
3395269
3395279
3395299
3395309
3395347
3395363
3395369
3395417
3395423
3395437
3395477
3395479
3395489
3395501
3395503
3395521
3395531
3395569
3395573
3395603
3395629
3395633
3395641
3395653
3395659
3395663
3395669
3395671
3395681
3395701
3395713
3395719
3395723
3395747
3395759
3395773
3395803
3395831
3395867
3395893
3395911
3395921
3395939
3395941
3395947
3395963
3395969
3395983
3395993
3395999
3396023
3396037
3396047
3396049
3396059
3396077
3396091
3396121
3396139
3396149
3396181
3396191
3396199
3396223
3396227
3396229
3396233
3396241
3396257
3396259
3396313
3396319
3396347
3396353
3396373
3396377
3396389
3396397
3396401
3396403
3396439
3396457
3396461
3396469
3396473
3396487
3396493
3396511
3396517
3396551
3396581
3396587
3396593
3396619
3396661
3396671
3396677
3396697
3396703
3396707
3396713
3396721
3396739
3396751
3396761
3396781
3396793
3396803
3396829
3396917
3396931
3396937
3396971
3396979
3396983
3396997
3397001
3397003
3397013
3397027
3397033
3397039
3397057
3397063
3397091
3397103
3397117
3397133
3397139
3397153
3397157
3397159
3397187
3397193
3397211
3397213
3397243
3397253
3397267
3397291
3397309
3397313
3397327
3397343
3397351
3397363
3397391
3397393
3397403
3397411
3397423
3397469
3397481
3397483
3397487
3397519
3397531
3397549
3397567
3397579
3397591
3397601
3397607
3397609
3397621
3397627
3397649
3397663
3397679
3397703
3397717
3397729
3397759
3397763
3397769
3397781
3397783
3397811
3397829
3397831
3397837
3397853
3397861
3397871
3397873
3397897
3397907
3397939
3397967
3397973
3397991
3397993
3398029
3398033
3398047
3398051
3398063
3398099
3398107
3398111
3398123
3398141
3398149
3398159
3398177
3398179
3398209
3398221
3398261
3398267
3398309
3398327
3398357
3398363
3398389
3398399
3398401
3398407
3398431
3398443
3398467
3398471
3398477
3398489
3398491
3398497
3398543
3398573
3398581
3398599
3398621
3398627
3398639
3398651
3398669
3398671
3398683
3398719
3398723
3398741
3398753
3398761
3398851
3398869
3398873
3398939
3398957
3398959
3398971
3398987
3399001
3399007
3399017
3399041
3399059
3399073
3399083
3399089
3399127
3399131
3399169
3399173
3399241
3399259
3399281
3399287
3399289
3399299
3399307
3399311
3399313
3399329
3399343
3399349
3399359
3399373
3399397
3399427
3399443
3399457
3399503
3399509
3399563
3399569
3399577
3399589
3399593
3399631
3399637
3399659
3399661
3399667
3399673
3399707
3399731
3399751
3399769
3399793
3399811
3399821
3399827
3399859
3399887
3399899
3399901
3399911
3399919
3399937
3399941
3399943
3399959
3399961
3399971
3399973
3399997
3400043
3400063
3400073
3400087
3400091
3400093
3400097
3400123
3400127
3400157
3400193
3400207
3400211
3400213
3400217
3400219
3400223
3400231
3400247
3400273
3400291
3400301
3400303
3400333
3400361
3400379
3400393
3400399
3400409
3400457
3400469
3400471
3400517
3400531
3400543
3400547
3400577
3400589
3400597
3400603
3400609
3400613
3400637
3400673
3400681
3400693
3400703
3400717
3400739
3400823
3400841
3400843
3400847
3400877
3400883
3400897
3400907
3400919
3400927
3400931
3400949
3400963
3400993
3401009
3401011
3401017
3401039
3401051
3401053
3401081
3401087
3401089
3401107
3401117
3401119
3401129
3401131
3401147
3401159
3401183
3401197
3401213
3401221
3401273
3401297
3401311
3401317
3401327
3401329
3401347
3401357
3401383
3401393
3401417
3401443
3401449
3401467
3401471
3401501
3401509
3401549
3401557
3401561
3401569
3401591
3401597
3401603
3401611
3401621
3401659
3401663
3401689
3401707
3401711
3401731
3401737
3401753
3401759
3401767
3401771
3401777
3401807
3401809
3401831
3401833
3401843
3401869
3401899
3401917
3401927
3401929
3401933
3401941
3401947
3401963
3402013
3402037
3402053
3402071
3402079
3402097
3402109
3402127
3402131
3402143
3402149
3402151
3402169
3402173
3402211
3402233
3402239
3402241
3402263
3402271
3402277
3402307
3402313
3402319
3402323
3402331
3402341
3402359
3402379
3402383
3402389
3402403
3402407
3402437
3402439
3402473
3402517
3402521
3402523
3402527
3402563
3402593
3402613
3402647
3402649
3402671
3402673
3402677
3402697
3402709
3402727
3402731
3402733
3402739
3402743
3402787
3402793
3402799
3402803
3402821
3402823
3402851
3402899
3402911
3402913
3402923
3402929
3402953
3402967
3402979
3402989
3402991
3403003
3403013
3403019
3403021
3403031
3403039
3403067
3403073
3403079
3403117
3403133
3403139
3403151
3403157
3403159
3403171
3403177
3403181
3403193
3403199
3403201
3403229
3403259
3403291
3403313
3403339
3403381
3403391
3403403
3403409
3403423
3403427
3403441
3403453
3403457
3403487
3403523
3403529
3403531
3403549
3403559
3403571
3403573
3403577
3403591
3403601
3403613
3403619
3403639
3403661
3403663
3403681
3403703
3403711
3403733
3403783
3403789
3403843
3403849
3403853
3403871
3403877
3403879
3403891
3403901
3403903
3403919
3403921
3403937
3403951
3403957
3403969
3403973
3403997
3403999
There are 1493 prime numbers in S307.
