S308(3404017~3426192)
3404033
3404041
3404057
3404081
3404083
3404087
3404099
3404113
3404119
3404143
3404147
3404153
3404171
3404183
3404197
3404201
3404213
3404221
3404239
3404251
3404273
3404279
3404309
3404311
3404321
3404329
3404341
3404377
3404381
3404383
3404393
3404399
3404431
3404441
3404447
3404449
3404473
3404491
3404497
3404503
3404507
3404509
3404519
3404537
3404549
3404551
3404563
3404567
3404579
3404651
3404657
3404669
3404671
3404683
3404689
3404719
3404729
3404741
3404747
3404771
3404801
3404827
3404839
3404867
3404881
3404887
3404893
3404911
3404923
3404969
3404983
3405019
3405023
3405037
3405079
3405109
3405113
3405121
3405131
3405163
3405167
3405179
3405191
3405217
3405247
3405263
3405277
3405289
3405293
3405301
3405359
3405371
3405397
3405431
3405463
3405473
3405509
3405527
3405529
3405547
3405601
3405613
3405637
3405641
3405653
3405671
3405697
3405709
3405713
3405737
3405749
3405757
3405781
3405791
3405793
3405803
3405823
3405827
3405839
3405841
3405881
3405889
3405907
3405929
3405931
3405937
3405943
3405947
3405953
3405973
3405979
3406003
3406009
3406027
3406033
3406049
3406061
3406087
3406099
3406147
3406153
3406163
3406181
3406189
3406217
3406219
3406223
3406259
3406279
3406303
3406309
3406343
3406387
3406391
3406421
3406433
3406463
3406489
3406493
3406523
3406531
3406541
3406547
3406573
3406591
3406619
3406631
3406661
3406679
3406687
3406703
3406709
3406723
3406727
3406729
3406747
3406759
3406763
3406801
3406811
3406841
3406853
3406873
3406877
3406913
3406937
3406939
3406943
3406957
3406961
3406969
3406973
3406979
3406981
3407003
3407039
3407051
3407081
3407083
3407087
3407093
3407101
3407111
3407119
3407143
3407147
3407149
3407161
3407177
3407203
3407207
3407221
3407267
3407273
3407279
3407281
3407311
3407323
3407329
3407333
3407347
3407351
3407353
3407357
3407389
3407401
3407431
3407447
3407483
3407501
3407527
3407533
3407557
3407597
3407609
3407647
3407659
3407681
3407683
3407693
3407743
3407753
3407771
3407773
3407777
3407813
3407851
3407857
3407881
3407891
3407893
3407909
3407941
3407947
3407977
3407983
3408001
3408023
3408037
3408073
3408079
3408121
3408127
3408133
3408161
3408179
3408191
3408203
3408241
3408247
3408259
3408263
3408281
3408287
3408311
3408319
3408323
3408331
3408337
3408343
3408389
3408407
3408409
3408413
3408421
3408437
3408473
3408479
3408511
3408527
3408533
3408541
3408547
3408563
3408569
3408583
3408593
3408599
3408641
3408659
3408661
3408679
3408707
3408719
3408731
3408737
3408749
3408767
3408787
3408793
3408799
3408803
3408827
3408829
3408869
3408877
3408887
3408917
3408919
3408943
3408947
3408949
3408953
3408973
3408983
3408989
3409019
3409031
3409033
3409057
3409073
3409093
3409099
3409111
3409117
3409121
3409139
3409141
3409171
3409177
3409187
3409199
3409201
3409213
3409223
3409247
3409249
3409261
3409271
3409277
3409279
3409283
3409297
3409309
3409321
3409337
3409339
3409361
3409369
3409387
3409409
3409459
3409463
3409477
3409481
3409499
3409507
3409529
3409573
3409577
3409579
3409583
3409591
3409603
3409621
3409643
3409663
3409687
3409699
3409711
3409729
3409739
3409751
3409753
3409781
3409789
3409801
3409807
3409811
3409853
3409891
3409927
3409937
3409981
3409999
3410009
3410051
3410053
3410089
3410111
3410131
3410137
3410153
3410161
3410167
3410171
3410189
3410203
3410207
3410237
3410243
3410249
3410261
3410269
3410311
3410317
3410347
3410369
3410383
3410389
3410399
3410419
3410431
3410437
3410441
3410447
3410471
3410479
3410507
3410513
3410543
3410567
3410581
3410587
3410597
3410599
3410611
3410629
3410677
3410681
3410683
3410689
3410699
3410711
3410723
3410753
3410767
3410773
3410783
3410789
3410791
3410801
3410807
3410819
3410821
3410851
3410857
3410881
3410909
3410917
3410929
3410933
3410941
3410963
3410971
3410989
3411007
3411011
3411017
3411043
3411047
3411049
3411091
3411097
3411137
3411143
3411151
3411157
3411173
3411193
3411197
3411211
3411223
3411229
3411259
3411263
3411269
3411277
3411283
3411293
3411311
3411313
3411329
3411349
3411361
3411367
3411377
3411389
3411391
3411433
3411461
3411493
3411503
3411517
3411523
3411533
3411539
3411559
3411571
3411593
3411599
3411641
3411649
3411671
3411673
3411689
3411701
3411703
3411719
3411721
3411739
3411743
3411757
3411761
3411787
3411803
3411823
3411839
3411851
3411853
3411857
3411893
3411901
3411907
3411923
3411929
3411943
3411949
3411971
3411997
3412009
3412021
3412049
3412063
3412067
3412069
3412091
3412099
3412117
3412127
3412133
3412141
3412151
3412159
3412163
3412181
3412187
3412207
3412271
3412273
3412301
3412309
3412313
3412327
3412333
3412361
3412373
3412391
3412403
3412411
3412421
3412439
3412469
3412477
3412481
3412483
3412489
3412499
3412537
3412559
3412561
3412567
3412583
3412613
3412637
3412649
3412657
3412663
3412679
3412687
3412727
3412729
3412741
3412753
3412777
3412793
3412813
3412817
3412831
3412841
3412859
3412861
3412907
3412909
3412921
3412931
3412949
3412957
3412987
3413017
3413021
3413051
3413063
3413077
3413083
3413087
3413099
3413101
3413119
3413129
3413153
3413167
3413191
3413197
3413227
3413233
3413251
3413257
3413273
3413279
3413299
3413309
3413321
3413357
3413363
3413381
3413401
3413411
3413429
3413437
3413489
3413507
3413513
3413519
3413539
3413567
3413573
3413587
3413611
3413623
3413639
3413671
3413693
3413723
3413737
3413741
3413759
3413779
3413789
3413791
3413801
3413807
3413819
3413831
3413849
3413857
3413897
3413911
3413929
3413933
3413941
3413983
3414001
3414011
3414013
3414017
3414023
3414031
3414041
3414043
3414077
3414079
3414107
3414121
3414163
3414179
3414181
3414197
3414209
3414211
3414217
3414223
3414227
3414233
3414239
3414241
3414259
3414269
3414287
3414289
3414293
3414311
3414337
3414343
3414349
3414377
3414379
3414391
3414401
3414403
3414413
3414421
3414427
3414457
3414473
3414487
3414527
3414533
3414577
3414581
3414583
3414589
3414629
3414647
3414679
3414689
3414701
3414707
3414713
3414727
3414751
3414757
3414769
3414809
3414857
3414863
3414877
3414883
3414893
3414913
3414937
3414941
3414947
3414997
3415021
3415033
3415037
3415051
3415099
3415123
3415183
3415187
3415219
3415241
3415261
3415277
3415303
3415309
3415319
3415327
3415337
3415343
3415381
3415393
3415397
3415403
3415409
3415427
3415429
3415439
3415441
3415463
3415471
3415481
3415541
3415567
3415579
3415609
3415627
3415679
3415681
3415697
3415717
3415747
3415757
3415777
3415781
3415813
3415831
3415847
3415871
3415883
3415897
3415901
3415931
3415943
3415949
3415957
3415961
3415967
3415987
3415999
3416011
3416033
3416047
3416051
3416053
3416057
3416059
3416069
3416071
3416111
3416141
3416191
3416207
3416227
3416239
3416267
3416279
3416297
3416311
3416323
3416353
3416359
3416381
3416389
3416401
3416423
3416429
3416431
3416453
3416459
3416467
3416503
3416509
3416521
3416533
3416551
3416557
3416563
3416579
3416639
3416641
3416663
3416683
3416701
3416717
3416731
3416741
3416747
3416753
3416761
3416767
3416773
3416783
3416797
3416837
3416887
3416891
3416893
3416929
3416939
3416951
3416953
3416971
3416993
3416999
3417013
3417023
3417047
3417077
3417079
3417083
3417091
3417097
3417101
3417121
3417143
3417151
3417163
3417173
3417199
3417251
3417263
3417299
3417307
3417311
3417313
3417341
3417343
3417353
3417361
3417371
3417377
3417383
3417413
3417439
3417467
3417487
3417503
3417521
3417523
3417539
3417541
3417551
3417553
3417559
3417569
3417607
3417649
3417671
3417677
3417703
3417707
3417721
3417749
3417751
3417763
3417767
3417779
3417797
3417809
3417829
3417839
3417847
3417859
3417863
3417881
3417889
3417893
3417899
3417907
3417923
3417937
3417943
3417977
3418001
3418021
3418033
3418049
3418061
3418067
3418069
3418073
3418087
3418109
3418111
3418117
3418133
3418141
3418159
3418193
3418213
3418229
3418231
3418243
3418249
3418267
3418279
3418291
3418301
3418313
3418321
3418351
3418381
3418397
3418399
3418403
3418439
3418469
3418511
3418601
3418603
3418619
3418627
3418633
3418661
3418669
3418693
3418699
3418729
3418739
3418747
3418759
3418769
3418771
3418783
3418787
3418799
3418829
3418843
3418859
3418861
3418889
3418901
3418913
3418931
3418937
3418939
3418957
3418963
3418981
3418997
3419027
3419029
3419033
3419051
3419063
3419131
3419149
3419167
3419179
3419191
3419197
3419201
3419239
3419243
3419257
3419279
3419287
3419293
3419309
3419321
3419333
3419407
3419413
3419443
3419453
3419461
3419467
3419483
3419491
3419509
3419519
3419531
3419543
3419569
3419587
3419609
3419623
3419653
3419681
3419701
3419707
3419711
3419777
3419803
3419809
3419813
3419821
3419837
3419863
3419869
3419887
3419891
3419917
3419921
3419953
3419957
3419959
3419963
3420023
3420047
3420059
3420061
3420071
3420083
3420089
3420101
3420107
3420121
3420127
3420139
3420161
3420187
3420191
3420203
3420211
3420227
3420239
3420251
3420253
3420257
3420271
3420293
3420299
3420337
3420341
3420367
3420371
3420401
3420409
3420421
3420427
3420433
3420457
3420481
3420493
3420497
3420499
3420517
3420523
3420533
3420563
3420569
3420577
3420581
3420601
3420617
3420631
3420647
3420649
3420653
3420667
3420691
3420701
3420713
3420727
3420749
3420751
3420763
3420773
3420787
3420793
3420799
3420821
3420827
3420829
3420839
3420871
3420877
3420913
3420919
3420959
3420973
3421003
3421013
3421021
3421039
3421049
3421051
3421069
3421079
3421091
3421109
3421151
3421157
3421169
3421193
3421219
3421237
3421241
3421321
3421331
3421373
3421393
3421399
3421417
3421423
3421433
3421447
3421499
3421513
3421531
3421567
3421591
3421597
3421603
3421631
3421633
3421637
3421657
3421661
3421667
3421669
3421679
3421699
3421711
3421751
3421793
3421799
3421801
3421807
3421813
3421853
3421861
3421867
3421877
3421903
3421907
3421921
3421927
3421937
3421939
3421993
3422011
3422017
3422047
3422053
3422057
3422077
3422099
3422119
3422131
3422137
3422141
3422143
3422171
3422179
3422189
3422191
3422197
3422207
3422227
3422231
3422233
3422249
3422267
3422291
3422297
3422303
3422323
3422383
3422387
3422401
3422407
3422411
3422429
3422437
3422453
3422483
3422501
3422509
3422519
3422521
3422539
3422543
3422563
3422567
3422569
3422599
3422621
3422623
3422633
3422647
3422651
3422669
3422677
3422693
3422707
3422723
3422737
3422747
3422753
3422773
3422801
3422807
3422813
3422917
3422971
3422987
3423011
3423023
3423047
3423083
3423139
3423143
3423157
3423179
3423181
3423191
3423223
3423229
3423263
3423271
3423289
3423311
3423313
3423317
3423347
3423349
3423367
3423379
3423383
3423403
3423419
3423457
3423461
3423463
3423467
3423473
3423487
3423517
3423523
3423529
3423557
3423559
3423569
3423571
3423587
3423599
3423611
3423631
3423643
3423659
3423661
3423677
3423683
3423697
3423713
3423727
3423751
3423811
3423821
3423839
3423859
3423863
3423877
3423881
3423899
3423913
3423929
3423949
3423967
3423983
3424019
3424037
3424049
3424061
3424063
3424067
3424073
3424093
3424103
3424111
3424121
3424151
3424159
3424163
3424177
3424181
3424207
3424231
3424241
3424243
3424249
3424261
3424271
3424283
3424297
3424307
3424363
3424381
3424397
3424409
3424411
3424417
3424423
3424433
3424457
3424459
3424469
3424481
3424507
3424549
3424559
3424567
3424573
3424613
3424621
3424643
3424651
3424657
3424661
3424679
3424699
3424703
3424711
3424727
3424739
3424747
3424753
3424763
3424777
3424781
3424783
3424789
3424801
3424819
3424879
3424901
3424903
3424909
3424933
3424951
3424957
3424961
3424991
3425021
3425027
3425029
3425033
3425047
3425069
3425077
3425083
3425101
3425117
3425129
3425131
3425141
3425189
3425197
3425207
3425243
3425249
3425267
3425273
3425281
3425291
3425293
3425297
3425341
3425351
3425371
3425399
3425419
3425431
3425441
3425447
3425467
3425473
3425479
3425489
3425507
3425579
3425581
3425603
3425621
3425627
3425629
3425641
3425651
3425663
3425693
3425729
3425731
3425753
3425759
3425791
3425797
3425803
3425809
3425831
3425843
3425869
3425879
3425893
3425921
3425927
3425951
3425977
3425987
3425999
3426029
3426037
3426041
3426053
3426077
3426091
3426113
3426119
3426121
3426127
3426131
3426139
3426161
3426167
3426169
There are 1479 prime numbers in S308.
