S309(3426193~3448440)
3426217
3426221
3426229
3426277
3426317
3426343
3426359
3426361
3426373
3426377
3426383
3426391
3426407
3426413
3426419
3426433
3426443
3426463
3426473
3426487
3426491
3426497
3426509
3426529
3426557
3426559
3426569
3426583
3426601
3426623
3426637
3426641
3426649
3426653
3426667
3426671
3426677
3426691
3426697
3426721
3426733
3426737
3426757
3426763
3426769
3426811
3426823
3426827
3426853
3426887
3426937
3426949
3426967
3426989
3426991
3427009
3427027
3427063
3427079
3427093
3427111
3427121
3427129
3427141
3427147
3427157
3427169
3427181
3427187
3427211
3427223
3427243
3427271
3427279
3427289
3427309
3427327
3427331
3427339
3427343
3427363
3427367
3427379
3427393
3427397
3427399
3427409
3427439
3427441
3427469
3427507
3427511
3427513
3427537
3427547
3427561
3427579
3427583
3427607
3427673
3427687
3427691
3427703
3427709
3427747
3427751
3427769
3427777
3427783
3427789
3427793
3427799
3427811
3427813
3427819
3427843
3427849
3427859
3427871
3427891
3427903
3427913
3427933
3427967
3427973
3427981
3428021
3428023
3428027
3428057
3428059
3428071
3428083
3428099
3428137
3428141
3428143
3428209
3428231
3428239
3428251
3428263
3428267
3428279
3428281
3428287
3428329
3428353
3428371
3428389
3428413
3428419
3428423
3428437
3428471
3428473
3428479
3428489
3428497
3428501
3428563
3428567
3428573
3428597
3428599
3428609
3428617
3428651
3428657
3428671
3428681
3428717
3428743
3428783
3428801
3428807
3428819
3428833
3428839
3428851
3428861
3428869
3428891
3428897
3428899
3428921
3428923
3428947
3428977
3428981
3429007
3429017
3429067
3429077
3429079
3429089
3429091
3429109
3429113
3429131
3429149
3429157
3429191
3429193
3429203
3429287
3429299
3429301
3429331
3429341
3429347
3429353
3429373
3429389
3429403
3429409
3429431
3429451
3429473
3429479
3429487
3429509
3429523
3429581
3429583
3429589
3429593
3429617
3429619
3429653
3429659
3429661
3429667
3429689
3429697
3429703
3429721
3429749
3429757
3429761
3429763
3429779
3429781
3429791
3429799
3429821
3429857
3429883
3429893
3429901
3429961
3429977
3429983
3429989
3430027
3430043
3430079
3430087
3430093
3430117
3430123
3430171
3430249
3430253
3430261
3430291
3430303
3430331
3430337
3430351
3430363
3430369
3430373
3430387
3430391
3430403
3430423
3430433
3430451
3430463
3430487
3430499
3430513
3430517
3430523
3430541
3430547
3430573
3430597
3430619
3430631
3430633
3430643
3430663
3430711
3430717
3430727
3430771
3430783
3430813
3430829
3430831
3430873
3430877
3430879
3430883
3430897
3430901
3430907
3430913
3430939
3430949
3430951
3430967
3431009
3431011
3431017
3431053
3431063
3431069
3431089
3431119
3431123
3431143
3431147
3431171
3431179
3431201
3431203
3431213
3431221
3431237
3431243
3431261
3431287
3431317
3431327
3431333
3431353
3431377
3431401
3431411
3431431
3431437
3431447
3431453
3431459
3431473
3431479
3431489
3431497
3431503
3431507
3431509
3431521
3431537
3431551
3431567
3431587
3431621
3431629
3431641
3431689
3431693
3431699
3431719
3431749
3431759
3431767
3431783
3431789
3431797
3431819
3431821
3431849
3431851
3431867
3431881
3431891
3431903
3431933
3431963
3431993
3431999
3432001
3432007
3432019
3432031
3432059
3432061
3432067
3432071
3432073
3432097
3432101
3432109
3432127
3432137
3432161
3432173
3432203
3432223
3432229
3432251
3432257
3432259
3432263
3432271
3432277
3432329
3432347
3432361
3432367
3432383
3432421
3432431
3432433
3432437
3432503
3432509
3432511
3432523
3432529
3432547
3432553
3432557
3432571
3432577
3432613
3432619
3432677
3432697
3432703
3432707
3432713
3432721
3432743
3432761
3432763
3432799
3432841
3432851
3432853
3432857
3432899
3432907
3432931
3432941
3432953
3432959
3432967
3432983
3433007
3433009
3433037
3433039
3433043
3433051
3433061
3433069
3433097
3433123
3433127
3433139
3433153
3433169
3433189
3433207
3433211
3433229
3433231
3433237
3433253
3433273
3433291
3433301
3433307
3433321
3433327
3433333
3433349
3433351
3433369
3433373
3433411
3433447
3433453
3433457
3433459
3433477
3433481
3433487
3433511
3433517
3433537
3433543
3433553
3433561
3433567
3433583
3433597
3433613
3433649
3433657
3433669
3433673
3433691
3433723
3433753
3433769
3433783
3433789
3433819
3433823
3433849
3433879
3433883
3433909
3433943
3433967
3433973
3433979
3434047
3434059
3434069
3434083
3434089
3434099
3434111
3434129
3434131
3434141
3434147
3434161
3434173
3434177
3434203
3434227
3434237
3434251
3434257
3434279
3434287
3434293
3434309
3434311
3434317
3434351
3434359
3434363
3434369
3434381
3434399
3434407
3434411
3434413
3434419
3434437
3434443
3434467
3434471
3434489
3434581
3434603
3434609
3434633
3434657
3434671
3434677
3434681
3434701
3434719
3434729
3434749
3434759
3434773
3434779
3434791
3434813
3434819
3434887
3434891
3434903
3434927
3434929
3434933
3435007
3435011
3435059
3435101
3435109
3435151
3435163
3435167
3435169
3435197
3435221
3435233
3435239
3435247
3435251
3435281
3435283
3435293
3435323
3435331
3435347
3435361
3435373
3435379
3435391
3435403
3435457
3435461
3435463
3435469
3435491
3435499
3435503
3435521
3435541
3435557
3435563
3435577
3435583
3435589
3435613
3435623
3435661
3435673
3435689
3435697
3435701
3435727
3435739
3435767
3435769
3435779
3435793
3435799
3435821
3435847
3435851
3435863
3435869
3435871
3435881
3435889
3435907
3435911
3435959
3435967
3435997
3436003
3436019
3436021
3436033
3436049
3436067
3436127
3436129
3436151
3436157
3436163
3436171
3436189
3436211
3436231
3436241
3436243
3436247
3436249
3436253
3436267
3436273
3436289
3436291
3436309
3436327
3436331
3436339
3436357
3436373
3436399
3436403
3436409
3436417
3436423
3436439
3436451
3436481
3436483
3436487
3436501
3436507
3436513
3436541
3436547
3436561
3436571
3436577
3436583
3436607
3436627
3436639
3436649
3436651
3436681
3436709
3436711
3436717
3436723
3436757
3436793
3436813
3436817
3436831
3436841
3436843
3436847
3436871
3436883
3436889
3436903
3436921
3436933
3436949
3436957
3436981
3436987
3437017
3437023
3437029
3437069
3437101
3437107
3437117
3437123
3437141
3437149
3437171
3437173
3437177
3437191
3437197
3437219
3437221
3437227
3437243
3437257
3437261
3437297
3437299
3437321
3437339
3437353
3437359
3437363
3437381
3437387
3437393
3437407
3437429
3437431
3437443
3437459
3437477
3437501
3437521
3437543
3437561
3437591
3437597
3437617
3437639
3437641
3437647
3437653
3437657
3437659
3437669
3437699
3437701
3437711
3437713
3437717
3437719
3437743
3437761
3437801
3437813
3437827
3437849
3437857
3437873
3437881
3437897
3437911
3437923
3437953
3437957
3437963
3438007
3438013
3438023
3438041
3438047
3438049
3438067
3438073
3438091
3438103
3438133
3438139
3438157
3438161
3438173
3438203
3438209
3438217
3438223
3438263
3438277
3438283
3438287
3438313
3438349
3438353
3438367
3438377
3438389
3438397
3438419
3438439
3438451
3438469
3438511
3438517
3438527
3438529
3438571
3438583
3438593
3438637
3438647
3438649
3438671
3438679
3438683
3438689
3438691
3438713
3438731
3438749
3438751
3438761
3438763
3438767
3438781
3438797
3438803
3438821
3438833
3438887
3438889
3438901
3438979
3439001
3439003
3439013
3439063
3439091
3439099
3439123
3439129
3439147
3439153
3439193
3439199
3439201
3439207
3439217
3439229
3439237
3439283
3439291
3439297
3439307
3439309
3439333
3439339
3439343
3439379
3439393
3439411
3439417
3439427
3439439
3439459
3439477
3439529
3439537
3439547
3439549
3439561
3439567
3439573
3439577
3439591
3439609
3439621
3439633
3439637
3439643
3439649
3439651
3439663
3439669
3439679
3439691
3439693
3439697
3439747
3439781
3439801
3439823
3439829
3439841
3439861
3439867
3439873
3439889
3439901
3439907
3439913
3439921
3439937
3439987
3439999
3440011
3440029
3440051
3440053
3440077
3440081
3440089
3440119
3440123
3440131
3440147
3440153
3440167
3440189
3440209
3440237
3440243
3440263
3440291
3440293
3440309
3440323
3440347
3440369
3440377
3440399
3440413
3440419
3440429
3440491
3440513
3440527
3440533
3440537
3440543
3440551
3440561
3440573
3440581
3440603
3440609
3440621
3440627
3440663
3440683
3440719
3440771
3440807
3440819
3440839
3440849
3440861
3440863
3440867
3440893
3440897
3440929
3440933
3440947
3440951
3440971
3440993
3441017
3441019
3441041
3441043
3441047
3441059
3441077
3441091
3441101
3441103
3441121
3441133
3441149
3441167
3441173
3441181
3441197
3441203
3441211
3441233
3441241
3441257
3441287
3441311
3441313
3441367
3441371
3441377
3441379
3441391
3441409
3441433
3441443
3441469
3441491
3441509
3441511
3441521
3441533
3441587
3441611
3441617
3441623
3441631
3441649
3441653
3441673
3441689
3441707
3441709
3441727
3441773
3441797
3441799
3441811
3441817
3441821
3441829
3441847
3441859
3441887
3441901
3441913
3441929
3441931
3441937
3441941
3441943
3441947
3441953
3441959
3441967
3441989
3442027
3442031
3442051
3442063
3442091
3442121
3442123
3442133
3442141
3442163
3442171
3442183
3442189
3442217
3442223
3442273
3442277
3442301
3442331
3442337
3442339
3442343
3442357
3442379
3442409
3442423
3442427
3442441
3442469
3442471
3442487
3442489
3442493
3442499
3442567
3442597
3442631
3442633
3442639
3442651
3442679
3442693
3442697
3442717
3442727
3442759
3442763
3442799
3442807
3442841
3442849
3442867
3442871
3442877
3442883
3442889
3442903
3442913
3442921
3442949
3442963
3442979
3442987
3442991
3443017
3443021
3443051
3443059
3443071
3443087
3443101
3443113
3443117
3443131
3443137
3443159
3443171
3443177
3443179
3443207
3443227
3443233
3443239
3443243
3443317
3443327
3443329
3443339
3443347
3443369
3443411
3443413
3443437
3443441
3443443
3443501
3443509
3443513
3443519
3443521
3443533
3443563
3443567
3443591
3443603
3443621
3443623
3443641
3443659
3443669
3443681
3443683
3443719
3443723
3443729
3443743
3443749
3443773
3443777
3443819
3443851
3443861
3443863
3443893
3443897
3443903
3443917
3443927
3443933
3443963
3443969
3443977
3443983
3443987
3443989
3444017
3444029
3444031
3444037
3444053
3444059
3444061
3444079
3444083
3444097
3444101
3444107
3444143
3444167
3444169
3444173
3444197
3444209
3444247
3444253
3444289
3444299
3444307
3444313
3444323
3444341
3444349
3444391
3444401
3444407
3444431
3444443
3444449
3444481
3444499
3444517
3444521
3444527
3444541
3444563
3444569
3444577
3444587
3444607
3444619
3444631
3444647
3444653
3444667
3444673
3444713
3444739
3444743
3444767
3444781
3444787
3444799
3444803
3444809
3444817
3444821
3444827
3444851
3444877
3444893
3444899
3444901
3444911
3444913
3444919
3444929
3444941
3444967
3444971
3444989
3445003
3445019
3445021
3445027
3445093
3445109
3445121
3445153
3445157
3445199
3445201
3445217
3445231
3445249
3445259
3445283
3445297
3445301
3445303
3445357
3445361
3445369
3445391
3445397
3445399
3445411
3445451
3445459
3445471
3445487
3445493
3445499
3445501
3445511
3445513
3445529
3445549
3445567
3445597
3445601
3445613
3445627
3445639
3445643
3445649
3445667
3445691
3445703
3445723
3445753
3445759
3445769
3445787
3445789
3445801
3445807
3445811
3445823
3445853
3445873
3445907
3445909
3445913
3445919
3445931
3445933
3445943
3445963
3445999
3446029
3446033
3446039
3446081
3446101
3446117
3446137
3446171
3446197
3446203
3446231
3446293
3446299
3446323
3446327
3446341
3446351
3446371
3446381
3446383
3446437
3446441
3446453
3446459
3446473
3446477
3446491
3446503
3446551
3446567
3446609
3446659
3446669
3446671
3446687
3446693
3446717
3446719
3446731
3446743
3446753
3446761
3446789
3446819
3446843
3446857
3446867
3446873
3446887
3446917
3446939
3446951
3446959
3447011
3447013
3447019
3447043
3447071
3447077
3447091
3447131
3447139
3447203
3447221
3447233
3447247
3447251
3447281
3447289
3447313
3447319
3447329
3447347
3447349
3447373
3447377
3447407
3447419
3447443
3447463
3447469
3447503
3447511
3447523
3447533
3447551
3447553
3447557
3447581
3447599
3447601
3447629
3447641
3447643
3447673
3447679
3447709
3447713
3447733
3447739
3447749
3447757
3447767
3447791
3447799
3447817
3447827
3447853
3447859
3447883
3447893
3447931
3447943
3447947
3447959
3447971
3447989
3448001
3448007
3448033
3448043
3448079
3448097
3448103
3448111
3448117
3448121
3448157
3448163
3448171
3448189
3448243
3448259
3448267
3448273
3448283
3448309
3448327
3448351
3448369
3448381
3448397
3448439
There are 1496 prime numbers in S309.
