S31(33481~35712)
33487
33493
33503
33521
33529
33533
33547
33563
33569
33577
33581
33587
33589
33599
33601
33613
33617
33619
33623
33629
33637
33641
33647
33679
33703
33713
33721
33739
33749
33751
33757
33767
33769
33773
33791
33797
33809
33811
33827
33829
33851
33857
33863
33871
33889
33893
33911
33923
33931
33937
33941
33961
33967
33997
34019
34031
34033
34039
34057
34061
34123
34127
34129
34141
34147
34157
34159
34171
34183
34211
34213
34217
34231
34253
34259
34261
34267
34273
34283
34297
34301
34303
34313
34319
34327
34337
34351
34361
34367
34369
34381
34403
34421
34429
34439
34457
34469
34471
34483
34487
34499
34501
34511
34513
34519
34537
34543
34549
34583
34589
34591
34603
34607
34613
34631
34649
34651
34667
34673
34679
34687
34693
34703
34721
34729
34739
34747
34757
34759
34763
34781
34807
34819
34841
34843
34847
34849
34871
34877
34883
34897
34913
34919
34939
34949
34961
34963
34981
35023
35027
35051
35053
35059
35069
35081
35083
35089
35099
35107
35111
35117
35129
35141
35149
35153
35159
35171
35201
35221
35227
35251
35257
35267
35279
35281
35291
35311
35317
35323
35327
35339
35353
35363
35381
35393
35401
35407
35419
35423
35437
35447
35449
35461
35491
35507
35509
35521
35527
35531
35533
35537
35543
35569
35573
35591
35593
35597
35603
35617
35671
35677
There are 211 prime numbers in S31.
