S310(3448441~3470760)
3448453
3448463
3448507
3448517
3448537
3448553
3448561
3448573
3448579
3448583
3448607
3448631
3448639
3448649
3448663
3448667
3448673
3448681
3448693
3448703
3448721
3448751
3448759
3448771
3448777
3448787
3448799
3448801
3448817
3448829
3448831
3448853
3448859
3448867
3448871
3448877
3448889
3448891
3448897
3448933
3448957
3448981
3448993
3448997
3449003
3449053
3449063
3449077
3449107
3449111
3449119
3449137
3449143
3449179
3449191
3449209
3449233
3449239
3449261
3449291
3449297
3449309
3449353
3449363
3449389
3449423
3449429
3449437
3449441
3449443
3449449
3449461
3449477
3449483
3449491
3449497
3449513
3449519
3449531
3449539
3449549
3449557
3449561
3449591
3449597
3449599
3449603
3449653
3449669
3449683
3449689
3449707
3449713
3449723
3449731
3449737
3449767
3449783
3449791
3449801
3449807
3449821
3449879
3449891
3449903
3449909
3449939
3449947
3449951
3449969
3449981
3449983
3449989
3450011
3450017
3450047
3450049
3450079
3450091
3450107
3450113
3450121
3450127
3450131
3450137
3450149
3450151
3450157
3450169
3450179
3450197
3450203
3450211
3450233
3450241
3450259
3450281
3450283
3450289
3450301
3450311
3450313
3450319
3450329
3450347
3450367
3450383
3450401
3450407
3450427
3450431
3450467
3450487
3450521
3450523
3450539
3450569
3450593
3450607
3450611
3450631
3450649
3450659
3450673
3450679
3450719
3450737
3450743
3450749
3450751
3450763
3450767
3450773
3450781
3450791
3450817
3450829
3450841
3450869
3450871
3450899
3450911
3450917
3450947
3450959
3450977
3450991
3451003
3451009
3451031
3451043
3451061
3451073
3451079
3451099
3451111
3451157
3451159
3451171
3451181
3451193
3451207
3451211
3451229
3451241
3451297
3451321
3451363
3451373
3451379
3451387
3451411
3451417
3451423
3451439
3451453
3451477
3451517
3451537
3451549
3451573
3451577
3451579
3451603
3451607
3451621
3451627
3451631
3451649
3451661
3451681
3451699
3451759
3451769
3451781
3451793
3451829
3451859
3451871
3451873
3451897
3451933
3451937
3451961
3451963
3451967
3451991
3451993
3452017
3452039
3452069
3452081
3452087
3452107
3452143
3452179
3452203
3452227
3452237
3452249
3452257
3452279
3452287
3452297
3452329
3452333
3452353
3452381
3452387
3452413
3452431
3452441
3452453
3452459
3452497
3452543
3452549
3452557
3452567
3452609
3452627
3452671
3452689
3452723
3452747
3452753
3452759
3452773
3452789
3452797
3452809
3452821
3452831
3452881
3452893
3452903
3452923
3452929
3452957
3452959
3452971
3452987
3452993
3453017
3453019
3453031
3453053
3453071
3453077
3453083
3453097
3453101
3453127
3453133
3453139
3453179
3453181
3453199
3453217
3453251
3453277
3453283
3453301
3453313
3453337
3453341
3453343
3453361
3453367
3453371
3453379
3453403
3453409
3453451
3453479
3453551
3453559
3453563
3453587
3453589
3453623
3453629
3453641
3453647
3453673
3453677
3453689
3453707
3453719
3453721
3453731
3453739
3453743
3453757
3453761
3453767
3453773
3453787
3453809
3453811
3453829
3453833
3453943
3453949
3453971
3453973
3453997
3454013
3454021
3454027
3454081
3454091
3454093
3454097
3454109
3454123
3454153
3454159
3454183
3454189
3454193
3454201
3454223
3454249
3454261
3454279
3454303
3454307
3454313
3454327
3454331
3454343
3454387
3454397
3454403
3454421
3454457
3454469
3454481
3454483
3454489
3454501
3454511
3454541
3454573
3454597
3454603
3454631
3454643
3454651
3454667
3454673
3454679
3454681
3454687
3454697
3454739
3454753
3454769
3454771
3454793
3454813
3454817
3454819
3454837
3454861
3454873
3454877
3454883
3454889
3454897
3454901
3454909
3454933
3454937
3454943
3454967
3454987
3454993
3455009
3455033
3455051
3455057
3455059
3455077
3455087
3455113
3455141
3455143
3455159
3455189
3455203
3455209
3455213
3455219
3455227
3455251
3455269
3455281
3455293
3455303
3455317
3455323
3455339
3455363
3455371
3455383
3455407
3455443
3455447
3455479
3455483
3455489
3455509
3455519
3455527
3455531
3455533
3455561
3455563
3455567
3455591
3455593
3455597
3455629
3455633
3455719
3455723
3455729
3455741
3455761
3455791
3455801
3455821
3455827
3455857
3455861
3455873
3455887
3455897
3455909
3455923
3455939
3455941
3455951
3455999
3456001
3456023
3456029
3456031
3456053
3456071
3456073
3456091
3456107
3456109
3456127
3456139
3456169
3456197
3456217
3456227
3456241
3456269
3456301
3456317
3456319
3456337
3456361
3456377
3456379
3456403
3456413
3456419
3456433
3456451
3456473
3456511
3456517
3456533
3456547
3456553
3456569
3456571
3456611
3456617
3456637
3456653
3456667
3456703
3456721
3456737
3456743
3456749
3456767
3456781
3456793
3456821
3456847
3456863
3456881
3456889
3456911
3456941
3456953
3456977
3456979
3457007
3457019
3457037
3457049
3457081
3457087
3457093
3457109
3457117
3457121
3457123
3457141
3457163
3457187
3457189
3457193
3457217
3457229
3457241
3457253
3457261
3457271
3457301
3457303
3457309
3457319
3457327
3457339
3457343
3457357
3457361
3457381
3457397
3457403
3457417
3457427
3457453
3457463
3457471
3457481
3457513
3457537
3457549
3457591
3457609
3457631
3457633
3457651
3457703
3457721
3457723
3457763
3457777
3457787
3457789
3457801
3457819
3457841
3457849
3457859
3457871
3457897
3457921
3457967
3457969
3457973
3457991
3457997
3457999
3458053
3458087
3458093
3458099
3458111
3458149
3458173
3458177
3458179
3458201
3458207
3458219
3458233
3458237
3458249
3458251
3458261
3458281
3458297
3458311
3458317
3458333
3458359
3458363
3458381
3458393
3458407
3458417
3458423
3458471
3458479
3458489
3458491
3458503
3458519
3458537
3458557
3458563
3458573
3458597
3458603
3458617
3458641
3458657
3458659
3458677
3458687
3458731
3458747
3458771
3458783
3458821
3458827
3458849
3458863
3458869
3458879
3458891
3458909
3458911
3458921
3458927
3458929
3458933
3458977
3458999
3459017
3459037
3459077
3459089
3459097
3459101
3459103
3459107
3459119
3459179
3459187
3459199
3459227
3459233
3459263
3459271
3459283
3459299
3459301
3459319
3459329
3459343
3459373
3459403
3459409
3459413
3459419
3459433
3459437
3459473
3459487
3459541
3459559
3459563
3459587
3459601
3459641
3459649
3459713
3459719
3459733
3459749
3459751
3459763
3459779
3459791
3459829
3459847
3459851
3459853
3459887
3459899
3459917
3459923
3459971
3459977
3459997
3460049
3460063
3460069
3460091
3460099
3460117
3460133
3460139
3460141
3460157
3460181
3460201
3460207
3460213
3460217
3460243
3460271
3460307
3460319
3460357
3460363
3460381
3460393
3460397
3460403
3460417
3460421
3460427
3460433
3460447
3460453
3460463
3460517
3460531
3460543
3460553
3460559
3460577
3460579
3460601
3460609
3460619
3460643
3460661
3460663
3460693
3460733
3460739
3460771
3460781
3460783
3460789
3460799
3460813
3460819
3460867
3460883
3460921
3460927
3460973
3460981
3460987
3460993
3460997
3461009
3461011
3461053
3461083
3461089
3461099
3461123
3461137
3461141
3461147
3461167
3461197
3461203
3461231
3461233
3461257
3461273
3461279
3461281
3461291
3461309
3461317
3461329
3461347
3461351
3461357
3461369
3461383
3461389
3461399
3461417
3461453
3461459
3461509
3461537
3461551
3461561
3461581
3461593
3461599
3461603
3461617
3461641
3461651
3461663
3461687
3461699
3461713
3461719
3461723
3461729
3461749
3461767
3461791
3461797
3461803
3461807
3461827
3461839
3461849
3461867
3461921
3461923
3461951
3461989
3461993
3462023
3462037
3462079
3462089
3462103
3462113
3462131
3462133
3462181
3462187
3462229
3462233
3462241
3462247
3462269
3462287
3462289
3462293
3462301
3462307
3462311
3462323
3462337
3462343
3462353
3462377
3462379
3462391
3462419
3462439
3462449
3462451
3462469
3462517
3462523
3462587
3462593
3462619
3462623
3462637
3462707
3462743
3462751
3462773
3462779
3462791
3462829
3462839
3462847
3462853
3462863
3462881
3462889
3462911
3462937
3462947
3462961
3462971
3462973
3462989
3463001
3463027
3463037
3463043
3463049
3463051
3463067
3463069
3463081
3463099
3463139
3463157
3463171
3463181
3463183
3463199
3463217
3463231
3463249
3463259
3463277
3463303
3463307
3463319
3463333
3463357
3463367
3463381
3463387
3463399
3463429
3463433
3463489
3463511
3463513
3463517
3463531
3463541
3463573
3463583
3463591
3463601
3463609
3463619
3463627
3463657
3463667
3463679
3463687
3463727
3463729
3463751
3463769
3463783
3463807
3463819
3463843
3463849
3463861
3463879
3463907
3463919
3463927
3463939
3463981
3464003
3464047
3464057
3464093
3464117
3464119
3464173
3464183
3464207
3464221
3464233
3464249
3464291
3464299
3464309
3464333
3464341
3464353
3464359
3464371
3464389
3464407
3464411
3464423
3464429
3464431
3464437
3464453
3464471
3464473
3464491
3464497
3464509
3464537
3464561
3464567
3464579
3464581
3464599
3464621
3464627
3464633
3464647
3464683
3464689
3464737
3464779
3464801
3464803
3464807
3464827
3464843
3464849
3464863
3464873
3464911
3464917
3464921
3464959
3464969
3464971
3464977
3465029
3465031
3465047
3465053
3465067
3465071
3465079
3465089
3465101
3465103
3465107
3465139
3465151
3465179
3465199
3465233
3465257
3465269
3465271
3465281
3465283
3465317
3465347
3465367
3465373
3465377
3465379
3465389
3465421
3465463
3465481
3465487
3465491
3465503
3465533
3465559
3465577
3465599
3465611
3465629
3465659
3465667
3465673
3465677
3465691
3465697
3465727
3465731
3465743
3465793
3465797
3465799
3465811
3465817
3465851
3465857
3465859
3465863
3465871
3465881
3465899
3465911
3465937
3465941
3465947
3465949
3465953
3465971
3465989
3465991
3466003
3466009
3466013
3466019
3466033
3466069
3466103
3466117
3466139
3466157
3466171
3466193
3466201
3466223
3466231
3466241
3466247
3466277
3466313
3466319
3466321
3466343
3466349
3466363
3466367
3466369
3466409
3466423
3466429
3466469
3466471
3466499
3466543
3466549
3466559
3466597
3466601
3466613
3466621
3466627
3466633
3466643
3466651
3466667
3466669
3466679
3466681
3466709
3466711
3466733
3466739
3466741
3466751
3466763
3466769
3466787
3466811
3466829
3466849
3466867
3466871
3466891
3466901
3466909
3466913
3466933
3466943
3467039
3467053
3467117
3467119
3467131
3467161
3467171
3467203
3467213
3467221
3467239
3467251
3467263
3467279
3467293
3467297
3467309
3467323
3467341
3467353
3467357
3467377
3467383
3467437
3467449
3467467
3467479
3467483
3467521
3467531
3467533
3467537
3467539
3467543
3467579
3467593
3467621
3467623
3467647
3467669
3467689
3467693
3467713
3467729
3467731
3467743
3467759
3467773
3467797
3467803
3467809
3467819
3467831
3467833
3467839
3467869
3467909
3467921
3467923
3467929
3467941
3467951
3467953
3467999
3468007
3468019
3468029
3468061
3468071
3468077
3468097
3468107
3468109
3468133
3468163
3468167
3468169
3468209
3468233
3468253
3468259
3468263
3468281
3468293
3468301
3468307
3468329
3468341
3468349
3468359
3468379
3468401
3468407
3468427
3468461
3468463
3468481
3468499
3468511
3468533
3468541
3468547
3468557
3468581
3468587
3468593
3468599
3468611
3468613
3468631
3468637
3468649
3468667
3468677
3468679
3468701
3468709
3468721
3468727
3468733
3468739
3468743
3468779
3468781
3468821
3468851
3468859
3468863
3468877
3468889
3468911
3468919
3468943
3468961
3468991
3469013
3469019
3469031
3469049
3469061
3469069
3469073
3469079
3469093
3469097
3469099
3469163
3469177
3469181
3469201
3469217
3469223
3469237
3469247
3469313
3469321
3469337
3469363
3469373
3469387
3469393
3469421
3469441
3469447
3469463
3469469
3469519
3469523
3469537
3469549
3469559
3469567
3469577
3469591
3469607
3469633
3469639
3469663
3469679
3469691
3469693
3469703
3469709
3469721
3469727
3469747
3469771
3469777
3469783
3469793
3469859
3469867
3469877
3469901
3469919
3469931
3469933
3469943
3469957
3469969
3470003
3470009
3470011
3470017
3470029
3470039
3470063
3470081
3470083
3470087
3470099
3470101
3470113
3470153
3470161
3470167
3470183
3470191
3470209
3470213
3470221
3470237
3470239
3470249
3470251
3470287
3470297
3470353
3470417
3470443
3470477
3470491
3470501
3470581
3470587
3470611
3470617
3470627
3470629
3470647
3470653
3470671
3470683
3470689
3470699
3470713
3470741
3470743
There are 1461 prime numbers in S310.
