S313(3515617~3538152)
3515623
3515639
3515657
3515669
3515671
3515689
3515693
3515713
3515717
3515731
3515761
3515783
3515801
3515807
3515819
3515833
3515839
3515867
3515891
3515903
3515917
3515933
3515977
3516001
3516011
3516031
3516049
3516061
3516077
3516089
3516103
3516109
3516137
3516143
3516157
3516187
3516199
3516209
3516269
3516277
3516281
3516307
3516313
3516319
3516353
3516367
3516371
3516389
3516397
3516413
3516421
3516427
3516437
3516509
3516521
3516533
3516551
3516553
3516593
3516599
3516641
3516659
3516661
3516697
3516713
3516727
3516731
3516749
3516787
3516803
3516809
3516811
3516817
3516823
3516827
3516871
3516889
3516893
3516923
3516937
3516971
3516973
3517009
3517037
3517093
3517097
3517121
3517139
3517153
3517169
3517177
3517193
3517237
3517247
3517253
3517273
3517279
3517289
3517301
3517303
3517313
3517333
3517343
3517361
3517387
3517399
3517417
3517421
3517427
3517429
3517441
3517463
3517471
3517483
3517531
3517541
3517543
3517561
3517573
3517583
3517607
3517637
3517693
3517733
3517747
3517751
3517753
3517783
3517799
3517867
3517879
3517883
3517889
3517897
3517901
3517909
3517937
3517939
3517957
3517967
3517991
3517999
3518017
3518033
3518041
3518063
3518069
3518083
3518101
3518113
3518117
3518129
3518143
3518147
3518161
3518183
3518209
3518227
3518231
3518239
3518243
3518261
3518311
3518321
3518323
3518327
3518329
3518353
3518357
3518387
3518447
3518461
3518479
3518491
3518513
3518521
3518549
3518551
3518573
3518597
3518623
3518633
3518651
3518653
3518659
3518687
3518693
3518699
3518719
3518741
3518759
3518771
3518777
3518783
3518807
3518833
3518849
3518863
3518873
3518887
3518891
3518899
3518923
3518939
3518953
3518981
3518987
3519013
3519049
3519067
3519083
3519091
3519097
3519127
3519137
3519157
3519167
3519169
3519209
3519211
3519227
3519239
3519247
3519251
3519259
3519281
3519287
3519301
3519311
3519331
3519343
3519349
3519361
3519377
3519379
3519413
3519419
3519433
3519457
3519473
3519479
3519487
3519497
3519511
3519521
3519533
3519539
3519553
3519559
3519569
3519589
3519599
3519601
3519623
3519631
3519641
3519661
3519707
3519739
3519743
3519757
3519767
3519787
3519793
3519797
3519811
3519821
3519823
3519829
3519853
3519863
3519869
3519871
3519899
3519911
3519913
3519917
3519949
3519953
3519983
3520007
3520009
3520021
3520043
3520051
3520079
3520091
3520093
3520141
3520147
3520151
3520157
3520163
3520183
3520201
3520211
3520229
3520243
3520261
3520303
3520333
3520351
3520399
3520427
3520457
3520481
3520483
3520487
3520499
3520507
3520511
3520519
3520537
3520549
3520579
3520597
3520603
3520607
3520613
3520663
3520667
3520669
3520691
3520697
3520729
3520733
3520739
3520787
3520789
3520799
3520801
3520813
3520837
3520841
3520873
3520879
3520889
3520897
3520901
3520903
3520927
3520939
3520973
3520987
3520991
3520999
3521029
3521033
3521053
3521059
3521071
3521083
3521101
3521113
3521117
3521131
3521143
3521153
3521173
3521183
3521191
3521201
3521237
3521239
3521249
3521257
3521281
3521291
3521293
3521299
3521303
3521341
3521377
3521389
3521417
3521437
3521473
3521489
3521513
3521519
3521527
3521537
3521543
3521561
3521627
3521633
3521653
3521659
3521677
3521689
3521699
3521723
3521729
3521747
3521753
3521767
3521803
3521831
3521857
3521867
3521909
3521923
3521927
3521929
3521933
3521951
3521953
3521977
3522007
3522019
3522053
3522061
3522073
3522083
3522109
3522131
3522139
3522157
3522161
3522191
3522199
3522203
3522209
3522217
3522263
3522301
3522307
3522317
3522319
3522329
3522331
3522341
3522347
3522367
3522403
3522413
3522439
3522479
3522487
3522503
3522521
3522529
3522551
3522559
3522569
3522583
3522637
3522641
3522643
3522647
3522653
3522667
3522671
3522737
3522763
3522767
3522773
3522787
3522797
3522817
3522823
3522863
3522877
3522889
3522901
3522913
3522917
3522971
3522973
3522977
3522991
3523019
3523027
3523031
3523043
3523081
3523087
3523109
3523111
3523141
3523147
3523153
3523159
3523187
3523231
3523279
3523307
3523309
3523313
3523327
3523337
3523339
3523343
3523357
3523363
3523381
3523391
3523397
3523427
3523447
3523469
3523477
3523483
3523501
3523519
3523561
3523579
3523589
3523603
3523613
3523627
3523649
3523651
3523691
3523711
3523763
3523771
3523781
3523799
3523823
3523829
3523841
3523901
3523903
3523921
3523957
3523963
3523969
3523997
3524029
3524033
3524041
3524047
3524071
3524077
3524093
3524099
3524113
3524119
3524159
3524161
3524197
3524207
3524231
3524233
3524239
3524243
3524249
3524273
3524281
3524299
3524309
3524317
3524347
3524363
3524371
3524383
3524387
3524393
3524407
3524413
3524431
3524441
3524453
3524459
3524467
3524471
3524503
3524531
3524537
3524561
3524567
3524569
3524603
3524611
3524617
3524621
3524699
3524701
3524711
3524713
3524737
3524767
3524777
3524779
3524789
3524821
3524827
3524867
3524891
3524903
3524923
3524929
3524947
3524959
3524971
3524981
3524993
3524999
3525017
3525019
3525029
3525031
3525043
3525061
3525133
3525143
3525157
3525161
3525167
3525199
3525209
3525229
3525293
3525299
3525311
3525359
3525367
3525377
3525391
3525419
3525433
3525437
3525451
3525461
3525479
3525491
3525497
3525499
3525521
3525539
3525541
3525551
3525553
3525563
3525581
3525593
3525623
3525637
3525671
3525673
3525679
3525727
3525761
3525779
3525803
3525829
3525833
3525859
3525869
3525883
3525889
3525911
3525937
3525941
3525943
3525961
3525979
3526027
3526049
3526057
3526079
3526087
3526097
3526099
3526111
3526147
3526151
3526163
3526169
3526177
3526181
3526183
3526207
3526217
3526223
3526231
3526247
3526273
3526279
3526283
3526307
3526319
3526331
3526333
3526373
3526379
3526427
3526441
3526469
3526483
3526511
3526513
3526541
3526573
3526583
3526619
3526637
3526657
3526693
3526709
3526711
3526741
3526771
3526781
3526793
3526867
3526909
3526931
3526933
3526937
3526949
3526987
3526993
3526997
3527023
3527033
3527057
3527059
3527071
3527077
3527089
3527101
3527129
3527137
3527213
3527219
3527233
3527239
3527243
3527261
3527263
3527267
3527281
3527291
3527311
3527327
3527371
3527383
3527399
3527411
3527443
3527453
3527471
3527477
3527479
3527497
3527501
3527507
3527519
3527527
3527549
3527581
3527611
3527621
3527639
3527659
3527663
3527723
3527731
3527743
3527759
3527761
3527767
3527779
3527791
3527803
3527819
3527827
3527833
3527851
3527869
3527899
3527917
3527941
3527957
3527963
3527969
3527981
3527983
3528001
3528011
3528029
3528037
3528043
3528047
3528067
3528089
3528101
3528103
3528113
3528127
3528137
3528143
3528191
3528211
3528229
3528241
3528251
3528253
3528257
3528271
3528277
3528289
3528293
3528311
3528313
3528323
3528331
3528341
3528347
3528359
3528373
3528379
3528397
3528403
3528409
3528463
3528479
3528521
3528533
3528541
3528559
3528563
3528587
3528589
3528593
3528607
3528631
3528641
3528647
3528649
3528659
3528743
3528751
3528773
3528779
3528781
3528799
3528803
3528827
3528853
3528857
3528859
3528871
3528887
3528907
3528961
3528989
3528991
3528997
3529037
3529063
3529067
3529069
3529087
3529109
3529129
3529147
3529153
3529159
3529177
3529187
3529199
3529219
3529241
3529247
3529249
3529259
3529283
3529291
3529301
3529303
3529367
3529369
3529417
3529423
3529433
3529441
3529451
3529499
3529543
3529553
3529583
3529601
3529607
3529621
3529633
3529637
3529657
3529703
3529759
3529783
3529789
3529807
3529817
3529843
3529861
3529873
3529919
3529921
3529937
3529943
3529949
3529951
3529961
3529963
3529973
3529979
3529997
3530011
3530027
3530039
3530041
3530069
3530071
3530081
3530089
3530099
3530113
3530159
3530179
3530209
3530221
3530227
3530231
3530243
3530287
3530299
3530323
3530341
3530347
3530369
3530381
3530389
3530393
3530399
3530413
3530453
3530467
3530507
3530519
3530537
3530539
3530563
3530587
3530591
3530603
3530609
3530623
3530629
3530647
3530669
3530671
3530677
3530689
3530693
3530717
3530729
3530731
3530803
3530809
3530819
3530851
3530867
3530887
3530909
3530921
3530929
3530939
3530957
3530959
3530971
3530977
3530999
3531001
3531007
3531013
3531037
3531041
3531049
3531071
3531079
3531089
3531097
3531109
3531113
3531119
3531139
3531161
3531173
3531181
3531193
3531197
3531211
3531233
3531247
3531271
3531277
3531287
3531293
3531299
3531313
3531323
3531329
3531331
3531343
3531347
3531361
3531377
3531383
3531389
3531403
3531413
3531433
3531467
3531481
3531487
3531497
3531499
3531509
3531523
3531559
3531569
3531571
3531599
3531601
3531623
3531659
3531677
3531683
3531691
3531713
3531727
3531757
3531779
3531791
3531797
3531809
3531833
3531841
3531877
3531887
3531907
3531911
3531989
3531991
3532007
3532019
3532021
3532033
3532049
3532091
3532103
3532121
3532147
3532183
3532187
3532213
3532219
3532237
3532241
3532247
3532253
3532261
3532289
3532297
3532301
3532313
3532367
3532381
3532387
3532393
3532429
3532439
3532453
3532457
3532469
3532483
3532511
3532517
3532523
3532531
3532541
3532553
3532559
3532561
3532597
3532603
3532619
3532621
3532631
3532637
3532663
3532673
3532679
3532681
3532687
3532691
3532703
3532717
3532721
3532733
3532741
3532757
3532769
3532811
3532813
3532817
3532829
3532877
3532891
3532897
3532913
3532931
3532933
3532967
3532973
3532999
3533021
3533063
3533077
3533087
3533113
3533119
3533129
3533141
3533147
3533197
3533203
3533207
3533239
3533293
3533317
3533357
3533359
3533363
3533371
3533377
3533381
3533401
3533423
3533441
3533443
3533471
3533477
3533479
3533483
3533489
3533531
3533533
3533539
3533549
3533557
3533561
3533573
3533581
3533609
3533627
3533633
3533653
3533657
3533683
3533693
3533701
3533707
3533723
3533729
3533731
3533767
3533779
3533813
3533819
3533839
3533851
3533861
3533863
3533879
3533897
3533899
3533903
3533921
3533939
3533953
3533963
3533993
3534017
3534043
3534053
3534061
3534067
3534121
3534151
3534173
3534187
3534197
3534211
3534257
3534263
3534269
3534281
3534287
3534313
3534337
3534343
3534347
3534359
3534371
3534373
3534379
3534397
3534407
3534413
3534431
3534449
3534467
3534469
3534473
3534493
3534497
3534529
3534533
3534547
3534611
3534613
3534659
3534667
3534673
3534683
3534701
3534731
3534743
3534757
3534763
3534787
3534799
3534803
3534809
3534821
3534829
3534841
3534863
3534871
3534907
3534913
3534919
3534967
3534989
3535001
3535003
3535009
3535027
3535033
3535043
3535057
3535067
3535069
3535087
3535097
3535117
3535127
3535139
3535141
3535163
3535177
3535193
3535237
3535241
3535243
3535247
3535253
3535277
3535283
3535289
3535291
3535319
3535321
3535327
3535369
3535373
3535379
3535391
3535397
3535403
3535421
3535423
3535447
3535451
3535459
3535489
3535513
3535517
3535529
3535547
3535561
3535573
3535579
3535603
3535607
3535613
3535627
3535639
3535663
3535673
3535687
3535699
3535733
3535739
3535751
3535769
3535771
3535781
3535793
3535817
3535841
3535849
3535853
3535867
3535877
3535879
3535907
3535913
3535927
3535943
3535969
3535981
3535993
3536009
3536041
3536081
3536101
3536123
3536129
3536131
3536161
3536167
3536171
3536177
3536189
3536207
3536219
3536249
3536257
3536303
3536341
3536369
3536371
3536389
3536437
3536441
3536443
3536453
3536471
3536479
3536501
3536513
3536539
3536551
3536563
3536567
3536627
3536633
3536647
3536653
3536657
3536669
3536681
3536693
3536699
3536737
3536749
3536789
3536791
3536801
3536807
3536809
3536837
3536843
3536851
3536881
3536899
3536903
3536933
3536957
3536959
3536977
3536987
3536999
3537019
3537031
3537047
3537073
3537103
3537113
3537119
3537151
3537161
3537169
3537179
3537181
3537187
3537197
3537199
3537269
3537271
3537277
3537293
3537307
3537337
3537407
3537421
3537427
3537431
3537467
3537487
3537491
3537517
3537551
3537559
3537563
3537571
3537601
3537631
3537641
3537647
3537659
3537673
3537701
3537713
3537719
3537731
3537733
3537749
3537763
3537769
3537773
3537811
3537823
3537827
3537841
3537847
3537851
3537869
3537871
3537899
3537907
3537943
3537949
3537953
3537959
3537973
3537979
3537983
3537991
3538027
3538033
3538039
3538103
3538127
3538133
3538147
3538151
There are 1462 prime numbers in S313.
