S314(3538153~3560760)
3538187
3538189
3538201
3538211
3538217
3538219
3538231
3538267
3538307
3538357
3538361
3538387
3538391
3538399
3538411
3538453
3538477
3538517
3538519
3538531
3538547
3538559
3538589
3538627
3538649
3538673
3538687
3538697
3538699
3538747
3538753
3538763
3538781
3538813
3538831
3538859
3538889
3538891
3538901
3538919
3538933
3538949
3538973
3538979
3538999
3539021
3539027
3539051
3539059
3539083
3539089
3539099
3539117
3539119
3539143
3539167
3539257
3539267
3539269
3539297
3539299
3539311
3539317
3539321
3539329
3539359
3539387
3539399
3539413
3539443
3539449
3539461
3539483
3539507
3539509
3539521
3539533
3539561
3539573
3539579
3539593
3539597
3539603
3539609
3539623
3539639
3539651
3539659
3539663
3539687
3539693
3539699
3539713
3539743
3539759
3539761
3539777
3539779
3539819
3539831
3539839
3539849
3539857
3539863
3539869
3539897
3539917
3539929
3539957
3539959
3539971
3540041
3540067
3540071
3540077
3540101
3540109
3540127
3540133
3540139
3540149
3540157
3540161
3540167
3540203
3540223
3540247
3540259
3540263
3540269
3540283
3540311
3540323
3540371
3540373
3540377
3540401
3540421
3540443
3540451
3540457
3540461
3540487
3540499
3540503
3540521
3540529
3540533
3540553
3540583
3540587
3540599
3540611
3540619
3540661
3540671
3540673
3540679
3540683
3540703
3540721
3540763
3540773
3540787
3540793
3540829
3540893
3540917
3540931
3540991
3541019
3541033
3541051
3541063
3541073
3541079
3541091
3541127
3541133
3541147
3541177
3541189
3541193
3541199
3541229
3541249
3541259
3541271
3541273
3541289
3541297
3541319
3541327
3541337
3541339
3541397
3541411
3541441
3541453
3541459
3541481
3541493
3541511
3541537
3541541
3541547
3541579
3541589
3541607
3541613
3541631
3541633
3541651
3541663
3541667
3541669
3541679
3541691
3541709
3541723
3541739
3541753
3541757
3541777
3541787
3541789
3541801
3541817
3541823
3541871
3541877
3541883
3541907
3541919
3541921
3541939
3541957
3541987
3541991
3541997
3542009
3542051
3542053
3542059
3542081
3542083
3542093
3542101
3542117
3542141
3542159
3542167
3542233
3542243
3542251
3542267
3542293
3542323
3542327
3542333
3542353
3542369
3542377
3542387
3542423
3542447
3542489
3542503
3542507
3542519
3542543
3542549
3542551
3542557
3542593
3542603
3542653
3542657
3542677
3542701
3542717
3542723
3542729
3542743
3542753
3542761
3542767
3542771
3542779
3542809
3542831
3542837
3542839
3542849
3542863
3542923
3542927
3542939
3542951
3542963
3542969
3542977
3542983
3542993
3543011
3543037
3543041
3543047
3543049
3543053
3543073
3543079
3543143
3543151
3543193
3543203
3543227
3543233
3543257
3543289
3543299
3543301
3543349
3543359
3543373
3543389
3543391
3543409
3543433
3543451
3543467
3543469
3543487
3543499
3543503
3543511
3543523
3543569
3543571
3543577
3543581
3543583
3543611
3543613
3543629
3543643
3543677
3543721
3543731
3543737
3543751
3543763
3543781
3543791
3543797
3543811
3543821
3543857
3543877
3543893
3543901
3543913
3543919
3543923
3543949
3543959
3543979
3543983
3543997
3544027
3544031
3544043
3544067
3544111
3544117
3544133
3544141
3544147
3544157
3544159
3544169
3544171
3544187
3544201
3544213
3544217
3544237
3544297
3544309
3544319
3544339
3544357
3544427
3544433
3544441
3544459
3544531
3544537
3544547
3544549
3544559
3544577
3544579
3544591
3544643
3544657
3544669
3544703
3544727
3544733
3544741
3544753
3544759
3544763
3544777
3544837
3544841
3544843
3544861
3544867
3544883
3544889
3544907
3544927
3544939
3544969
3544973
3544987
3545021
3545029
3545041
3545051
3545053
3545057
3545063
3545071
3545083
3545111
3545119
3545123
3545131
3545161
3545167
3545177
3545183
3545189
3545203
3545207
3545209
3545219
3545237
3545239
3545249
3545261
3545263
3545273
3545281
3545287
3545291
3545293
3545317
3545327
3545357
3545359
3545383
3545387
3545407
3545411
3545429
3545461
3545467
3545483
3545489
3545497
3545567
3545617
3545623
3545629
3545693
3545699
3545701
3545719
3545767
3545771
3545779
3545783
3545791
3545797
3545819
3545831
3545851
3545881
3545897
3545903
3545929
3545947
3545957
3545963
3545999
3546001
3546007
3546017
3546019
3546031
3546041
3546061
3546089
3546119
3546133
3546139
3546143
3546161
3546173
3546181
3546199
3546233
3546239
3546241
3546247
3546259
3546269
3546271
3546281
3546287
3546299
3546311
3546371
3546373
3546397
3546409
3546427
3546437
3546449
3546451
3546457
3546467
3546469
3546509
3546539
3546551
3546583
3546589
3546593
3546607
3546619
3546637
3546643
3546661
3546677
3546689
3546691
3546713
3546721
3546737
3546743
3546757
3546799
3546833
3546847
3546859
3546871
3546877
3546883
3546889
3546911
3546929
3546953
3546971
3546979
3547001
3547007
3547013
3547031
3547039
3547069
3547073
3547097
3547099
3547109
3547111
3547151
3547163
3547177
3547189
3547207
3547213
3547223
3547249
3547253
3547259
3547283
3547307
3547321
3547331
3547363
3547393
3547399
3547403
3547417
3547421
3547429
3547459
3547469
3547499
3547507
3547517
3547519
3547529
3547553
3547567
3547571
3547591
3547613
3547619
3547631
3547633
3547639
3547651
3547667
3547693
3547721
3547723
3547741
3547751
3547757
3547759
3547763
3547769
3547777
3547823
3547829
3547837
3547867
3547871
3547879
3547909
3547913
3547931
3547933
3547949
3547961
3547963
3547991
3547993
3548009
3548023
3548033
3548071
3548081
3548089
3548101
3548107
3548147
3548159
3548161
3548173
3548177
3548183
3548197
3548213
3548219
3548221
3548261
3548267
3548299
3548327
3548329
3548339
3548381
3548401
3548407
3548429
3548471
3548473
3548483
3548491
3548513
3548549
3548557
3548569
3548579
3548581
3548593
3548621
3548627
3548639
3548681
3548683
3548689
3548719
3548723
3548731
3548737
3548773
3548803
3548807
3548851
3548863
3548879
3548891
3548899
3548957
3548977
3548983
3548989
3549011
3549019
3549037
3549047
3549059
3549079
3549089
3549101
3549113
3549131
3549137
3549157
3549173
3549179
3549193
3549197
3549253
3549307
3549317
3549319
3549323
3549331
3549341
3549347
3549401
3549419
3549421
3549437
3549457
3549461
3549467
3549473
3549509
3549517
3549547
3549619
3549631
3549641
3549647
3549649
3549673
3549677
3549683
3549691
3549697
3549701
3549731
3549737
3549757
3549811
3549823
3549839
3549851
3549877
3549881
3549901
3549911
3549913
3549947
3549967
3549983
3550007
3550009
3550069
3550091
3550109
3550111
3550163
3550177
3550189
3550201
3550219
3550249
3550259
3550271
3550277
3550279
3550289
3550301
3550319
3550357
3550363
3550373
3550387
3550411
3550439
3550447
3550471
3550489
3550517
3550537
3550541
3550567
3550571
3550609
3550619
3550633
3550643
3550649
3550667
3550681
3550691
3550693
3550697
3550699
3550711
3550721
3550727
3550733
3550741
3550751
3550759
3550783
3550787
3550817
3550831
3550837
3550843
3550861
3550873
3550889
3550931
3550949
3550979
3550999
3551003
3551027
3551029
3551057
3551077
3551089
3551099
3551101
3551123
3551161
3551173
3551209
3551213
3551221
3551227
3551239
3551243
3551257
3551291
3551323
3551363
3551389
3551411
3551441
3551447
3551467
3551473
3551489
3551501
3551503
3551507
3551549
3551551
3551563
3551573
3551599
3551621
3551627
3551629
3551641
3551663
3551677
3551687
3551699
3551719
3551747
3551753
3551767
3551771
3551777
3551797
3551813
3551839
3551851
3551881
3551893
3551903
3551909
3551921
3551927
3551939
3551941
3551957
3551981
3551987
3552001
3552013
3552023
3552041
3552047
3552053
3552071
3552083
3552103
3552137
3552149
3552163
3552173
3552179
3552203
3552217
3552233
3552247
3552251
3552277
3552299
3552301
3552313
3552347
3552391
3552397
3552421
3552427
3552433
3552463
3552491
3552503
3552509
3552517
3552533
3552559
3552583
3552611
3552641
3552667
3552671
3552673
3552697
3552707
3552713
3552751
3552781
3552793
3552797
3552811
3552839
3552841
3552853
3552859
3552869
3552883
3552893
3552907
3552917
3552929
3552931
3552947
3552953
3552959
3552977
3553001
3553007
3553009
3553021
3553037
3553049
3553061
3553087
3553097
3553117
3553139
3553141
3553163
3553217
3553223
3553229
3553241
3553243
3553267
3553271
3553273
3553307
3553309
3553321
3553327
3553351
3553409
3553411
3553423
3553427
3553441
3553447
3553453
3553463
3553469
3553471
3553507
3553531
3553541
3553553
3553559
3553579
3553601
3553673
3553699
3553721
3553723
3553729
3553751
3553777
3553783
3553787
3553793
3553819
3553843
3553853
3553877
3553903
3553943
3553967
3553981
3553997
3554011
3554039
3554051
3554059
3554069
3554081
3554099
3554107
3554137
3554141
3554147
3554171
3554179
3554203
3554227
3554231
3554237
3554263
3554267
3554333
3554359
3554363
3554399
3554401
3554407
3554431
3554437
3554449
3554461
3554477
3554519
3554527
3554557
3554561
3554569
3554587
3554591
3554597
3554611
3554651
3554669
3554671
3554687
3554689
3554711
3554713
3554723
3554731
3554773
3554777
3554779
3554797
3554813
3554821
3554827
3554851
3554891
3554893
3554909
3554933
3554959
3554963
3554981
3554983
3555001
3555007
3555011
3555017
3555029
3555031
3555037
3555043
3555053
3555059
3555067
3555073
3555089
3555103
3555107
3555113
3555121
3555131
3555137
3555143
3555157
3555161
3555169
3555191
3555217
3555229
3555239
3555241
3555247
3555257
3555269
3555311
3555353
3555361
3555379
3555403
3555427
3555443
3555449
3555463
3555469
3555509
3555521
3555551
3555557
3555571
3555599
3555613
3555647
3555649
3555677
3555697
3555701
3555743
3555749
3555763
3555767
3555779
3555781
3555787
3555829
3555833
3555857
3555859
3555883
3555901
3555913
3555943
3555947
3555949
3555953
3555967
3555977
3556001
3556019
3556031
3556061
3556073
3556087
3556093
3556121
3556123
3556129
3556139
3556151
3556169
3556199
3556219
3556243
3556253
3556261
3556271
3556277
3556297
3556307
3556309
3556321
3556331
3556337
3556367
3556369
3556379
3556387
3556391
3556393
3556447
3556457
3556489
3556493
3556499
3556507
3556517
3556523
3556543
3556547
3556571
3556583
3556601
3556607
3556649
3556669
3556681
3556687
3556691
3556703
3556711
3556717
3556733
3556739
3556747
3556753
3556769
3556783
3556793
3556801
3556811
3556843
3556853
3556877
3556897
3556939
3556951
3556967
3556979
3556981
3556991
3556999
3557017
3557023
3557039
3557041
3557083
3557117
3557129
3557153
3557167
3557189
3557207
3557243
3557251
3557263
3557269
3557273
3557293
3557299
3557303
3557327
3557339
3557377
3557381
3557431
3557441
3557473
3557483
3557497
3557501
3557507
3557527
3557531
3557551
3557557
3557563
3557599
3557621
3557639
3557647
3557681
3557683
3557689
3557699
3557713
3557737
3557761
3557773
3557779
3557783
3557797
3557803
3557821
3557831
3557833
3557843
3557867
3557903
3557933
3557951
3557977
3557987
3557999
3558001
3558007
3558011
3558019
3558029
3558043
3558059
3558067
3558089
3558101
3558109
3558133
3558167
3558193
3558221
3558223
3558241
3558259
3558281
3558283
3558299
3558337
3558343
3558361
3558371
3558403
3558407
3558409
3558421
3558433
3558439
3558461
3558463
3558469
3558479
3558481
3558517
3558553
3558587
3558589
3558613
3558649
3558671
3558683
3558689
3558691
3558739
3558749
3558761
3558803
3558811
3558829
3558853
3558869
3558881
3558883
3558901
3558911
3558913
3558917
3558931
3558941
3558943
3558953
3558979
3558983
3558991
3559009
3559013
3559019
3559037
3559063
3559091
3559093
3559097
3559111
3559117
3559151
3559183
3559201
3559207
3559217
3559229
3559247
3559249
3559253
3559267
3559279
3559313
3559337
3559343
3559349
3559351
3559379
3559393
3559399
3559417
3559421
3559433
3559447
3559453
3559459
3559463
3559469
3559481
3559487
3559519
3559537
3559559
3559561
3559571
3559597
3559603
3559607
3559627
3559649
3559679
3559697
3559709
3559711
3559729
3559741
3559747
3559753
3559771
3559789
3559793
3559799
3559861
3559867
3559903
3559909
3559931
3559949
3559951
3559961
3559967
3559979
3559999
3560003
3560023
3560027
3560033
3560047
3560059
3560077
3560107
3560111
3560113
3560129
3560159
3560173
3560197
3560209
3560213
3560261
3560269
3560299
3560311
3560329
3560339
3560363
3560371
3560393
3560411
3560419
3560461
3560471
3560477
3560503
3560507
3560519
3560521
3560527
3560537
3560539
3560549
3560569
3560587
3560597
3560611
3560647
3560659
3560671
3560681
3560741
3560747
3560759
There are 1483 prime numbers in S314.
