S315(3560761~3583440)
3560779
3560789
3560797
3560819
3560831
3560833
3560897
3560903
3560927
3560971
3560981
3560987
3560993
3561023
3561053
3561059
3561071
3561073
3561091
3561097
3561127
3561133
3561149
3561167
3561191
3561193
3561197
3561203
3561209
3561221
3561247
3561253
3561263
3561293
3561317
3561359
3561367
3561377
3561391
3561407
3561413
3561433
3561443
3561479
3561499
3561511
3561521
3561529
3561539
3561541
3561581
3561611
3561631
3561641
3561643
3561659
3561661
3561671
3561673
3561689
3561703
3561749
3561773
3561799
3561827
3561841
3561847
3561853
3561881
3561893
3561907
3561913
3561947
3561977
3561997
3562019
3562043
3562051
3562057
3562067
3562093
3562103
3562109
3562193
3562199
3562211
3562219
3562259
3562267
3562301
3562343
3562369
3562373
3562381
3562387
3562393
3562399
3562409
3562417
3562423
3562439
3562451
3562453
3562463
3562499
3562511
3562513
3562529
3562541
3562547
3562561
3562577
3562579
3562627
3562651
3562661
3562681
3562711
3562717
3562729
3562733
3562751
3562753
3562771
3562781
3562789
3562813
3562831
3562847
3562849
3562901
3562903
3562913
3562919
3562927
3562931
3562939
3562943
3562957
3562961
3562967
3562991
3562997
3563009
3563033
3563039
3563041
3563059
3563083
3563093
3563099
3563111
3563141
3563159
3563167
3563191
3563221
3563237
3563249
3563291
3563297
3563299
3563303
3563309
3563311
3563323
3563341
3563377
3563383
3563389
3563401
3563407
3563467
3563473
3563477
3563479
3563501
3563503
3563513
3563519
3563531
3563563
3563569
3563653
3563657
3563671
3563699
3563701
3563717
3563719
3563731
3563741
3563753
3563767
3563779
3563783
3563789
3563801
3563831
3563837
3563851
3563867
3563881
3563893
3563909
3563929
3563953
3563957
3563971
3563983
3563993
3564017
3564019
3564049
3564059
3564061
3564073
3564097
3564137
3564139
3564157
3564181
3564193
3564221
3564257
3564259
3564283
3564293
3564299
3564307
3564317
3564331
3564383
3564389
3564397
3564437
3564443
3564461
3564479
3564487
3564493
3564497
3564503
3564529
3564551
3564553
3564557
3564569
3564619
3564623
3564629
3564643
3564661
3564677
3564683
3564689
3564703
3564707
3564719
3564733
3564739
3564749
3564751
3564787
3564791
3564817
3564823
3564857
3564859
3564863
3564871
3564893
3564923
3564929
3564937
3564943
3564961
3564971
3564983
3565013
3565021
3565039
3565043
3565049
3565097
3565117
3565127
3565129
3565147
3565153
3565169
3565171
3565181
3565183
3565187
3565213
3565241
3565249
3565273
3565277
3565297
3565307
3565321
3565333
3565337
3565339
3565351
3565381
3565399
3565409
3565411
3565423
3565447
3565451
3565459
3565487
3565531
3565537
3565543
3565553
3565567
3565571
3565577
3565591
3565613
3565619
3565669
3565687
3565693
3565697
3565721
3565739
3565741
3565747
3565777
3565789
3565799
3565813
3565819
3565829
3565841
3565867
3565871
3565879
3565889
3565907
3565909
3565921
3565931
3565979
3566027
3566029
3566047
3566063
3566099
3566131
3566149
3566177
3566183
3566191
3566197
3566231
3566239
3566249
3566257
3566263
3566267
3566273
3566293
3566309
3566327
3566341
3566351
3566363
3566369
3566383
3566429
3566441
3566443
3566461
3566473
3566513
3566527
3566539
3566551
3566573
3566579
3566599
3566659
3566669
3566687
3566701
3566711
3566723
3566729
3566743
3566749
3566789
3566791
3566809
3566819
3566831
3566839
3566861
3566867
3566869
3566897
3566917
3566939
3566951
3566977
3566989
3567007
3567019
3567089
3567101
3567103
3567107
3567119
3567121
3567149
3567163
3567191
3567211
3567217
3567227
3567233
3567247
3567251
3567259
3567283
3567293
3567299
3567301
3567337
3567353
3567359
3567367
3567371
3567373
3567379
3567397
3567401
3567407
3567419
3567439
3567457
3567469
3567517
3567539
3567541
3567547
3567559
3567587
3567593
3567601
3567631
3567643
3567659
3567661
3567673
3567703
3567709
3567721
3567727
3567761
3567769
3567791
3567793
3567797
3567803
3567833
3567847
3567853
3567859
3567869
3567881
3567901
3567913
3567917
3567919
3567923
3567937
3567959
3567961
3567973
3567983
3567989
3568003
3568039
3568043
3568051
3568057
3568063
3568091
3568093
3568109
3568127
3568133
3568141
3568153
3568157
3568163
3568207
3568211
3568217
3568231
3568237
3568241
3568259
3568307
3568337
3568361
3568399
3568403
3568417
3568423
3568451
3568457
3568463
3568483
3568489
3568501
3568529
3568549
3568567
3568577
3568597
3568603
3568651
3568679
3568693
3568709
3568717
3568729
3568753
3568781
3568783
3568787
3568801
3568837
3568853
3568867
3568883
3568891
3568907
3568949
3568951
3568973
3568991
3568993
3569003
3569021
3569051
3569063
3569077
3569089
3569107
3569113
3569143
3569161
3569191
3569221
3569231
3569257
3569263
3569287
3569297
3569311
3569317
3569329
3569333
3569369
3569389
3569399
3569411
3569429
3569431
3569437
3569453
3569459
3569477
3569483
3569491
3569513
3569519
3569521
3569539
3569551
3569563
3569591
3569597
3569611
3569633
3569647
3569651
3569653
3569707
3569717
3569719
3569759
3569771
3569789
3569831
3569833
3569849
3569857
3569869
3569873
3569887
3569893
3569897
3569927
3569939
3569941
3569947
3569953
3569957
3569963
3569971
3569977
3570001
3570011
3570013
3570067
3570071
3570107
3570113
3570121
3570131
3570139
3570169
3570179
3570181
3570191
3570199
3570223
3570227
3570263
3570311
3570317
3570319
3570341
3570349
3570361
3570373
3570383
3570401
3570407
3570409
3570431
3570433
3570439
3570481
3570491
3570517
3570551
3570569
3570571
3570583
3570599
3570601
3570607
3570643
3570647
3570659
3570703
3570713
3570719
3570733
3570737
3570761
3570767
3570779
3570781
3570811
3570817
3570821
3570823
3570839
3570869
3570877
3570881
3570887
3570923
3570943
3570953
3570971
3570989
3570991
3571039
3571067
3571091
3571097
3571103
3571111
3571133
3571151
3571153
3571157
3571163
3571181
3571199
3571237
3571247
3571261
3571283
3571289
3571291
3571307
3571313
3571333
3571369
3571397
3571423
3571427
3571429
3571433
3571439
3571441
3571457
3571459
3571471
3571501
3571507
3571517
3571531
3571543
3571549
3571559
3571583
3571609
3571619
3571627
3571651
3571661
3571681
3571699
3571741
3571747
3571759
3571787
3571793
3571847
3571849
3571871
3571873
3571889
3571927
3571933
3571973
3571987
3571991
3571993
3571999
3572003
3572027
3572029
3572059
3572069
3572077
3572113
3572119
3572131
3572137
3572167
3572183
3572189
3572203
3572243
3572267
3572279
3572287
3572321
3572339
3572351
3572357
3572377
3572389
3572407
3572411
3572417
3572419
3572447
3572449
3572467
3572473
3572477
3572519
3572531
3572561
3572579
3572599
3572663
3572687
3572689
3572707
3572729
3572731
3572819
3572857
3572867
3572879
3572897
3572903
3572917
3572923
3572939
3572963
3572983
3572993
3573001
3573013
3573041
3573049
3573107
3573137
3573139
3573149
3573181
3573187
3573203
3573209
3573221
3573223
3573239
3573253
3573259
3573263
3573331
3573337
3573341
3573373
3573391
3573403
3573413
3573431
3573461
3573469
3573473
3573491
3573499
3573503
3573509
3573511
3573517
3573523
3573527
3573529
3573599
3573607
3573613
3573623
3573629
3573637
3573673
3573679
3573697
3573709
3573727
3573733
3573749
3573751
3573761
3573769
3573799
3573803
3573821
3573827
3573839
3573877
3573887
3573917
3573937
3573953
3573971
3573979
3574013
3574037
3574049
3574061
3574079
3574091
3574111
3574127
3574141
3574157
3574169
3574187
3574189
3574201
3574231
3574247
3574253
3574297
3574309
3574313
3574343
3574357
3574379
3574381
3574391
3574411
3574423
3574429
3574457
3574463
3574523
3574531
3574541
3574577
3574583
3574589
3574609
3574619
3574621
3574631
3574639
3574643
3574657
3574673
3574687
3574721
3574757
3574759
3574771
3574789
3574799
3574817
3574819
3574847
3574849
3574853
3574861
3574871
3574897
3574927
3574933
3574937
3574943
3574997
3575003
3575017
3575057
3575071
3575087
3575093
3575101
3575113
3575119
3575147
3575153
3575183
3575251
3575263
3575269
3575291
3575317
3575333
3575339
3575357
3575371
3575413
3575437
3575441
3575449
3575471
3575483
3575503
3575519
3575521
3575531
3575549
3575573
3575581
3575597
3575599
3575609
3575617
3575639
3575647
3575653
3575657
3575687
3575701
3575707
3575771
3575783
3575821
3575839
3575843
3575849
3575861
3575863
3575867
3575893
3575909
3575911
3575917
3575921
3575927
3575941
3575959
3575981
3575983
3575987
3575993
3576029
3576031
3576037
3576043
3576073
3576091
3576101
3576119
3576121
3576127
3576151
3576163
3576179
3576187
3576217
3576227
3576233
3576257
3576269
3576283
3576289
3576299
3576311
3576319
3576323
3576329
3576359
3576361
3576373
3576401
3576407
3576413
3576421
3576437
3576451
3576467
3576473
3576479
3576509
3576557
3576571
3576577
3576583
3576593
3576607
3576637
3576649
3576673
3576691
3576721
3576733
3576761
3576779
3576791
3576803
3576809
3576829
3576847
3576863
3576907
3576913
3576941
3576943
3576961
3576967
3576971
3576977
3577019
3577027
3577031
3577037
3577061
3577081
3577099
3577109
3577141
3577151
3577153
3577159
3577169
3577181
3577247
3577253
3577261
3577267
3577289
3577297
3577313
3577333
3577337
3577349
3577391
3577393
3577417
3577459
3577487
3577501
3577507
3577513
3577517
3577543
3577571
3577573
3577577
3577597
3577631
3577649
3577661
3577663
3577669
3577699
3577703
3577727
3577771
3577793
3577799
3577829
3577859
3577877
3577891
3577897
3577907
3577913
3577921
3577957
3577961
3577963
3577967
3577997
3578017
3578021
3578033
3578053
3578059
3578089
3578093
3578101
3578119
3578129
3578131
3578149
3578167
3578191
3578203
3578209
3578221
3578227
3578231
3578243
3578249
3578257
3578261
3578273
3578293
3578353
3578359
3578383
3578437
3578453
3578461
3578467
3578473
3578539
3578543
3578567
3578569
3578573
3578581
3578591
3578599
3578633
3578651
3578657
3578681
3578683
3578693
3578717
3578723
3578737
3578741
3578759
3578791
3578801
3578807
3578819
3578837
3578843
3578863
3578873
3578879
3578893
3578903
3578917
3578947
3578951
3578969
3578989
3579071
3579077
3579083
3579089
3579119
3579127
3579133
3579139
3579157
3579161
3579179
3579187
3579211
3579221
3579271
3579281
3579287
3579347
3579349
3579371
3579377
3579403
3579481
3579487
3579493
3579497
3579509
3579523
3579529
3579533
3579547
3579551
3579613
3579623
3579629
3579647
3579649
3579679
3579683
3579691
3579703
3579761
3579767
3579769
3579799
3579803
3579817
3579827
3579841
3579857
3579859
3579869
3579871
3579893
3579931
3579949
3579959
3580001
3580067
3580069
3580091
3580103
3580123
3580127
3580133
3580141
3580153
3580163
3580169
3580207
3580211
3580229
3580259
3580261
3580271
3580289
3580301
3580331
3580333
3580337
3580351
3580363
3580373
3580393
3580397
3580403
3580411
3580429
3580441
3580457
3580463
3580487
3580513
3580519
3580553
3580579
3580583
3580597
3580609
3580613
3580649
3580657
3580669
3580673
3580679
3580691
3580697
3580747
3580751
3580763
3580771
3580793
3580807
3580813
3580831
3580849
3580859
3580861
3580901
3580909
3580919
3580943
3580957
3580963
3581003
3581021
3581029
3581041
3581047
3581087
3581099
3581107
3581113
3581117
3581129
3581131
3581153
3581167
3581189
3581191
3581219
3581251
3581257
3581269
3581293
3581321
3581363
3581377
3581381
3581393
3581419
3581429
3581467
3581497
3581503
3581507
3581521
3581549
3581551
3581579
3581593
3581597
3581609
3581621
3581639
3581651
3581663
3581681
3581689
3581693
3581701
3581717
3581723
3581731
3581741
3581749
3581777
3581779
3581791
3581803
3581821
3581827
3581839
3581843
3581867
3581869
3581873
3581881
3581911
3581923
3581927
3581953
3581971
3581999
3582001
3582017
3582077
3582079
3582083
3582091
3582101
3582107
3582119
3582149
3582179
3582191
3582193
3582233
3582239
3582259
3582263
3582277
3582281
3582343
3582353
3582361
3582389
3582401
3582419
3582433
3582437
3582463
3582493
3582499
3582521
3582547
3582559
3582611
3582613
3582617
3582629
3582637
3582643
3582653
3582661
3582671
3582707
3582727
3582737
3582739
3582743
3582749
3582757
3582769
3582781
3582791
3582793
3582809
3582823
3582829
3582833
3582877
3582883
3582899
3582923
3582967
3582973
3582977
3582989
3583007
3583033
3583057
3583067
3583081
3583091
3583103
3583123
3583127
3583133
3583159
3583169
3583187
3583189
3583199
3583207
3583213
3583219
3583231
3583241
3583271
3583273
3583289
3583297
3583309
3583313
3583357
3583403
3583409
3583417
There are 1493 prime numbers in S315.
