S316(3583441~3606192)
3583529
3583543
3583579
3583597
3583603
3583633
3583639
3583661
3583667
3583669
3583673
3583681
3583711
3583717
3583721
3583739
3583757
3583771
3583777
3583781
3583793
3583819
3583829
3583841
3583843
3583847
3583861
3583871
3583903
3583919
3583927
3583939
3583949
3583963
3583967
3583997
3583999
3584011
3584017
3584033
3584047
3584051
3584069
3584089
3584099
3584101
3584107
3584111
3584123
3584129
3584137
3584143
3584149
3584171
3584183
3584201
3584221
3584237
3584249
3584303
3584311
3584323
3584327
3584333
3584341
3584353
3584359
3584363
3584377
3584381
3584417
3584419
3584423
3584459
3584461
3584479
3584509
3584563
3584593
3584599
3584611
3584617
3584641
3584681
3584689
3584723
3584729
3584741
3584743
3584759
3584767
3584771
3584797
3584813
3584851
3584869
3584873
3584921
3584923
3584927
3584929
3584947
3584981
3584983
3585013
3585073
3585097
3585133
3585137
3585139
3585143
3585149
3585161
3585173
3585209
3585221
3585229
3585233
3585247
3585251
3585259
3585271
3585289
3585293
3585311
3585331
3585347
3585349
3585353
3585359
3585389
3585391
3585403
3585443
3585451
3585457
3585467
3585481
3585497
3585557
3585581
3585611
3585629
3585667
3585671
3585679
3585689
3585697
3585709
3585733
3585749
3585767
3585779
3585787
3585809
3585817
3585823
3585859
3585913
3585917
3585931
3585941
3585943
3585949
3585971
3585977
3586001
3586019
3586021
3586057
3586073
3586081
3586087
3586097
3586109
3586123
3586159
3586171
3586189
3586199
3586217
3586223
3586237
3586259
3586267
3586277
3586279
3586283
3586301
3586327
3586333
3586379
3586391
3586397
3586399
3586411
3586441
3586469
3586481
3586487
3586493
3586511
3586529
3586537
3586543
3586547
3586549
3586553
3586559
3586571
3586619
3586631
3586637
3586651
3586657
3586717
3586727
3586729
3586741
3586753
3586757
3586771
3586777
3586783
3586811
3586819
3586823
3586829
3586853
3586859
3586867
3586871
3586879
3586883
3586889
3586897
3586901
3586903
3586907
3586909
3586927
3586943
3586951
3586997
3587009
3587021
3587099
3587117
3587123
3587137
3587161
3587167
3587179
3587183
3587197
3587201
3587203
3587237
3587249
3587251
3587263
3587267
3587279
3587303
3587317
3587321
3587347
3587359
3587393
3587399
3587407
3587429
3587431
3587443
3587449
3587453
3587461
3587477
3587497
3587513
3587531
3587569
3587579
3587581
3587587
3587611
3587641
3587657
3587659
3587669
3587671
3587687
3587693
3587699
3587707
3587711
3587719
3587741
3587761
3587777
3587797
3587803
3587809
3587813
3587819
3587821
3587861
3587873
3587879
3587891
3587923
3587929
3587939
3587957
3587989
3588019
3588029
3588041
3588061
3588073
3588077
3588097
3588103
3588113
3588133
3588163
3588181
3588209
3588217
3588229
3588239
3588251
3588289
3588337
3588341
3588349
3588379
3588383
3588401
3588407
3588421
3588427
3588451
3588457
3588469
3588493
3588499
3588503
3588509
3588517
3588527
3588589
3588601
3588617
3588619
3588647
3588677
3588679
3588707
3588763
3588769
3588773
3588787
3588791
3588797
3588803
3588811
3588847
3588859
3588869
3588877
3588881
3588883
3588913
3588917
3588919
3588931
3588941
3588947
3588961
3588971
3588973
3589031
3589073
3589133
3589139
3589141
3589151
3589153
3589163
3589189
3589247
3589279
3589283
3589297
3589361
3589367
3589373
3589381
3589441
3589451
3589457
3589471
3589477
3589489
3589493
3589513
3589549
3589571
3589589
3589603
3589609
3589661
3589693
3589699
3589709
3589717
3589721
3589739
3589741
3589753
3589757
3589763
3589783
3589801
3589819
3589847
3589853
3589871
3589889
3589903
3589913
3589933
3589981
3589991
3590011
3590021
3590023
3590029
3590039
3590051
3590057
3590063
3590087
3590089
3590099
3590101
3590117
3590137
3590143
3590149
3590161
3590173
3590201
3590207
3590219
3590239
3590243
3590263
3590291
3590299
3590303
3590309
3590311
3590339
3590347
3590381
3590387
3590407
3590413
3590429
3590437
3590441
3590467
3590473
3590501
3590537
3590539
3590549
3590551
3590567
3590593
3590603
3590623
3590627
3590641
3590647
3590669
3590687
3590707
3590759
3590767
3590773
3590777
3590779
3590831
3590833
3590837
3590849
3590863
3590879
3590897
3590911
3590929
3590933
3590953
3590957
3590963
3590971
3591017
3591023
3591047
3591073
3591079
3591083
3591101
3591139
3591143
3591163
3591167
3591169
3591173
3591187
3591191
3591193
3591281
3591283
3591299
3591311
3591337
3591359
3591383
3591397
3591449
3591451
3591481
3591487
3591499
3591503
3591509
3591517
3591529
3591547
3591569
3591571
3591587
3591613
3591631
3591649
3591667
3591671
3591719
3591733
3591761
3591767
3591769
3591781
3591793
3591839
3591851
3591869
3591871
3591949
3591953
3591967
3591977
3591989
3592009
3592019
3592037
3592067
3592081
3592109
3592213
3592217
3592223
3592231
3592243
3592261
3592289
3592291
3592319
3592327
3592397
3592399
3592411
3592427
3592447
3592483
3592493
3592517
3592553
3592571
3592579
3592583
3592591
3592597
3592613
3592619
3592637
3592639
3592643
3592649
3592651
3592657
3592679
3592747
3592751
3592759
3592777
3592801
3592819
3592829
3592847
3592859
3592861
3592867
3592879
3592889
3592891
3592903
3592907
3592913
3592921
3592969
3592973
3592997
3593003
3593017
3593021
3593039
3593047
3593053
3593063
3593077
3593087
3593089
3593101
3593113
3593201
3593203
3593311
3593321
3593323
3593333
3593351
3593353
3593371
3593377
3593399
3593407
3593417
3593423
3593441
3593483
3593501
3593503
3593507
3593509
3593519
3593531
3593539
3593549
3593563
3593581
3593587
3593617
3593627
3593633
3593659
3593663
3593669
3593687
3593701
3593713
3593747
3593791
3593797
3593803
3593827
3593833
3593873
3593881
3593903
3593917
3593927
3593929
3593939
3593959
3593969
3593977
3593981
3594001
3594011
3594037
3594053
3594061
3594067
3594083
3594113
3594121
3594131
3594161
3594167
3594169
3594197
3594223
3594251
3594257
3594277
3594299
3594307
3594317
3594319
3594323
3594343
3594377
3594389
3594403
3594427
3594431
3594433
3594449
3594467
3594473
3594523
3594541
3594551
3594557
3594559
3594583
3594589
3594623
3594631
3594641
3594649
3594653
3594673
3594683
3594697
3594707
3594713
3594719
3594727
3594733
3594761
3594763
3594793
3594797
3594821
3594827
3594863
3594881
3594887
3594901
3594907
3594911
3594931
3594953
3594959
3594961
3594967
3595001
3595027
3595051
3595057
3595063
3595069
3595079
3595087
3595091
3595099
3595103
3595117
3595121
3595127
3595129
3595133
3595139
3595181
3595201
3595213
3595231
3595247
3595271
3595289
3595301
3595303
3595309
3595363
3595367
3595387
3595393
3595399
3595409
3595441
3595451
3595463
3595481
3595489
3595589
3595591
3595601
3595607
3595609
3595621
3595633
3595639
3595649
3595661
3595663
3595667
3595673
3595699
3595727
3595733
3595777
3595793
3595811
3595847
3595859
3595861
3595877
3595897
3595909
3595939
3595951
3595967
3595973
3596003
3596009
3596023
3596059
3596063
3596083
3596107
3596123
3596137
3596143
3596147
3596161
3596167
3596171
3596183
3596189
3596191
3596213
3596239
3596251
3596267
3596287
3596297
3596309
3596323
3596353
3596357
3596371
3596381
3596389
3596407
3596419
3596429
3596431
3596447
3596449
3596521
3596531
3596543
3596557
3596573
3596587
3596599
3596611
3596617
3596641
3596653
3596687
3596689
3596693
3596701
3596731
3596737
3596759
3596771
3596773
3596777
3596819
3596849
3596851
3596869
3596893
3596897
3596927
3596933
3596959
3596981
3597001
3597017
3597037
3597043
3597049
3597059
3597067
3597071
3597091
3597127
3597133
3597151
3597169
3597173
3597179
3597193
3597197
3597199
3597203
3597211
3597227
3597241
3597257
3597259
3597263
3597277
3597281
3597311
3597329
3597343
3597359
3597379
3597383
3597389
3597397
3597401
3597409
3597413
3597437
3597449
3597487
3597491
3597493
3597511
3597527
3597533
3597541
3597551
3597553
3597563
3597569
3597571
3597589
3597611
3597613
3597617
3597673
3597677
3597703
3597749
3597751
3597773
3597793
3597809
3597817
3597883
3597887
3597901
3597907
3597911
3597929
3597941
3597947
3597949
3597977
3597983
3597989
3598009
3598013
3598019
3598027
3598039
3598061
3598081
3598093
3598109
3598141
3598157
3598211
3598229
3598241
3598253
3598261
3598279
3598307
3598313
3598319
3598337
3598363
3598379
3598381
3598393
3598403
3598411
3598421
3598423
3598453
3598459
3598477
3598487
3598501
3598519
3598549
3598589
3598591
3598601
3598607
3598613
3598643
3598667
3598691
3598703
3598709
3598723
3598729
3598739
3598757
3598789
3598801
3598811
3598831
3598841
3598843
3598867
3598873
3598891
3598921
3598927
3598943
3598949
3598957
3598967
3598981
3599009
3599023
3599033
3599041
3599047
3599083
3599093
3599107
3599111
3599117
3599137
3599147
3599149
3599171
3599179
3599191
3599207
3599231
3599243
3599251
3599263
3599269
3599279
3599327
3599357
3599369
3599371
3599383
3599423
3599429
3599437
3599447
3599459
3599467
3599473
3599483
3599501
3599527
3599581
3599621
3599639
3599641
3599647
3599653
3599657
3599663
3599719
3599737
3599773
3599779
3599821
3599833
3599837
3599839
3599851
3599879
3599881
3599887
3599899
3599927
3599929
3599933
3599941
3599963
3599969
3600001
3600007
3600013
3600017
3600041
3600053
3600097
3600119
3600133
3600173
3600187
3600193
3600203
3600217
3600221
3600269
3600283
3600301
3600307
3600319
3600361
3600383
3600407
3600409
3600419
3600431
3600451
3600461
3600463
3600469
3600473
3600479
3600491
3600511
3600521
3600523
3600533
3600539
3600547
3600559
3600563
3600587
3600601
3600607
3600613
3600629
3600659
3600679
3600683
3600689
3600697
3600721
3600731
3600739
3600749
3600757
3600761
3600763
3600791
3600799
3600809
3600841
3600847
3600853
3600881
3600887
3600893
3600911
3600913
3600917
3600941
3600967
3600997
3601001
3601007
3601009
3601019
3601027
3601043
3601061
3601063
3601079
3601111
3601123
3601139
3601141
3601151
3601193
3601211
3601219
3601237
3601243
3601253
3601267
3601291
3601313
3601327
3601337
3601343
3601361
3601369
3601421
3601427
3601447
3601457
3601463
3601489
3601517
3601523
3601529
3601541
3601553
3601567
3601571
3601579
3601589
3601607
3601627
3601669
3601679
3601681
3601693
3601709
3601711
3601729
3601753
3601781
3601783
3601837
3601877
3601879
3601883
3601889
3601903
3601931
3601937
3601957
3601967
3601991
3601993
3602021
3602041
3602047
3602057
3602059
3602083
3602087
3602089
3602149
3602167
3602171
3602173
3602197
3602201
3602243
3602257
3602279
3602297
3602299
3602309
3602353
3602359
3602371
3602377
3602393
3602437
3602441
3602461
3602471
3602491
3602527
3602537
3602549
3602561
3602581
3602587
3602591
3602593
3602617
3602633
3602659
3602681
3602693
3602707
3602713
3602719
3602737
3602747
3602749
3602773
3602783
3602803
3602821
3602831
3602869
3602891
3602897
3602899
3602903
3602917
3602923
3602941
3602959
3602971
3602983
3602999
3603007
3603049
3603053
3603073
3603077
3603079
3603101
3603107
3603151
3603169
3603227
3603251
3603253
3603277
3603287
3603289
3603317
3603323
3603329
3603361
3603373
3603389
3603401
3603419
3603421
3603437
3603451
3603469
3603491
3603527
3603539
3603547
3603563
3603577
3603583
3603619
3603623
3603659
3603667
3603703
3603713
3603727
3603731
3603737
3603797
3603799
3603829
3603833
3603857
3603869
3603871
3603883
3603923
3603931
3603953
3603961
3603989
3603991
3604019
3604021
3604037
3604039
3604043
3604057
3604067
3604087
3604099
3604121
3604127
3604141
3604147
3604151
3604157
3604163
3604177
3604189
3604199
3604213
3604241
3604247
3604273
3604283
3604297
3604301
3604309
3604313
3604327
3604373
3604417
3604421
3604427
3604451
3604481
3604507
3604511
3604529
3604541
3604543
3604553
3604567
3604591
3604603
3604609
3604619
3604621
3604631
3604681
3604693
3604703
3604709
3604717
3604747
3604753
3604763
3604771
3604781
3604789
3604793
3604807
3604817
3604829
3604871
3604879
3604891
3604907
3604933
3604943
3604963
3604967
3604981
3604999
3605027
3605033
3605051
3605057
3605059
3605081
3605087
3605093
3605099
3605111
3605141
3605143
3605153
3605159
3605197
3605201
3605221
3605233
3605257
3605263
3605279
3605281
3605291
3605293
3605299
3605311
3605341
3605351
3605369
3605387
3605419
3605443
3605473
3605477
3605489
3605531
3605561
3605617
3605621
3605629
3605633
3605647
3605653
3605659
3605669
3605671
3605711
3605741
3605743
3605747
3605759
3605783
3605803
3605809
3605813
3605821
3605837
3605843
3605857
3605867
3605869
3605879
3605881
3605891
3605897
3605923
3605929
3605939
3605957
3605969
3605999
3606011
3606017
3606041
3606059
3606061
3606089
3606103
3606151
3606157
3606167
There are 1522 prime numbers in S316.
