S317(3606193~3629016)
3606209
3606223
3606233
3606277
3606283
3606287
3606289
3606293
3606301
3606341
3606347
3606359
3606389
3606413
3606437
3606443
3606461
3606467
3606487
3606497
3606511
3606529
3606541
3606553
3606563
3606569
3606583
3606593
3606613
3606661
3606679
3606689
3606697
3606719
3606721
3606727
3606731
3606763
3606767
3606769
3606773
3606781
3606829
3606833
3606851
3606859
3606887
3606899
3606901
3606917
3606947
3606949
3606959
3606961
3606973
3606983
3606989
3606997
3607001
3607031
3607063
3607069
3607091
3607099
3607103
3607117
3607133
3607147
3607151
3607157
3607183
3607187
3607199
3607211
3607217
3607229
3607231
3607237
3607249
3607277
3607301
3607309
3607327
3607361
3607381
3607393
3607411
3607421
3607423
3607433
3607447
3607453
3607459
3607489
3607493
3607507
3607517
3607523
3607531
3607543
3607547
3607561
3607567
3607589
3607603
3607607
3607627
3607633
3607649
3607691
3607697
3607727
3607729
3607741
3607771
3607787
3607801
3607817
3607819
3607831
3607837
3607841
3607867
3607897
3607921
3607931
3607939
3607949
3607957
3607963
3607969
3607973
3607979
3607991
3607999
3608039
3608051
3608053
3608057
3608071
3608117
3608153
3608161
3608179
3608191
3608207
3608219
3608221
3608239
3608249
3608251
3608257
3608273
3608299
3608323
3608357
3608377
3608389
3608393
3608417
3608477
3608489
3608491
3608503
3608513
3608531
3608543
3608551
3608569
3608621
3608639
3608653
3608669
3608681
3608701
3608713
3608729
3608747
3608767
3608771
3608783
3608791
3608797
3608807
3608837
3608849
3608851
3608863
3608867
3608873
3608887
3608897
3608903
3608909
3608921
3608939
3608951
3608977
3609007
3609013
3609029
3609041
3609059
3609061
3609071
3609097
3609101
3609103
3609161
3609163
3609191
3609209
3609211
3609241
3609251
3609257
3609283
3609289
3609301
3609329
3609337
3609349
3609379
3609383
3609391
3609407
3609409
3609433
3609439
3609451
3609469
3609479
3609481
3609493
3609497
3609499
3609503
3609509
3609523
3609533
3609581
3609583
3609611
3609623
3609629
3609637
3609649
3609673
3609703
3609713
3609719
3609731
3609737
3609743
3609769
3609773
3609787
3609799
3609803
3609817
3609821
3609847
3609863
3609871
3609877
3609887
3609889
3609911
3609913
3609941
3609953
3609959
3609973
3609997
3610003
3610021
3610037
3610051
3610081
3610097
3610109
3610111
3610129
3610153
3610157
3610169
3610177
3610183
3610199
3610219
3610283
3610301
3610303
3610319
3610331
3610339
3610351
3610357
3610363
3610367
3610381
3610391
3610393
3610403
3610427
3610469
3610499
3610531
3610543
3610547
3610549
3610553
3610577
3610591
3610597
3610619
3610657
3610669
3610679
3610693
3610699
3610709
3610721
3610723
3610729
3610759
3610771
3610781
3610807
3610811
3610861
3610883
3610891
3610897
3610921
3610933
3610949
3610951
3610961
3610979
3611059
3611063
3611071
3611093
3611119
3611129
3611147
3611171
3611177
3611189
3611203
3611243
3611281
3611287
3611291
3611297
3611303
3611317
3611323
3611329
3611347
3611351
3611369
3611381
3611389
3611393
3611401
3611411
3611417
3611423
3611431
3611453
3611477
3611479
3611513
3611521
3611549
3611551
3611561
3611563
3611603
3611623
3611669
3611677
3611711
3611719
3611761
3611771
3611789
3611827
3611831
3611833
3611849
3611869
3611873
3611891
3611893
3611941
3611947
3611981
3611987
3612019
3612023
3612029
3612047
3612053
3612061
3612083
3612097
3612121
3612137
3612149
3612179
3612181
3612187
3612197
3612209
3612221
3612227
3612233
3612239
3612241
3612247
3612263
3612277
3612281
3612283
3612289
3612293
3612307
3612317
3612319
3612331
3612341
3612391
3612407
3612419
3612431
3612437
3612457
3612487
3612491
3612493
3612503
3612509
3612529
3612547
3612577
3612607
3612613
3612659
3612667
3612671
3612673
3612677
3612683
3612689
3612703
3612737
3612743
3612761
3612773
3612779
3612781
3612787
3612799
3612809
3612811
3612821
3612853
3612883
3612893
3612899
3612919
3612923
3612929
3612943
3612967
3612979
3612991
3613003
3613009
3613033
3613039
3613079
3613121
3613123
3613151
3613157
3613171
3613187
3613189
3613193
3613199
3613201
3613217
3613237
3613271
3613301
3613307
3613321
3613327
3613331
3613349
3613361
3613387
3613397
3613417
3613433
3613447
3613481
3613513
3613517
3613523
3613543
3613559
3613601
3613607
3613609
3613619
3613633
3613637
3613663
3613681
3613693
3613703
3613717
3613721
3613723
3613733
3613739
3613747
3613759
3613787
3613789
3613807
3613811
3613837
3613847
3613867
3613871
3613879
3613889
3613931
3613957
3613963
3613991
3613993
3613999
3614003
3614033
3614041
3614057
3614087
3614099
3614101
3614111
3614129
3614137
3614147
3614153
3614173
3614179
3614203
3614207
3614209
3614227
3614239
3614249
3614263
3614267
3614269
3614291
3614309
3614323
3614339
3614363
3614407
3614411
3614431
3614447
3614459
3614461
3614477
3614497
3614509
3614561
3614581
3614587
3614603
3614609
3614669
3614671
3614687
3614707
3614711
3614719
3614747
3614773
3614777
3614783
3614791
3614813
3614833
3614839
3614843
3614867
3614873
3614893
3614903
3614909
3614917
3614927
3614939
3614951
3614953
3614957
3614969
3614981
3614987
3614993
3615037
3615089
3615097
3615103
3615133
3615167
3615173
3615211
3615217
3615221
3615229
3615259
3615299
3615319
3615329
3615331
3615341
3615349
3615389
3615413
3615419
3615431
3615433
3615449
3615457
3615467
3615473
3615523
3615559
3615571
3615581
3615583
3615587
3615641
3615649
3615671
3615701
3615709
3615721
3615727
3615737
3615739
3615743
3615769
3615791
3615793
3615811
3615839
3615847
3615863
3615893
3615919
3615929
3615943
3615949
3615961
3615967
3615977
3616001
3616007
3616009
3616013
3616027
3616033
3616049
3616069
3616073
3616079
3616111
3616117
3616127
3616147
3616183
3616229
3616231
3616259
3616297
3616303
3616351
3616357
3616369
3616373
3616381
3616397
3616399
3616409
3616421
3616423
3616447
3616453
3616463
3616477
3616489
3616519
3616531
3616537
3616549
3616573
3616583
3616621
3616633
3616637
3616649
3616661
3616673
3616703
3616721
3616741
3616747
3616757
3616813
3616829
3616831
3616841
3616843
3616853
3616883
3616889
3616901
3616913
3616933
3616939
3616969
3616993
3616997
3616999
3617027
3617059
3617063
3617069
3617071
3617093
3617099
3617101
3617137
3617147
3617149
3617153
3617177
3617179
3617221
3617267
3617269
3617281
3617291
3617293
3617309
3617321
3617323
3617329
3617347
3617351
3617363
3617401
3617407
3617441
3617443
3617473
3617477
3617479
3617491
3617501
3617503
3617533
3617557
3617561
3617569
3617587
3617597
3617599
3617609
3617611
3617623
3617629
3617639
3617641
3617659
3617683
3617687
3617689
3617701
3617711
3617723
3617737
3617767
3617773
3617797
3617813
3617843
3617857
3617879
3617899
3617903
3617927
3617951
3617983
3617987
3617989
3617993
3618007
3618029
3618047
3618049
3618071
3618077
3618101
3618137
3618143
3618157
3618163
3618187
3618191
3618211
3618217
3618233
3618239
3618247
3618259
3618269
3618281
3618283
3618311
3618317
3618323
3618343
3618347
3618397
3618403
3618409
3618421
3618443
3618457
3618463
3618479
3618497
3618499
3618509
3618523
3618547
3618553
3618583
3618631
3618653
3618679
3618697
3618709
3618743
3618757
3618761
3618793
3618803
3618809
3618827
3618833
3618851
3618869
3618907
3618913
3618919
3618929
3618959
3618961
3618991
3619013
3619019
3619037
3619039
3619093
3619103
3619117
3619123
3619151
3619159
3619183
3619199
3619207
3619243
3619261
3619289
3619307
3619327
3619339
3619393
3619397
3619411
3619433
3619459
3619463
3619471
3619477
3619501
3619507
3619531
3619549
3619571
3619573
3619597
3619607
3619613
3619619
3619639
3619643
3619663
3619667
3619687
3619711
3619723
3619769
3619771
3619787
3619807
3619813
3619817
3619843
3619873
3619877
3619883
3619907
3619909
3619921
3619961
3619981
3619991
3620011
3620021
3620033
3620053
3620069
3620083
3620093
3620119
3620129
3620153
3620159
3620161
3620207
3620209
3620231
3620249
3620257
3620291
3620293
3620311
3620327
3620329
3620369
3620387
3620401
3620437
3620443
3620467
3620489
3620497
3620501
3620537
3620567
3620597
3620599
3620623
3620627
3620641
3620657
3620671
3620681
3620689
3620693
3620713
3620723
3620741
3620753
3620767
3620789
3620791
3620803
3620819
3620839
3620843
3620879
3620909
3620917
3620921
3620923
3620933
3620941
3620957
3620977
3620989
3620993
3620999
3621011
3621031
3621043
3621049
3621067
3621083
3621103
3621113
3621127
3621139
3621157
3621181
3621199
3621217
3621223
3621239
3621251
3621253
3621257
3621263
3621269
3621271
3621287
3621313
3621329
3621341
3621347
3621353
3621379
3621403
3621461
3621463
3621467
3621469
3621473
3621481
3621517
3621521
3621529
3621559
3621577
3621581
3621587
3621593
3621613
3621617
3621623
3621643
3621661
3621691
3621701
3621713
3621721
3621727
3621733
3621767
3621797
3621803
3621851
3621857
3621881
3621887
3621889
3621907
3621911
3621929
3621931
3621941
3621973
3621977
3621983
3622001
3622007
3622039
3622043
3622051
3622061
3622079
3622081
3622097
3622111
3622121
3622123
3622159
3622169
3622183
3622193
3622219
3622231
3622253
3622259
3622261
3622273
3622279
3622313
3622321
3622327
3622351
3622357
3622373
3622379
3622393
3622427
3622429
3622433
3622439
3622453
3622459
3622469
3622481
3622499
3622501
3622511
3622517
3622529
3622537
3622573
3622579
3622583
3622589
3622601
3622609
3622631
3622643
3622679
3622687
3622721
3622727
3622733
3622739
3622741
3622747
3622763
3622783
3622789
3622811
3622813
3622831
3622837
3622847
3622859
3622873
3622889
3622897
3622903
3622909
3622919
3622951
3622963
3622967
3622979
3622987
3622991
3623017
3623069
3623071
3623099
3623107
3623117
3623143
3623171
3623197
3623203
3623237
3623251
3623267
3623273
3623287
3623353
3623359
3623369
3623377
3623381
3623393
3623401
3623413
3623423
3623441
3623449
3623483
3623491
3623507
3623519
3623537
3623569
3623597
3623639
3623657
3623671
3623681
3623689
3623701
3623707
3623713
3623723
3623729
3623731
3623773
3623783
3623803
3623821
3623861
3623881
3623887
3623897
3623899
3623909
3623929
3623933
3623947
3623951
3623953
3623969
3623987
3623999
3624001
3624011
3624013
3624059
3624073
3624091
3624107
3624109
3624139
3624143
3624157
3624161
3624167
3624191
3624221
3624223
3624233
3624239
3624287
3624289
3624293
3624301
3624319
3624323
3624331
3624353
3624367
3624371
3624373
3624407
3624431
3624433
3624443
3624457
3624461
3624463
3624469
3624473
3624493
3624503
3624521
3624529
3624539
3624541
3624563
3624581
3624601
3624629
3624637
3624653
3624667
3624671
3624679
3624683
3624697
3624721
3624727
3624773
3624787
3624811
3624821
3624833
3624847
3624911
3624917
3624919
3624931
3624937
3624949
3624977
3624983
3625003
3625031
3625033
3625043
3625049
3625051
3625079
3625081
3625093
3625103
3625123
3625133
3625151
3625177
3625211
3625213
3625229
3625243
3625277
3625309
3625339
3625351
3625361
3625367
3625387
3625397
3625411
3625423
3625429
3625477
3625487
3625511
3625577
3625579
3625591
3625603
3625619
3625621
3625649
3625669
3625679
3625681
3625693
3625711
3625733
3625759
3625781
3625793
3625807
3625813
3625829
3625849
3625859
3625873
3625883
3625939
3625943
3625961
3625969
3625987
3625991
3625997
3626009
3626011
3626033
3626053
3626059
3626087
3626099
3626113
3626141
3626149
3626153
3626159
3626171
3626173
3626201
3626221
3626239
3626257
3626269
3626279
3626281
3626291
3626297
3626299
3626309
3626339
3626351
3626383
3626401
3626417
3626429
3626431
3626437
3626443
3626449
3626453
3626471
3626501
3626521
3626531
3626533
3626561
3626563
3626569
3626611
3626639
3626641
3626657
3626669
3626677
3626683
3626717
3626723
3626741
3626743
3626759
3626771
3626773
3626803
3626807
3626813
3626837
3626873
3626881
3626897
3626941
3626947
3626951
3626971
3626981
3626989
3627023
3627053
3627067
3627079
3627083
3627097
3627101
3627109
3627139
3627167
3627181
3627199
3627203
3627223
3627251
3627257
3627263
3627269
3627277
3627287
3627289
3627317
3627329
3627331
3627359
3627367
3627383
3627391
3627401
3627427
3627451
3627469
3627493
3627529
3627587
3627641
3627649
3627653
3627661
3627671
3627677
3627683
3627707
3627737
3627769
3627787
3627791
3627823
3627829
3627839
3627857
3627863
3627889
3627893
3627901
3627931
3627937
3627941
3627947
3627971
3627973
3627979
3627989
3628007
3628033
3628057
3628061
3628063
3628067
3628073
3628111
3628127
3628129
3628133
3628153
3628169
3628187
3628189
3628193
3628199
3628201
3628243
3628249
3628267
3628279
3628291
3628309
3628321
3628337
3628351
3628357
3628363
3628397
3628399
3628403
3628421
3628439
3628453
3628481
3628483
3628561
3628571
3628591
3628621
3628631
3628657
3628663
3628679
3628697
3628711
3628747
3628759
3628763
3628777
3628783
3628789
3628811
3628819
3628841
3628847
3628853
3628883
3628897
3628927
3628931
3628949
3628967
3628969
3628987
3628991
There are 1559 prime numbers in S317.
