S318(3629017~3651912)
3629027
3629029
3629039
3629051
3629053
3629063
3629081
3629099
3629107
3629111
3629117
3629123
3629141
3629159
3629161
3629167
3629173
3629179
3629183
3629203
3629207
3629257
3629261
3629287
3629291
3629299
3629303
3629357
3629359
3629363
3629389
3629393
3629401
3629407
3629413
3629459
3629471
3629473
3629477
3629519
3629537
3629543
3629557
3629567
3629581
3629597
3629609
3629623
3629629
3629657
3629671
3629719
3629729
3629749
3629777
3629783
3629803
3629831
3629863
3629867
3629869
3629887
3629897
3629909
3629921
3629933
3629939
3629947
3629953
3629987
3629999
3630019
3630037
3630047
3630097
3630101
3630149
3630157
3630161
3630167
3630169
3630199
3630203
3630223
3630227
3630229
3630241
3630247
3630257
3630259
3630269
3630271
3630281
3630323
3630331
3630359
3630371
3630377
3630391
3630397
3630433
3630437
3630461
3630521
3630547
3630559
3630593
3630611
3630629
3630631
3630643
3630667
3630701
3630709
3630733
3630743
3630749
3630769
3630779
3630793
3630817
3630821
3630827
3630833
3630841
3630857
3630859
3630883
3630901
3630917
3630923
3630929
3630943
3630953
3630959
3630961
3630967
3630971
3630973
3630983
3630997
3631007
3631009
3631027
3631031
3631039
3631073
3631139
3631141
3631163
3631169
3631181
3631211
3631213
3631219
3631237
3631249
3631321
3631339
3631343
3631349
3631379
3631423
3631427
3631457
3631469
3631487
3631501
3631517
3631519
3631541
3631543
3631561
3631597
3631609
3631633
3631637
3631703
3631729
3631741
3631751
3631753
3631759
3631763
3631781
3631783
3631787
3631799
3631801
3631807
3631811
3631813
3631841
3631871
3631877
3631889
3631919
3631921
3631937
3631951
3631963
3631973
3632009
3632011
3632023
3632029
3632051
3632087
3632141
3632171
3632191
3632201
3632243
3632267
3632269
3632273
3632297
3632303
3632309
3632323
3632333
3632351
3632353
3632371
3632381
3632383
3632389
3632399
3632411
3632423
3632429
3632443
3632449
3632479
3632491
3632507
3632513
3632521
3632537
3632557
3632579
3632599
3632609
3632621
3632633
3632653
3632663
3632701
3632719
3632729
3632737
3632753
3632767
3632773
3632777
3632789
3632803
3632813
3632821
3632831
3632833
3632879
3632903
3632929
3632939
3632953
3632957
3632963
3632987
3632989
3633001
3633013
3633017
3633029
3633037
3633041
3633059
3633073
3633083
3633101
3633109
3633127
3633139
3633151
3633167
3633181
3633187
3633191
3633193
3633229
3633233
3633263
3633269
3633299
3633317
3633337
3633347
3633349
3633353
3633361
3633367
3633373
3633391
3633401
3633403
3633431
3633449
3633499
3633551
3633559
3633569
3633571
3633577
3633583
3633647
3633653
3633661
3633673
3633683
3633689
3633697
3633703
3633713
3633719
3633743
3633779
3633797
3633803
3633821
3633853
3633857
3633859
3633863
3633893
3633901
3633907
3633919
3633923
3633941
3633983
3633991
3634009
3634021
3634027
3634031
3634061
3634097
3634123
3634129
3634171
3634201
3634219
3634249
3634261
3634271
3634289
3634291
3634297
3634303
3634307
3634313
3634343
3634373
3634417
3634439
3634457
3634507
3634511
3634513
3634531
3634559
3634571
3634591
3634601
3634607
3634619
3634627
3634637
3634639
3634663
3634669
3634679
3634693
3634699
3634717
3634723
3634727
3634777
3634789
3634801
3634811
3634859
3634861
3634877
3634901
3634907
3634913
3634927
3634949
3634963
3634993
3634999
3635011
3635057
3635069
3635077
3635087
3635113
3635147
3635171
3635189
3635197
3635201
3635207
3635209
3635221
3635227
3635239
3635243
3635257
3635273
3635299
3635321
3635363
3635369
3635371
3635377
3635393
3635407
3635431
3635447
3635453
3635459
3635551
3635563
3635579
3635581
3635617
3635623
3635647
3635651
3635689
3635699
3635717
3635719
3635729
3635743
3635761
3635767
3635789
3635791
3635803
3635809
3635831
3635857
3635861
3635881
3635923
3635969
3635971
3635987
3635999
3636013
3636019
3636043
3636053
3636071
3636077
3636097
3636103
3636119
3636169
3636211
3636221
3636233
3636247
3636257
3636263
3636289
3636301
3636329
3636341
3636359
3636361
3636371
3636389
3636401
3636403
3636427
3636439
3636443
3636463
3636469
3636481
3636491
3636499
3636511
3636527
3636539
3636541
3636547
3636551
3636569
3636593
3636617
3636631
3636667
3636683
3636709
3636757
3636769
3636779
3636781
3636791
3636797
3636799
3636839
3636877
3636901
3636911
3636943
3636947
3636973
3636991
3637043
3637057
3637061
3637087
3637097
3637103
3637121
3637129
3637141
3637157
3637159
3637169
3637171
3637177
3637187
3637217
3637223
3637273
3637279
3637297
3637301
3637331
3637343
3637367
3637391
3637393
3637411
3637453
3637481
3637523
3637547
3637573
3637577
3637589
3637591
3637603
3637619
3637637
3637681
3637691
3637693
3637709
3637723
3637771
3637793
3637801
3637811
3637831
3637849
3637859
3637883
3637891
3637897
3637901
3637903
3637913
3637927
3637937
3637939
3637957
3637967
3637981
3638003
3638009
3638023
3638027
3638039
3638057
3638059
3638077
3638087
3638113
3638147
3638149
3638171
3638183
3638203
3638207
3638213
3638227
3638233
3638237
3638249
3638251
3638267
3638279
3638287
3638293
3638303
3638333
3638351
3638407
3638413
3638417
3638419
3638473
3638477
3638489
3638491
3638497
3638507
3638513
3638521
3638549
3638573
3638639
3638641
3638651
3638653
3638699
3638753
3638759
3638771
3638773
3638777
3638809
3638827
3638851
3638879
3638903
3638909
3638917
3638923
3638941
3638951
3638953
3638959
3638993
3639017
3639019
3639029
3639043
3639067
3639079
3639107
3639109
3639143
3639151
3639157
3639161
3639193
3639197
3639211
3639217
3639277
3639281
3639287
3639289
3639319
3639323
3639347
3639379
3639397
3639403
3639407
3639409
3639421
3639473
3639481
3639487
3639499
3639509
3639521
3639523
3639527
3639541
3639551
3639569
3639577
3639593
3639631
3639637
3639661
3639667
3639689
3639719
3639733
3639739
3639743
3639763
3639781
3639817
3639827
3639829
3639841
3639847
3639851
3639869
3639913
3639919
3639929
3639941
3639959
3639967
3639971
3639973
3639983
3639991
3639997
3640019
3640027
3640031
3640037
3640061
3640073
3640081
3640121
3640151
3640163
3640181
3640207
3640223
3640243
3640249
3640289
3640309
3640327
3640331
3640333
3640369
3640379
3640391
3640409
3640447
3640451
3640471
3640487
3640493
3640519
3640523
3640537
3640543
3640561
3640577
3640589
3640591
3640597
3640633
3640643
3640649
3640661
3640697
3640711
3640717
3640753
3640781
3640789
3640801
3640807
3640817
3640823
3640829
3640843
3640849
3640859
3640867
3640891
3640909
3640933
3640937
3640991
3640993
3640999
3641041
3641051
3641069
3641081
3641083
3641119
3641123
3641147
3641149
3641159
3641171
3641191
3641201
3641219
3641221
3641233
3641237
3641243
3641263
3641311
3641357
3641371
3641381
3641387
3641389
3641399
3641401
3641423
3641431
3641437
3641441
3641461
3641467
3641489
3641507
3641509
3641537
3641549
3641551
3641563
3641569
3641591
3641593
3641609
3641611
3641623
3641629
3641633
3641641
3641647
3641653
3641707
3641731
3641753
3641767
3641773
3641777
3641783
3641801
3641809
3641819
3641831
3641851
3641857
3641861
3641867
3641881
3641887
3641917
3641923
3641933
3641951
3641987
3641999
3642019
3642031
3642049
3642061
3642101
3642157
3642203
3642209
3642227
3642239
3642241
3642251
3642269
3642299
3642307
3642323
3642337
3642341
3642343
3642347
3642377
3642427
3642449
3642451
3642467
3642479
3642491
3642497
3642559
3642571
3642577
3642581
3642619
3642629
3642631
3642643
3642649
3642673
3642677
3642679
3642697
3642701
3642707
3642721
3642731
3642733
3642739
3642791
3642817
3642823
3642833
3642839
3642883
3642911
3642931
3642941
3642959
3642971
3643001
3643033
3643043
3643063
3643099
3643127
3643139
3643141
3643147
3643181
3643201
3643217
3643267
3643271
3643291
3643303
3643331
3643351
3643363
3643369
3643403
3643411
3643429
3643447
3643463
3643477
3643481
3643483
3643511
3643513
3643517
3643529
3643537
3643561
3643579
3643603
3643609
3643613
3643621
3643631
3643639
3643657
3643669
3643681
3643699
3643721
3643733
3643747
3643751
3643799
3643807
3643811
3643819
3643841
3643853
3643859
3643873
3643883
3643891
3643897
3643901
3643919
3643921
3643951
3643961
3643963
3643973
3644021
3644023
3644057
3644059
3644071
3644117
3644129
3644149
3644153
3644159
3644183
3644213
3644231
3644237
3644279
3644297
3644309
3644317
3644321
3644339
3644351
3644357
3644411
3644423
3644437
3644479
3644483
3644497
3644503
3644513
3644569
3644573
3644587
3644593
3644617
3644621
3644629
3644653
3644657
3644659
3644699
3644731
3644743
3644747
3644761
3644791
3644801
3644831
3644873
3644899
3644947
3644951
3644957
3644959
3644983
3644999
3645007
3645013
3645049
3645053
3645071
3645077
3645101
3645107
3645119
3645121
3645133
3645137
3645143
3645149
3645151
3645193
3645227
3645251
3645253
3645263
3645289
3645307
3645347
3645349
3645371
3645373
3645377
3645391
3645407
3645409
3645419
3645449
3645469
3645527
3645533
3645539
3645557
3645559
3645563
3645571
3645581
3645589
3645611
3645623
3645643
3645659
3645683
3645703
3645709
3645713
3645727
3645731
3645737
3645749
3645767
3645773
3645781
3645791
3645809
3645823
3645877
3645893
3645899
3645913
3645949
3645953
3645959
3645977
3645979
3645997
3646001
3646009
3646021
3646033
3646037
3646039
3646057
3646067
3646079
3646103
3646117
3646129
3646183
3646187
3646219
3646229
3646231
3646261
3646289
3646319
3646337
3646339
3646343
3646361
3646369
3646393
3646399
3646411
3646421
3646427
3646441
3646463
3646471
3646481
3646493
3646507
3646523
3646541
3646553
3646567
3646583
3646603
3646633
3646637
3646661
3646681
3646693
3646711
3646717
3646723
3646729
3646739
3646751
3646759
3646781
3646793
3646817
3646829
3646859
3646883
3646889
3646913
3646919
3646927
3646931
3646957
3646961
3646963
3646997
3647003
3647023
3647029
3647071
3647093
3647101
3647167
3647173
3647177
3647207
3647233
3647257
3647261
3647263
3647291
3647327
3647339
3647353
3647377
3647381
3647383
3647393
3647419
3647431
3647459
3647461
3647477
3647489
3647531
3647551
3647573
3647597
3647599
3647627
3647629
3647641
3647671
3647687
3647689
3647701
3647711
3647713
3647723
3647747
3647759
3647773
3647779
3647797
3647803
3647807
3647827
3647851
3647873
3647921
3647927
3647947
3647953
3647971
3647989
3648031
3648037
3648041
3648067
3648079
3648101
3648107
3648131
3648137
3648167
3648179
3648241
3648263
3648269
3648277
3648289
3648301
3648317
3648343
3648391
3648409
3648413
3648419
3648427
3648439
3648451
3648479
3648487
3648493
3648511
3648521
3648527
3648539
3648553
3648581
3648587
3648643
3648647
3648649
3648653
3648661
3648683
3648691
3648707
3648739
3648767
3648769
3648781
3648797
3648833
3648847
3648857
3648859
3648899
3648913
3648919
3648923
3648941
3648943
3648947
3648989
3649001
3649003
3649027
3649049
3649057
3649097
3649133
3649147
3649153
3649181
3649193
3649201
3649207
3649229
3649241
3649253
3649259
3649297
3649301
3649307
3649313
3649337
3649357
3649363
3649397
3649403
3649411
3649417
3649469
3649487
3649511
3649517
3649531
3649549
3649559
3649567
3649579
3649601
3649609
3649637
3649669
3649687
3649693
3649699
3649741
3649753
3649771
3649777
3649831
3649871
3649889
3649903
3649907
3649913
3649931
3649949
3649967
3649981
3649993
3649999
3650051
3650063
3650069
3650081
3650111
3650113
3650117
3650137
3650159
3650167
3650173
3650183
3650197
3650203
3650221
3650233
3650237
3650249
3650263
3650327
3650329
3650333
3650341
3650357
3650369
3650419
3650429
3650431
3650441
3650447
3650483
3650497
3650501
3650503
3650509
3650533
3650561
3650567
3650573
3650579
3650593
3650609
3650617
3650651
3650663
3650677
3650683
3650687
3650701
3650707
3650729
3650741
3650761
3650783
3650791
3650797
3650809
3650833
3650837
3650849
3650851
3650863
3650887
3650929
3650939
3650953
3650957
3650989
3651019
3651023
3651083
3651119
3651127
3651133
3651157
3651169
3651191
3651217
3651239
3651269
3651281
3651293
3651341
3651407
3651409
3651443
3651449
3651463
3651467
3651491
3651497
3651539
3651547
3651559
3651607
3651611
3651619
3651623
3651653
3651671
3651673
3651731
3651757
3651761
3651763
3651793
3651797
3651811
3651839
3651847
There are 1471 prime numbers in S318.
