S320(3674881~3697920)
3674897
3674911
3674921
3674927
3674929
3674947
3674969
3674971
3674989
3675011
3675041
3675053
3675059
3675079
3675107
3675131
3675149
3675181
3675187
3675197
3675211
3675229
3675241
3675271
3675277
3675283
3675313
3675337
3675359
3675361
3675401
3675403
3675439
3675443
3675449
3675461
3675473
3675479
3675481
3675499
3675509
3675563
3675583
3675593
3675601
3675613
3675629
3675631
3675647
3675649
3675667
3675671
3675697
3675703
3675713
3675719
3675733
3675739
3675743
3675767
3675781
3675803
3675809
3675817
3675829
3675853
3675857
3675869
3675899
3675901
3675907
3675923
3675943
3675977
3675983
3675989
3676033
3676037
3676039
3676051
3676087
3676091
3676093
3676103
3676109
3676111
3676129
3676147
3676151
3676157
3676163
3676181
3676187
3676193
3676201
3676213
3676219
3676237
3676273
3676279
3676289
3676303
3676307
3676313
3676327
3676339
3676373
3676399
3676433
3676441
3676459
3676489
3676493
3676513
3676529
3676549
3676553
3676567
3676571
3676577
3676583
3676597
3676609
3676637
3676639
3676643
3676667
3676721
3676723
3676733
3676741
3676753
3676781
3676789
3676793
3676819
3676831
3676847
3676853
3676859
3676867
3676889
3676891
3676903
3676909
3676927
3676931
3676957
3676963
3676993
3676999
3677017
3677029
3677041
3677071
3677077
3677081
3677101
3677111
3677119
3677123
3677129
3677137
3677147
3677207
3677209
3677227
3677239
3677257
3677273
3677281
3677291
3677329
3677339
3677341
3677347
3677353
3677357
3677363
3677369
3677381
3677383
3677441
3677459
3677473
3677477
3677533
3677537
3677549
3677567
3677573
3677579
3677581
3677591
3677599
3677633
3677657
3677671
3677683
3677699
3677701
3677717
3677731
3677743
3677753
3677771
3677783
3677789
3677803
3677819
3677827
3677851
3677857
3677881
3677897
3677909
3677917
3677923
3677929
3677951
3677957
3677977
3677981
3678007
3678011
3678023
3678043
3678053
3678061
3678067
3678071
3678083
3678089
3678097
3678107
3678109
3678113
3678121
3678131
3678149
3678163
3678179
3678211
3678217
3678221
3678223
3678247
3678287
3678289
3678293
3678299
3678317
3678347
3678377
3678391
3678407
3678431
3678461
3678481
3678497
3678517
3678527
3678529
3678539
3678541
3678557
3678583
3678589
3678599
3678601
3678617
3678659
3678671
3678683
3678713
3678743
3678751
3678791
3678797
3678803
3678811
3678821
3678823
3678833
3678839
3678841
3678847
3678869
3678877
3678881
3678887
3678893
3678923
3678929
3678931
3678937
3678943
3678949
3678967
3678973
3678977
3678979
3679003
3679009
3679031
3679033
3679051
3679061
3679079
3679087
3679121
3679129
3679139
3679147
3679153
3679163
3679183
3679189
3679211
3679213
3679219
3679229
3679231
3679237
3679261
3679271
3679279
3679289
3679309
3679339
3679363
3679373
3679387
3679427
3679451
3679453
3679457
3679499
3679519
3679541
3679567
3679579
3679591
3679601
3679603
3679649
3679661
3679679
3679681
3679691
3679693
3679729
3679751
3679757
3679759
3679789
3679799
3679807
3679813
3679817
3679831
3679847
3679861
3679867
3679877
3679891
3679913
3679919
3679933
3679967
3679969
3679993
3679999
3680011
3680029
3680059
3680081
3680093
3680101
3680111
3680113
3680123
3680153
3680203
3680213
3680249
3680263
3680269
3680291
3680321
3680363
3680371
3680399
3680401
3680407
3680431
3680459
3680461
3680489
3680491
3680503
3680507
3680519
3680527
3680533
3680539
3680549
3680563
3680627
3680639
3680647
3680657
3680659
3680669
3680681
3680741
3680753
3680791
3680837
3680863
3680867
3680869
3680881
3680893
3680917
3680947
3680953
3680983
3680987
3681001
3681017
3681023
3681031
3681037
3681043
3681049
3681059
3681113
3681131
3681149
3681151
3681191
3681199
3681217
3681239
3681253
3681277
3681283
3681287
3681319
3681341
3681371
3681373
3681407
3681413
3681443
3681451
3681481
3681487
3681499
3681511
3681523
3681527
3681553
3681569
3681577
3681593
3681599
3681619
3681683
3681697
3681709
3681719
3681731
3681749
3681761
3681767
3681781
3681787
3681791
3681793
3681823
3681827
3681871
3681889
3681917
3681947
3681949
3681967
3682031
3682037
3682057
3682061
3682079
3682103
3682109
3682117
3682123
3682171
3682177
3682187
3682199
3682201
3682213
3682223
3682229
3682243
3682271
3682303
3682321
3682337
3682361
3682363
3682381
3682429
3682439
3682451
3682457
3682501
3682513
3682519
3682531
3682537
3682543
3682571
3682577
3682597
3682607
3682639
3682643
3682667
3682687
3682703
3682709
3682729
3682733
3682759
3682781
3682787
3682801
3682813
3682817
3682823
3682837
3682843
3682853
3682859
3682867
3682871
3682891
3682927
3682933
3682961
3683011
3683021
3683027
3683077
3683081
3683089
3683107
3683111
3683117
3683143
3683149
3683159
3683171
3683179
3683189
3683201
3683209
3683213
3683227
3683233
3683257
3683263
3683279
3683287
3683293
3683297
3683333
3683353
3683357
3683401
3683411
3683413
3683431
3683453
3683479
3683503
3683527
3683569
3683597
3683599
3683627
3683651
3683671
3683677
3683717
3683723
3683731
3683741
3683803
3683819
3683821
3683833
3683837
3683839
3683879
3683909
3683921
3683941
3683959
3683969
3683971
3683993
3684011
3684013
3684029
3684041
3684047
3684059
3684061
3684101
3684103
3684151
3684169
3684173
3684179
3684181
3684193
3684203
3684211
3684221
3684229
3684253
3684293
3684299
3684311
3684337
3684353
3684371
3684389
3684391
3684407
3684419
3684451
3684463
3684467
3684487
3684509
3684517
3684523
3684539
3684553
3684559
3684587
3684589
3684601
3684607
3684641
3684643
3684647
3684671
3684677
3684679
3684683
3684697
3684701
3684721
3684749
3684757
3684763
3684781
3684809
3684833
3684859
3684871
3684881
3684913
3684929
3684953
3684959
3684977
3685007
3685009
3685021
3685027
3685049
3685051
3685111
3685133
3685147
3685151
3685153
3685169
3685211
3685219
3685247
3685273
3685289
3685301
3685303
3685309
3685327
3685337
3685369
3685387
3685403
3685417
3685427
3685441
3685453
3685463
3685471
3685477
3685483
3685489
3685501
3685511
3685519
3685541
3685571
3685597
3685631
3685657
3685663
3685687
3685691
3685699
3685729
3685739
3685741
3685751
3685763
3685783
3685811
3685837
3685849
3685861
3685879
3685883
3685949
3685951
3685963
3685973
3685999
3686009
3686027
3686029
3686063
3686071
3686083
3686087
3686099
3686101
3686119
3686131
3686153
3686159
3686167
3686183
3686237
3686239
3686251
3686299
3686321
3686327
3686329
3686339
3686341
3686357
3686369
3686383
3686387
3686401
3686411
3686447
3686477
3686479
3686483
3686503
3686531
3686537
3686549
3686561
3686587
3686591
3686609
3686621
3686623
3686629
3686651
3686663
3686677
3686701
3686713
3686723
3686729
3686731
3686743
3686747
3686797
3686801
3686833
3686849
3686867
3686927
3686929
3686941
3686951
3686953
3686957
3686971
3686983
3686987
3686989
3686999
3687029
3687037
3687041
3687043
3687049
3687071
3687097
3687119
3687127
3687133
3687139
3687163
3687169
3687209
3687227
3687239
3687241
3687247
3687251
3687287
3687301
3687319
3687373
3687391
3687401
3687403
3687407
3687413
3687421
3687427
3687433
3687443
3687451
3687461
3687469
3687557
3687583
3687631
3687683
3687703
3687707
3687713
3687731
3687737
3687743
3687757
3687763
3687769
3687787
3687823
3687833
3687839
3687847
3687857
3687869
3687911
3687923
3687941
3687967
3687973
3687979
3687989
3688001
3688021
3688057
3688063
3688081
3688093
3688117
3688127
3688129
3688141
3688151
3688171
3688189
3688193
3688199
3688219
3688241
3688247
3688277
3688301
3688309
3688313
3688331
3688343
3688357
3688361
3688367
3688369
3688393
3688453
3688463
3688469
3688501
3688511
3688519
3688537
3688543
3688549
3688561
3688571
3688591
3688613
3688627
3688631
3688637
3688649
3688661
3688667
3688681
3688691
3688693
3688697
3688703
3688709
3688757
3688759
3688777
3688781
3688787
3688801
3688837
3688849
3688859
3688871
3688877
3688897
3688903
3688933
3688939
3688963
3688967
3688981
3688991
3689009
3689069
3689113
3689117
3689129
3689137
3689141
3689143
3689149
3689183
3689207
3689209
3689237
3689263
3689281
3689291
3689297
3689299
3689311
3689327
3689377
3689417
3689423
3689461
3689473
3689479
3689501
3689503
3689507
3689513
3689519
3689551
3689573
3689579
3689597
3689611
3689617
3689633
3689669
3689689
3689711
3689717
3689723
3689753
3689761
3689771
3689773
3689779
3689797
3689809
3689843
3689863
3689869
3689887
3689911
3689927
3689947
3689963
3689993
3690013
3690031
3690053
3690067
3690079
3690091
3690101
3690107
3690119
3690149
3690151
3690187
3690191
3690227
3690233
3690251
3690257
3690259
3690301
3690307
3690329
3690341
3690347
3690361
3690371
3690397
3690437
3690473
3690497
3690499
3690517
3690521
3690523
3690527
3690529
3690539
3690551
3690553
3690571
3690587
3690607
3690611
3690613
3690619
3690623
3690629
3690671
3690677
3690689
3690691
3690703
3690721
3690727
3690737
3690763
3690773
3690781
3690803
3690821
3690823
3690839
3690851
3690857
3690871
3690881
3690889
3690899
3690923
3690941
3690961
3690977
3690983
3691003
3691007
3691013
3691019
3691021
3691027
3691031
3691043
3691087
3691147
3691151
3691153
3691183
3691199
3691213
3691223
3691253
3691273
3691277
3691283
3691307
3691309
3691313
3691327
3691343
3691349
3691351
3691357
3691367
3691403
3691447
3691451
3691459
3691469
3691489
3691531
3691547
3691549
3691553
3691559
3691561
3691577
3691603
3691619
3691621
3691627
3691657
3691673
3691687
3691691
3691693
3691717
3691747
3691783
3691789
3691801
3691811
3691813
3691819
3691841
3691843
3691847
3691859
3691913
3691921
3691949
3691951
3691957
3692021
3692041
3692053
3692057
3692063
3692081
3692107
3692123
3692159
3692177
3692197
3692201
3692207
3692209
3692231
3692239
3692243
3692261
3692263
3692291
3692321
3692323
3692329
3692333
3692347
3692357
3692363
3692401
3692407
3692411
3692431
3692449
3692467
3692471
3692477
3692527
3692531
3692543
3692551
3692567
3692573
3692617
3692641
3692651
3692659
3692671
3692681
3692683
3692701
3692737
3692761
3692771
3692803
3692807
3692827
3692849
3692873
3692929
3692951
3692971
3692977
3693037
3693043
3693077
3693089
3693113
3693161
3693167
3693169
3693187
3693191
3693197
3693203
3693211
3693253
3693257
3693259
3693299
3693311
3693323
3693331
3693337
3693343
3693359
3693373
3693397
3693413
3693427
3693449
3693463
3693479
3693493
3693499
3693511
3693563
3693601
3693617
3693637
3693653
3693659
3693661
3693689
3693691
3693707
3693719
3693721
3693737
3693761
3693763
3693769
3693773
3693779
3693787
3693791
3693839
3693841
3693853
3693863
3693881
3693883
3693953
3693959
3693973
3693983
3693997
3694013
3694027
3694039
3694057
3694063
3694091
3694109
3694111
3694121
3694127
3694129
3694133
3694139
3694147
3694181
3694183
3694193
3694199
3694217
3694241
3694267
3694279
3694297
3694319
3694351
3694357
3694373
3694393
3694409
3694429
3694433
3694451
3694459
3694463
3694477
3694499
3694501
3694511
3694547
3694553
3694567
3694573
3694583
3694597
3694601
3694609
3694619
3694631
3694637
3694643
3694667
3694679
3694693
3694699
3694711
3694723
3694727
3694741
3694787
3694799
3694807
3694813
3694829
3694841
3694843
3694877
3694891
3694897
3694913
3694937
3694981
3694997
3695009
3695011
3695039
3695057
3695059
3695071
3695089
3695099
3695113
3695123
3695141
3695143
3695149
3695173
3695183
3695189
3695201
3695233
3695257
3695261
3695297
3695303
3695317
3695339
3695353
3695357
3695381
3695389
3695399
3695401
3695407
3695411
3695437
3695467
3695491
3695501
3695507
3695509
3695513
3695521
3695539
3695551
3695569
3695581
3695599
3695611
3695639
3695669
3695677
3695683
3695687
3695693
3695711
3695717
3695729
3695737
3695753
3695761
3695773
3695803
3695821
3695833
3695869
3695911
3695933
3695947
3695957
3695969
3695971
3695977
3695981
3695983
3696001
3696019
3696053
3696059
3696067
3696071
3696097
3696103
3696107
3696113
3696131
3696139
3696163
3696179
3696181
3696193
3696197
3696227
3696233
3696247
3696257
3696269
3696271
3696281
3696283
3696313
3696349
3696359
3696377
3696383
3696391
3696401
3696403
3696419
3696421
3696449
3696461
3696479
3696481
3696487
3696493
3696523
3696551
3696557
3696577
3696593
3696619
3696643
3696703
3696713
3696727
3696731
3696733
3696761
3696779
3696787
3696799
3696821
3696827
3696851
3696853
3696863
3696877
3696883
3696893
3696907
3696911
3696919
3696923
3696941
3696943
3696947
3696977
3696989
3697009
3697013
3697019
3697033
3697037
3697049
3697051
3697061
3697073
3697081
3697103
3697139
3697147
3697159
3697163
3697207
3697223
3697241
3697249
3697289
3697321
3697361
3697363
3697403
3697409
3697423
3697427
3697429
3697433
3697451
3697487
3697511
3697531
3697559
3697579
3697583
3697591
3697633
3697657
3697691
3697709
3697717
3697741
3697777
3697781
3697783
3697787
3697843
3697847
3697849
3697853
3697867
3697907
3697909
3697919
There are 1549 prime numbers in S320.
