S321(3697921~3721032)
3697921
3697927
3697933
3697949
3697997
3698029
3698053
3698063
3698081
3698087
3698099
3698111
3698117
3698119
3698131
3698137
3698143
3698153
3698183
3698203
3698209
3698213
3698237
3698243
3698251
3698257
3698273
3698311
3698327
3698351
3698363
3698371
3698389
3698417
3698419
3698441
3698447
3698489
3698507
3698509
3698531
3698551
3698581
3698623
3698647
3698657
3698659
3698663
3698671
3698683
3698693
3698713
3698719
3698753
3698767
3698771
3698789
3698797
3698801
3698819
3698831
3698839
3698861
3698873
3698881
3698909
3698917
3698941
3698953
3698957
3698963
3698969
3698999
3699011
3699023
3699049
3699079
3699089
3699103
3699121
3699127
3699131
3699139
3699169
3699181
3699187
3699191
3699193
3699197
3699203
3699209
3699233
3699239
3699253
3699257
3699263
3699277
3699287
3699299
3699301
3699329
3699331
3699337
3699373
3699379
3699401
3699407
3699413
3699427
3699431
3699439
3699457
3699497
3699499
3699517
3699533
3699583
3699599
3699601
3699607
3699613
3699629
3699671
3699679
3699691
3699697
3699701
3699719
3699721
3699743
3699767
3699769
3699781
3699797
3699841
3699847
3699853
3699869
3699893
3699901
3699919
3699947
3699961
3700001
3700009
3700013
3700031
3700043
3700049
3700051
3700087
3700091
3700093
3700097
3700133
3700141
3700153
3700157
3700159
3700187
3700241
3700261
3700267
3700283
3700289
3700349
3700363
3700369
3700387
3700391
3700393
3700397
3700409
3700423
3700457
3700483
3700511
3700517
3700523
3700547
3700549
3700601
3700607
3700691
3700699
3700717
3700727
3700751
3700757
3700771
3700789
3700793
3700817
3700819
3700843
3700847
3700867
3700871
3700889
3700891
3700901
3700903
3700909
3700919
3700927
3700933
3700969
3700979
3700987
3700993
3701021
3701063
3701069
3701077
3701101
3701119
3701123
3701141
3701179
3701207
3701213
3701227
3701249
3701251
3701263
3701267
3701273
3701287
3701293
3701303
3701317
3701323
3701339
3701351
3701353
3701363
3701377
3701381
3701417
3701429
3701437
3701471
3701479
3701507
3701513
3701527
3701539
3701543
3701557
3701587
3701623
3701627
3701629
3701639
3701641
3701653
3701701
3701707
3701723
3701729
3701743
3701759
3701773
3701779
3701783
3701791
3701807
3701809
3701839
3701881
3701917
3701939
3701959
3701963
3701969
3701977
3701983
3702007
3702031
3702037
3702043
3702047
3702059
3702071
3702079
3702089
3702091
3702119
3702161
3702163
3702187
3702197
3702211
3702229
3702233
3702263
3702269
3702271
3702289
3702301
3702313
3702323
3702329
3702337
3702371
3702389
3702409
3702443
3702449
3702463
3702467
3702497
3702499
3702509
3702529
3702533
3702551
3702571
3702577
3702581
3702593
3702607
3702623
3702649
3702679
3702689
3702697
3702757
3702791
3702817
3702823
3702841
3702869
3702887
3702893
3702901
3702911
3702913
3702943
3702947
3702971
3702983
3703001
3703013
3703019
3703027
3703033
3703061
3703067
3703087
3703109
3703111
3703121
3703151
3703171
3703187
3703199
3703223
3703237
3703241
3703267
3703277
3703279
3703313
3703319
3703327
3703333
3703351
3703369
3703373
3703393
3703417
3703429
3703439
3703451
3703457
3703463
3703471
3703487
3703507
3703549
3703597
3703631
3703639
3703643
3703649
3703673
3703691
3703703
3703723
3703747
3703753
3703769
3703781
3703823
3703831
3703853
3703871
3703877
3703883
3703901
3703907
3703919
3703927
3703939
3703949
3703957
3703969
3703979
3704003
3704009
3704017
3704053
3704059
3704087
3704111
3704119
3704123
3704137
3704143
3704153
3704161
3704167
3704171
3704179
3704201
3704203
3704213
3704237
3704243
3704251
3704279
3704291
3704293
3704303
3704341
3704353
3704369
3704381
3704387
3704417
3704443
3704461
3704507
3704513
3704537
3704543
3704573
3704581
3704599
3704611
3704621
3704629
3704651
3704653
3704671
3704689
3704693
3704707
3704731
3704737
3704741
3704747
3704749
3704761
3704819
3704821
3704843
3704849
3704873
3704879
3704887
3704941
3704947
3704951
3704959
3705017
3705029
3705041
3705059
3705067
3705077
3705083
3705101
3705113
3705137
3705161
3705187
3705193
3705197
3705199
3705227
3705241
3705257
3705271
3705281
3705287
3705311
3705329
3705343
3705347
3705367
3705379
3705391
3705409
3705421
3705431
3705451
3705463
3705467
3705469
3705491
3705503
3705509
3705511
3705521
3705593
3705617
3705619
3705623
3705629
3705659
3705679
3705719
3705739
3705749
3705763
3705769
3705773
3705799
3705827
3705839
3705841
3705851
3705853
3705887
3705899
3705901
3705917
3705929
3705941
3705959
3706009
3706039
3706067
3706069
3706093
3706097
3706099
3706111
3706123
3706133
3706139
3706141
3706163
3706181
3706189
3706193
3706201
3706247
3706259
3706301
3706303
3706309
3706369
3706379
3706393
3706399
3706433
3706447
3706487
3706489
3706499
3706529
3706609
3706621
3706627
3706631
3706649
3706669
3706679
3706723
3706733
3706741
3706753
3706777
3706817
3706819
3706837
3706861
3706883
3706889
3706891
3706897
3706921
3706931
3706961
3707021
3707051
3707063
3707069
3707087
3707101
3707107
3707111
3707113
3707149
3707161
3707167
3707189
3707203
3707213
3707237
3707239
3707287
3707293
3707317
3707339
3707351
3707359
3707369
3707381
3707399
3707401
3707419
3707449
3707453
3707461
3707471
3707477
3707491
3707497
3707533
3707537
3707573
3707593
3707611
3707617
3707629
3707633
3707653
3707663
3707677
3707681
3707699
3707701
3707719
3707741
3707749
3707771
3707773
3707777
3707789
3707791
3707797
3707813
3707839
3707849
3707857
3707861
3707863
3707867
3707923
3707927
3707947
3707953
3707987
3708017
3708031
3708041
3708043
3708049
3708073
3708077
3708101
3708119
3708121
3708137
3708139
3708151
3708157
3708161
3708169
3708203
3708223
3708241
3708269
3708283
3708293
3708301
3708307
3708319
3708323
3708349
3708371
3708421
3708443
3708469
3708487
3708493
3708503
3708511
3708521
3708539
3708559
3708571
3708577
3708581
3708587
3708611
3708613
3708631
3708637
3708641
3708643
3708673
3708697
3708709
3708751
3708791
3708797
3708841
3708847
3708853
3708863
3708869
3708877
3708883
3708889
3708893
3708899
3708923
3708931
3708949
3708959
3708961
3708967
3708977
3708997
3709007
3709019
3709031
3709033
3709039
3709061
3709073
3709081
3709091
3709103
3709109
3709117
3709157
3709163
3709249
3709259
3709291
3709301
3709319
3709327
3709331
3709333
3709337
3709357
3709397
3709403
3709421
3709423
3709441
3709457
3709487
3709499
3709501
3709513
3709561
3709577
3709631
3709633
3709661
3709681
3709687
3709691
3709703
3709711
3709733
3709747
3709759
3709781
3709813
3709817
3709819
3709829
3709843
3709873
3709907
3709913
3709939
3709943
3709949
3710009
3710089
3710123
3710137
3710167
3710171
3710209
3710243
3710257
3710279
3710281
3710293
3710299
3710303
3710387
3710407
3710411
3710417
3710419
3710431
3710461
3710467
3710501
3710507
3710543
3710549
3710561
3710593
3710611
3710617
3710621
3710627
3710647
3710657
3710683
3710699
3710701
3710711
3710713
3710723
3710741
3710761
3710783
3710801
3710821
3710827
3710831
3710851
3710873
3710881
3710891
3710893
3710921
3710963
3711017
3711047
3711053
3711077
3711091
3711107
3711109
3711121
3711131
3711139
3711157
3711199
3711203
3711209
3711221
3711229
3711233
3711263
3711269
3711271
3711299
3711307
3711311
3711313
3711319
3711329
3711343
3711353
3711371
3711377
3711401
3711419
3711451
3711473
3711481
3711493
3711497
3711527
3711529
3711541
3711557
3711563
3711577
3711611
3711613
3711647
3711679
3711683
3711691
3711709
3711713
3711727
3711737
3711751
3711761
3711769
3711779
3711781
3711787
3711793
3711817
3711833
3711857
3711863
3711881
3711893
3711907
3711941
3711943
3711959
3711989
3712019
3712021
3712043
3712063
3712073
3712081
3712091
3712097
3712117
3712127
3712139
3712141
3712169
3712187
3712199
3712207
3712231
3712249
3712253
3712259
3712271
3712283
3712297
3712301
3712309
3712327
3712333
3712349
3712363
3712369
3712381
3712393
3712417
3712421
3712441
3712459
3712463
3712487
3712517
3712523
3712531
3712547
3712549
3712559
3712567
3712571
3712573
3712589
3712601
3712627
3712669
3712679
3712697
3712699
3712711
3712717
3712721
3712739
3712747
3712757
3712769
3712801
3712823
3712831
3712843
3712871
3712873
3712889
3712897
3712909
3712927
3712949
3712979
3712981
3713027
3713041
3713053
3713057
3713069
3713071
3713077
3713081
3713147
3713153
3713159
3713161
3713219
3713239
3713251
3713261
3713263
3713267
3713279
3713287
3713299
3713309
3713317
3713323
3713387
3713399
3713407
3713441
3713443
3713447
3713449
3713453
3713461
3713473
3713477
3713483
3713491
3713533
3713561
3713573
3713581
3713587
3713617
3713621
3713623
3713627
3713639
3713681
3713737
3713747
3713753
3713767
3713771
3713789
3713807
3713849
3713851
3713887
3713891
3713909
3713917
3713921
3713923
3713929
3713993
3713999
3714013
3714019
3714031
3714037
3714043
3714049
3714089
3714091
3714103
3714121
3714131
3714133
3714157
3714163
3714181
3714239
3714241
3714259
3714307
3714311
3714323
3714331
3714341
3714391
3714397
3714409
3714419
3714433
3714437
3714439
3714461
3714479
3714493
3714521
3714527
3714553
3714563
3714587
3714589
3714617
3714629
3714631
3714643
3714647
3714673
3714691
3714701
3714703
3714713
3714731
3714743
3714769
3714773
3714779
3714797
3714803
3714811
3714827
3714859
3714863
3714883
3714889
3714913
3714943
3714967
3714973
3714979
3714989
3715031
3715037
3715069
3715079
3715087
3715093
3715109
3715111
3715169
3715183
3715193
3715211
3715253
3715307
3715343
3715363
3715373
3715399
3715409
3715417
3715421
3715423
3715433
3715457
3715471
3715477
3715493
3715511
3715513
3715541
3715559
3715561
3715589
3715601
3715631
3715637
3715667
3715669
3715687
3715703
3715709
3715717
3715727
3715729
3715739
3715757
3715781
3715783
3715787
3715793
3715807
3715813
3715823
3715837
3715841
3715847
3715853
3715889
3715909
3715913
3715951
3715967
3715981
3715991
3716029
3716057
3716071
3716107
3716123
3716131
3716143
3716161
3716171
3716173
3716177
3716197
3716221
3716227
3716257
3716269
3716291
3716299
3716309
3716333
3716341
3716359
3716369
3716371
3716393
3716429
3716459
3716467
3716483
3716543
3716567
3716569
3716597
3716599
3716617
3716623
3716627
3716633
3716641
3716653
3716663
3716677
3716681
3716701
3716707
3716719
3716747
3716753
3716759
3716771
3716819
3716821
3716827
3716831
3716833
3716857
3716879
3716887
3716903
3716917
3716969
3716971
3716981
3717011
3717023
3717031
3717041
3717047
3717061
3717071
3717083
3717107
3717113
3717127
3717139
3717149
3717173
3717209
3717223
3717239
3717247
3717257
3717269
3717281
3717299
3717313
3717317
3717319
3717323
3717341
3717359
3717377
3717391
3717397
3717409
3717431
3717437
3717449
3717451
3717457
3717499
3717533
3717547
3717557
3717563
3717583
3717589
3717599
3717601
3717607
3717641
3717647
3717667
3717683
3717689
3717731
3717739
3717751
3717761
3717803
3717809
3717811
3717821
3717853
3717859
3717869
3717893
3717899
3717919
3717937
3717941
3717947
3717953
3717971
3717979
3718021
3718027
3718037
3718051
3718067
3718069
3718097
3718103
3718139
3718147
3718159
3718181
3718207
3718229
3718259
3718277
3718279
3718303
3718307
3718327
3718349
3718361
3718373
3718381
3718397
3718411
3718417
3718423
3718439
3718457
3718459
3718489
3718501
3718513
3718549
3718553
3718573
3718607
3718613
3718619
3718633
3718643
3718651
3718657
3718669
3718681
3718739
3718751
3718763
3718777
3718783
3718789
3718807
3718831
3718837
3718849
3718861
3718867
3718877
3718879
3718901
3718919
3718951
3718963
3718993
3718997
3719011
3719017
3719029
3719057
3719059
3719087
3719119
3719153
3719159
3719161
3719167
3719179
3719197
3719201
3719207
3719239
3719267
3719273
3719291
3719299
3719321
3719323
3719329
3719333
3719341
3719347
3719377
3719389
3719393
3719431
3719461
3719467
3719519
3719531
3719539
3719563
3719567
3719579
3719587
3719623
3719633
3719657
3719663
3719669
3719693
3719701
3719707
3719711
3719713
3719717
3719747
3719759
3719777
3719789
3719791
3719797
3719803
3719827
3719831
3719851
3719857
3719867
3719879
3719897
3719899
3719921
3719939
3719959
3719981
3719983
3719987
3719993
3719999
3720011
3720023
3720037
3720103
3720113
3720121
3720137
3720151
3720163
3720169
3720179
3720209
3720247
3720251
3720253
3720293
3720337
3720349
3720359
3720361
3720373
3720383
3720391
3720397
3720401
3720407
3720413
3720421
3720427
3720469
3720487
3720491
3720511
3720551
3720553
3720571
3720581
3720583
3720617
3720623
3720649
3720667
3720677
3720697
3720701
3720707
3720767
3720781
3720797
3720811
3720839
3720851
3720853
3720859
3720869
3720877
3720887
3720889
3720907
3720911
3720923
3720929
3720947
3720989
3721027
There are 1534 prime numbers in S321.
