S323(3744217~3767472)
3744217
3744227
3744253
3744263
3744287
3744313
3744329
3744353
3744361
3744371
3744383
3744401
3744409
3744431
3744449
3744467
3744493
3744523
3744527
3744541
3744551
3744613
3744619
3744623
3744647
3744661
3744667
3744673
3744677
3744701
3744731
3744737
3744757
3744761
3744781
3744787
3744809
3744823
3744863
3744869
3744941
3744943
3744953
3744967
3744971
3744991
3744997
3745019
3745051
3745069
3745087
3745111
3745127
3745129
3745163
3745187
3745193
3745199
3745201
3745211
3745229
3745241
3745243
3745249
3745283
3745303
3745331
3745361
3745393
3745397
3745439
3745453
3745459
3745471
3745487
3745493
3745499
3745507
3745519
3745529
3745531
3745537
3745543
3745589
3745591
3745597
3745607
3745613
3745631
3745649
3745663
3745691
3745697
3745723
3745739
3745771
3745783
3745789
3745811
3745813
3745829
3745867
3745877
3745879
3745891
3745897
3745913
3745939
3745957
3745961
3745997
3745999
3746027
3746051
3746053
3746077
3746081
3746089
3746107
3746111
3746143
3746147
3746153
3746167
3746179
3746201
3746209
3746219
3746227
3746233
3746269
3746299
3746317
3746329
3746333
3746339
3746359
3746377
3746383
3746387
3746399
3746453
3746471
3746473
3746497
3746503
3746507
3746513
3746521
3746527
3746549
3746551
3746557
3746563
3746581
3746593
3746641
3746651
3746663
3746671
3746689
3746693
3746711
3746737
3746747
3746767
3746773
3746779
3746789
3746791
3746801
3746837
3746839
3746843
3746909
3746921
3746927
3746929
3746969
3746983
3747019
3747043
3747053
3747067
3747071
3747077
3747083
3747097
3747131
3747181
3747197
3747223
3747241
3747299
3747307
3747319
3747329
3747343
3747347
3747349
3747371
3747379
3747383
3747391
3747431
3747479
3747521
3747539
3747547
3747581
3747587
3747589
3747607
3747629
3747637
3747649
3747671
3747691
3747703
3747707
3747713
3747719
3747721
3747727
3747749
3747761
3747787
3747811
3747823
3747833
3747847
3747899
3747917
3747929
3747949
3747979
3748021
3748027
3748033
3748037
3748049
3748051
3748079
3748099
3748123
3748127
3748133
3748139
3748141
3748153
3748169
3748189
3748193
3748207
3748219
3748229
3748231
3748243
3748289
3748307
3748309
3748351
3748357
3748361
3748387
3748397
3748399
3748417
3748441
3748463
3748469
3748487
3748499
3748519
3748523
3748541
3748543
3748553
3748559
3748561
3748571
3748573
3748597
3748603
3748607
3748651
3748663
3748669
3748699
3748709
3748711
3748733
3748739
3748741
3748751
3748763
3748781
3748813
3748819
3748831
3748841
3748847
3748867
3748879
3748883
3748889
3748897
3748903
3748907
3748933
3748939
3748957
3748963
3748967
3748973
3748981
3748991
3749021
3749029
3749071
3749077
3749087
3749093
3749101
3749111
3749117
3749153
3749183
3749189
3749191
3749219
3749257
3749267
3749281
3749293
3749309
3749311
3749329
3749363
3749371
3749377
3749393
3749399
3749407
3749443
3749461
3749477
3749527
3749531
3749533
3749549
3749561
3749563
3749569
3749587
3749597
3749611
3749623
3749633
3749653
3749657
3749677
3749687
3749699
3749761
3749771
3749773
3749807
3749833
3749849
3749861
3749869
3749873
3749881
3749891
3749939
3749947
3749951
3749957
3749959
3749969
3749971
3750001
3750017
3750031
3750037
3750041
3750067
3750079
3750113
3750119
3750151
3750157
3750167
3750169
3750199
3750203
3750211
3750221
3750223
3750233
3750247
3750269
3750293
3750301
3750317
3750323
3750337
3750347
3750361
3750379
3750389
3750407
3750419
3750443
3750451
3750493
3750499
3750511
3750517
3750529
3750533
3750547
3750559
3750563
3750577
3750611
3750613
3750623
3750631
3750697
3750701
3750731
3750737
3750739
3750751
3750767
3750781
3750787
3750797
3750827
3750833
3750839
3750869
3750883
3750917
3750919
3750937
3750953
3750977
3750979
3750997
3751003
3751009
3751021
3751057
3751081
3751091
3751103
3751133
3751141
3751177
3751183
3751207
3751219
3751229
3751243
3751259
3751273
3751283
3751289
3751291
3751301
3751309
3751343
3751357
3751367
3751381
3751387
3751409
3751421
3751457
3751463
3751477
3751481
3751511
3751519
3751523
3751547
3751549
3751567
3751571
3751591
3751597
3751603
3751609
3751613
3751637
3751639
3751663
3751673
3751703
3751717
3751723
3751729
3751733
3751739
3751753
3751777
3751801
3751807
3751819
3751823
3751831
3751843
3751859
3751861
3751871
3751901
3751907
3751919
3752009
3752017
3752039
3752069
3752081
3752093
3752117
3752131
3752141
3752149
3752153
3752159
3752183
3752191
3752219
3752237
3752239
3752249
3752261
3752299
3752303
3752317
3752321
3752327
3752351
3752369
3752387
3752389
3752401
3752407
3752431
3752447
3752467
3752477
3752531
3752533
3752549
3752561
3752569
3752587
3752591
3752641
3752647
3752663
3752669
3752677
3752681
3752719
3752729
3752731
3752741
3752759
3752773
3752779
3752783
3752789
3752807
3752831
3752839
3752849
3752851
3752909
3752921
3752923
3752929
3752939
3752981
3752993
3752999
3753007
3753023
3753031
3753067
3753109
3753133
3753137
3753143
3753157
3753179
3753193
3753199
3753223
3753229
3753251
3753257
3753287
3753289
3753307
3753329
3753331
3753349
3753353
3753359
3753361
3753367
3753371
3753377
3753419
3753433
3753437
3753457
3753487
3753493
3753523
3753551
3753553
3753559
3753569
3753593
3753611
3753643
3753647
3753653
3753661
3753671
3753679
3753683
3753691
3753707
3753721
3753751
3753767
3753779
3753781
3753791
3753793
3753817
3753823
3753829
3753833
3753839
3753859
3753877
3753913
3753917
3753929
3753947
3753949
3753961
3753979
3753989
3754019
3754033
3754087
3754099
3754103
3754117
3754133
3754139
3754141
3754147
3754151
3754169
3754183
3754187
3754241
3754243
3754259
3754277
3754291
3754301
3754307
3754319
3754321
3754349
3754357
3754363
3754391
3754393
3754397
3754403
3754423
3754469
3754507
3754511
3754519
3754567
3754577
3754607
3754669
3754687
3754691
3754697
3754711
3754721
3754741
3754757
3754763
3754769
3754771
3754787
3754789
3754811
3754823
3754843
3754867
3754873
3754897
3754921
3754963
3754973
3754979
3754981
3755023
3755041
3755051
3755053
3755057
3755069
3755077
3755083
3755117
3755137
3755153
3755183
3755189
3755197
3755203
3755237
3755243
3755267
3755273
3755287
3755299
3755333
3755359
3755383
3755387
3755429
3755431
3755443
3755447
3755449
3755459
3755489
3755513
3755539
3755561
3755617
3755621
3755627
3755651
3755669
3755671
3755677
3755701
3755707
3755729
3755747
3755753
3755779
3755783
3755797
3755803
3755809
3755821
3755837
3755849
3755879
3755891
3755909
3755959
3756001
3756019
3756023
3756029
3756037
3756041
3756059
3756073
3756079
3756097
3756119
3756139
3756143
3756149
3756157
3756161
3756173
3756209
3756211
3756223
3756227
3756229
3756241
3756251
3756253
3756257
3756271
3756289
3756299
3756317
3756323
3756367
3756373
3756377
3756391
3756413
3756421
3756443
3756451
3756479
3756491
3756503
3756517
3756527
3756551
3756559
3756581
3756607
3756617
3756619
3756629
3756637
3756667
3756671
3756691
3756703
3756733
3756763
3756773
3756791
3756793
3756803
3756817
3756821
3756827
3756833
3756839
3756887
3756917
3756923
3756937
3756941
3756947
3756989
3757007
3757009
3757043
3757063
3757067
3757069
3757081
3757087
3757093
3757097
3757109
3757111
3757147
3757151
3757157
3757163
3757177
3757189
3757207
3757261
3757267
3757279
3757283
3757331
3757361
3757367
3757393
3757399
3757423
3757433
3757447
3757451
3757463
3757471
3757511
3757513
3757571
3757577
3757583
3757601
3757619
3757643
3757657
3757673
3757703
3757709
3757711
3757723
3757729
3757777
3757781
3757807
3757811
3757823
3757837
3757861
3757879
3757891
3757909
3757927
3757931
3757933
3757939
3757961
3757981
3758017
3758021
3758033
3758077
3758087
3758089
3758093
3758107
3758137
3758141
3758159
3758189
3758221
3758233
3758263
3758273
3758281
3758297
3758299
3758317
3758341
3758351
3758353
3758369
3758383
3758387
3758413
3758431
3758467
3758473
3758483
3758507
3758509
3758537
3758539
3758569
3758597
3758609
3758611
3758621
3758627
3758639
3758659
3758663
3758693
3758701
3758723
3758743
3758747
3758761
3758791
3758809
3758851
3758857
3758861
3758879
3758891
3758927
3758929
3758933
3758939
3758947
3758969
3758971
3758999
3759001
3759011
3759031
3759037
3759047
3759053
3759101
3759127
3759137
3759149
3759199
3759209
3759211
3759221
3759251
3759253
3759257
3759263
3759289
3759323
3759341
3759367
3759377
3759407
3759433
3759439
3759451
3759461
3759479
3759487
3759517
3759527
3759563
3759593
3759611
3759617
3759643
3759667
3759677
3759683
3759713
3759727
3759751
3759757
3759761
3759779
3759781
3759793
3759797
3759799
3759851
3759863
3759869
3759871
3759881
3759883
3759901
3759919
3759949
3759961
3759989
3759991
3760007
3760027
3760033
3760037
3760039
3760067
3760073
3760079
3760103
3760117
3760121
3760123
3760147
3760171
3760193
3760243
3760249
3760261
3760279
3760283
3760319
3760327
3760333
3760357
3760363
3760381
3760411
3760433
3760441
3760447
3760453
3760487
3760489
3760507
3760511
3760529
3760531
3760541
3760567
3760577
3760591
3760639
3760693
3760759
3760763
3760769
3760789
3760811
3760819
3760831
3760843
3760871
3760903
3760919
3760921
3760973
3760997
3761003
3761027
3761047
3761059
3761071
3761117
3761119
3761123
3761159
3761171
3761189
3761203
3761227
3761231
3761239
3761279
3761293
3761333
3761389
3761393
3761413
3761419
3761423
3761441
3761473
3761501
3761507
3761557
3761591
3761599
3761629
3761647
3761669
3761701
3761707
3761711
3761713
3761729
3761731
3761741
3761749
3761773
3761789
3761801
3761831
3761837
3761843
3761861
3761893
3761897
3761929
3761959
3761963
3761971
3761977
3761999
3762001
3762007
3762047
3762061
3762091
3762097
3762103
3762131
3762137
3762139
3762163
3762169
3762173
3762181
3762211
3762259
3762263
3762277
3762299
3762329
3762331
3762349
3762359
3762379
3762383
3762403
3762433
3762449
3762461
3762469
3762497
3762587
3762599
3762601
3762613
3762623
3762631
3762667
3762673
3762683
3762701
3762709
3762719
3762739
3762767
3762799
3762821
3762833
3762839
3762877
3762881
3762911
3762917
3762949
3762977
3762989
3762991
3763003
3763027
3763031
3763033
3763043
3763057
3763063
3763093
3763141
3763153
3763169
3763211
3763217
3763229
3763241
3763247
3763259
3763271
3763313
3763321
3763327
3763339
3763343
3763363
3763399
3763423
3763427
3763429
3763453
3763471
3763483
3763523
3763531
3763537
3763561
3763567
3763589
3763601
3763609
3763621
3763633
3763657
3763663
3763667
3763673
3763699
3763709
3763717
3763733
3763757
3763763
3763769
3763777
3763811
3763813
3763819
3763829
3763831
3763861
3763867
3763871
3763873
3763897
3763931
3763933
3763937
3763979
3763999
3764003
3764009
3764041
3764053
3764093
3764107
3764119
3764149
3764197
3764209
3764213
3764227
3764239
3764273
3764291
3764303
3764311
3764323
3764329
3764339
3764351
3764357
3764359
3764363
3764393
3764399
3764401
3764437
3764441
3764443
3764447
3764459
3764471
3764477
3764503
3764543
3764569
3764591
3764597
3764647
3764659
3764669
3764687
3764711
3764759
3764767
3764771
3764773
3764791
3764807
3764843
3764863
3764879
3764899
3764911
3764923
3764933
3764947
3764953
3764993
3765011
3765019
3765023
3765049
3765079
3765089
3765101
3765107
3765127
3765149
3765161
3765197
3765227
3765233
3765239
3765241
3765247
3765253
3765257
3765263
3765271
3765299
3765319
3765329
3765341
3765367
3765373
3765383
3765397
3765409
3765427
3765431
3765457
3765493
3765497
3765511
3765521
3765523
3765529
3765533
3765547
3765569
3765571
3765581
3765589
3765599
3765607
3765611
3765613
3765631
3765661
3765673
3765689
3765701
3765709
3765757
3765761
3765779
3765799
3765829
3765833
3765871
3765889
3765893
3765917
3765919
3765941
3765967
3765977
3766013
3766031
3766057
3766073
3766093
3766099
3766109
3766111
3766117
3766121
3766141
3766153
3766207
3766223
3766229
3766249
3766253
3766261
3766297
3766303
3766307
3766331
3766349
3766387
3766397
3766409
3766417
3766421
3766453
3766459
3766471
3766487
3766493
3766513
3766517
3766519
3766523
3766559
3766573
3766577
3766591
3766601
3766613
3766663
3766691
3766699
3766703
3766709
3766739
3766751
3766753
3766759
3766783
3766787
3766817
3766853
3766891
3766907
3766913
3766937
3766943
3766969
3766993
3766999
3767011
3767017
3767021
3767041
3767053
3767063
3767069
3767077
3767083
3767087
3767117
3767119
3767123
3767131
3767161
3767173
3767207
3767219
3767221
3767227
3767237
3767249
3767261
3767297
3767321
3767333
3767341
3767389
3767411
3767437
3767441
3767447
3767471
There are 1513 prime numbers in S323.
