S324(3767473~3790800)
3767483
3767497
3767501
3767509
3767521
3767527
3767539
3767549
3767551
3767573
3767587
3767597
3767609
3767623
3767627
3767633
3767657
3767671
3767683
3767689
3767707
3767723
3767741
3767779
3767783
3767801
3767807
3767809
3767831
3767851
3767861
3767867
3767887
3767891
3767893
3767921
3767923
3767971
3767977
3767983
3767987
3768053
3768059
3768077
3768097
3768109
3768119
3768139
3768181
3768199
3768227
3768241
3768253
3768257
3768277
3768287
3768299
3768301
3768307
3768311
3768341
3768367
3768377
3768409
3768431
3768473
3768493
3768497
3768503
3768529
3768533
3768539
3768551
3768553
3768559
3768581
3768587
3768599
3768607
3768617
3768643
3768673
3768697
3768703
3768719
3768727
3768731
3768769
3768799
3768823
3768827
3768839
3768841
3768847
3768899
3768901
3768911
3768913
3768929
3768937
3768967
3768971
3768983
3768991
3769027
3769067
3769069
3769081
3769109
3769133
3769187
3769193
3769229
3769231
3769237
3769243
3769247
3769273
3769303
3769313
3769331
3769349
3769351
3769361
3769379
3769387
3769397
3769399
3769411
3769433
3769439
3769453
3769471
3769489
3769511
3769531
3769553
3769559
3769573
3769583
3769589
3769607
3769609
3769613
3769637
3769651
3769669
3769673
3769679
3769709
3769751
3769763
3769781
3769783
3769807
3769811
3769813
3769841
3769873
3769877
3769891
3769897
3769901
3769949
3769973
3769979
3769981
3769993
3770009
3770033
3770047
3770051
3770057
3770059
3770071
3770083
3770089
3770093
3770101
3770119
3770153
3770161
3770167
3770219
3770233
3770257
3770269
3770279
3770281
3770287
3770297
3770317
3770323
3770357
3770381
3770443
3770449
3770467
3770479
3770489
3770491
3770497
3770527
3770537
3770539
3770567
3770659
3770677
3770687
3770699
3770717
3770761
3770779
3770807
3770813
3770831
3770839
3770861
3770863
3770869
3770891
3770903
3770909
3770917
3770941
3770947
3770953
3770969
3770989
3770999
3771007
3771013
3771017
3771029
3771043
3771049
3771067
3771071
3771091
3771133
3771137
3771169
3771179
3771191
3771193
3771211
3771277
3771281
3771289
3771323
3771343
3771347
3771377
3771407
3771431
3771451
3771461
3771499
3771503
3771529
3771577
3771583
3771589
3771617
3771623
3771641
3771661
3771667
3771673
3771679
3771689
3771707
3771737
3771749
3771751
3771767
3771821
3771847
3771853
3771871
3771881
3771907
3771913
3771923
3771949
3771953
3771967
3771973
3771979
3771991
3772007
3772009
3772019
3772031
3772099
3772103
3772121
3772141
3772151
3772177
3772183
3772189
3772193
3772217
3772229
3772243
3772259
3772271
3772303
3772319
3772331
3772337
3772339
3772343
3772387
3772397
3772459
3772493
3772537
3772541
3772547
3772577
3772579
3772603
3772619
3772627
3772633
3772679
3772687
3772693
3772709
3772711
3772721
3772733
3772739
3772753
3772757
3772763
3772771
3772801
3772883
3772889
3772907
3772913
3772919
3772981
3772999
3773023
3773027
3773047
3773051
3773053
3773071
3773087
3773111
3773129
3773131
3773137
3773171
3773177
3773179
3773197
3773213
3773221
3773243
3773249
3773257
3773279
3773281
3773291
3773317
3773321
3773327
3773359
3773369
3773377
3773387
3773401
3773411
3773417
3773431
3773447
3773453
3773467
3773477
3773491
3773501
3773503
3773513
3773527
3773543
3773563
3773573
3773597
3773617
3773621
3773629
3773639
3773657
3773701
3773713
3773743
3773747
3773773
3773797
3773821
3773831
3773839
3773849
3773851
3773873
3773879
3773893
3773897
3773911
3773921
3773941
3773947
3773993
3773999
3774013
3774019
3774061
3774079
3774101
3774107
3774109
3774143
3774161
3774163
3774181
3774191
3774193
3774203
3774227
3774233
3774257
3774271
3774283
3774307
3774347
3774359
3774361
3774373
3774389
3774409
3774413
3774427
3774439
3774443
3774451
3774457
3774469
3774473
3774479
3774499
3774509
3774517
3774569
3774571
3774577
3774581
3774587
3774593
3774601
3774623
3774649
3774671
3774677
3774689
3774707
3774709
3774739
3774763
3774767
3774769
3774773
3774781
3774809
3774811
3774817
3774871
3774889
3774893
3774907
3774919
3774929
3774943
3774973
3774983
3774989
3775007
3775019
3775039
3775043
3775061
3775063
3775081
3775097
3775103
3775127
3775169
3775171
3775193
3775199
3775201
3775297
3775313
3775333
3775339
3775361
3775363
3775367
3775391
3775393
3775399
3775417
3775439
3775441
3775501
3775507
3775543
3775549
3775553
3775559
3775571
3775573
3775579
3775589
3775601
3775619
3775621
3775637
3775643
3775663
3775679
3775697
3775729
3775757
3775763
3775777
3775781
3775789
3775799
3775801
3775817
3775859
3775861
3775883
3775897
3775907
3775909
3775913
3775939
3775943
3775973
3775987
3775999
3776009
3776011
3776029
3776039
3776077
3776081
3776093
3776153
3776161
3776167
3776173
3776189
3776237
3776239
3776249
3776263
3776273
3776291
3776317
3776369
3776411
3776429
3776441
3776471
3776483
3776489
3776503
3776527
3776543
3776557
3776569
3776581
3776587
3776593
3776603
3776609
3776639
3776651
3776653
3776659
3776671
3776677
3776681
3776683
3776713
3776719
3776743
3776783
3776789
3776809
3776831
3776837
3776863
3776867
3776869
3776881
3776891
3776933
3776957
3776999
3777013
3777031
3777049
3777073
3777089
3777091
3777101
3777119
3777131
3777139
3777157
3777161
3777173
3777187
3777197
3777209
3777211
3777217
3777223
3777229
3777233
3777253
3777283
3777307
3777311
3777317
3777329
3777331
3777341
3777377
3777379
3777391
3777401
3777419
3777439
3777463
3777467
3777479
3777481
3777491
3777503
3777509
3777517
3777539
3777541
3777551
3777559
3777581
3777601
3777607
3777611
3777623
3777667
3777671
3777721
3777749
3777769
3777779
3777793
3777799
3777817
3777853
3777857
3777871
3777883
3777887
3777889
3777899
3777901
3777923
3777931
3777953
3777967
3777971
3777973
3777989
3777997
3778007
3778039
3778043
3778051
3778067
3778079
3778081
3778087
3778111
3778121
3778127
3778163
3778213
3778217
3778237
3778241
3778253
3778297
3778319
3778343
3778391
3778399
3778421
3778427
3778429
3778447
3778451
3778457
3778459
3778469
3778499
3778517
3778531
3778571
3778583
3778589
3778591
3778603
3778627
3778637
3778651
3778661
3778667
3778679
3778681
3778717
3778727
3778759
3778769
3778771
3778793
3778823
3778837
3778861
3778897
3778909
3778939
3778949
3778963
3778987
3778997
3779003
3779021
3779033
3779053
3779057
3779071
3779101
3779131
3779159
3779161
3779183
3779201
3779203
3779213
3779231
3779249
3779261
3779263
3779267
3779273
3779297
3779299
3779311
3779327
3779329
3779333
3779341
3779353
3779359
3779371
3779387
3779417
3779437
3779441
3779443
3779453
3779459
3779467
3779473
3779509
3779527
3779533
3779539
3779579
3779623
3779639
3779653
3779663
3779669
3779687
3779707
3779753
3779759
3779761
3779771
3779779
3779813
3779819
3779821
3779849
3779851
3779857
3779863
3779873
3779891
3779921
3779929
3780017
3780037
3780041
3780043
3780053
3780059
3780061
3780067
3780079
3780083
3780113
3780143
3780149
3780151
3780169
3780181
3780191
3780193
3780199
3780247
3780251
3780281
3780313
3780319
3780367
3780377
3780389
3780391
3780397
3780407
3780433
3780473
3780479
3780499
3780503
3780509
3780521
3780541
3780559
3780583
3780589
3780599
3780607
3780611
3780619
3780653
3780709
3780731
3780737
3780739
3780757
3780781
3780787
3780793
3780797
3780811
3780823
3780839
3780857
3780863
3780869
3780871
3780893
3780929
3780937
3780941
3780949
3780961
3780971
3780989
3781007
3781079
3781087
3781117
3781121
3781147
3781153
3781187
3781189
3781213
3781229
3781237
3781243
3781249
3781277
3781301
3781303
3781313
3781367
3781387
3781403
3781423
3781433
3781447
3781457
3781489
3781501
3781507
3781517
3781543
3781559
3781567
3781579
3781639
3781643
3781649
3781663
3781669
3781691
3781711
3781727
3781747
3781759
3781777
3781781
3781801
3781819
3781829
3781849
3781853
3781859
3781873
3781901
3781903
3781909
3781951
3781961
3781993
3782011
3782021
3782039
3782059
3782063
3782069
3782081
3782087
3782111
3782117
3782123
3782153
3782161
3782167
3782171
3782179
3782201
3782213
3782243
3782249
3782257
3782293
3782297
3782309
3782333
3782353
3782369
3782371
3782377
3782407
3782413
3782417
3782437
3782447
3782453
3782459
3782461
3782477
3782479
3782491
3782503
3782507
3782509
3782521
3782531
3782533
3782543
3782561
3782567
3782573
3782579
3782591
3782617
3782629
3782657
3782677
3782683
3782689
3782699
3782773
3782803
3782813
3782819
3782869
3782893
3782897
3782921
3782927
3782929
3782939
3782953
3783001
3783007
3783041
3783047
3783049
3783053
3783083
3783089
3783113
3783119
3783181
3783211
3783251
3783313
3783317
3783343
3783391
3783407
3783419
3783421
3783433
3783449
3783463
3783467
3783473
3783487
3783491
3783497
3783539
3783541
3783551
3783589
3783629
3783631
3783649
3783671
3783677
3783697
3783709
3783713
3783727
3783733
3783737
3783739
3783797
3783821
3783827
3783839
3783851
3783853
3783859
3783889
3783893
3783919
3783929
3783943
3783961
3783971
3783977
3783991
3784003
3784009
3784019
3784037
3784051
3784057
3784063
3784073
3784103
3784127
3784133
3784141
3784159
3784163
3784169
3784189
3784199
3784223
3784241
3784267
3784271
3784273
3784309
3784321
3784331
3784343
3784357
3784367
3784373
3784381
3784399
3784411
3784427
3784433
3784441
3784447
3784457
3784463
3784481
3784493
3784499
3784507
3784519
3784531
3784541
3784577
3784603
3784631
3784633
3784639
3784643
3784657
3784687
3784691
3784723
3784733
3784741
3784747
3784757
3784777
3784787
3784793
3784813
3784849
3784861
3784873
3784901
3784919
3784927
3784943
3784967
3784973
3784987
3785011
3785021
3785029
3785053
3785071
3785083
3785143
3785149
3785153
3785183
3785191
3785209
3785213
3785227
3785251
3785261
3785273
3785279
3785281
3785291
3785293
3785303
3785323
3785347
3785357
3785371
3785393
3785401
3785417
3785449
3785459
3785471
3785479
3785491
3785527
3785531
3785539
3785549
3785569
3785623
3785629
3785641
3785651
3785669
3785681
3785687
3785753
3785779
3785797
3785801
3785809
3785819
3785851
3785857
3785861
3785891
3785893
3785911
3785923
3785927
3785939
3785953
3785963
3785987
3785993
3786011
3786047
3786049
3786059
3786067
3786071
3786077
3786091
3786109
3786119
3786127
3786131
3786151
3786157
3786169
3786197
3786199
3786203
3786229
3786241
3786253
3786259
3786271
3786281
3786287
3786311
3786319
3786337
3786347
3786353
3786397
3786401
3786403
3786413
3786449
3786463
3786481
3786493
3786509
3786511
3786521
3786533
3786539
3786553
3786569
3786571
3786577
3786581
3786593
3786613
3786641
3786647
3786659
3786661
3786667
3786677
3786689
3786703
3786749
3786751
3786779
3786781
3786803
3786821
3786829
3786847
3786857
3786859
3786899
3786919
3786953
3786989
3787031
3787057
3787067
3787097
3787109
3787117
3787123
3787153
3787163
3787183
3787193
3787219
3787229
3787237
3787247
3787261
3787279
3787291
3787297
3787319
3787321
3787349
3787351
3787361
3787367
3787369
3787391
3787417
3787471
3787493
3787501
3787507
3787513
3787519
3787523
3787529
3787547
3787561
3787591
3787627
3787643
3787649
3787657
3787687
3787691
3787723
3787733
3787757
3787759
3787769
3787781
3787793
3787799
3787811
3787843
3787853
3787877
3787919
3787933
3787937
3787943
3787961
3787967
3787969
3787981
3787997
3788003
3788017
3788033
3788041
3788047
3788051
3788111
3788117
3788159
3788209
3788219
3788221
3788227
3788243
3788249
3788251
3788273
3788303
3788311
3788321
3788329
3788333
3788383
3788401
3788413
3788419
3788423
3788431
3788453
3788459
3788483
3788497
3788503
3788509
3788563
3788573
3788597
3788621
3788633
3788639
3788663
3788669
3788683
3788711
3788713
3788737
3788747
3788779
3788833
3788839
3788843
3788861
3788903
3788929
3788963
3788969
3788989
3789013
3789029
3789067
3789073
3789103
3789109
3789119
3789127
3789131
3789139
3789143
3789173
3789193
3789197
3789221
3789239
3789241
3789257
3789277
3789287
3789293
3789323
3789329
3789337
3789361
3789367
3789371
3789377
3789389
3789413
3789427
3789451
3789463
3789481
3789497
3789523
3789529
3789571
3789581
3789593
3789601
3789613
3789701
3789703
3789707
3789713
3789739
3789743
3789757
3789761
3789769
3789787
3789809
3789811
3789817
3789839
3789853
3789857
3789859
3789883
3789889
3789893
3789899
3789931
3789937
3789953
3789971
3790001
3790057
3790067
3790069
3790103
3790121
3790187
3790229
3790247
3790273
3790279
3790289
3790309
3790333
3790349
3790373
3790393
3790433
3790441
3790447
3790453
3790459
3790471
3790483
3790487
3790513
3790517
3790531
3790537
3790543
3790547
3790559
3790571
3790583
3790621
3790651
3790667
3790697
3790729
3790739
3790741
3790753
3790757
3790763
3790769
3790771
3790781
3790783
3790789
There are 1531 prime numbers in S324.
