S325(3790801~3814200)
3790807
3790889
3790921
3790933
3790939
3790951
3790961
3790981
3790991
3790993
3790999
3791027
3791033
3791059
3791063
3791069
3791087
3791093
3791101
3791107
3791167
3791173
3791189
3791197
3791209
3791213
3791219
3791231
3791233
3791243
3791261
3791273
3791303
3791309
3791321
3791339
3791341
3791371
3791377
3791383
3791387
3791419
3791423
3791429
3791449
3791453
3791479
3791483
3791497
3791509
3791549
3791551
3791563
3791569
3791647
3791651
3791657
3791677
3791681
3791687
3791701
3791717
3791719
3791741
3791789
3791791
3791807
3791831
3791861
3791863
3791873
3791899
3791903
3791911
3791927
3791933
3791959
3791981
3792017
3792029
3792043
3792073
3792091
3792109
3792119
3792121
3792149
3792161
3792169
3792179
3792193
3792209
3792221
3792223
3792227
3792233
3792251
3792253
3792259
3792281
3792293
3792307
3792317
3792331
3792367
3792391
3792421
3792427
3792443
3792487
3792491
3792499
3792511
3792527
3792577
3792589
3792599
3792629
3792637
3792641
3792661
3792671
3792673
3792709
3792721
3792727
3792731
3792739
3792743
3792773
3792779
3792781
3792791
3792793
3792809
3792821
3792827
3792857
3792863
3792871
3792883
3792889
3792917
3792949
3792959
3792967
3792973
3792977
3792979
3792983
3793001
3793003
3793019
3793021
3793039
3793061
3793079
3793081
3793087
3793117
3793121
3793133
3793177
3793199
3793211
3793241
3793259
3793289
3793313
3793333
3793357
3793373
3793381
3793423
3793429
3793457
3793463
3793469
3793481
3793487
3793507
3793549
3793561
3793571
3793583
3793613
3793619
3793627
3793633
3793649
3793723
3793733
3793747
3793753
3793763
3793789
3793807
3793813
3793819
3793837
3793849
3793903
3793921
3793927
3793931
3793949
3793973
3794003
3794039
3794047
3794051
3794071
3794081
3794083
3794101
3794107
3794117
3794123
3794137
3794171
3794207
3794227
3794257
3794269
3794279
3794299
3794309
3794317
3794339
3794341
3794347
3794353
3794359
3794377
3794419
3794423
3794459
3794503
3794507
3794521
3794537
3794599
3794647
3794711
3794719
3794729
3794743
3794753
3794767
3794771
3794773
3794789
3794809
3794863
3794867
3794891
3794897
3794899
3794909
3794941
3794951
3794953
3794963
3794971
3794981
3794983
3795007
3795013
3795031
3795059
3795061
3795067
3795073
3795091
3795149
3795151
3795157
3795221
3795251
3795263
3795283
3795287
3795289
3795347
3795367
3795373
3795377
3795401
3795419
3795427
3795439
3795443
3795457
3795469
3795499
3795503
3795511
3795521
3795523
3795541
3795551
3795553
3795563
3795569
3795581
3795587
3795593
3795619
3795637
3795643
3795661
3795677
3795691
3795697
3795703
3795749
3795773
3795797
3795853
3795887
3795899
3795907
3795917
3795923
3795931
3795937
3795959
3795977
3795983
3796003
3796027
3796031
3796057
3796061
3796063
3796087
3796097
3796099
3796109
3796183
3796193
3796201
3796211
3796217
3796223
3796241
3796277
3796279
3796283
3796301
3796307
3796339
3796343
3796349
3796363
3796367
3796379
3796391
3796399
3796451
3796453
3796469
3796487
3796493
3796501
3796531
3796537
3796543
3796567
3796577
3796589
3796603
3796609
3796619
3796621
3796649
3796673
3796693
3796697
3796711
3796733
3796739
3796753
3796777
3796783
3796799
3796811
3796813
3796843
3796847
3796861
3796873
3796879
3796907
3796921
3796927
3796939
3796951
3796963
3796997
3797023
3797041
3797071
3797077
3797081
3797089
3797111
3797113
3797117
3797141
3797161
3797179
3797191
3797203
3797219
3797249
3797251
3797281
3797327
3797357
3797371
3797377
3797383
3797389
3797419
3797429
3797441
3797447
3797489
3797491
3797501
3797509
3797527
3797539
3797551
3797557
3797567
3797597
3797603
3797611
3797623
3797641
3797657
3797659
3797671
3797683
3797687
3797693
3797699
3797711
3797723
3797743
3797797
3797809
3797819
3797837
3797863
3797867
3797873
3797879
3797909
3797917
3797933
3797951
3797957
3797993
3798001
3798017
3798019
3798031
3798037
3798049
3798071
3798073
3798077
3798079
3798097
3798107
3798121
3798131
3798149
3798169
3798173
3798181
3798187
3798239
3798251
3798283
3798299
3798317
3798343
3798349
3798367
3798371
3798373
3798397
3798407
3798413
3798419
3798437
3798451
3798467
3798469
3798481
3798517
3798521
3798533
3798539
3798547
3798569
3798581
3798583
3798589
3798593
3798629
3798631
3798637
3798643
3798649
3798659
3798671
3798677
3798733
3798737
3798757
3798791
3798793
3798829
3798853
3798857
3798859
3798877
3798889
3798919
3798923
3798931
3798941
3798943
3798953
3798961
3798983
3799013
3799027
3799039
3799043
3799051
3799063
3799067
3799079
3799097
3799099
3799111
3799121
3799127
3799129
3799153
3799157
3799171
3799193
3799217
3799219
3799223
3799241
3799247
3799273
3799291
3799333
3799337
3799349
3799379
3799403
3799409
3799427
3799447
3799469
3799489
3799513
3799547
3799559
3799571
3799589
3799597
3799603
3799643
3799661
3799681
3799699
3799703
3799709
3799717
3799727
3799759
3799769
3799787
3799799
3799801
3799811
3799813
3799819
3799837
3799877
3799883
3799897
3799919
3799927
3799931
3799951
3799973
3800021
3800051
3800053
3800059
3800063
3800081
3800107
3800113
3800119
3800149
3800177
3800183
3800201
3800213
3800219
3800227
3800257
3800263
3800273
3800281
3800287
3800309
3800341
3800347
3800369
3800371
3800387
3800393
3800429
3800443
3800449
3800473
3800477
3800491
3800501
3800521
3800549
3800579
3800581
3800591
3800593
3800609
3800617
3800623
3800633
3800647
3800669
3800689
3800723
3800737
3800761
3800777
3800801
3800807
3800857
3800861
3800887
3800917
3800947
3800963
3800999
3801011
3801029
3801041
3801043
3801053
3801067
3801073
3801097
3801137
3801143
3801163
3801169
3801173
3801179
3801211
3801221
3801223
3801229
3801241
3801247
3801253
3801257
3801263
3801283
3801299
3801331
3801341
3801359
3801361
3801367
3801373
3801377
3801403
3801419
3801431
3801439
3801443
3801449
3801461
3801487
3801493
3801503
3801533
3801541
3801571
3801583
3801599
3801617
3801619
3801631
3801661
3801667
3801671
3801709
3801731
3801757
3801769
3801779
3801793
3801797
3801799
3801803
3801827
3801839
3801857
3801869
3801883
3801899
3801937
3801949
3801953
3801977
3801983
3802003
3802027
3802037
3802081
3802093
3802129
3802133
3802151
3802171
3802187
3802193
3802207
3802213
3802229
3802241
3802283
3802319
3802321
3802333
3802343
3802363
3802369
3802391
3802417
3802471
3802481
3802483
3802493
3802511
3802523
3802529
3802531
3802541
3802583
3802607
3802621
3802649
3802651
3802663
3802681
3802693
3802699
3802753
3802759
3802763
3802769
3802783
3802787
3802837
3802861
3802867
3802871
3802913
3802919
3802949
3802957
3802961
3802969
3802979
3802993
3802999
3803017
3803029
3803047
3803077
3803113
3803117
3803131
3803141
3803153
3803161
3803171
3803197
3803203
3803209
3803231
3803251
3803311
3803329
3803339
3803347
3803351
3803369
3803377
3803419
3803453
3803473
3803491
3803497
3803507
3803509
3803543
3803551
3803557
3803561
3803581
3803587
3803599
3803603
3803609
3803617
3803621
3803623
3803647
3803659
3803677
3803689
3803707
3803749
3803783
3803797
3803827
3803831
3803861
3803867
3803879
3803887
3803911
3803923
3803941
3803951
3803977
3803981
3803983
3803999
3804011
3804029
3804043
3804067
3804071
3804083
3804089
3804091
3804113
3804121
3804137
3804149
3804169
3804179
3804187
3804197
3804211
3804217
3804221
3804233
3804259
3804263
3804271
3804301
3804319
3804329
3804331
3804337
3804341
3804373
3804397
3804419
3804421
3804433
3804457
3804473
3804491
3804517
3804527
3804533
3804547
3804551
3804553
3804587
3804589
3804607
3804611
3804613
3804623
3804629
3804643
3804653
3804659
3804701
3804707
3804709
3804721
3804737
3804739
3804743
3804751
3804763
3804767
3804797
3804799
3804811
3804859
3804869
3804881
3804893
3804907
3804917
3804919
3804929
3804937
3804943
3804947
3804949
3804953
3804989
3805001
3805037
3805057
3805063
3805069
3805091
3805099
3805121
3805133
3805159
3805171
3805183
3805211
3805223
3805231
3805237
3805253
3805259
3805273
3805279
3805289
3805309
3805313
3805357
3805367
3805369
3805379
3805391
3805393
3805463
3805469
3805471
3805489
3805499
3805531
3805537
3805547
3805573
3805621
3805639
3805663
3805673
3805679
3805687
3805717
3805721
3805733
3805811
3805817
3805819
3805829
3805831
3805849
3805853
3805861
3805889
3805897
3805903
3805927
3805933
3805951
3805979
3805987
3805999
3806003
3806009
3806021
3806027
3806029
3806051
3806083
3806093
3806111
3806119
3806123
3806167
3806177
3806189
3806191
3806197
3806207
3806233
3806281
3806287
3806291
3806303
3806321
3806333
3806347
3806423
3806437
3806447
3806501
3806507
3806527
3806549
3806557
3806567
3806587
3806591
3806599
3806609
3806617
3806639
3806641
3806653
3806659
3806683
3806687
3806689
3806701
3806711
3806741
3806749
3806767
3806837
3806839
3806843
3806849
3806851
3806867
3806903
3806909
3806911
3806923
3806927
3806981
3807053
3807059
3807061
3807101
3807109
3807113
3807119
3807173
3807187
3807217
3807227
3807229
3807257
3807281
3807289
3807313
3807317
3807341
3807359
3807379
3807413
3807421
3807431
3807449
3807457
3807491
3807499
3807511
3807523
3807527
3807533
3807539
3807553
3807577
3807589
3807593
3807647
3807649
3807689
3807691
3807701
3807709
3807731
3807737
3807743
3807751
3807757
3807827
3807833
3807851
3807863
3807871
3807877
3807883
3807889
3807901
3807907
3807911
3807931
3807941
3807959
3808001
3808031
3808033
3808061
3808073
3808109
3808127
3808139
3808141
3808157
3808159
3808163
3808177
3808223
3808229
3808241
3808243
3808253
3808261
3808267
3808283
3808307
3808327
3808333
3808397
3808403
3808411
3808429
3808477
3808487
3808513
3808549
3808559
3808579
3808591
3808667
3808709
3808711
3808751
3808757
3808789
3808793
3808801
3808813
3808829
3808841
3808843
3808853
3808907
3808913
3808963
3808967
3808979
3808993
3808999
3809051
3809077
3809081
3809089
3809107
3809123
3809131
3809137
3809149
3809153
3809159
3809161
3809167
3809171
3809189
3809251
3809257
3809279
3809297
3809321
3809339
3809341
3809369
3809381
3809383
3809387
3809423
3809431
3809461
3809471
3809489
3809501
3809503
3809539
3809543
3809549
3809551
3809567
3809591
3809593
3809599
3809623
3809639
3809653
3809677
3809681
3809699
3809711
3809719
3809723
3809731
3809737
3809749
3809753
3809777
3809791
3809803
3809809
3809831
3809837
3809849
3809857
3809891
3809903
3809909
3809917
3809941
3809947
3809957
3809959
3809963
3809977
3809983
3809987
3810017
3810031
3810047
3810071
3810077
3810083
3810097
3810119
3810133
3810137
3810143
3810151
3810167
3810173
3810181
3810199
3810211
3810221
3810229
3810251
3810269
3810277
3810293
3810299
3810319
3810343
3810349
3810353
3810379
3810383
3810403
3810409
3810413
3810419
3810421
3810461
3810463
3810481
3810493
3810497
3810503
3810509
3810511
3810517
3810523
3810529
3810553
3810557
3810559
3810563
3810577
3810589
3810623
3810637
3810643
3810661
3810679
3810701
3810707
3810721
3810727
3810733
3810739
3810743
3810757
3810761
3810767
3810769
3810797
3810809
3810817
3810823
3810841
3810899
3810931
3810979
3811007
3811013
3811057
3811063
3811081
3811099
3811117
3811121
3811127
3811139
3811141
3811147
3811163
3811189
3811193
3811201
3811207
3811217
3811253
3811273
3811279
3811289
3811303
3811321
3811331
3811369
3811373
3811387
3811411
3811427
3811433
3811453
3811469
3811487
3811501
3811523
3811529
3811541
3811547
3811579
3811589
3811627
3811631
3811657
3811669
3811681
3811711
3811733
3811741
3811763
3811771
3811783
3811817
3811877
3811889
3811891
3811909
3811921
3811939
3811949
3811967
3811979
3812023
3812033
3812059
3812071
3812077
3812111
3812119
3812129
3812153
3812177
3812183
3812189
3812191
3812201
3812209
3812213
3812219
3812257
3812261
3812269
3812309
3812357
3812363
3812371
3812381
3812383
3812387
3812399
3812441
3812453
3812477
3812513
3812527
3812531
3812533
3812569
3812581
3812587
3812603
3812617
3812623
3812647
3812651
3812657
3812663
3812689
3812693
3812701
3812707
3812719
3812729
3812737
3812741
3812759
3812773
3812791
3812797
3812801
3812807
3812819
3812839
3812843
3812899
3812911
3812923
3812951
3812983
3812987
3812989
3813001
3813013
3813023
3813067
3813097
3813113
3813143
3813149
3813169
3813211
3813221
3813223
3813233
3813289
3813307
3813311
3813317
3813323
3813349
3813353
3813379
3813391
3813401
3813419
3813421
3813427
3813461
3813463
3813493
3813499
3813503
3813517
3813521
3813539
3813571
3813577
3813581
3813599
3813611
3813617
3813619
3813631
3813643
3813647
3813673
3813679
3813751
3813757
3813769
3813773
3813811
3813847
3813869
3813871
3813893
3813913
3813941
3813949
3813959
3813983
3814009
3814033
3814043
3814061
3814081
3814087
3814091
3814093
3814121
3814123
3814127
3814183
There are 1543 prime numbers in S325.
