S326(3814201~3837672)
3814207
3814211
3814253
3814267
3814301
3814309
3814313
3814319
3814337
3814339
3814351
3814361
3814373
3814381
3814387
3814397
3814403
3814417
3814423
3814427
3814429
3814439
3814483
3814493
3814501
3814529
3814543
3814553
3814561
3814583
3814607
3814609
3814621
3814627
3814633
3814637
3814639
3814667
3814691
3814693
3814697
3814703
3814709
3814717
3814721
3814729
3814739
3814751
3814753
3814771
3814777
3814787
3814793
3814799
3814813
3814841
3814903
3814931
3814957
3814961
3814963
3814973
3814981
3814997
3815041
3815051
3815057
3815069
3815081
3815083
3815087
3815101
3815111
3815159
3815167
3815179
3815197
3815209
3815221
3815243
3815249
3815267
3815281
3815291
3815303
3815321
3815351
3815363
3815377
3815381
3815389
3815407
3815423
3815431
3815453
3815459
3815467
3815473
3815503
3815509
3815521
3815527
3815533
3815549
3815557
3815563
3815569
3815579
3815597
3815627
3815639
3815641
3815653
3815681
3815683
3815687
3815711
3815719
3815737
3815761
3815767
3815771
3815797
3815807
3815809
3815813
3815843
3815869
3815879
3815891
3815893
3815909
3815923
3815927
3815957
3815963
3816011
3816013
3816019
3816031
3816049
3816067
3816073
3816089
3816103
3816107
3816133
3816149
3816167
3816173
3816187
3816191
3816203
3816233
3816277
3816287
3816299
3816311
3816377
3816383
3816389
3816391
3816427
3816431
3816437
3816467
3816469
3816497
3816499
3816539
3816557
3816559
3816563
3816581
3816599
3816601
3816623
3816629
3816641
3816647
3816667
3816677
3816679
3816691
3816697
3816713
3816733
3816737
3816763
3816767
3816793
3816803
3816811
3816847
3816863
3816877
3816881
3816907
3816913
3816941
3816973
3816979
3817039
3817063
3817111
3817117
3817127
3817133
3817147
3817159
3817169
3817181
3817189
3817193
3817211
3817213
3817217
3817237
3817249
3817259
3817273
3817277
3817279
3817291
3817301
3817313
3817339
3817343
3817349
3817351
3817369
3817381
3817391
3817393
3817397
3817447
3817501
3817511
3817523
3817543
3817553
3817559
3817573
3817579
3817607
3817621
3817657
3817679
3817687
3817691
3817717
3817721
3817739
3817753
3817757
3817777
3817783
3817789
3817811
3817813
3817817
3817819
3817829
3817859
3817889
3817903
3817907
3817939
3817963
3817967
3817969
3817981
3817987
3817999
3818021
3818027
3818029
3818033
3818039
3818063
3818071
3818077
3818093
3818123
3818131
3818137
3818179
3818201
3818209
3818219
3818231
3818237
3818261
3818267
3818291
3818293
3818317
3818329
3818333
3818341
3818351
3818359
3818369
3818389
3818393
3818407
3818431
3818447
3818461
3818473
3818501
3818513
3818527
3818533
3818537
3818543
3818561
3818587
3818603
3818641
3818651
3818681
3818687
3818707
3818719
3818729
3818741
3818767
3818803
3818831
3818839
3818869
3818879
3818887
3818909
3818917
3818929
3818951
3818953
3818963
3818977
3819007
3819031
3819037
3819041
3819059
3819073
3819077
3819083
3819089
3819139
3819143
3819187
3819197
3819199
3819223
3819227
3819229
3819259
3819269
3819301
3819313
3819331
3819337
3819341
3819353
3819367
3819371
3819379
3819421
3819461
3819463
3819481
3819511
3819521
3819523
3819527
3819559
3819583
3819617
3819631
3819661
3819671
3819691
3819707
3819709
3819731
3819757
3819773
3819797
3819811
3819821
3819833
3819853
3819857
3819877
3819899
3819901
3819923
3819943
3819979
3819983
3819997
3820009
3820031
3820043
3820051
3820057
3820067
3820097
3820109
3820111
3820127
3820129
3820133
3820153
3820171
3820177
3820181
3820237
3820253
3820259
3820279
3820303
3820319
3820321
3820343
3820351
3820357
3820363
3820379
3820391
3820423
3820429
3820441
3820447
3820457
3820477
3820499
3820511
3820513
3820517
3820543
3820549
3820567
3820571
3820589
3820591
3820603
3820627
3820651
3820673
3820709
3820711
3820727
3820759
3820763
3820769
3820787
3820799
3820811
3820813
3820841
3820847
3820849
3820853
3820867
3820871
3820889
3820891
3820933
3820963
3820987
3820997
3821003
3821009
3821057
3821099
3821117
3821119
3821123
3821131
3821137
3821171
3821173
3821177
3821183
3821203
3821219
3821221
3821231
3821239
3821263
3821267
3821269
3821273
3821317
3821327
3821329
3821347
3821351
3821387
3821399
3821407
3821423
3821437
3821483
3821491
3821497
3821513
3821563
3821579
3821581
3821627
3821633
3821639
3821647
3821669
3821681
3821687
3821689
3821723
3821729
3821731
3821737
3821771
3821789
3821791
3821801
3821803
3821809
3821813
3821819
3821827
3821837
3821863
3821893
3821903
3821911
3821929
3821947
3821953
3821963
3821971
3821981
3822017
3822029
3822031
3822037
3822041
3822047
3822053
3822073
3822103
3822107
3822109
3822139
3822157
3822167
3822191
3822223
3822241
3822251
3822253
3822271
3822277
3822281
3822289
3822311
3822317
3822349
3822367
3822383
3822397
3822407
3822409
3822419
3822421
3822473
3822491
3822493
3822509
3822523
3822527
3822529
3822541
3822583
3822587
3822589
3822593
3822601
3822613
3822619
3822631
3822649
3822653
3822661
3822683
3822701
3822727
3822737
3822757
3822769
3822779
3822811
3822821
3822823
3822851
3822869
3822883
3822913
3822919
3822941
3822947
3822967
3823007
3823031
3823067
3823069
3823091
3823097
3823103
3823117
3823139
3823151
3823159
3823163
3823177
3823187
3823201
3823207
3823213
3823219
3823223
3823241
3823243
3823271
3823277
3823289
3823301
3823307
3823319
3823349
3823399
3823411
3823429
3823433
3823439
3823441
3823459
3823511
3823513
3823553
3823559
3823577
3823597
3823609
3823627
3823649
3823661
3823697
3823711
3823717
3823723
3823733
3823739
3823747
3823753
3823777
3823789
3823801
3823811
3823867
3823871
3823877
3823879
3823889
3823901
3823927
3823931
3823933
3823951
3823973
3823991
3824017
3824053
3824057
3824069
3824083
3824089
3824113
3824123
3824137
3824147
3824173
3824189
3824207
3824231
3824243
3824267
3824281
3824297
3824323
3824333
3824347
3824413
3824441
3824461
3824477
3824479
3824497
3824503
3824519
3824537
3824551
3824573
3824591
3824599
3824617
3824641
3824651
3824663
3824669
3824671
3824683
3824713
3824729
3824741
3824753
3824759
3824771
3824827
3824837
3824861
3824867
3824869
3824879
3824921
3824927
3824939
3824993
3824999
3825011
3825043
3825049
3825053
3825079
3825083
3825089
3825091
3825103
3825109
3825167
3825179
3825181
3825191
3825193
3825209
3825223
3825229
3825257
3825271
3825281
3825293
3825299
3825301
3825313
3825329
3825343
3825347
3825359
3825373
3825379
3825397
3825401
3825413
3825421
3825427
3825439
3825457
3825463
3825473
3825509
3825511
3825529
3825533
3825557
3825559
3825599
3825623
3825637
3825643
3825649
3825671
3825677
3825683
3825691
3825713
3825721
3825739
3825743
3825781
3825793
3825817
3825823
3825827
3825851
3825853
3825869
3825893
3825907
3825919
3825923
3825931
3825947
3825949
3825953
3825979
3826001
3826007
3826019
3826157
3826177
3826187
3826219
3826259
3826279
3826283
3826297
3826313
3826337
3826367
3826373
3826393
3826399
3826409
3826439
3826453
3826481
3826499
3826517
3826541
3826573
3826583
3826597
3826601
3826621
3826631
3826639
3826661
3826673
3826703
3826721
3826723
3826729
3826741
3826769
3826777
3826843
3826859
3826861
3826877
3826897
3826931
3826943
3826951
3826967
3827003
3827029
3827053
3827059
3827071
3827093
3827143
3827149
3827191
3827207
3827209
3827221
3827231
3827249
3827273
3827293
3827297
3827339
3827347
3827357
3827381
3827393
3827401
3827419
3827429
3827437
3827441
3827479
3827489
3827519
3827561
3827563
3827573
3827581
3827599
3827611
3827617
3827627
3827639
3827647
3827651
3827657
3827671
3827693
3827701
3827723
3827741
3827749
3827767
3827783
3827809
3827833
3827843
3827869
3827881
3827893
3827897
3827899
3827927
3827939
3827947
3827953
3827977
3827981
3828007
3828023
3828037
3828049
3828053
3828059
3828061
3828067
3828073
3828079
3828091
3828109
3828113
3828119
3828133
3828151
3828169
3828217
3828229
3828239
3828259
3828263
3828269
3828287
3828311
3828343
3828359
3828361
3828371
3828379
3828389
3828397
3828401
3828413
3828431
3828437
3828449
3828463
3828467
3828497
3828499
3828509
3828521
3828523
3828571
3828589
3828599
3828611
3828637
3828659
3828661
3828673
3828683
3828701
3828719
3828733
3828743
3828749
3828751
3828821
3828857
3828887
3828901
3828917
3828919
3828931
3828941
3828947
3828953
3828973
3829079
3829081
3829087
3829103
3829121
3829123
3829129
3829139
3829141
3829157
3829169
3829171
3829181
3829183
3829219
3829223
3829229
3829237
3829253
3829271
3829283
3829289
3829291
3829307
3829321
3829333
3829351
3829373
3829379
3829381
3829391
3829429
3829433
3829447
3829459
3829487
3829489
3829493
3829499
3829531
3829559
3829597
3829601
3829603
3829613
3829633
3829649
3829667
3829673
3829681
3829691
3829729
3829733
3829751
3829757
3829781
3829783
3829801
3829807
3829817
3829823
3829829
3829831
3829843
3829853
3829873
3829883
3829897
3829901
3829919
3829927
3829949
3829961
3829979
3829993
3829997
3830003
3830017
3830023
3830027
3830033
3830051
3830087
3830093
3830111
3830119
3830131
3830137
3830147
3830149
3830159
3830161
3830207
3830231
3830243
3830263
3830269
3830273
3830303
3830317
3830327
3830347
3830357
3830371
3830377
3830401
3830413
3830429
3830441
3830459
3830461
3830509
3830513
3830527
3830531
3830537
3830539
3830543
3830549
3830557
3830579
3830597
3830599
3830611
3830623
3830669
3830689
3830711
3830713
3830731
3830737
3830747
3830759
3830773
3830791
3830803
3830819
3830843
3830863
3830867
3830881
3830891
3830909
3830927
3830963
3830969
3830977
3831007
3831019
3831043
3831067
3831097
3831101
3831119
3831131
3831167
3831169
3831181
3831199
3831221
3831253
3831287
3831301
3831319
3831329
3831379
3831413
3831427
3831437
3831439
3831449
3831467
3831473
3831493
3831517
3831523
3831557
3831571
3831577
3831587
3831599
3831623
3831643
3831649
3831661
3831689
3831691
3831719
3831721
3831727
3831733
3831743
3831767
3831781
3831811
3831827
3831871
3831889
3831907
3831911
3831913
3831917
3831923
3831929
3831937
3832001
3832009
3832019
3832061
3832067
3832079
3832097
3832111
3832121
3832133
3832159
3832163
3832177
3832183
3832207
3832219
3832223
3832247
3832249
3832253
3832267
3832273
3832291
3832303
3832307
3832337
3832343
3832351
3832397
3832399
3832403
3832417
3832481
3832487
3832489
3832501
3832511
3832579
3832597
3832603
3832613
3832627
3832637
3832643
3832657
3832663
3832679
3832687
3832723
3832729
3832757
3832783
3832811
3832831
3832853
3832877
3832879
3832903
3832919
3832921
3832931
3832937
3832949
3832957
3832993
3832999
3833009
3833033
3833047
3833059
3833069
3833087
3833099
3833101
3833107
3833129
3833153
3833183
3833197
3833201
3833209
3833233
3833239
3833257
3833261
3833281
3833293
3833327
3833329
3833339
3833359
3833369
3833371
3833411
3833413
3833419
3833441
3833443
3833513
3833527
3833567
3833569
3833591
3833629
3833647
3833651
3833699
3833701
3833707
3833719
3833723
3833729
3833737
3833747
3833777
3833833
3833867
3833873
3833881
3833897
3833899
3833909
3833927
3833971
3833989
3834013
3834023
3834043
3834053
3834059
3834079
3834091
3834109
3834121
3834139
3834157
3834161
3834167
3834191
3834221
3834223
3834227
3834251
3834253
3834283
3834287
3834301
3834377
3834407
3834431
3834433
3834437
3834451
3834473
3834499
3834529
3834533
3834539
3834541
3834547
3834553
3834557
3834577
3834601
3834613
3834619
3834631
3834647
3834653
3834703
3834797
3834829
3834833
3834841
3834851
3834893
3834899
3834907
3834913
3834937
3834953
3834959
3834967
3834983
3834991
3835001
3835021
3835031
3835049
3835057
3835061
3835067
3835079
3835109
3835123
3835157
3835187
3835199
3835231
3835241
3835243
3835259
3835261
3835267
3835291
3835301
3835303
3835313
3835331
3835339
3835343
3835361
3835367
3835373
3835379
3835399
3835439
3835441
3835483
3835487
3835501
3835519
3835547
3835567
3835577
3835597
3835603
3835607
3835613
3835621
3835631
3835651
3835669
3835681
3835691
3835697
3835747
3835751
3835757
3835759
3835763
3835771
3835831
3835861
3835873
3835877
3835883
3835903
3835907
3835913
3835921
3835927
3835939
3835957
3835969
3835973
3835991
3836047
3836069
3836113
3836143
3836153
3836171
3836179
3836213
3836227
3836243
3836257
3836263
3836267
3836279
3836291
3836293
3836317
3836321
3836341
3836359
3836363
3836383
3836387
3836389
3836401
3836431
3836449
3836471
3836489
3836501
3836513
3836519
3836587
3836603
3836629
3836639
3836663
3836669
3836681
3836683
3836731
3836741
3836743
3836771
3836801
3836809
3836827
3836831
3836843
3836851
3836867
3836869
3836887
3836891
3836893
3836927
3836941
3836957
3836977
3836983
3837013
3837017
3837049
3837079
3837101
3837103
3837131
3837133
3837137
3837139
3837143
3837151
3837167
3837179
3837187
3837199
3837209
3837217
3837241
3837247
3837263
3837287
3837289
3837311
3837319
3837329
3837331
3837347
3837349
3837371
3837377
3837401
3837403
3837437
3837439
3837451
3837467
3837469
3837497
3837499
3837511
3837553
3837557
3837569
3837577
3837629
3837643
3837653
3837661
There are 1572 prime numbers in S326.
