S327(3837673~3861216)
3837689
3837703
3837721
3837727
3837737
3837739
3837749
3837787
3837851
3837853
3837857
3837859
3837863
3837871
3837877
3837901
3837917
3837923
3837949
3837979
3837989
3837991
3837997
3838001
3838013
3838027
3838097
3838099
3838103
3838111
3838117
3838123
3838129
3838139
3838157
3838183
3838187
3838201
3838213
3838231
3838253
3838259
3838283
3838333
3838381
3838391
3838397
3838409
3838423
3838433
3838441
3838477
3838507
3838519
3838529
3838561
3838591
3838609
3838613
3838619
3838621
3838657
3838661
3838711
3838729
3838771
3838777
3838801
3838811
3838831
3838841
3838853
3838859
3838867
3838883
3838897
3838903
3838921
3838927
3838937
3838951
3838973
3838979
3838981
3838993
3839023
3839027
3839029
3839039
3839047
3839051
3839113
3839131
3839153
3839177
3839201
3839203
3839221
3839233
3839237
3839239
3839261
3839293
3839299
3839309
3839317
3839327
3839347
3839351
3839359
3839369
3839417
3839419
3839449
3839471
3839503
3839509
3839519
3839533
3839573
3839579
3839587
3839593
3839611
3839621
3839623
3839639
3839651
3839677
3839681
3839683
3839701
3839707
3839711
3839713
3839747
3839777
3839783
3839809
3839813
3839833
3839839
3839851
3839911
3839923
3839929
3839951
3839959
3839963
3839987
3839999
3840007
3840017
3840037
3840043
3840059
3840061
3840077
3840091
3840107
3840127
3840139
3840157
3840163
3840169
3840173
3840191
3840203
3840211
3840227
3840253
3840257
3840259
3840271
3840289
3840301
3840307
3840313
3840329
3840349
3840359
3840391
3840401
3840409
3840449
3840469
3840479
3840481
3840503
3840523
3840533
3840541
3840547
3840601
3840647
3840649
3840667
3840671
3840689
3840703
3840713
3840719
3840721
3840737
3840761
3840787
3840791
3840821
3840829
3840853
3840911
3840913
3840923
3840953
3840961
3840971
3841009
3841027
3841039
3841049
3841063
3841073
3841087
3841091
3841111
3841121
3841127
3841129
3841139
3841141
3841153
3841181
3841199
3841219
3841223
3841237
3841247
3841259
3841261
3841267
3841283
3841291
3841301
3841307
3841309
3841339
3841351
3841361
3841367
3841373
3841381
3841393
3841399
3841403
3841429
3841433
3841457
3841469
3841499
3841517
3841531
3841559
3841561
3841567
3841573
3841603
3841619
3841627
3841631
3841657
3841679
3841681
3841693
3841709
3841729
3841751
3841753
3841757
3841763
3841777
3841787
3841807
3841829
3841843
3841867
3841883
3841889
3841907
3841909
3841913
3841919
3841927
3841961
3841973
3841991
3841993
3841997
3842011
3842029
3842077
3842089
3842101
3842143
3842147
3842149
3842177
3842183
3842197
3842213
3842227
3842231
3842269
3842281
3842287
3842299
3842303
3842317
3842327
3842353
3842369
3842381
3842401
3842411
3842431
3842483
3842507
3842519
3842539
3842549
3842551
3842557
3842569
3842599
3842603
3842627
3842669
3842677
3842687
3842689
3842711
3842717
3842737
3842749
3842759
3842777
3842779
3842801
3842803
3842809
3842831
3842843
3842851
3842873
3842887
3842899
3842903
3842929
3842941
3842947
3842957
3842963
3842981
3842989
3842999
3843023
3843029
3843031
3843041
3843067
3843097
3843107
3843121
3843127
3843131
3843137
3843179
3843181
3843197
3843199
3843221
3843223
3843247
3843251
3843253
3843311
3843313
3843317
3843347
3843361
3843379
3843407
3843419
3843451
3843467
3843533
3843551
3843557
3843571
3843577
3843611
3843617
3843629
3843661
3843677
3843701
3843713
3843731
3843733
3843739
3843743
3843773
3843781
3843823
3843841
3843859
3843881
3843883
3843913
3843919
3843923
3843937
3843941
3843943
3843971
3843977
3844019
3844021
3844067
3844069
3844079
3844097
3844109
3844111
3844117
3844121
3844133
3844187
3844199
3844229
3844241
3844273
3844277
3844301
3844303
3844307
3844331
3844333
3844339
3844343
3844391
3844409
3844433
3844439
3844469
3844537
3844541
3844549
3844571
3844583
3844591
3844613
3844619
3844627
3844637
3844649
3844663
3844667
3844697
3844717
3844747
3844751
3844777
3844801
3844807
3844823
3844829
3844843
3844847
3844861
3844877
3844901
3844909
3844921
3844927
3844943
3844949
3844957
3844963
3844987
3844999
3845027
3845029
3845033
3845041
3845057
3845113
3845119
3845123
3845143
3845159
3845173
3845183
3845221
3845251
3845263
3845273
3845279
3845287
3845291
3845293
3845297
3845311
3845321
3845327
3845329
3845341
3845351
3845357
3845363
3845381
3845389
3845407
3845441
3845449
3845459
3845461
3845477
3845489
3845497
3845537
3845539
3845549
3845557
3845563
3845579
3845593
3845651
3845663
3845693
3845701
3845717
3845741
3845747
3845753
3845837
3845861
3845873
3845887
3845903
3845909
3845921
3845929
3845939
3845977
3845981
3845983
3845987
3845993
3846013
3846019
3846023
3846103
3846109
3846127
3846133
3846149
3846163
3846191
3846197
3846203
3846209
3846217
3846223
3846229
3846239
3846247
3846257
3846259
3846277
3846281
3846287
3846289
3846331
3846347
3846371
3846373
3846389
3846397
3846413
3846421
3846439
3846461
3846463
3846467
3846481
3846487
3846499
3846509
3846523
3846529
3846541
3846571
3846593
3846613
3846617
3846629
3846643
3846649
3846653
3846659
3846673
3846691
3846701
3846707
3846751
3846761
3846767
3846769
3846833
3846841
3846863
3846877
3846917
3846929
3846943
3846961
3846991
3847013
3847021
3847037
3847061
3847079
3847093
3847127
3847147
3847157
3847159
3847201
3847237
3847241
3847243
3847271
3847273
3847303
3847309
3847351
3847357
3847397
3847409
3847421
3847433
3847439
3847451
3847469
3847471
3847477
3847489
3847499
3847549
3847553
3847577
3847583
3847589
3847603
3847619
3847621
3847637
3847639
3847651
3847663
3847673
3847687
3847721
3847777
3847783
3847799
3847817
3847829
3847849
3847859
3847867
3847871
3847873
3847897
3847927
3847931
3847939
3848017
3848021
3848029
3848057
3848059
3848083
3848099
3848101
3848161
3848167
3848177
3848191
3848197
3848209
3848231
3848233
3848237
3848249
3848261
3848263
3848269
3848287
3848293
3848303
3848347
3848357
3848359
3848381
3848417
3848419
3848437
3848447
3848473
3848491
3848497
3848513
3848527
3848531
3848539
3848563
3848569
3848573
3848591
3848597
3848599
3848609
3848623
3848639
3848651
3848653
3848657
3848671
3848687
3848699
3848707
3848717
3848753
3848791
3848809
3848813
3848821
3848827
3848833
3848837
3848861
3848869
3848881
3848891
3848903
3848921
3848939
3848941
3848947
3848951
3848969
3849017
3849023
3849029
3849031
3849061
3849091
3849107
3849113
3849127
3849133
3849137
3849143
3849149
3849151
3849187
3849193
3849233
3849269
3849281
3849299
3849319
3849341
3849359
3849379
3849383
3849389
3849397
3849401
3849409
3849421
3849437
3849467
3849479
3849491
3849499
3849511
3849523
3849529
3849541
3849569
3849581
3849583
3849617
3849653
3849679
3849683
3849707
3849737
3849743
3849757
3849767
3849787
3849793
3849821
3849823
3849827
3849829
3849841
3849847
3849863
3849889
3849929
3849943
3849949
3849977
3849997
3850003
3850009
3850013
3850043
3850061
3850073
3850081
3850129
3850151
3850153
3850159
3850199
3850219
3850237
3850241
3850247
3850267
3850271
3850277
3850303
3850339
3850373
3850387
3850391
3850393
3850403
3850421
3850459
3850463
3850477
3850481
3850489
3850507
3850547
3850571
3850589
3850621
3850633
3850657
3850661
3850699
3850703
3850723
3850811
3850813
3850829
3850831
3850837
3850841
3850883
3850909
3850921
3850937
3850949
3850963
3850967
3850981
3851009
3851011
3851017
3851041
3851047
3851059
3851063
3851077
3851083
3851087
3851101
3851147
3851149
3851173
3851179
3851213
3851279
3851291
3851303
3851317
3851359
3851363
3851369
3851371
3851377
3851387
3851389
3851399
3851413
3851423
3851429
3851431
3851443
3851459
3851587
3851593
3851597
3851599
3851611
3851641
3851651
3851677
3851689
3851713
3851747
3851759
3851761
3851767
3851779
3851789
3851797
3851801
3851807
3851819
3851839
3851857
3851863
3851873
3851899
3851917
3851923
3851977
3851989
3851993
3852001
3852011
3852019
3852049
3852059
3852067
3852077
3852083
3852103
3852127
3852131
3852133
3852139
3852143
3852151
3852209
3852221
3852253
3852257
3852263
3852271
3852301
3852313
3852323
3852337
3852341
3852347
3852361
3852367
3852379
3852391
3852419
3852427
3852451
3852487
3852493
3852503
3852539
3852547
3852553
3852559
3852581
3852601
3852631
3852643
3852677
3852683
3852689
3852691
3852697
3852703
3852713
3852733
3852767
3852781
3852787
3852809
3852881
3852889
3852907
3852913
3852917
3852923
3852949
3852973
3852997
3853007
3853009
3853037
3853039
3853079
3853081
3853093
3853097
3853111
3853141
3853151
3853163
3853183
3853193
3853211
3853247
3853249
3853261
3853279
3853301
3853313
3853321
3853379
3853403
3853411
3853417
3853427
3853429
3853469
3853501
3853511
3853529
3853537
3853547
3853559
3853567
3853583
3853589
3853609
3853613
3853621
3853643
3853649
3853669
3853687
3853693
3853697
3853709
3853711
3853727
3853741
3853753
3853757
3853763
3853793
3853813
3853847
3853853
3853873
3853909
3853933
3853937
3853943
3853991
3854003
3854023
3854027
3854029
3854063
3854077
3854083
3854089
3854099
3854111
3854113
3854117
3854119
3854143
3854153
3854159
3854167
3854171
3854197
3854203
3854231
3854237
3854243
3854251
3854273
3854281
3854297
3854311
3854341
3854387
3854429
3854449
3854453
3854467
3854471
3854483
3854497
3854537
3854551
3854573
3854579
3854581
3854621
3854629
3854671
3854677
3854681
3854693
3854717
3854723
3854729
3854737
3854749
3854761
3854783
3854797
3854827
3854843
3854897
3854899
3854923
3854927
3854933
3854947
3854957
3854969
3854989
3855013
3855023
3855029
3855041
3855083
3855091
3855127
3855133
3855143
3855149
3855151
3855161
3855169
3855179
3855197
3855211
3855217
3855223
3855239
3855287
3855323
3855331
3855359
3855361
3855367
3855409
3855419
3855431
3855469
3855479
3855493
3855497
3855503
3855539
3855541
3855547
3855557
3855571
3855581
3855623
3855647
3855667
3855703
3855757
3855769
3855779
3855781
3855793
3855799
3855829
3855851
3855857
3855913
3855919
3855937
3855949
3855953
3855961
3855967
3855977
3855979
3855983
3855989
3856001
3856007
3856033
3856037
3856067
3856109
3856123
3856129
3856133
3856141
3856147
3856187
3856199
3856213
3856231
3856243
3856253
3856261
3856267
3856273
3856289
3856357
3856361
3856367
3856379
3856381
3856393
3856403
3856409
3856451
3856469
3856477
3856499
3856511
3856513
3856519
3856537
3856549
3856561
3856579
3856591
3856597
3856607
3856613
3856631
3856661
3856667
3856703
3856717
3856729
3856733
3856751
3856763
3856777
3856793
3856813
3856823
3856837
3856861
3856873
3856877
3856891
3856903
3856907
3856921
3856949
3856967
3856973
3856987
3856997
3856999
3857003
3857023
3857027
3857039
3857053
3857081
3857107
3857137
3857141
3857153
3857167
3857179
3857207
3857233
3857263
3857267
3857297
3857309
3857311
3857327
3857339
3857341
3857369
3857383
3857417
3857429
3857443
3857449
3857459
3857467
3857473
3857489
3857519
3857531
3857543
3857549
3857561
3857569
3857611
3857621
3857641
3857663
3857681
3857683
3857717
3857719
3857723
3857743
3857747
3857761
3857773
3857801
3857803
3857809
3857839
3857863
3857869
3857873
3857891
3857911
3857921
3857941
3857983
3857989
3857993
3858011
3858017
3858037
3858053
3858079
3858091
3858103
3858143
3858157
3858163
3858191
3858193
3858199
3858233
3858251
3858259
3858287
3858289
3858299
3858307
3858317
3858367
3858401
3858403
3858427
3858431
3858461
3858487
3858493
3858497
3858499
3858509
3858511
3858523
3858529
3858581
3858583
3858593
3858607
3858629
3858667
3858671
3858719
3858721
3858727
3858737
3858749
3858761
3858763
3858781
3858791
3858793
3858817
3858839
3858851
3858859
3858889
3858901
3858923
3858929
3858931
3858941
3858947
3858971
3858991
3858997
3859003
3859007
3859019
3859027
3859039
3859049
3859067
3859073
3859081
3859099
3859127
3859139
3859151
3859157
3859171
3859181
3859183
3859189
3859201
3859213
3859231
3859243
3859253
3859259
3859277
3859279
3859309
3859313
3859319
3859321
3859327
3859333
3859381
3859393
3859399
3859411
3859439
3859447
3859477
3859481
3859483
3859501
3859511
3859517
3859529
3859567
3859573
3859621
3859649
3859673
3859693
3859759
3859769
3859771
3859783
3859787
3859789
3859819
3859829
3859847
3859879
3859927
3859931
3859939
3859963
3859979
3859993
3860009
3860023
3860029
3860033
3860039
3860041
3860083
3860093
3860107
3860117
3860123
3860137
3860147
3860183
3860189
3860209
3860221
3860231
3860237
3860267
3860281
3860291
3860293
3860299
3860303
3860317
3860333
3860347
3860357
3860359
3860369
3860383
3860387
3860431
3860471
3860489
3860501
3860537
3860557
3860561
3860587
3860611
3860639
3860641
3860657
3860663
3860687
3860723
3860729
3860737
3860777
3860807
3860821
3860827
3860863
3860867
3860869
3860893
3860903
3860917
3860939
3860947
3860953
3860959
3860993
3861007
3861017
3861041
3861059
3861073
3861083
3861113
3861119
3861167
3861173
3861203
3861211
There are 1555 prime numbers in S327.
