S328(3861217~3884832)
3861223
3861233
3861241
3861251
3861259
3861269
3861289
3861293
3861317
3861337
3861343
3861349
3861383
3861413
3861419
3861433
3861439
3861449
3861461
3861463
3861521
3861547
3861551
3861563
3861581
3861587
3861589
3861593
3861607
3861659
3861709
3861713
3861719
3861721
3861743
3861751
3861811
3861817
3861821
3861841
3861857
3861863
3861877
3861881
3861889
3861899
3861911
3861929
3861961
3861967
3861983
3861989
3862003
3862007
3862013
3862039
3862049
3862051
3862063
3862087
3862099
3862109
3862121
3862141
3862147
3862151
3862153
3862169
3862181
3862189
3862193
3862219
3862237
3862253
3862267
3862277
3862279
3862289
3862291
3862343
3862361
3862363
3862373
3862403
3862409
3862421
3862427
3862433
3862447
3862477
3862489
3862493
3862531
3862549
3862559
3862577
3862589
3862591
3862609
3862673
3862699
3862709
3862711
3862717
3862739
3862741
3862769
3862783
3862787
3862811
3862841
3862847
3862849
3862853
3862861
3862891
3862921
3862933
3862939
3862987
3862993
3862997
3863009
3863017
3863107
3863173
3863183
3863201
3863203
3863239
3863243
3863257
3863269
3863273
3863291
3863297
3863303
3863309
3863311
3863317
3863339
3863347
3863393
3863399
3863407
3863411
3863417
3863423
3863443
3863473
3863477
3863501
3863513
3863521
3863533
3863549
3863569
3863581
3863591
3863603
3863611
3863677
3863681
3863683
3863687
3863737
3863759
3863771
3863773
3863789
3863803
3863831
3863833
3863837
3863843
3863857
3863861
3863863
3863887
3863903
3863911
3863971
3863987
3864019
3864037
3864059
3864089
3864097
3864101
3864131
3864137
3864139
3864187
3864191
3864193
3864197
3864233
3864247
3864269
3864307
3864313
3864319
3864331
3864347
3864349
3864403
3864407
3864409
3864433
3864449
3864451
3864461
3864463
3864473
3864479
3864499
3864521
3864541
3864551
3864557
3864583
3864587
3864599
3864607
3864629
3864643
3864671
3864673
3864683
3864691
3864697
3864703
3864709
3864719
3864767
3864781
3864787
3864793
3864803
3864811
3864821
3864827
3864829
3864841
3864871
3864901
3864929
3864941
3864953
3864977
3864979
3865007
3865009
3865013
3865019
3865063
3865079
3865093
3865117
3865123
3865133
3865153
3865157
3865187
3865229
3865231
3865243
3865247
3865283
3865289
3865321
3865331
3865333
3865349
3865361
3865363
3865429
3865447
3865457
3865469
3865481
3865513
3865517
3865523
3865529
3865553
3865567
3865577
3865591
3865601
3865637
3865663
3865691
3865733
3865747
3865769
3865777
3865801
3865819
3865847
3865853
3865859
3865867
3865877
3865889
3865907
3865913
3865933
3865943
3865951
3865957
3865963
3865969
3865991
3865993
3866011
3866033
3866039
3866081
3866099
3866117
3866141
3866143
3866147
3866171
3866183
3866201
3866237
3866243
3866263
3866281
3866287
3866333
3866393
3866399
3866419
3866437
3866441
3866453
3866479
3866543
3866581
3866609
3866617
3866623
3866627
3866647
3866651
3866713
3866717
3866719
3866741
3866749
3866767
3866777
3866791
3866809
3866839
3866857
3866867
3866869
3866879
3866881
3866903
3866911
3866917
3866923
3866927
3866957
3866963
3866969
3866977
3866983
3867001
3867011
3867047
3867077
3867091
3867107
3867131
3867133
3867137
3867163
3867169
3867181
3867191
3867209
3867221
3867223
3867229
3867233
3867239
3867257
3867263
3867271
3867323
3867337
3867349
3867359
3867361
3867371
3867389
3867401
3867421
3867433
3867443
3867481
3867491
3867503
3867533
3867541
3867557
3867587
3867599
3867601
3867623
3867629
3867649
3867679
3867683
3867691
3867707
3867713
3867733
3867739
3867757
3867763
3867767
3867769
3867779
3867797
3867803
3867847
3867859
3867881
3867889
3867911
3867923
3867931
3867937
3867947
3867961
3868003
3868013
3868019
3868021
3868031
3868043
3868057
3868079
3868093
3868097
3868121
3868133
3868141
3868159
3868169
3868177
3868187
3868201
3868213
3868219
3868243
3868247
3868253
3868259
3868261
3868279
3868283
3868297
3868321
3868331
3868357
3868399
3868427
3868441
3868463
3868477
3868481
3868483
3868493
3868517
3868541
3868549
3868567
3868591
3868619
3868649
3868679
3868699
3868717
3868721
3868729
3868751
3868763
3868789
3868793
3868811
3868817
3868847
3868849
3868897
3868901
3868933
3868937
3868957
3868961
3868973
3868981
3868987
3868999
3869009
3869023
3869029
3869051
3869057
3869069
3869101
3869111
3869113
3869123
3869153
3869167
3869189
3869191
3869197
3869213
3869231
3869263
3869297
3869311
3869321
3869329
3869351
3869399
3869417
3869461
3869473
3869501
3869561
3869573
3869581
3869603
3869611
3869623
3869627
3869629
3869639
3869641
3869647
3869653
3869683
3869687
3869729
3869741
3869743
3869753
3869759
3869791
3869797
3869807
3869849
3869857
3869861
3869881
3869917
3869959
3869989
3869993
3870001
3870011
3870037
3870047
3870059
3870073
3870077
3870149
3870157
3870173
3870179
3870193
3870197
3870199
3870211
3870227
3870239
3870247
3870259
3870283
3870299
3870337
3870401
3870413
3870437
3870439
3870457
3870467
3870469
3870479
3870499
3870527
3870551
3870557
3870563
3870599
3870613
3870617
3870619
3870631
3870649
3870653
3870667
3870689
3870697
3870703
3870709
3870719
3870721
3870751
3870767
3870773
3870793
3870803
3870821
3870827
3870847
3870863
3870869
3870899
3870913
3870929
3870941
3870947
3870953
3870959
3870983
3871009
3871013
3871039
3871073
3871081
3871103
3871111
3871129
3871139
3871151
3871159
3871171
3871177
3871201
3871211
3871271
3871303
3871319
3871321
3871331
3871339
3871363
3871381
3871391
3871397
3871423
3871433
3871447
3871481
3871499
3871501
3871523
3871537
3871547
3871579
3871583
3871601
3871603
3871607
3871619
3871657
3871661
3871663
3871669
3871691
3871759
3871781
3871783
3871787
3871811
3871817
3871823
3871831
3871841
3871871
3871883
3871909
3871919
3871921
3871961
3871969
3872017
3872023
3872041
3872047
3872059
3872101
3872129
3872153
3872201
3872203
3872207
3872221
3872237
3872249
3872273
3872287
3872291
3872293
3872299
3872317
3872329
3872359
3872381
3872387
3872389
3872417
3872423
3872459
3872503
3872507
3872521
3872527
3872543
3872567
3872587
3872591
3872647
3872669
3872677
3872681
3872731
3872761
3872767
3872773
3872777
3872797
3872807
3872833
3872839
3872851
3872873
3872887
3872893
3872899
3872917
3872929
3872933
3872959
3872963
3872969
3872971
3872977
3873007
3873011
3873041
3873061
3873071
3873091
3873101
3873151
3873157
3873179
3873193
3873209
3873239
3873257
3873281
3873299
3873313
3873323
3873329
3873343
3873349
3873367
3873371
3873379
3873383
3873391
3873413
3873427
3873431
3873437
3873461
3873479
3873487
3873491
3873497
3873509
3873517
3873577
3873629
3873631
3873647
3873659
3873677
3873679
3873691
3873697
3873707
3873713
3873719
3873731
3873743
3873767
3873769
3873781
3873799
3873809
3873811
3873817
3873829
3873833
3873839
3873847
3873871
3873893
3873901
3873911
3873931
3873941
3873983
3873997
3874009
3874027
3874067
3874093
3874099
3874103
3874109
3874111
3874133
3874151
3874153
3874193
3874201
3874219
3874229
3874231
3874237
3874243
3874279
3874319
3874333
3874337
3874361
3874369
3874379
3874391
3874393
3874417
3874433
3874439
3874441
3874469
3874501
3874513
3874531
3874547
3874561
3874571
3874573
3874579
3874583
3874639
3874669
3874679
3874693
3874697
3874711
3874723
3874733
3874747
3874753
3874763
3874799
3874807
3874823
3874831
3874837
3874853
3874867
3874877
3874889
3874891
3874919
3874933
3874939
3874957
3874979
3874987
3875041
3875051
3875057
3875087
3875089
3875101
3875141
3875143
3875159
3875161
3875173
3875177
3875239
3875243
3875273
3875281
3875309
3875317
3875321
3875323
3875329
3875359
3875363
3875369
3875381
3875383
3875387
3875401
3875407
3875429
3875447
3875453
3875467
3875537
3875539
3875549
3875551
3875567
3875591
3875603
3875617
3875623
3875629
3875653
3875671
3875681
3875693
3875699
3875741
3875743
3875747
3875797
3875803
3875827
3875869
3875873
3875909
3875917
3875929
3875933
3875939
3875947
3875951
3875957
3875987
3876007
3876011
3876031
3876073
3876079
3876091
3876101
3876107
3876109
3876143
3876161
3876179
3876203
3876253
3876269
3876277
3876287
3876307
3876311
3876317
3876319
3876329
3876347
3876371
3876403
3876413
3876449
3876469
3876491
3876497
3876539
3876557
3876569
3876577
3876583
3876599
3876617
3876619
3876641
3876659
3876661
3876679
3876707
3876709
3876739
3876773
3876781
3876787
3876793
3876827
3876869
3876881
3876907
3876913
3876937
3876941
3876947
3876959
3876973
3876979
3876991
3876997
3877033
3877043
3877057
3877061
3877063
3877073
3877079
3877123
3877151
3877189
3877219
3877243
3877259
3877283
3877331
3877337
3877339
3877361
3877373
3877397
3877403
3877417
3877441
3877451
3877477
3877481
3877483
3877487
3877507
3877543
3877571
3877589
3877597
3877603
3877609
3877613
3877631
3877633
3877663
3877667
3877669
3877673
3877681
3877703
3877733
3877763
3877771
3877781
3877789
3877799
3877801
3877813
3877817
3877837
3877849
3877871
3877877
3877879
3877889
3877891
3877897
3877901
3877927
3877943
3877987
3877999
3878003
3878051
3878093
3878101
3878107
3878113
3878137
3878143
3878177
3878183
3878207
3878209
3878219
3878221
3878263
3878267
3878269
3878279
3878291
3878297
3878323
3878359
3878389
3878401
3878423
3878447
3878449
3878491
3878519
3878521
3878543
3878549
3878561
3878597
3878617
3878621
3878629
3878647
3878653
3878657
3878681
3878687
3878701
3878713
3878741
3878753
3878759
3878761
3878767
3878773
3878783
3878843
3878867
3878879
3878893
3878899
3878921
3878923
3878947
3878981
3878993
3879023
3879047
3879049
3879067
3879101
3879119
3879121
3879143
3879149
3879151
3879163
3879167
3879181
3879193
3879199
3879221
3879257
3879259
3879263
3879269
3879277
3879283
3879307
3879311
3879319
3879329
3879347
3879353
3879361
3879397
3879437
3879509
3879517
3879527
3879529
3879541
3879569
3879581
3879593
3879607
3879641
3879671
3879679
3879691
3879697
3879719
3879721
3879727
3879737
3879739
3879749
3879751
3879773
3879793
3879797
3879817
3879829
3879839
3879851
3879853
3879913
3879917
3879919
3879923
3879943
3879959
3879979
3879983
3879989
3880003
3880007
3880033
3880043
3880049
3880057
3880061
3880067
3880069
3880091
3880099
3880127
3880139
3880147
3880157
3880159
3880181
3880189
3880193
3880207
3880223
3880241
3880249
3880259
3880337
3880343
3880361
3880381
3880411
3880421
3880441
3880447
3880451
3880453
3880507
3880517
3880543
3880553
3880561
3880567
3880589
3880601
3880603
3880627
3880631
3880633
3880661
3880663
3880729
3880733
3880757
3880763
3880771
3880781
3880801
3880817
3880847
3880853
3880861
3880871
3880889
3880897
3880901
3880907
3880927
3880949
3880999
3881021
3881027
3881029
3881057
3881063
3881069
3881071
3881077
3881093
3881113
3881131
3881147
3881161
3881173
3881177
3881203
3881209
3881221
3881239
3881249
3881291
3881299
3881303
3881323
3881333
3881341
3881351
3881359
3881363
3881387
3881393
3881407
3881413
3881419
3881431
3881441
3881443
3881461
3881467
3881509
3881543
3881573
3881587
3881597
3881609
3881611
3881659
3881671
3881699
3881711
3881723
3881741
3881743
3881803
3881807
3881837
3881849
3881863
3881869
3881873
3881887
3881951
3881953
3881959
3881987
3881989
3882007
3882019
3882029
3882031
3882071
3882079
3882089
3882107
3882121
3882133
3882149
3882157
3882163
3882191
3882227
3882233
3882311
3882313
3882343
3882353
3882367
3882383
3882397
3882401
3882407
3882421
3882451
3882481
3882523
3882539
3882547
3882553
3882559
3882563
3882569
3882587
3882601
3882643
3882649
3882661
3882667
3882679
3882691
3882713
3882721
3882733
3882737
3882763
3882773
3882787
3882799
3882841
3882871
3882877
3882881
3882887
3882889
3882899
3882911
3882913
3882937
3882941
3882947
3882959
3883001
3883027
3883031
3883037
3883051
3883063
3883073
3883079
3883109
3883111
3883127
3883133
3883169
3883171
3883177
3883183
3883189
3883207
3883211
3883213
3883219
3883223
3883247
3883249
3883273
3883283
3883291
3883301
3883307
3883309
3883333
3883379
3883393
3883417
3883423
3883427
3883433
3883441
3883489
3883493
3883499
3883501
3883519
3883541
3883547
3883549
3883559
3883571
3883591
3883597
3883601
3883637
3883639
3883669
3883679
3883699
3883703
3883727
3883811
3883823
3883829
3883843
3883903
3883921
3883933
3883937
3883951
3883963
3883967
3883969
3884011
3884047
3884051
3884063
3884071
3884081
3884093
3884099
3884117
3884123
3884131
3884141
3884159
3884161
3884183
3884203
3884213
3884239
3884261
3884267
3884291
3884311
3884333
3884389
3884399
3884407
3884411
3884429
3884431
3884473
3884497
3884533
3884537
3884591
3884609
3884659
3884689
3884693
3884707
3884717
3884729
3884731
3884747
3884767
3884807
3884819
3884831
There are 1534 prime numbers in S328.
