S330(3908521~3932280)
3908537
3908539
3908543
3908549
3908561
3908563
3908581
3908587
3908609
3908617
3908629
3908659
3908687
3908693
3908701
3908711
3908731
3908741
3908753
3908761
3908767
3908771
3908831
3908837
3908857
3908867
3908869
3908887
3908893
3908911
3908921
3909019
3909023
3909043
3909049
3909083
3909091
3909107
3909127
3909179
3909209
3909211
3909221
3909233
3909247
3909251
3909253
3909263
3909271
3909277
3909289
3909293
3909329
3909341
3909343
3909359
3909361
3909397
3909401
3909427
3909463
3909467
3909469
3909481
3909491
3909509
3909523
3909527
3909533
3909547
3909559
3909589
3909593
3909613
3909617
3909641
3909667
3909671
3909691
3909707
3909709
3909733
3909739
3909749
3909761
3909767
3909769
3909797
3909799
3909803
3909817
3909853
3909889
3909907
3909911
3909923
3909943
3909959
3909967
3909979
3910001
3910003
3910009
3910019
3910031
3910043
3910057
3910063
3910079
3910087
3910091
3910097
3910111
3910121
3910133
3910141
3910147
3910169
3910171
3910177
3910201
3910229
3910237
3910241
3910243
3910261
3910267
3910297
3910301
3910337
3910339
3910349
3910351
3910363
3910367
3910381
3910397
3910411
3910427
3910429
3910441
3910451
3910469
3910477
3910507
3910513
3910519
3910531
3910553
3910559
3910573
3910597
3910631
3910651
3910661
3910691
3910693
3910717
3910727
3910733
3910747
3910763
3910787
3910843
3910849
3910861
3910909
3910913
3910919
3910967
3910981
3910993
3910997
3910999
3911009
3911021
3911057
3911059
3911069
3911077
3911087
3911099
3911111
3911123
3911129
3911153
3911179
3911191
3911203
3911221
3911227
3911249
3911251
3911261
3911263
3911273
3911279
3911291
3911339
3911351
3911417
3911423
3911429
3911431
3911459
3911497
3911507
3911519
3911521
3911539
3911543
3911563
3911573
3911617
3911623
3911627
3911647
3911653
3911681
3911689
3911693
3911711
3911741
3911749
3911767
3911773
3911779
3911783
3911807
3911821
3911849
3911861
3911879
3911881
3911911
3911923
3911927
3911939
3911977
3912017
3912031
3912037
3912061
3912109
3912127
3912131
3912199
3912211
3912217
3912221
3912229
3912239
3912247
3912263
3912319
3912367
3912379
3912401
3912413
3912439
3912443
3912451
3912457
3912463
3912481
3912487
3912497
3912509
3912511
3912547
3912551
3912569
3912607
3912611
3912647
3912673
3912679
3912719
3912721
3912749
3912757
3912763
3912781
3912809
3912817
3912823
3912827
3912833
3912859
3912877
3912893
3912899
3912901
3912919
3912943
3912947
3912959
3912973
3912983
3913027
3913033
3913051
3913061
3913067
3913093
3913103
3913109
3913121
3913127
3913139
3913159
3913171
3913181
3913193
3913199
3913237
3913249
3913277
3913309
3913319
3913331
3913369
3913391
3913397
3913421
3913489
3913499
3913501
3913513
3913531
3913541
3913543
3913561
3913583
3913589
3913627
3913633
3913667
3913669
3913673
3913687
3913697
3913717
3913727
3913747
3913771
3913787
3913807
3913837
3913907
3913963
3913969
3913991
3913993
3914003
3914011
3914069
3914077
3914083
3914087
3914089
3914107
3914111
3914129
3914143
3914179
3914189
3914201
3914203
3914221
3914249
3914257
3914263
3914269
3914279
3914291
3914293
3914303
3914321
3914327
3914329
3914353
3914357
3914359
3914377
3914387
3914413
3914429
3914441
3914453
3914459
3914461
3914467
3914503
3914509
3914549
3914569
3914579
3914593
3914597
3914621
3914663
3914671
3914689
3914699
3914723
3914747
3914749
3914783
3914819
3914821
3914837
3914851
3914857
3914863
3914873
3914887
3914891
3914903
3914921
3914923
3914941
3914957
3914983
3914987
3915013
3915031
3915047
3915061
3915073
3915077
3915101
3915127
3915139
3915143
3915157
3915167
3915169
3915187
3915239
3915251
3915257
3915259
3915277
3915293
3915341
3915343
3915361
3915371
3915397
3915403
3915419
3915421
3915427
3915433
3915469
3915473
3915479
3915487
3915503
3915511
3915521
3915533
3915553
3915557
3915601
3915629
3915631
3915683
3915689
3915697
3915707
3915713
3915719
3915731
3915739
3915761
3915781
3915803
3915809
3915817
3915823
3915839
3915853
3915887
3915893
3915907
3915931
3915937
3915941
3915953
3915959
3915971
3915979
3915997
3916019
3916021
3916027
3916037
3916039
3916057
3916067
3916079
3916091
3916097
3916153
3916169
3916177
3916183
3916193
3916229
3916271
3916301
3916303
3916309
3916313
3916321
3916327
3916343
3916373
3916387
3916391
3916403
3916411
3916433
3916439
3916453
3916459
3916469
3916481
3916499
3916529
3916543
3916609
3916621
3916631
3916637
3916639
3916643
3916663
3916667
3916673
3916691
3916721
3916733
3916751
3916799
3916811
3916813
3916849
3916879
3916883
3916897
3916901
3916903
3916921
3916981
3917009
3917033
3917041
3917047
3917063
3917087
3917093
3917101
3917113
3917119
3917131
3917149
3917161
3917167
3917183
3917189
3917201
3917203
3917209
3917261
3917267
3917281
3917297
3917323
3917411
3917413
3917453
3917461
3917467
3917471
3917479
3917483
3917489
3917491
3917527
3917549
3917561
3917587
3917609
3917623
3917681
3917699
3917717
3917729
3917731
3917737
3917759
3917761
3917791
3917801
3917827
3917833
3917863
3917909
3917923
3917989
3918011
3918029
3918037
3918043
3918053
3918067
3918071
3918127
3918137
3918139
3918149
3918151
3918157
3918179
3918193
3918197
3918209
3918251
3918259
3918269
3918281
3918283
3918293
3918301
3918311
3918323
3918353
3918359
3918377
3918379
3918391
3918401
3918413
3918443
3918491
3918511
3918529
3918539
3918553
3918557
3918569
3918571
3918583
3918587
3918589
3918613
3918641
3918667
3918689
3918697
3918743
3918751
3918757
3918793
3918797
3918829
3918851
3918853
3918869
3918881
3918899
3918913
3918919
3918923
3918949
3918983
3919007
3919021
3919033
3919037
3919049
3919057
3919079
3919081
3919087
3919099
3919109
3919133
3919169
3919171
3919183
3919199
3919211
3919213
3919217
3919219
3919229
3919241
3919243
3919247
3919249
3919259
3919261
3919277
3919309
3919319
3919327
3919369
3919381
3919387
3919393
3919397
3919411
3919417
3919441
3919457
3919463
3919481
3919501
3919519
3919523
3919541
3919543
3919549
3919577
3919583
3919603
3919607
3919613
3919621
3919627
3919667
3919679
3919687
3919711
3919717
3919763
3919771
3919777
3919781
3919787
3919789
3919807
3919813
3919823
3919829
3919859
3919873
3919889
3919897
3919907
3919943
3919961
3919973
3919999
3920003
3920011
3920029
3920057
3920069
3920071
3920087
3920089
3920131
3920141
3920153
3920177
3920179
3920197
3920201
3920209
3920227
3920233
3920239
3920243
3920263
3920269
3920299
3920303
3920311
3920359
3920377
3920383
3920401
3920417
3920429
3920431
3920453
3920459
3920467
3920471
3920509
3920513
3920551
3920561
3920629
3920677
3920681
3920687
3920689
3920729
3920737
3920743
3920747
3920759
3920797
3920843
3920857
3920867
3920899
3920909
3920923
3920929
3920933
3920941
3920947
3920957
3920977
3920981
3920989
3921023
3921037
3921059
3921079
3921089
3921121
3921139
3921143
3921161
3921173
3921179
3921191
3921193
3921209
3921217
3921227
3921287
3921289
3921301
3921343
3921347
3921367
3921377
3921383
3921413
3921451
3921497
3921499
3921503
3921521
3921529
3921551
3921559
3921601
3921637
3921649
3921677
3921683
3921689
3921719
3921721
3921761
3921769
3921791
3921817
3921823
3921851
3921859
3921877
3921881
3921893
3921913
3921919
3921941
3921949
3921959
3921971
3921991
3921997
3922003
3922007
3922013
3922031
3922033
3922063
3922067
3922081
3922099
3922109
3922123
3922153
3922157
3922169
3922187
3922207
3922231
3922249
3922267
3922273
3922277
3922309
3922313
3922327
3922349
3922357
3922367
3922403
3922409
3922423
3922433
3922439
3922459
3922463
3922487
3922507
3922519
3922543
3922553
3922559
3922561
3922577
3922579
3922601
3922613
3922619
3922621
3922637
3922651
3922657
3922691
3922717
3922729
3922741
3922747
3922753
3922769
3922781
3922819
3922843
3922871
3922907
3922909
3922931
3922939
3922967
3922973
3922979
3922981
3922993
3923009
3923011
3923047
3923071
3923077
3923083
3923089
3923099
3923159
3923173
3923189
3923203
3923233
3923261
3923263
3923279
3923281
3923287
3923303
3923321
3923347
3923357
3923399
3923401
3923407
3923417
3923429
3923471
3923477
3923483
3923527
3923539
3923567
3923599
3923609
3923611
3923627
3923629
3923641
3923653
3923669
3923681
3923687
3923723
3923737
3923761
3923771
3923779
3923789
3923791
3923827
3923837
3923839
3923863
3923867
3923893
3923897
3923911
3923917
3923963
3923971
3923977
3923981
3923993
3924017
3924023
3924029
3924047
3924071
3924079
3924083
3924097
3924101
3924103
3924113
3924119
3924121
3924139
3924163
3924181
3924187
3924199
3924209
3924211
3924227
3924247
3924253
3924281
3924287
3924289
3924293
3924307
3924311
3924337
3924341
3924343
3924353
3924409
3924413
3924443
3924449
3924451
3924457
3924461
3924497
3924499
3924517
3924527
3924533
3924539
3924581
3924593
3924611
3924617
3924649
3924677
3924689
3924719
3924721
3924731
3924757
3924761
3924779
3924787
3924797
3924803
3924827
3924839
3924847
3924853
3924863
3924871
3924883
3924901
3924929
3924931
3924937
3924953
3924959
3925013
3925027
3925037
3925043
3925069
3925087
3925091
3925109
3925123
3925133
3925151
3925171
3925177
3925193
3925213
3925223
3925253
3925261
3925277
3925279
3925297
3925301
3925307
3925309
3925357
3925373
3925379
3925391
3925403
3925421
3925459
3925483
3925489
3925541
3925549
3925553
3925583
3925591
3925613
3925631
3925637
3925667
3925693
3925699
3925717
3925729
3925739
3925741
3925751
3925781
3925783
3925807
3925829
3925841
3925843
3925877
3925897
3925903
3925927
3925949
3925967
3925969
3925973
3925981
3925993
3926017
3926023
3926047
3926089
3926093
3926101
3926113
3926129
3926137
3926147
3926171
3926203
3926213
3926227
3926231
3926233
3926249
3926291
3926297
3926311
3926323
3926341
3926347
3926357
3926423
3926431
3926441
3926467
3926471
3926479
3926497
3926501
3926539
3926543
3926561
3926569
3926603
3926621
3926623
3926633
3926639
3926641
3926651
3926707
3926719
3926729
3926731
3926737
3926759
3926771
3926789
3926827
3926849
3926869
3926891
3926893
3926903
3926911
3926917
3926933
3926941
3926957
3926959
3926963
3927013
3927019
3927037
3927047
3927059
3927067
3927073
3927083
3927097
3927107
3927109
3927113
3927127
3927137
3927139
3927197
3927199
3927251
3927257
3927269
3927271
3927293
3927299
3927307
3927337
3927347
3927361
3927373
3927377
3927409
3927419
3927437
3927449
3927463
3927467
3927479
3927523
3927529
3927551
3927559
3927563
3927593
3927601
3927611
3927647
3927667
3927691
3927701
3927709
3927713
3927727
3927739
3927751
3927761
3927769
3927823
3927827
3927829
3927839
3927877
3927887
3927893
3927907
3927919
3927929
3927941
3927943
3927961
3927967
3927971
3927997
3928013
3928019
3928027
3928039
3928049
3928069
3928091
3928097
3928109
3928123
3928151
3928157
3928159
3928163
3928189
3928229
3928247
3928259
3928261
3928273
3928283
3928303
3928313
3928319
3928361
3928367
3928373
3928381
3928391
3928399
3928417
3928429
3928447
3928451
3928453
3928487
3928493
3928553
3928577
3928619
3928621
3928637
3928651
3928663
3928667
3928669
3928681
3928703
3928709
3928721
3928733
3928739
3928753
3928783
3928807
3928811
3928817
3928823
3928831
3928843
3928849
3928913
3928931
3928937
3928961
3928973
3928979
3928997
3929011
3929017
3929027
3929047
3929053
3929063
3929099
3929117
3929129
3929131
3929161
3929173
3929183
3929201
3929209
3929213
3929221
3929249
3929267
3929269
3929291
3929309
3929311
3929323
3929327
3929351
3929357
3929369
3929407
3929417
3929449
3929461
3929477
3929479
3929501
3929503
3929509
3929521
3929531
3929537
3929543
3929551
3929557
3929581
3929593
3929609
3929621
3929633
3929657
3929671
3929683
3929687
3929699
3929707
3929719
3929729
3929741
3929747
3929749
3929753
3929773
3929797
3929831
3929833
3929843
3929857
3929879
3929917
3929923
3929927
3929951
3929957
3929969
3929977
3930001
3930023
3930037
3930061
3930139
3930191
3930197
3930209
3930221
3930229
3930257
3930259
3930271
3930293
3930307
3930317
3930319
3930323
3930331
3930337
3930361
3930371
3930373
3930389
3930391
3930439
3930461
3930463
3930467
3930481
3930491
3930497
3930517
3930527
3930529
3930541
3930559
3930569
3930571
3930581
3930593
3930601
3930607
3930611
3930613
3930637
3930653
3930671
3930683
3930709
3930721
3930727
3930737
3930743
3930761
3930763
3930767
3930799
3930811
3930827
3930841
3930869
3930887
3930919
3930923
3930973
3930989
3931001
3931027
3931049
3931051
3931087
3931093
3931159
3931177
3931231
3931241
3931247
3931259
3931261
3931273
3931283
3931307
3931331
3931349
3931357
3931363
3931373
3931379
3931387
3931393
3931399
3931439
3931457
3931463
3931469
3931481
3931517
3931519
3931523
3931541
3931547
3931553
3931567
3931589
3931639
3931649
3931661
3931667
3931687
3931693
3931721
3931729
3931747
3931757
3931783
3931787
3931799
3931801
3931813
3931817
3931831
3931847
3931861
3931891
3931927
3931933
3931943
3931969
3931997
3932003
3932021
3932039
3932053
3932059
3932063
3932077
3932099
3932119
3932129
3932147
3932153
3932167
3932179
3932207
3932209
3932237
3932239
There are 1581 prime numbers in S330.
