S331(3932281~3956112)
3932281
3932303
3932309
3932347
3932377
3932387
3932399
3932413
3932447
3932473
3932483
3932503
3932521
3932543
3932573
3932581
3932633
3932641
3932647
3932657
3932659
3932681
3932689
3932707
3932713
3932717
3932723
3932741
3932743
3932749
3932771
3932779
3932783
3932801
3932813
3932827
3932861
3932869
3932897
3932917
3932921
3932927
3932941
3932947
3932953
3932959
3932963
3932969
3932993
3933011
3933037
3933053
3933071
3933073
3933091
3933109
3933119
3933131
3933143
3933151
3933197
3933199
3933203
3933221
3933227
3933233
3933257
3933269
3933277
3933301
3933337
3933343
3933367
3933379
3933431
3933439
3933469
3933481
3933491
3933493
3933509
3933539
3933547
3933557
3933569
3933577
3933583
3933593
3933599
3933731
3933733
3933767
3933773
3933781
3933791
3933823
3933841
3933857
3933859
3933871
3933887
3933901
3933907
3933929
3933959
3933961
3933971
3933973
3933977
3933997
3934001
3934009
3934013
3934033
3934057
3934087
3934093
3934103
3934109
3934153
3934187
3934201
3934207
3934261
3934267
3934289
3934309
3934339
3934351
3934363
3934367
3934369
3934373
3934421
3934433
3934451
3934453
3934471
3934477
3934493
3934499
3934507
3934519
3934523
3934537
3934583
3934589
3934603
3934621
3934631
3934639
3934669
3934717
3934727
3934739
3934741
3934751
3934783
3934813
3934823
3934849
3934867
3934873
3934877
3934901
3934943
3934963
3934967
3934979
3934991
3934993
3935003
3935011
3935023
3935027
3935089
3935101
3935117
3935119
3935153
3935161
3935179
3935203
3935207
3935219
3935257
3935273
3935287
3935291
3935297
3935311
3935333
3935363
3935383
3935389
3935411
3935417
3935423
3935443
3935453
3935471
3935479
3935497
3935501
3935509
3935521
3935539
3935563
3935573
3935587
3935609
3935627
3935629
3935651
3935683
3935699
3935719
3935753
3935759
3935761
3935779
3935797
3935809
3935819
3935821
3935837
3935839
3935861
3935879
3935887
3935917
3935947
3935951
3935989
3935999
3936001
3936007
3936011
3936019
3936043
3936103
3936113
3936131
3936137
3936139
3936161
3936167
3936181
3936187
3936217
3936223
3936227
3936239
3936241
3936271
3936293
3936301
3936307
3936313
3936329
3936353
3936437
3936463
3936481
3936509
3936523
3936577
3936587
3936589
3936593
3936599
3936623
3936631
3936641
3936643
3936683
3936727
3936731
3936733
3936769
3936791
3936799
3936811
3936827
3936833
3936839
3936869
3936883
3936899
3936913
3936917
3936923
3936929
3936967
3936973
3936997
3937019
3937039
3937051
3937057
3937061
3937067
3937079
3937097
3937099
3937103
3937111
3937139
3937147
3937159
3937169
3937177
3937181
3937187
3937201
3937229
3937249
3937253
3937261
3937267
3937273
3937289
3937291
3937303
3937321
3937337
3937357
3937363
3937369
3937397
3937399
3937411
3937469
3937477
3937481
3937487
3937499
3937501
3937513
3937537
3937559
3937561
3937567
3937573
3937607
3937621
3937631
3937643
3937673
3937679
3937691
3937697
3937709
3937721
3937751
3937753
3937757
3937771
3937777
3937781
3937783
3937789
3937819
3937831
3937849
3937861
3937877
3937903
3937919
3937943
3937949
3937951
3937981
3937993
3938029
3938057
3938063
3938087
3938089
3938107
3938117
3938119
3938141
3938153
3938167
3938197
3938251
3938257
3938273
3938281
3938303
3938321
3938329
3938351
3938357
3938371
3938381
3938383
3938393
3938437
3938447
3938449
3938471
3938477
3938489
3938513
3938521
3938527
3938531
3938549
3938593
3938603
3938609
3938629
3938633
3938639
3938653
3938657
3938699
3938707
3938717
3938723
3938731
3938743
3938771
3938783
3938789
3938791
3938821
3938827
3938839
3938897
3938903
3938923
3938927
3938939
3938941
3938971
3938981
3938999
3939031
3939043
3939059
3939071
3939149
3939181
3939191
3939203
3939209
3939227
3939241
3939259
3939269
3939277
3939337
3939349
3939361
3939367
3939373
3939379
3939421
3939433
3939443
3939457
3939469
3939473
3939497
3939499
3939521
3939539
3939541
3939569
3939589
3939619
3939641
3939671
3939673
3939713
3939721
3939743
3939769
3939773
3939779
3939781
3939787
3939791
3939811
3939829
3939839
3939841
3939851
3939899
3939907
3939917
3939919
3939931
3939953
3939959
3939989
3939997
3940009
3940021
3940033
3940063
3940091
3940099
3940117
3940121
3940127
3940147
3940159
3940171
3940177
3940207
3940213
3940217
3940231
3940247
3940249
3940253
3940267
3940271
3940273
3940289
3940301
3940303
3940309
3940319
3940351
3940367
3940369
3940373
3940381
3940397
3940411
3940427
3940439
3940451
3940457
3940483
3940487
3940499
3940507
3940513
3940523
3940553
3940561
3940577
3940579
3940589
3940597
3940609
3940631
3940637
3940663
3940667
3940679
3940691
3940693
3940697
3940721
3940747
3940763
3940777
3940793
3940799
3940801
3940823
3940837
3940841
3940891
3940931
3940933
3940939
3940943
3940967
3940969
3940987
3941011
3941017
3941029
3941039
3941053
3941057
3941081
3941083
3941099
3941107
3941111
3941117
3941137
3941159
3941183
3941209
3941233
3941243
3941293
3941299
3941317
3941359
3941363
3941369
3941381
3941411
3941437
3941447
3941449
3941471
3941473
3941507
3941537
3941551
3941611
3941629
3941633
3941653
3941669
3941687
3941689
3941711
3941719
3941741
3941801
3941803
3941831
3941837
3941887
3941891
3941923
3941933
3941957
3941963
3941969
3942007
3942023
3942041
3942047
3942061
3942067
3942089
3942097
3942121
3942137
3942209
3942217
3942227
3942241
3942259
3942287
3942293
3942307
3942311
3942331
3942349
3942353
3942359
3942373
3942377
3942383
3942397
3942401
3942403
3942409
3942413
3942467
3942469
3942479
3942493
3942503
3942509
3942527
3942551
3942553
3942569
3942571
3942577
3942581
3942619
3942643
3942647
3942661
3942677
3942721
3942727
3942739
3942751
3942767
3942769
3942773
3942781
3942839
3942871
3942889
3942907
3942919
3942923
3942931
3942941
3942947
3942977
3942989
3943007
3943019
3943021
3943061
3943087
3943091
3943103
3943109
3943111
3943117
3943123
3943129
3943139
3943153
3943171
3943187
3943193
3943207
3943211
3943243
3943249
3943259
3943267
3943283
3943301
3943307
3943319
3943367
3943397
3943399
3943403
3943409
3943427
3943451
3943481
3943517
3943523
3943529
3943531
3943543
3943547
3943559
3943591
3943613
3943627
3943631
3943633
3943637
3943651
3943661
3943663
3943673
3943691
3943703
3943717
3943721
3943757
3943763
3943769
3943777
3943799
3943829
3943843
3943853
3943859
3943871
3943873
3943883
3943921
3943931
3943937
3943939
3943957
3943967
3943993
3943999
3944009
3944011
3944033
3944041
3944107
3944131
3944141
3944173
3944183
3944189
3944219
3944231
3944249
3944251
3944257
3944309
3944329
3944351
3944359
3944371
3944387
3944389
3944399
3944407
3944411
3944429
3944441
3944449
3944461
3944483
3944497
3944503
3944509
3944513
3944537
3944539
3944557
3944581
3944593
3944597
3944599
3944617
3944621
3944627
3944669
3944671
3944683
3944711
3944729
3944767
3944789
3944791
3944807
3944813
3944821
3944827
3944839
3944861
3944869
3944873
3944881
3944909
3944911
3944921
3944933
3944953
3944987
3944999
3945013
3945017
3945031
3945047
3945059
3945077
3945079
3945101
3945107
3945119
3945127
3945157
3945163
3945203
3945233
3945287
3945299
3945301
3945313
3945323
3945329
3945341
3945349
3945353
3945367
3945391
3945413
3945427
3945449
3945457
3945467
3945527
3945607
3945631
3945647
3945659
3945661
3945671
3945677
3945701
3945703
3945727
3945731
3945757
3945761
3945803
3945841
3945883
3945913
3945917
3945919
3945923
3945937
3945973
3945983
3946027
3946037
3946039
3946051
3946123
3946139
3946141
3946157
3946177
3946183
3946211
3946213
3946219
3946223
3946231
3946237
3946247
3946249
3946259
3946289
3946297
3946337
3946339
3946379
3946381
3946387
3946391
3946399
3946403
3946421
3946427
3946429
3946447
3946463
3946469
3946477
3946483
3946489
3946493
3946507
3946511
3946541
3946549
3946571
3946589
3946597
3946643
3946673
3946681
3946721
3946727
3946729
3946739
3946741
3946757
3946759
3946763
3946793
3946799
3946801
3946829
3946837
3946843
3946853
3946879
3946913
3946933
3946937
3946939
3946981
3946991
3946993
3946997
3947017
3947023
3947051
3947059
3947071
3947087
3947089
3947101
3947113
3947131
3947143
3947147
3947173
3947189
3947227
3947233
3947297
3947299
3947309
3947311
3947327
3947351
3947353
3947369
3947401
3947407
3947413
3947431
3947453
3947473
3947479
3947491
3947501
3947507
3947533
3947549
3947557
3947561
3947569
3947579
3947591
3947597
3947623
3947627
3947639
3947659
3947663
3947693
3947747
3947753
3947759
3947771
3947807
3947809
3947831
3947833
3947843
3947851
3947861
3947891
3947897
3947899
3947903
3947921
3947939
3947941
3947963
3947971
3947987
3948071
3948073
3948101
3948121
3948137
3948149
3948151
3948163
3948173
3948179
3948187
3948223
3948229
3948247
3948251
3948271
3948277
3948281
3948283
3948289
3948293
3948311
3948317
3948353
3948361
3948367
3948383
3948431
3948463
3948467
3948473
3948487
3948493
3948521
3948533
3948541
3948547
3948551
3948569
3948577
3948583
3948589
3948613
3948619
3948653
3948667
3948673
3948683
3948689
3948697
3948701
3948719
3948731
3948781
3948803
3948809
3948817
3948821
3948839
3948853
3948859
3948881
3948883
3948887
3948907
3948911
3948953
3949003
3949007
3949013
3949027
3949037
3949039
3949051
3949061
3949063
3949069
3949073
3949087
3949097
3949109
3949111
3949147
3949157
3949177
3949193
3949199
3949213
3949217
3949241
3949247
3949271
3949273
3949291
3949301
3949313
3949333
3949339
3949349
3949357
3949367
3949391
3949409
3949411
3949433
3949441
3949453
3949459
3949469
3949487
3949501
3949529
3949531
3949541
3949579
3949609
3949619
3949643
3949651
3949657
3949669
3949703
3949711
3949723
3949733
3949793
3949819
3949849
3949867
3949871
3949877
3949889
3949903
3949919
3949961
3949969
3950029
3950033
3950039
3950041
3950099
3950101
3950117
3950123
3950129
3950147
3950159
3950161
3950173
3950179
3950183
3950189
3950197
3950201
3950203
3950207
3950213
3950257
3950263
3950267
3950291
3950321
3950327
3950339
3950363
3950383
3950389
3950393
3950399
3950417
3950449
3950459
3950497
3950501
3950509
3950533
3950563
3950599
3950603
3950627
3950629
3950657
3950659
3950693
3950701
3950731
3950753
3950759
3950767
3950777
3950809
3950813
3950827
3950887
3950893
3950899
3950911
3950927
3950929
3950939
3950941
3950951
3951001
3951023
3951071
3951083
3951109
3951113
3951121
3951127
3951131
3951133
3951139
3951151
3951161
3951169
3951173
3951179
3951187
3951197
3951209
3951247
3951251
3951253
3951263
3951281
3951301
3951307
3951319
3951323
3951347
3951371
3951379
3951391
3951401
3951413
3951419
3951421
3951427
3951443
3951461
3951481
3951503
3951509
3951517
3951551
3951553
3951557
3951559
3951587
3951611
3951707
3951719
3951737
3951749
3951767
3951781
3951793
3951797
3951811
3951841
3951863
3951869
3951881
3951887
3951907
3951923
3951947
3951967
3951977
3951989
3952009
3952027
3952037
3952043
3952079
3952099
3952103
3952111
3952121
3952127
3952163
3952181
3952189
3952199
3952217
3952219
3952243
3952301
3952307
3952309
3952321
3952327
3952331
3952337
3952387
3952391
3952393
3952423
3952453
3952463
3952477
3952489
3952493
3952511
3952519
3952537
3952549
3952561
3952567
3952583
3952601
3952633
3952649
3952651
3952679
3952691
3952733
3952759
3952763
3952771
3952813
3952873
3952909
3952919
3952937
3952967
3952981
3952997
3953009
3953011
3953017
3953051
3953071
3953093
3953107
3953143
3953149
3953161
3953189
3953233
3953249
3953267
3953269
3953281
3953293
3953303
3953317
3953353
3953393
3953437
3953473
3953479
3953489
3953491
3953497
3953513
3953519
3953527
3953581
3953591
3953597
3953617
3953627
3953629
3953669
3953689
3953699
3953701
3953717
3953749
3953759
3953779
3953791
3953797
3953801
3953813
3953819
3953827
3953839
3953849
3953863
3953867
3953879
3953909
3953921
3953923
3953927
3953993
3954001
3954007
3954017
3954053
3954077
3954101
3954127
3954131
3954199
3954211
3954221
3954233
3954241
3954253
3954257
3954259
3954281
3954283
3954317
3954331
3954361
3954371
3954373
3954397
3954437
3954443
3954473
3954481
3954493
3954499
3954529
3954547
3954563
3954571
3954583
3954611
3954617
3954623
3954637
3954649
3954683
3954697
3954707
3954719
3954749
3954751
3954767
3954799
3954803
3954823
3954833
3954851
3954859
3954871
3954877
3954889
3954959
3954961
3954971
3954997
3955001
3955009
3955013
3955027
3955043
3955069
3955079
3955087
3955109
3955117
3955121
3955123
3955139
3955141
3955151
3955153
3955157
3955163
3955177
3955187
3955243
3955267
3955277
3955279
3955291
3955307
3955309
3955313
3955319
3955331
3955387
3955403
3955417
3955421
3955429
3955433
3955447
3955459
3955493
3955499
3955529
3955561
3955579
3955597
3955603
3955621
3955643
3955649
3955657
3955663
3955673
3955691
3955703
3955709
3955717
3955723
3955727
3955733
3955753
3955759
3955771
3955799
3955813
3955823
3955859
3955877
3955909
3955927
3955949
3955969
3955979
3955993
3955999
3956027
3956041
3956059
3956081
3956101
There are 1569 prime numbers in S331.
