S334(4003993~4028040)
4003999
4004009
4004023
4004057
4004069
4004081
4004087
4004089
4004137
4004141
4004179
4004191
4004207
4004213
4004219
4004227
4004237
4004249
4004267
4004279
4004281
4004293
4004339
4004359
4004387
4004393
4004417
4004449
4004453
4004489
4004509
4004513
4004527
4004579
4004591
4004597
4004617
4004629
4004653
4004659
4004669
4004677
4004681
4004683
4004699
4004713
4004717
4004731
4004753
4004773
4004779
4004789
4004807
4004821
4004837
4004851
4004867
4004873
4004881
4004887
4004909
4004933
4004939
4004951
4004989
4005019
4005049
4005091
4005119
4005121
4005137
4005173
4005203
4005223
4005229
4005233
4005241
4005271
4005301
4005307
4005317
4005341
4005343
4005347
4005367
4005373
4005377
4005433
4005457
4005467
4005499
4005527
4005539
4005553
4005613
4005619
4005643
4005649
4005653
4005691
4005733
4005767
4005769
4005791
4005817
4005821
4005839
4005847
4005889
4005893
4005901
4005917
4005943
4005959
4005971
4005977
4005983
4006001
4006007
4006019
4006039
4006063
4006091
4006097
4006103
4006109
4006129
4006133
4006141
4006153
4006183
4006201
4006229
4006231
4006241
4006243
4006253
4006259
4006273
4006307
4006309
4006319
4006333
4006337
4006349
4006351
4006361
4006363
4006381
4006403
4006411
4006417
4006423
4006451
4006463
4006477
4006481
4006489
4006517
4006523
4006529
4006537
4006547
4006567
4006571
4006589
4006591
4006603
4006621
4006633
4006637
4006649
4006661
4006687
4006699
4006721
4006729
4006741
4006763
4006789
4006811
4006823
4006837
4006859
4006861
4006879
4006913
4006927
4006931
4006939
4006957
4006963
4006969
4006979
4006993
4007021
4007023
4007033
4007039
4007071
4007077
4007099
4007123
4007131
4007141
4007147
4007149
4007183
4007207
4007209
4007219
4007239
4007251
4007261
4007279
4007281
4007321
4007351
4007363
4007369
4007407
4007411
4007413
4007429
4007431
4007441
4007447
4007459
4007477
4007483
4007491
4007513
4007519
4007527
4007551
4007561
4007569
4007573
4007593
4007599
4007611
4007623
4007629
4007657
4007659
4007671
4007677
4007687
4007723
4007741
4007747
4007777
4007789
4007797
4007813
4007827
4007837
4007851
4007863
4007881
4007893
4007921
4007933
4007953
4007963
4007981
4007999
4008001
4008013
4008023
4008029
4008077
4008089
4008091
4008097
4008131
4008133
4008143
4008149
4008157
4008161
4008181
4008203
4008217
4008227
4008239
4008253
4008271
4008287
4008289
4008307
4008313
4008317
4008349
4008377
4008391
4008397
4008421
4008427
4008437
4008439
4008461
4008523
4008551
4008559
4008577
4008581
4008619
4008629
4008643
4008661
4008671
4008673
4008679
4008689
4008701
4008709
4008713
4008727
4008749
4008769
4008779
4008793
4008799
4008841
4008853
4008869
4008881
4008883
4008887
4008919
4008947
4008967
4008971
4008997
4009001
4009003
4009007
4009037
4009039
4009051
4009091
4009097
4009139
4009141
4009151
4009193
4009207
4009219
4009237
4009249
4009307
4009319
4009321
4009333
4009339
4009373
4009381
4009391
4009409
4009417
4009451
4009477
4009483
4009507
4009529
4009531
4009543
4009547
4009549
4009619
4009631
4009639
4009667
4009669
4009679
4009721
4009729
4009769
4009777
4009781
4009787
4009799
4009823
4009849
4009861
4009891
4009897
4009913
4009919
4009921
4009933
4009939
4009991
4010021
4010029
4010047
4010063
4010081
4010089
4010101
4010117
4010131
4010141
4010143
4010161
4010173
4010177
4010179
4010183
4010189
4010203
4010221
4010231
4010261
4010267
4010269
4010297
4010299
4010339
4010353
4010371
4010399
4010423
4010431
4010443
4010471
4010491
4010507
4010509
4010519
4010527
4010537
4010543
4010549
4010551
4010561
4010569
4010581
4010597
4010599
4010603
4010621
4010627
4010639
4010641
4010647
4010663
4010701
4010707
4010731
4010771
4010777
4010789
4010801
4010803
4010807
4010819
4010833
4010849
4010857
4010893
4010921
4010927
4010939
4010953
4010977
4011011
4011017
4011037
4011043
4011053
4011061
4011103
4011113
4011127
4011157
4011181
4011197
4011209
4011221
4011239
4011247
4011257
4011263
4011283
4011289
4011313
4011331
4011347
4011349
4011353
4011373
4011377
4011409
4011443
4011467
4011479
4011487
4011523
4011529
4011533
4011551
4011559
4011583
4011647
4011649
4011653
4011671
4011673
4011701
4011703
4011719
4011731
4011737
4011767
4011769
4011781
4011797
4011811
4011817
4011827
4011859
4011863
4011871
4011883
4011899
4011911
4011923
4011929
4011977
4011979
4011991
4012013
4012033
4012037
4012067
4012069
4012079
4012081
4012103
4012109
4012111
4012133
4012147
4012157
4012163
4012171
4012193
4012199
4012207
4012213
4012241
4012247
4012271
4012273
4012297
4012321
4012339
4012367
4012369
4012381
4012441
4012451
4012457
4012483
4012487
4012499
4012507
4012537
4012549
4012573
4012601
4012621
4012627
4012633
4012639
4012669
4012681
4012703
4012709
4012721
4012747
4012769
4012783
4012829
4012837
4012847
4012861
4012871
4012873
4012927
4012949
4012993
4012997
4012999
4013021
4013027
4013059
4013089
4013111
4013153
4013159
4013179
4013183
4013197
4013209
4013227
4013267
4013287
4013297
4013323
4013329
4013363
4013369
4013407
4013419
4013423
4013441
4013461
4013473
4013497
4013507
4013519
4013521
4013543
4013557
4013561
4013563
4013567
4013573
4013591
4013621
4013623
4013641
4013651
4013671
4013699
4013729
4013761
4013783
4013827
4013837
4013851
4013857
4013881
4013897
4013909
4013917
4013929
4013939
4013951
4013953
4013981
4013987
4013993
4014001
4014011
4014047
4014053
4014071
4014113
4014133
4014137
4014139
4014161
4014163
4014173
4014191
4014203
4014211
4014217
4014229
4014239
4014251
4014271
4014277
4014281
4014289
4014293
4014313
4014331
4014347
4014391
4014401
4014403
4014421
4014449
4014457
4014467
4014473
4014497
4014503
4014559
4014587
4014607
4014617
4014623
4014653
4014667
4014671
4014683
4014691
4014709
4014713
4014721
4014739
4014743
4014749
4014763
4014767
4014809
4014817
4014821
4014827
4014863
4014877
4014887
4014889
4014893
4014929
4014931
4014937
4014971
4014973
4014977
4015013
4015031
4015049
4015051
4015091
4015117
4015139
4015147
4015159
4015169
4015177
4015183
4015189
4015199
4015201
4015237
4015259
4015267
4015273
4015279
4015283
4015303
4015307
4015309
4015313
4015331
4015339
4015367
4015373
4015379
4015381
4015411
4015421
4015463
4015471
4015483
4015489
4015493
4015513
4015537
4015549
4015559
4015567
4015577
4015579
4015619
4015637
4015643
4015673
4015679
4015729
4015741
4015787
4015793
4015799
4015801
4015811
4015819
4015829
4015841
4015873
4015877
4015883
4015931
4015933
4015937
4015939
4015981
4015987
4015993
4016003
4016021
4016027
4016039
4016041
4016059
4016093
4016101
4016113
4016119
4016141
4016149
4016153
4016161
4016167
4016171
4016203
4016213
4016219
4016231
4016261
4016269
4016317
4016321
4016339
4016347
4016351
4016357
4016371
4016377
4016381
4016407
4016443
4016473
4016477
4016503
4016549
4016561
4016563
4016567
4016569
4016611
4016671
4016689
4016713
4016731
4016741
4016773
4016791
4016797
4016801
4016827
4016833
4016839
4016843
4016849
4016861
4016863
4016869
4016917
4016959
4016963
4016983
4017001
4017007
4017023
4017031
4017067
4017089
4017107
4017121
4017131
4017173
4017179
4017191
4017199
4017217
4017257
4017269
4017271
4017311
4017313
4017353
4017359
4017367
4017397
4017407
4017427
4017437
4017439
4017443
4017463
4017499
4017509
4017511
4017523
4017527
4017539
4017547
4017551
4017553
4017557
4017581
4017589
4017599
4017623
4017647
4017649
4017653
4017659
4017667
4017691
4017697
4017707
4017731
4017737
4017773
4017803
4017821
4017823
4017833
4017857
4017869
4017883
4017919
4017931
4017977
4017989
4017991
4017997
4018039
4018043
4018061
4018081
4018087
4018093
4018097
4018099
4018109
4018151
4018159
4018181
4018207
4018243
4018247
4018249
4018277
4018297
4018309
4018321
4018337
4018349
4018361
4018363
4018373
4018379
4018397
4018403
4018423
4018433
4018457
4018463
4018471
4018489
4018507
4018523
4018541
4018543
4018589
4018627
4018631
4018643
4018649
4018699
4018711
4018717
4018739
4018753
4018757
4018769
4018799
4018837
4018843
4018853
4018867
4018873
4018877
4018879
4018897
4018901
4018921
4018979
4018981
4019003
4019009
4019047
4019063
4019069
4019077
4019083
4019101
4019117
4019131
4019153
4019159
4019173
4019177
4019207
4019219
4019221
4019231
4019251
4019311
4019341
4019359
4019363
4019377
4019383
4019387
4019401
4019413
4019419
4019437
4019447
4019461
4019479
4019501
4019513
4019527
4019557
4019567
4019579
4019591
4019623
4019627
4019647
4019657
4019663
4019689
4019693
4019707
4019713
4019731
4019753
4019767
4019789
4019797
4019809
4019831
4019833
4019843
4019861
4019867
4019879
4019909
4019993
4020011
4020017
4020031
4020119
4020139
4020151
4020157
4020167
4020197
4020217
4020221
4020223
4020227
4020257
4020277
4020281
4020283
4020287
4020293
4020307
4020323
4020349
4020353
4020361
4020407
4020409
4020431
4020433
4020461
4020463
4020493
4020503
4020529
4020563
4020587
4020593
4020617
4020623
4020631
4020637
4020641
4020671
4020691
4020701
4020713
4020719
4020727
4020733
4020749
4020773
4020781
4020833
4020847
4020869
4020889
4020923
4020949
4020977
4021001
4021009
4021013
4021019
4021033
4021051
4021079
4021081
4021091
4021097
4021099
4021151
4021153
4021177
4021183
4021187
4021189
4021207
4021211
4021229
4021243
4021247
4021249
4021261
4021301
4021309
4021349
4021357
4021379
4021387
4021397
4021399
4021411
4021417
4021427
4021439
4021447
4021471
4021477
4021513
4021519
4021529
4021531
4021543
4021561
4021579
4021601
4021607
4021613
4021627
4021651
4021657
4021663
4021727
4021733
4021739
4021751
4021769
4021777
4021867
4021873
4021879
4021889
4021891
4021903
4021907
4021933
4021949
4021961
4021967
4021973
4022003
4022017
4022021
4022027
4022041
4022063
4022069
4022071
4022087
4022099
4022101
4022107
4022111
4022113
4022143
4022147
4022153
4022173
4022189
4022191
4022197
4022201
4022203
4022257
4022287
4022297
4022303
4022323
4022339
4022341
4022371
4022383
4022407
4022419
4022437
4022441
4022449
4022477
4022483
4022507
4022549
4022563
4022567
4022569
4022581
4022587
4022593
4022611
4022657
4022663
4022671
4022701
4022717
4022719
4022741
4022749
4022773
4022783
4022803
4022807
4022827
4022831
4022849
4022857
4022867
4022869
4022873
4022891
4022903
4022911
4022929
4022933
4022959
4022981
4022983
4023001
4023017
4023023
4023031
4023049
4023053
4023109
4023113
4023127
4023161
4023163
4023167
4023179
4023181
4023191
4023221
4023223
4023241
4023263
4023277
4023281
4023287
4023293
4023311
4023317
4023319
4023323
4023337
4023347
4023353
4023359
4023401
4023469
4023473
4023479
4023493
4023511
4023533
4023563
4023599
4023619
4023629
4023631
4023653
4023659
4023661
4023671
4023673
4023703
4023727
4023731
4023737
4023749
4023751
4023791
4023809
4023821
4023829
4023841
4023853
4023871
4023881
4023889
4023907
4023913
4023937
4023947
4023973
4023997
4024001
4024003
4024021
4024037
4024039
4024049
4024051
4024061
4024063
4024073
4024091
4024123
4024129
4024133
4024147
4024183
4024193
4024211
4024259
4024277
4024289
4024303
4024309
4024337
4024357
4024367
4024369
4024399
4024411
4024429
4024487
4024507
4024511
4024541
4024549
4024571
4024577
4024583
4024589
4024667
4024673
4024679
4024687
4024693
4024697
4024703
4024711
4024717
4024723
4024729
4024739
4024759
4024781
4024807
4024817
4024819
4024849
4024861
4024879
4024957
4024961
4024973
4024981
4025003
4025027
4025029
4025041
4025051
4025053
4025057
4025081
4025083
4025089
4025111
4025167
4025179
4025227
4025239
4025249
4025269
4025279
4025303
4025317
4025327
4025347
4025353
4025369
4025377
4025387
4025389
4025407
4025429
4025431
4025449
4025453
4025491
4025501
4025507
4025521
4025543
4025551
4025599
4025627
4025633
4025653
4025657
4025683
4025689
4025699
4025717
4025743
4025779
4025783
4025797
4025807
4025837
4025839
4025849
4025863
4025873
4025881
4025893
4025899
4025909
4025911
4025921
4025927
4025941
4025981
4025993
4025999
4026017
4026031
4026053
4026073
4026079
4026083
4026103
4026107
4026109
4026131
4026137
4026149
4026181
4026193
4026199
4026221
4026223
4026227
4026257
4026259
4026277
4026283
4026287
4026301
4026313
4026329
4026343
4026353
4026359
4026371
4026383
4026397
4026401
4026409
4026437
4026469
4026493
4026509
4026511
4026521
4026523
4026527
4026571
4026593
4026611
4026619
4026643
4026647
4026653
4026667
4026677
4026703
4026713
4026719
4026721
4026751
4026791
4026823
4026829
4026857
4026859
4026889
4026937
4026949
4026959
4026961
4026973
4026989
4027021
4027033
4027057
4027073
4027097
4027103
4027123
4027129
4027141
4027151
4027171
4027187
4027189
4027193
4027211
4027213
4027217
4027229
4027237
4027273
4027279
4027291
4027367
4027379
4027381
4027391
4027393
4027421
4027451
4027459
4027481
4027493
4027501
4027511
4027519
4027547
4027559
4027579
4027627
4027631
4027643
4027669
4027687
4027693
4027697
4027703
4027711
4027733
4027739
4027747
4027763
4027787
4027789
4027811
4027817
4027819
4027823
4027831
4027843
4027879
4027883
4027889
4027909
4027913
4027927
4027957
4027993
4028009
There are 1592 prime numbers in S334.
