S336(4052161~4076352)
4052173
4052201
4052207
4052231
4052249
4052261
4052299
4052311
4052333
4052359
4052371
4052383
4052401
4052407
4052429
4052441
4052471
4052473
4052479
4052497
4052501
4052507
4052509
4052513
4052527
4052549
4052551
4052561
4052611
4052627
4052683
4052687
4052701
4052717
4052743
4052767
4052773
4052777
4052791
4052801
4052803
4052813
4052821
4052849
4052911
4052921
4052927
4052929
4052933
4052941
4052957
4052959
4052969
4052977
4052989
4052999
4053001
4053019
4053041
4053059
4053067
4053079
4053103
4053107
4053113
4053121
4053131
4053143
4053163
4053173
4053187
4053229
4053311
4053317
4053323
4053331
4053349
4053367
4053373
4053397
4053407
4053437
4053443
4053449
4053457
4053473
4053503
4053523
4053527
4053541
4053551
4053557
4053559
4053571
4053587
4053607
4053611
4053613
4053641
4053659
4053671
4053689
4053691
4053697
4053719
4053737
4053743
4053761
4053779
4053781
4053787
4053799
4053851
4053869
4053919
4053923
4053941
4053947
4053953
4053961
4053971
4053983
4053989
4053991
4054009
4054019
4054031
4054033
4054069
4054091
4054093
4054111
4054117
4054139
4054147
4054151
4054159
4054207
4054231
4054247
4054261
4054283
4054291
4054321
4054331
4054387
4054411
4054451
4054481
4054489
4054499
4054537
4054559
4054591
4054607
4054621
4054627
4054667
4054669
4054681
4054709
4054711
4054723
4054727
4054741
4054753
4054759
4054763
4054807
4054811
4054837
4054873
4054879
4054889
4054913
4054933
4054949
4054957
4054987
4054997
4055021
4055033
4055053
4055057
4055071
4055087
4055137
4055143
4055147
4055159
4055167
4055179
4055221
4055257
4055267
4055281
4055321
4055329
4055347
4055353
4055357
4055371
4055377
4055393
4055399
4055423
4055431
4055461
4055477
4055497
4055539
4055543
4055549
4055551
4055561
4055573
4055581
4055593
4055599
4055627
4055633
4055647
4055651
4055657
4055669
4055671
4055687
4055747
4055767
4055773
4055791
4055801
4055833
4055839
4055851
4055893
4055897
4055899
4055917
4055923
4055927
4055957
4055963
4055983
4055993
4056023
4056067
4056077
4056079
4056109
4056121
4056131
4056137
4056161
4056179
4056193
4056209
4056229
4056287
4056359
4056379
4056383
4056389
4056407
4056419
4056431
4056457
4056467
4056473
4056509
4056517
4056527
4056529
4056539
4056553
4056583
4056589
4056601
4056623
4056641
4056697
4056719
4056721
4056733
4056737
4056739
4056743
4056751
4056769
4056803
4056817
4056847
4056851
4056853
4056859
4056883
4056893
4056919
4056967
4056971
4056977
4056979
4056989
4057019
4057021
4057043
4057061
4057091
4057103
4057111
4057117
4057139
4057147
4057159
4057199
4057211
4057213
4057217
4057231
4057247
4057297
4057321
4057331
4057343
4057349
4057357
4057379
4057381
4057397
4057409
4057423
4057451
4057511
4057513
4057553
4057561
4057567
4057589
4057597
4057601
4057631
4057633
4057639
4057649
4057657
4057661
4057663
4057667
4057673
4057681
4057687
4057693
4057699
4057723
4057727
4057759
4057769
4057783
4057789
4057799
4057813
4057829
4057841
4057847
4057853
4057861
4057871
4057873
4057897
4057909
4057927
4057939
4057967
4057969
4058011
4058017
4058029
4058059
4058063
4058071
4058081
4058083
4058099
4058101
4058107
4058111
4058113
4058137
4058141
4058149
4058167
4058209
4058227
4058237
4058251
4058261
4058273
4058279
4058317
4058321
4058333
4058339
4058357
4058363
4058371
4058387
4058389
4058399
4058401
4058423
4058429
4058443
4058449
4058471
4058473
4058477
4058479
4058501
4058519
4058543
4058569
4058599
4058629
4058633
4058683
4058693
4058701
4058731
4058749
4058777
4058797
4058809
4058819
4058839
4058843
4058849
4058851
4058867
4058891
4058893
4058897
4058917
4058933
4058947
4058953
4058963
4058969
4058981
4059037
4059049
4059059
4059067
4059079
4059113
4059119
4059131
4059149
4059161
4059169
4059191
4059193
4059197
4059199
4059203
4059221
4059227
4059229
4059271
4059313
4059317
4059337
4059347
4059361
4059371
4059389
4059397
4059403
4059439
4059443
4059499
4059509
4059511
4059527
4059563
4059571
4059581
4059593
4059599
4059619
4059637
4059647
4059659
4059683
4059761
4059763
4059817
4059823
4059827
4059833
4059871
4059877
4059883
4059919
4059947
4059949
4059953
4060009
4060019
4060037
4060061
4060073
4060109
4060117
4060123
4060139
4060151
4060159
4060181
4060207
4060211
4060219
4060237
4060249
4060253
4060289
4060291
4060313
4060337
4060339
4060369
4060379
4060387
4060391
4060403
4060409
4060423
4060481
4060487
4060531
4060579
4060583
4060591
4060601
4060613
4060631
4060633
4060643
4060663
4060691
4060717
4060729
4060741
4060747
4060751
4060759
4060769
4060789
4060799
4060801
4060853
4060867
4060871
4060873
4060879
4060883
4060891
4060897
4060933
4060951
4060967
4060999
4061017
4061021
4061023
4061027
4061033
4061047
4061051
4061059
4061077
4061081
4061137
4061143
4061149
4061177
4061191
4061203
4061207
4061227
4061237
4061243
4061251
4061261
4061263
4061329
4061347
4061353
4061377
4061381
4061401
4061429
4061461
4061467
4061483
4061489
4061543
4061557
4061567
4061569
4061579
4061581
4061609
4061621
4061633
4061641
4061663
4061669
4061671
4061677
4061699
4061767
4061791
4061803
4061809
4061833
4061843
4061857
4061873
4061887
4061903
4061921
4061923
4061927
4061951
4061957
4061969
4061977
4061983
4061987
4061999
4062013
4062077
4062083
4062089
4062127
4062131
4062139
4062151
4062161
4062197
4062203
4062221
4062241
4062251
4062281
4062287
4062301
4062307
4062319
4062347
4062361
4062413
4062419
4062431
4062451
4062491
4062493
4062521
4062533
4062547
4062551
4062557
4062571
4062577
4062587
4062589
4062607
4062613
4062623
4062631
4062659
4062671
4062673
4062701
4062749
4062781
4062787
4062791
4062797
4062809
4062811
4062823
4062841
4062853
4062869
4062889
4062893
4062911
4062923
4062931
4062959
4062967
4062991
4063013
4063021
4063061
4063063
4063067
4063091
4063097
4063123
4063127
4063133
4063159
4063177
4063181
4063183
4063211
4063217
4063237
4063273
4063307
4063309
4063327
4063337
4063363
4063369
4063373
4063403
4063417
4063421
4063429
4063441
4063447
4063471
4063487
4063513
4063517
4063537
4063547
4063559
4063583
4063589
4063601
4063603
4063627
4063643
4063693
4063699
4063711
4063721
4063723
4063733
4063757
4063781
4063793
4063841
4063859
4063877
4063889
4063897
4063909
4063919
4063931
4063951
4063957
4063963
4063991
4064023
4064033
4064051
4064083
4064107
4064113
4064141
4064143
4064149
4064161
4064167
4064171
4064183
4064189
4064197
4064209
4064213
4064227
4064237
4064243
4064299
4064311
4064323
4064327
4064329
4064351
4064383
4064393
4064407
4064447
4064477
4064509
4064519
4064527
4064531
4064539
4064549
4064579
4064597
4064603
4064633
4064639
4064647
4064659
4064663
4064681
4064693
4064707
4064741
4064807
4064831
4064839
4064849
4064861
4064873
4064881
4064899
4064909
4064933
4064971
4065001
4065007
4065013
4065029
4065059
4065073
4065097
4065119
4065137
4065157
4065161
4065179
4065197
4065199
4065203
4065209
4065211
4065241
4065283
4065287
4065289
4065293
4065317
4065331
4065361
4065377
4065379
4065403
4065409
4065427
4065461
4065463
4065469
4065473
4065491
4065517
4065527
4065541
4065569
4065571
4065583
4065587
4065599
4065613
4065637
4065653
4065661
4065667
4065697
4065701
4065727
4065731
4065751
4065757
4065767
4065773
4065781
4065821
4065823
4065857
4065877
4065913
4065937
4065947
4065953
4065973
4065979
4065983
4065989
4066021
4066031
4066033
4066039
4066063
4066067
4066121
4066129
4066141
4066151
4066187
4066219
4066229
4066259
4066261
4066267
4066273
4066289
4066313
4066327
4066333
4066357
4066369
4066379
4066441
4066453
4066507
4066523
4066537
4066567
4066577
4066591
4066597
4066609
4066613
4066619
4066661
4066669
4066679
4066691
4066709
4066721
4066729
4066747
4066759
4066789
4066801
4066807
4066823
4066847
4066861
4066871
4066877
4066879
4066891
4066901
4066943
4066949
4066981
4066987
4066991
4067009
4067027
4067039
4067071
4067081
4067087
4067099
4067123
4067137
4067143
4067149
4067171
4067179
4067201
4067207
4067213
4067227
4067237
4067243
4067257
4067263
4067291
4067303
4067309
4067321
4067363
4067381
4067407
4067411
4067423
4067467
4067477
4067489
4067509
4067513
4067543
4067561
4067579
4067587
4067593
4067597
4067599
4067611
4067617
4067621
4067629
4067639
4067647
4067677
4067699
4067717
4067731
4067737
4067741
4067753
4067797
4067813
4067827
4067831
4067837
4067857
4067863
4067893
4067939
4067951
4067963
4067969
4067971
4067983
4068011
4068017
4068023
4068041
4068047
4068073
4068107
4068131
4068137
4068139
4068203
4068221
4068241
4068257
4068269
4068271
4068283
4068301
4068313
4068319
4068329
4068331
4068343
4068349
4068353
4068373
4068419
4068433
4068443
4068469
4068473
4068479
4068487
4068503
4068511
4068529
4068541
4068563
4068569
4068587
4068607
4068611
4068619
4068653
4068667
4068683
4068697
4068707
4068731
4068733
4068739
4068749
4068751
4068811
4068829
4068833
4068839
4068847
4068851
4068871
4068877
4068887
4068893
4068913
4068923
4068943
4068949
4068959
4068973
4068979
4068989
4069003
4069027
4069033
4069049
4069063
4069073
4069099
4069139
4069157
4069159
4069187
4069199
4069201
4069217
4069237
4069267
4069271
4069279
4069301
4069327
4069333
4069343
4069349
4069381
4069397
4069421
4069433
4069451
4069487
4069489
4069501
4069523
4069529
4069543
4069567
4069603
4069609
4069627
4069651
4069661
4069679
4069687
4069693
4069699
4069717
4069721
4069727
4069729
4069753
4069757
4069771
4069787
4069789
4069801
4069837
4069847
4069861
4069867
4069913
4069937
4069991
4070051
4070069
4070093
4070113
4070117
4070119
4070137
4070167
4070197
4070201
4070203
4070219
4070221
4070243
4070267
4070303
4070309
4070321
4070323
4070329
4070371
4070377
4070383
4070399
4070431
4070447
4070449
4070459
4070483
4070489
4070519
4070533
4070537
4070543
4070557
4070567
4070621
4070653
4070669
4070683
4070687
4070711
4070723
4070741
4070749
4070761
4070789
4070797
4070813
4070819
4070821
4070831
4070861
4070867
4070873
4070879
4070903
4070909
4070923
4070947
4070953
4070971
4070981
4071017
4071019
4071031
4071037
4071043
4071047
4071061
4071071
4071077
4071097
4071157
4071181
4071217
4071227
4071241
4071257
4071271
4071289
4071307
4071317
4071329
4071337
4071359
4071371
4071373
4071383
4071401
4071421
4071427
4071433
4071439
4071451
4071467
4071479
4071497
4071511
4071527
4071533
4071539
4071553
4071559
4071569
4071589
4071593
4071601
4071647
4071659
4071679
4071701
4071703
4071733
4071761
4071763
4071797
4071827
4071829
4071869
4071877
4071917
4071931
4071941
4071953
4071967
4071983
4072007
4072009
4072039
4072049
4072073
4072091
4072097
4072139
4072147
4072171
4072207
4072223
4072249
4072259
4072279
4072291
4072297
4072301
4072309
4072337
4072399
4072417
4072427
4072433
4072447
4072457
4072459
4072463
4072477
4072483
4072507
4072513
4072531
4072559
4072577
4072583
4072589
4072609
4072613
4072619
4072637
4072661
4072667
4072697
4072699
4072709
4072721
4072751
4072753
4072793
4072801
4072807
4072813
4072819
4072837
4072841
4072853
4072867
4072883
4072903
4072919
4072927
4072931
4072949
4072951
4072961
4072967
4072987
4073009
4073023
4073029
4073033
4073039
4073053
4073077
4073101
4073107
4073123
4073129
4073143
4073159
4073171
4073177
4073191
4073197
4073203
4073233
4073243
4073249
4073257
4073287
4073291
4073339
4073351
4073359
4073371
4073411
4073413
4073423
4073437
4073449
4073453
4073491
4073497
4073501
4073513
4073521
4073551
4073561
4073567
4073569
4073593
4073609
4073621
4073627
4073677
4073683
4073687
4073689
4073701
4073711
4073731
4073747
4073749
4073791
4073807
4073821
4073831
4073837
4073851
4073873
4073879
4073887
4073893
4073899
4073917
4073929
4073933
4073939
4073941
4073957
4073963
4073983
4074011
4074023
4074041
4074043
4074053
4074061
4074071
4074073
4074089
4074137
4074143
4074149
4074167
4074173
4074209
4074241
4074247
4074253
4074263
4074277
4074281
4074313
4074319
4074347
4074353
4074377
4074409
4074419
4074437
4074439
4074443
4074449
4074451
4074461
4074463
4074487
4074523
4074527
4074533
4074557
4074559
4074589
4074593
4074601
4074613
4074647
4074649
4074677
4074689
4074701
4074709
4074731
4074743
4074757
4074767
4074769
4074793
4074817
4074823
4074839
4074869
4074871
4074901
4074929
4074943
4074977
4074991
4075003
4075021
4075039
4075073
4075091
4075103
4075111
4075129
4075133
4075147
4075171
4075193
4075199
4075207
4075213
4075219
4075231
4075241
4075243
4075271
4075289
4075297
4075319
4075327
4075369
4075391
4075397
4075429
4075433
4075447
4075459
4075469
4075493
4075499
4075507
4075537
4075559
4075567
4075579
4075609
4075627
4075637
4075657
4075679
4075693
4075717
4075723
4075741
4075759
4075777
4075817
4075831
4075871
4075879
4075889
4075891
4075909
4075913
4075919
4075931
4075963
4075987
4075993
4076003
4076021
4076027
4076063
4076069
4076077
4076087
4076113
4076123
4076143
4076167
4076183
4076197
4076201
4076207
4076227
4076257
4076287
4076291
4076299
4076333
4076339
4076351
There are 1582 prime numbers in S336.
