S338(4100617~4124952)
4100627
4100641
4100651
4100659
4100729
4100731
4100737
4100741
4100743
4100749
4100777
4100807
4100809
4100813
4100819
4100849
4100879
4100881
4100909
4100911
4100939
4100951
4100963
4100983
4101011
4101023
4101037
4101049
4101059
4101073
4101101
4101103
4101133
4101179
4101187
4101197
4101241
4101247
4101259
4101263
4101277
4101287
4101289
4101313
4101319
4101329
4101347
4101367
4101371
4101373
4101379
4101389
4101401
4101431
4101467
4101481
4101491
4101527
4101529
4101533
4101541
4101571
4101593
4101623
4101653
4101679
4101689
4101733
4101761
4101767
4101791
4101793
4101817
4101841
4101863
4101869
4101907
4101919
4101949
4101961
4101971
4101983
4101989
4101991
4102037
4102039
4102069
4102097
4102121
4102123
4102129
4102141
4102169
4102171
4102193
4102223
4102229
4102237
4102247
4102249
4102283
4102289
4102291
4102327
4102331
4102333
4102339
4102363
4102379
4102393
4102409
4102453
4102471
4102493
4102517
4102529
4102541
4102561
4102573
4102577
4102591
4102603
4102649
4102663
4102667
4102687
4102697
4102699
4102711
4102723
4102733
4102753
4102793
4102807
4102823
4102843
4102853
4102867
4102883
4102907
4102909
4102927
4102937
4102957
4102961
4102963
4102979
4102991
4102997
4102999
4103009
4103083
4103119
4103149
4103153
4103159
4103173
4103179
4103213
4103219
4103227
4103233
4103237
4103249
4103261
4103279
4103291
4103293
4103299
4103329
4103347
4103353
4103371
4103381
4103383
4103389
4103401
4103431
4103441
4103467
4103503
4103521
4103543
4103581
4103597
4103611
4103621
4103629
4103641
4103651
4103657
4103689
4103699
4103713
4103719
4103767
4103797
4103807
4103809
4103831
4103833
4103839
4103861
4103881
4103887
4103893
4103903
4103923
4103941
4103999
4104007
4104011
4104031
4104041
4104043
4104053
4104083
4104091
4104103
4104127
4104131
4104169
4104187
4104193
4104203
4104239
4104251
4104271
4104277
4104313
4104319
4104343
4104371
4104391
4104403
4104421
4104427
4104449
4104461
4104467
4104473
4104481
4104491
4104509
4104517
4104523
4104553
4104563
4104577
4104587
4104593
4104601
4104619
4104643
4104647
4104673
4104677
4104697
4104707
4104713
4104721
4104733
4104757
4104791
4104799
4104811
4104827
4104851
4104853
4104857
4104869
4104883
4104887
4104907
4104913
4104929
4104937
4104967
4104977
4105001
4105019
4105033
4105069
4105091
4105093
4105103
4105111
4105151
4105169
4105181
4105183
4105193
4105217
4105219
4105229
4105243
4105249
4105259
4105307
4105319
4105333
4105337
4105351
4105363
4105373
4105391
4105399
4105457
4105459
4105469
4105487
4105499
4105531
4105553
4105567
4105571
4105573
4105579
4105589
4105601
4105613
4105627
4105637
4105639
4105657
4105663
4105667
4105669
4105679
4105681
4105711
4105763
4105793
4105811
4105817
4105831
4105847
4105861
4105879
4105901
4105903
4105931
4105939
4105943
4105949
4105979
4105999
4106009
4106017
4106041
4106057
4106059
4106077
4106083
4106087
4106111
4106117
4106119
4106131
4106153
4106161
4106189
4106227
4106237
4106239
4106243
4106251
4106269
4106279
4106287
4106293
4106303
4106317
4106321
4106327
4106381
4106383
4106393
4106407
4106411
4106419
4106423
4106441
4106447
4106471
4106491
4106513
4106521
4106551
4106563
4106567
4106573
4106579
4106587
4106617
4106621
4106651
4106653
4106659
4106677
4106681
4106699
4106701
4106723
4106743
4106749
4106771
4106779
4106783
4106789
4106803
4106807
4106819
4106821
4106827
4106863
4106867
4106891
4106897
4106939
4106953
4106957
4106959
4106969
4106987
4107007
4107029
4107101
4107127
4107143
4107151
4107157
4107163
4107247
4107263
4107281
4107329
4107347
4107349
4107371
4107373
4107391
4107413
4107419
4107427
4107431
4107449
4107461
4107479
4107487
4107497
4107511
4107517
4107527
4107529
4107533
4107541
4107577
4107581
4107583
4107613
4107641
4107643
4107683
4107689
4107707
4107721
4107737
4107739
4107751
4107769
4107787
4107791
4107793
4107799
4107809
4107811
4107827
4107839
4107877
4107881
4107893
4107907
4107911
4107947
4107953
4107979
4107991
4107997
4108021
4108063
4108087
4108121
4108141
4108163
4108183
4108193
4108217
4108243
4108249
4108253
4108259
4108261
4108297
4108309
4108331
4108387
4108393
4108397
4108439
4108451
4108453
4108457
4108463
4108469
4108471
4108477
4108483
4108499
4108529
4108549
4108571
4108589
4108609
4108627
4108661
4108667
4108669
4108673
4108681
4108717
4108757
4108763
4108801
4108837
4108843
4108873
4108889
4108891
4108903
4108913
4108919
4108963
4108969
4108987
4108991
4108999
4109003
4109011
4109023
4109029
4109051
4109059
4109071
4109089
4109093
4109101
4109107
4109113
4109117
4109129
4109137
4109141
4109153
4109167
4109197
4109201
4109227
4109233
4109251
4109279
4109293
4109297
4109309
4109317
4109321
4109323
4109327
4109383
4109401
4109407
4109411
4109419
4109423
4109429
4109431
4109447
4109459
4109477
4109489
4109507
4109519
4109531
4109537
4109543
4109557
4109591
4109621
4109629
4109641
4109653
4109669
4109671
4109683
4109689
4109723
4109737
4109761
4109771
4109783
4109839
4109843
4109857
4109873
4109879
4109891
4109899
4109921
4109927
4109929
4109933
4109951
4109953
4109957
4109969
4110017
4110047
4110049
4110059
4110079
4110089
4110121
4110131
4110143
4110151
4110157
4110163
4110167
4110179
4110217
4110233
4110247
4110269
4110283
4110313
4110317
4110319
4110331
4110341
4110343
4110347
4110349
4110361
4110401
4110419
4110433
4110437
4110439
4110443
4110451
4110467
4110473
4110493
4110527
4110541
4110553
4110571
4110611
4110637
4110661
4110677
4110679
4110709
4110713
4110727
4110751
4110781
4110793
4110797
4110803
4110823
4110853
4110877
4110901
4110917
4110961
4110979
4110983
4110989
4111007
4111021
4111027
4111067
4111091
4111097
4111123
4111139
4111147
4111169
4111171
4111183
4111199
4111207
4111213
4111241
4111249
4111253
4111259
4111271
4111291
4111333
4111337
4111361
4111363
4111379
4111409
4111423
4111427
4111447
4111463
4111487
4111489
4111519
4111529
4111553
4111573
4111577
4111621
4111633
4111643
4111663
4111693
4111717
4111721
4111727
4111753
4111763
4111787
4111801
4111813
4111817
4111819
4111829
4111837
4111853
4111859
4111867
4111901
4111951
4111967
4111969
4111973
4111993
4112021
4112023
4112027
4112051
4112063
4112083
4112089
4112093
4112099
4112137
4112149
4112161
4112191
4112197
4112209
4112231
4112233
4112237
4112261
4112263
4112281
4112293
4112299
4112321
4112333
4112347
4112357
4112363
4112371
4112399
4112413
4112431
4112447
4112467
4112497
4112539
4112551
4112557
4112573
4112579
4112597
4112609
4112621
4112627
4112629
4112701
4112707
4112711
4112723
4112753
4112761
4112777
4112807
4112813
4112851
4112881
4112887
4112891
4112903
4112917
4112939
4112971
4112981
4112989
4113029
4113059
4113061
4113073
4113077
4113097
4113103
4113119
4113121
4113127
4113143
4113181
4113191
4113203
4113209
4113211
4113233
4113259
4113311
4113341
4113349
4113353
4113379
4113419
4113437
4113449
4113469
4113517
4113521
4113533
4113547
4113553
4113569
4113589
4113601
4113611
4113647
4113661
4113667
4113691
4113713
4113719
4113721
4113743
4113749
4113761
4113763
4113773
4113787
4113827
4113833
4113839
4113877
4113883
4113887
4113929
4113931
4113943
4113947
4113959
4113997
4114003
4114009
4114021
4114057
4114069
4114073
4114087
4114133
4114139
4114151
4114157
4114163
4114183
4114189
4114193
4114199
4114211
4114223
4114249
4114277
4114307
4114321
4114349
4114373
4114421
4114463
4114477
4114489
4114501
4114519
4114571
4114577
4114589
4114597
4114603
4114613
4114651
4114667
4114687
4114699
4114703
4114717
4114741
4114753
4114771
4114777
4114783
4114787
4114819
4114823
4114843
4114871
4114879
4114889
4114931
4114951
4114997
4115009
4115017
4115021
4115051
4115053
4115087
4115099
4115101
4115117
4115119
4115123
4115131
4115141
4115147
4115149
4115201
4115213
4115239
4115249
4115257
4115263
4115269
4115297
4115299
4115311
4115317
4115333
4115351
4115369
4115393
4115407
4115417
4115429
4115437
4115443
4115453
4115471
4115509
4115537
4115543
4115549
4115563
4115569
4115599
4115603
4115633
4115641
4115681
4115701
4115707
4115753
4115773
4115779
4115789
4115791
4115801
4115803
4115833
4115849
4115863
4115869
4115879
4115893
4115897
4115933
4115939
4115953
4115957
4115971
4115981
4115987
4116019
4116029
4116041
4116043
4116059
4116061
4116071
4116107
4116127
4116143
4116157
4116163
4116169
4116181
4116187
4116209
4116221
4116223
4116257
4116271
4116311
4116313
4116317
4116323
4116337
4116353
4116373
4116377
4116391
4116419
4116443
4116449
4116467
4116473
4116479
4116491
4116527
4116529
4116557
4116569
4116571
4116577
4116587
4116617
4116641
4116643
4116649
4116661
4116667
4116727
4116743
4116751
4116757
4116779
4116781
4116817
4116823
4116857
4116887
4116899
4116911
4116919
4116923
4116967
4116989
4116991
4116997
4117007
4117021
4117031
4117033
4117037
4117081
4117109
4117123
4117133
4117151
4117171
4117181
4117189
4117193
4117231
4117237
4117259
4117271
4117277
4117279
4117283
4117291
4117297
4117307
4117313
4117339
4117409
4117427
4117441
4117453
4117457
4117489
4117501
4117511
4117523
4117541
4117549
4117567
4117571
4117577
4117601
4117609
4117613
4117657
4117691
4117697
4117709
4117727
4117777
4117781
4117783
4117793
4117829
4117831
4117843
4117847
4117873
4117877
4117903
4117909
4117957
4117969
4117979
4117987
4117991
4118057
4118069
4118077
4118111
4118123
4118143
4118161
4118167
4118197
4118201
4118227
4118243
4118251
4118273
4118287
4118321
4118333
4118339
4118417
4118419
4118467
4118479
4118489
4118501
4118519
4118531
4118579
4118591
4118599
4118603
4118627
4118693
4118707
4118711
4118749
4118759
4118761
4118773
4118797
4118809
4118833
4118861
4118893
4118897
4118971
4118977
4118993
4119007
4119043
4119053
4119061
4119077
4119079
4119091
4119097
4119103
4119109
4119113
4119119
4119133
4119149
4119163
4119169
4119191
4119211
4119217
4119233
4119239
4119259
4119263
4119281
4119289
4119307
4119329
4119331
4119343
4119347
4119359
4119377
4119383
4119397
4119419
4119509
4119527
4119541
4119551
4119569
4119589
4119601
4119623
4119667
4119677
4119697
4119719
4119761
4119767
4119779
4119781
4119809
4119833
4119847
4119851
4119853
4119859
4119883
4119887
4119889
4119893
4119919
4119923
4119937
4119949
4119961
4119977
4119991
4120003
4120021
4120033
4120079
4120097
4120111
4120133
4120141
4120159
4120163
4120177
4120183
4120187
4120189
4120211
4120219
4120223
4120229
4120231
4120253
4120279
4120301
4120313
4120331
4120393
4120411
4120423
4120429
4120471
4120483
4120517
4120547
4120553
4120559
4120573
4120577
4120583
4120603
4120607
4120609
4120621
4120651
4120661
4120673
4120679
4120709
4120723
4120729
4120741
4120747
4120793
4120807
4120829
4120847
4120849
4120873
4120889
4120903
4120931
4120937
4120939
4120957
4120981
4120993
4120999
4121003
4121009
4121011
4121017
4121063
4121087
4121107
4121111
4121113
4121137
4121141
4121147
4121149
4121153
4121167
4121177
4121203
4121213
4121231
4121261
4121269
4121291
4121297
4121311
4121321
4121387
4121401
4121413
4121431
4121441
4121459
4121471
4121503
4121527
4121539
4121549
4121561
4121573
4121591
4121603
4121609
4121629
4121641
4121647
4121657
4121687
4121693
4121699
4121707
4121717
4121737
4121743
4121749
4121753
4121779
4121783
4121797
4121809
4121827
4121839
4121849
4121861
4121867
4121869
4121881
4121891
4121893
4121903
4121927
4121933
4121941
4121959
4121987
4122043
4122067
4122073
4122077
4122103
4122119
4122121
4122169
4122179
4122187
4122227
4122247
4122277
4122289
4122301
4122317
4122329
4122343
4122401
4122413
4122421
4122479
4122493
4122557
4122571
4122583
4122607
4122623
4122631
4122641
4122647
4122661
4122667
4122689
4122691
4122697
4122709
4122731
4122749
4122751
4122779
4122827
4122851
4122863
4122893
4122913
4122941
4122953
4122971
4122973
4122997
4123037
4123039
4123043
4123069
4123079
4123087
4123099
4123111
4123121
4123127
4123153
4123181
4123199
4123201
4123211
4123253
4123261
4123283
4123297
4123303
4123319
4123321
4123337
4123349
4123369
4123387
4123421
4123439
4123447
4123477
4123489
4123507
4123529
4123531
4123541
4123547
4123583
4123591
4123621
4123633
4123643
4123667
4123681
4123727
4123747
4123753
4123759
4123781
4123787
4123793
4123799
4123813
4123841
4123849
4123871
4123891
4123897
4123901
4123907
4123913
4123927
4123943
4123949
4123957
4123963
4123967
4123997
4124009
4124069
4124093
4124123
4124137
4124167
4124179
4124189
4124191
4124207
4124213
4124221
4124227
4124243
4124257
4124287
4124299
4124303
4124317
4124321
4124327
4124347
4124357
4124369
4124377
4124381
4124411
4124437
4124443
4124459
4124473
4124479
4124503
4124507
4124509
4124563
4124569
4124597
4124599
4124609
4124611
4124621
4124623
4124633
4124639
4124647
4124651
4124671
4124677
4124707
4124711
4124717
4124737
4124753
4124777
4124801
4124803
4124819
4124821
4124837
4124899
4124909
4124917
4124921
4124929
4124951
There are 1575 prime numbers in S338.
