S339(4124953~4149360)
4124959
4124971
4124993
4125013
4125053
4125083
4125089
4125097
4125113
4125127
4125131
4125137
4125151
4125181
4125229
4125259
4125281
4125287
4125307
4125311
4125343
4125347
4125353
4125371
4125383
4125403
4125419
4125421
4125427
4125431
4125439
4125479
4125493
4125497
4125521
4125551
4125553
4125559
4125571
4125581
4125587
4125593
4125601
4125619
4125623
4125629
4125631
4125637
4125647
4125673
4125677
4125691
4125703
4125727
4125767
4125769
4125787
4125827
4125829
4125839
4125851
4125853
4125899
4125941
4125967
4125971
4125973
4125991
4126009
4126043
4126049
4126051
4126063
4126081
4126093
4126099
4126139
4126141
4126159
4126201
4126247
4126261
4126267
4126289
4126301
4126313
4126327
4126333
4126337
4126349
4126373
4126391
4126399
4126417
4126429
4126433
4126457
4126481
4126483
4126501
4126513
4126523
4126531
4126537
4126543
4126561
4126567
4126571
4126579
4126607
4126621
4126651
4126657
4126693
4126697
4126757
4126769
4126777
4126783
4126789
4126799
4126807
4126817
4126823
4126861
4126891
4126897
4126907
4126921
4126939
4126963
4126979
4126987
4127003
4127021
4127027
4127029
4127033
4127069
4127083
4127111
4127131
4127147
4127153
4127171
4127173
4127177
4127191
4127231
4127257
4127273
4127287
4127293
4127297
4127303
4127359
4127363
4127377
4127381
4127393
4127407
4127467
4127471
4127477
4127479
4127489
4127521
4127533
4127537
4127573
4127597
4127611
4127621
4127633
4127647
4127653
4127659
4127707
4127713
4127723
4127737
4127749
4127771
4127791
4127797
4127801
4127843
4127861
4127863
4127891
4127897
4127899
4127933
4127951
4127983
4127989
4127993
4127999
4128013
4128023
4128031
4128041
4128049
4128079
4128097
4128101
4128107
4128119
4128133
4128139
4128181
4128193
4128199
4128217
4128233
4128251
4128253
4128281
4128283
4128287
4128307
4128323
4128359
4128361
4128367
4128379
4128391
4128401
4128409
4128427
4128451
4128493
4128511
4128517
4128521
4128533
4128539
4128547
4128557
4128581
4128589
4128599
4128601
4128613
4128617
4128623
4128689
4128697
4128713
4128743
4128749
4128763
4128767
4128781
4128821
4128827
4128829
4128857
4128869
4128877
4128889
4128899
4128911
4128913
4128931
4128959
4128967
4129003
4129007
4129031
4129033
4129039
4129057
4129063
4129087
4129109
4129129
4129141
4129157
4129171
4129187
4129189
4129199
4129241
4129243
4129309
4129313
4129319
4129331
4129343
4129361
4129369
4129381
4129393
4129423
4129429
4129439
4129493
4129501
4129507
4129519
4129523
4129529
4129553
4129597
4129613
4129633
4129637
4129649
4129651
4129661
4129667
4129721
4129729
4129751
4129753
4129771
4129777
4129787
4129799
4129817
4129841
4129871
4129907
4129921
4129927
4129933
4129943
4129981
4129987
4130003
4130023
4130033
4130039
4130111
4130123
4130129
4130143
4130149
4130153
4130171
4130207
4130213
4130221
4130227
4130233
4130251
4130261
4130281
4130293
4130297
4130309
4130323
4130327
4130333
4130339
4130359
4130369
4130389
4130437
4130459
4130461
4130479
4130519
4130527
4130563
4130573
4130591
4130603
4130641
4130647
4130671
4130681
4130683
4130699
4130713
4130723
4130729
4130741
4130803
4130807
4130837
4130839
4130849
4130887
4130897
4130899
4130911
4130927
4130933
4130947
4130957
4130977
4131031
4131047
4131059
4131073
4131077
4131089
4131097
4131107
4131109
4131223
4131229
4131241
4131293
4131301
4131307
4131313
4131317
4131331
4131353
4131367
4131371
4131373
4131409
4131443
4131451
4131473
4131487
4131539
4131577
4131583
4131599
4131613
4131623
4131637
4131641
4131643
4131653
4131661
4131667
4131707
4131709
4131719
4131763
4131767
4131781
4131791
4131839
4131851
4131859
4131877
4131889
4131917
4131923
4131961
4131971
4131977
4131979
4131983
4132001
4132031
4132033
4132043
4132061
4132067
4132069
4132087
4132097
4132151
4132153
4132159
4132211
4132229
4132231
4132259
4132273
4132277
4132279
4132313
4132339
4132351
4132361
4132363
4132369
4132379
4132391
4132409
4132421
4132439
4132477
4132489
4132507
4132511
4132553
4132559
4132577
4132591
4132607
4132619
4132621
4132637
4132643
4132673
4132679
4132693
4132769
4132783
4132829
4132831
4132867
4132873
4132883
4132897
4132901
4132903
4132913
4132927
4132943
4132949
4132963
4132967
4132969
4132979
4132987
4133047
4133069
4133113
4133119
4133131
4133147
4133149
4133179
4133183
4133189
4133209
4133219
4133237
4133263
4133273
4133293
4133369
4133377
4133383
4133401
4133411
4133413
4133419
4133449
4133453
4133473
4133513
4133527
4133551
4133557
4133561
4133581
4133587
4133593
4133609
4133611
4133617
4133639
4133641
4133663
4133693
4133713
4133741
4133749
4133761
4133777
4133807
4133821
4133837
4133869
4133893
4133911
4133923
4133933
4133939
4133957
4133971
4134023
4134049
4134059
4134061
4134107
4134133
4134161
4134187
4134203
4134217
4134257
4134283
4134287
4134289
4134293
4134311
4134323
4134329
4134337
4134341
4134391
4134409
4134413
4134421
4134433
4134437
4134463
4134467
4134469
4134497
4134499
4134509
4134539
4134541
4134547
4134551
4134569
4134589
4134619
4134629
4134649
4134659
4134667
4134671
4134677
4134679
4134701
4134703
4134707
4134719
4134737
4134743
4134769
4134803
4134817
4134829
4134847
4134857
4134869
4134877
4134881
4134883
4134887
4134931
4134937
4134971
4135003
4135037
4135049
4135057
4135069
4135093
4135123
4135127
4135151
4135169
4135211
4135237
4135249
4135273
4135279
4135283
4135297
4135303
4135343
4135349
4135357
4135363
4135381
4135427
4135447
4135457
4135463
4135499
4135507
4135519
4135529
4135531
4135541
4135567
4135591
4135609
4135613
4135627
4135717
4135721
4135763
4135771
4135829
4135847
4135853
4135889
4135907
4135909
4135921
4135933
4135987
4135991
4135993
4135997
4136003
4136023
4136029
4136057
4136059
4136123
4136137
4136147
4136149
4136161
4136179
4136189
4136191
4136221
4136239
4136261
4136269
4136303
4136309
4136311
4136317
4136333
4136339
4136347
4136351
4136369
4136381
4136383
4136411
4136437
4136459
4136467
4136477
4136497
4136521
4136537
4136551
4136567
4136579
4136581
4136599
4136617
4136633
4136641
4136651
4136653
4136663
4136669
4136681
4136689
4136701
4136707
4136719
4136723
4136747
4136749
4136753
4136761
4136767
4136773
4136819
4136833
4136861
4136863
4136887
4136917
4136939
4136963
4136971
4136999
4137013
4137031
4137037
4137047
4137059
4137083
4137097
4137101
4137113
4137121
4137149
4137157
4137173
4137179
4137181
4137223
4137271
4137277
4137299
4137311
4137323
4137337
4137347
4137359
4137389
4137437
4137449
4137473
4137491
4137509
4137527
4137541
4137559
4137563
4137571
4137587
4137593
4137607
4137619
4137629
4137643
4137659
4137671
4137697
4137701
4137709
4137733
4137737
4137751
4137773
4137781
4137823
4137829
4137857
4137863
4137871
4137883
4137893
4137901
4137929
4137949
4137961
4137971
4137977
4137979
4137997
4138033
4138051
4138073
4138111
4138129
4138139
4138153
4138217
4138223
4138241
4138243
4138247
4138249
4138261
4138279
4138289
4138291
4138307
4138331
4138349
4138369
4138373
4138391
4138451
4138483
4138489
4138507
4138513
4138529
4138543
4138567
4138577
4138579
4138583
4138591
4138601
4138609
4138627
4138649
4138681
4138691
4138703
4138711
4138723
4138741
4138747
4138753
4138777
4138807
4138817
4138819
4138829
4138843
4138847
4138853
4138861
4138877
4138933
4138943
4138951
4138957
4138963
4138969
4138987
4138993
4138997
4138999
4139029
4139063
4139101
4139111
4139119
4139129
4139147
4139159
4139171
4139189
4139203
4139209
4139221
4139249
4139273
4139297
4139299
4139323
4139329
4139339
4139341
4139351
4139383
4139389
4139417
4139419
4139423
4139477
4139491
4139497
4139501
4139503
4139533
4139537
4139539
4139557
4139573
4139579
4139581
4139591
4139593
4139599
4139627
4139659
4139677
4139699
4139741
4139749
4139753
4139761
4139767
4139801
4139803
4139809
4139827
4139831
4139873
4139881
4139899
4139909
4139917
4139921
4139923
4139951
4139983
4139999
4140001
4140029
4140047
4140053
4140077
4140079
4140107
4140109
4140113
4140121
4140133
4140173
4140211
4140217
4140259
4140281
4140287
4140361
4140373
4140377
4140379
4140397
4140419
4140421
4140439
4140457
4140473
4140481
4140511
4140557
4140569
4140589
4140607
4140611
4140623
4140629
4140637
4140641
4140683
4140691
4140709
4140733
4140749
4140757
4140761
4140767
4140769
4140811
4140817
4140821
4140827
4140839
4140847
4140853
4140869
4140883
4140893
4140923
4140931
4140937
4140947
4140967
4140973
4141001
4141009
4141057
4141061
4141063
4141079
4141091
4141117
4141121
4141133
4141147
4141169
4141177
4141187
4141211
4141213
4141223
4141243
4141273
4141279
4141283
4141289
4141301
4141307
4141309
4141331
4141339
4141349
4141381
4141391
4141399
4141409
4141439
4141441
4141457
4141469
4141481
4141483
4141493
4141513
4141517
4141549
4141559
4141573
4141589
4141603
4141663
4141681
4141691
4141699
4141703
4141721
4141723
4141747
4141759
4141763
4141769
4141799
4141807
4141811
4141831
4141843
4141847
4141849
4141853
4141871
4141877
4141903
4141919
4141937
4141957
4141967
4142011
4142023
4142027
4142029
4142053
4142059
4142087
4142119
4142129
4142161
4142167
4142179
4142227
4142267
4142287
4142293
4142297
4142309
4142311
4142363
4142371
4142387
4142393
4142401
4142417
4142423
4142429
4142473
4142497
4142519
4142521
4142569
4142573
4142591
4142609
4142629
4142641
4142651
4142657
4142659
4142669
4142689
4142701
4142707
4142753
4142767
4142791
4142797
4142813
4142857
4142863
4142891
4142899
4142903
4142939
4142947
4142989
4142993
4143011
4143023
4143037
4143043
4143047
4143049
4143067
4143071
4143077
4143101
4143109
4143163
4143187
4143193
4143221
4143229
4143233
4143241
4143253
4143281
4143287
4143299
4143301
4143329
4143331
4143341
4143353
4143383
4143389
4143397
4143401
4143409
4143413
4143421
4143449
4143467
4143479
4143493
4143497
4143499
4143509
4143521
4143551
4143569
4143571
4143599
4143613
4143617
4143637
4143641
4143647
4143673
4143683
4143697
4143707
4143709
4143719
4143731
4143757
4143779
4143803
4143827
4143833
4143847
4143851
4143857
4143859
4143871
4143877
4143901
4143947
4143959
4143961
4143967
4143973
4144001
4144031
4144043
4144051
4144061
4144067
4144069
4144079
4144081
4144087
4144099
4144121
4144159
4144177
4144181
4144201
4144237
4144241
4144247
4144249
4144253
4144267
4144271
4144291
4144307
4144331
4144363
4144367
4144369
4144373
4144409
4144423
4144457
4144471
4144487
4144537
4144541
4144579
4144589
4144631
4144633
4144663
4144667
4144681
4144711
4144729
4144739
4144741
4144757
4144781
4144783
4144801
4144817
4144849
4144871
4144873
4144879
4144913
4144919
4144961
4144963
4144967
4144969
4144981
4145003
4145017
4145023
4145027
4145033
4145047
4145069
4145111
4145117
4145171
4145177
4145189
4145191
4145201
4145213
4145257
4145261
4145291
4145293
4145299
4145333
4145341
4145371
4145389
4145419
4145423
4145459
4145473
4145503
4145509
4145527
4145539
4145549
4145567
4145611
4145639
4145641
4145653
4145677
4145689
4145693
4145699
4145707
4145711
4145717
4145731
4145737
4145777
4145783
4145803
4145809
4145837
4145839
4145849
4145851
4145861
4145863
4145873
4145891
4145951
4145959
4145969
4145983
4145993
4146001
4146013
4146053
4146067
4146073
4146119
4146133
4146139
4146173
4146179
4146193
4146203
4146211
4146221
4146227
4146253
4146277
4146323
4146341
4146347
4146367
4146377
4146379
4146383
4146397
4146403
4146407
4146409
4146451
4146497
4146517
4146539
4146547
4146559
4146577
4146587
4146661
4146671
4146679
4146743
4146767
4146803
4146811
4146833
4146859
4146881
4146907
4146917
4146943
4146949
4146973
4146977
4146979
4147001
4147007
4147009
4147019
4147021
4147037
4147043
4147079
4147081
4147093
4147103
4147147
4147151
4147159
4147163
4147229
4147237
4147249
4147267
4147289
4147309
4147313
4147321
4147331
4147357
4147361
4147373
4147379
4147391
4147399
4147411
4147417
4147457
4147483
4147499
4147511
4147531
4147537
4147547
4147553
4147571
4147597
4147639
4147657
4147673
4147679
4147687
4147697
4147709
4147721
4147729
4147739
4147747
4147753
4147771
4147789
4147799
4147837
4147867
4147873
4147879
4147883
4147921
4147943
4147961
4147963
4147973
4147987
4147991
4148003
4148009
4148029
4148041
4148057
4148059
4148071
4148077
4148083
4148087
4148101
4148129
4148143
4148147
4148159
4148161
4148219
4148227
4148233
4148239
4148269
4148279
4148293
4148321
4148341
4148351
4148381
4148393
4148401
4148407
4148413
4148437
4148449
4148453
4148461
4148483
4148489
4148567
4148581
4148591
4148603
4148609
4148611
4148621
4148633
4148647
4148657
4148659
4148687
4148689
4148719
4148741
4148759
4148791
4148797
4148813
4148819
4148849
4148857
4148861
4148863
4148873
4148887
4148891
4148899
4148909
4148917
4148923
4148927
4148933
4148953
4148957
4148971
4148983
4148987
4149007
4149023
4149029
4149053
4149107
4149121
4149137
4149151
4149161
4149179
4149191
4149227
4149259
4149263
4149283
4149287
4149337
4149347
4149359
There are 1574 prime numbers in S339.
