S34(40393~42840)
40423
40427
40429
40433
40459
40471
40483
40487
40493
40499
40507
40519
40529
40531
40543
40559
40577
40583
40591
40597
40609
40627
40637
40639
40693
40697
40699
40709
40739
40751
40759
40763
40771
40787
40801
40813
40819
40823
40829
40841
40847
40849
40853
40867
40879
40883
40897
40903
40927
40933
40939
40949
40961
40973
40993
41011
41017
41023
41039
41047
41051
41057
41077
41081
41113
41117
41131
41141
41143
41149
41161
41177
41179
41183
41189
41201
41203
41213
41221
41227
41231
41233
41243
41257
41263
41269
41281
41299
41333
41341
41351
41357
41381
41387
41389
41399
41411
41413
41443
41453
41467
41479
41491
41507
41513
41519
41521
41539
41543
41549
41579
41593
41597
41603
41609
41611
41617
41621
41627
41641
41647
41651
41659
41669
41681
41687
41719
41729
41737
41759
41761
41771
41777
41801
41809
41813
41843
41849
41851
41863
41879
41887
41893
41897
41903
41911
41927
41941
41947
41953
41957
41959
41969
41981
41983
41999
42013
42017
42019
42023
42043
42061
42071
42073
42083
42089
42101
42131
42139
42157
42169
42179
42181
42187
42193
42197
42209
42221
42223
42227
42239
42257
42281
42283
42293
42299
42307
42323
42331
42337
42349
42359
42373
42379
42391
42397
42403
42407
42409
42433
42437
42443
42451
42457
42461
42463
42467
42473
42487
42491
42499
42509
42533
42557
42569
42571
42577
42589
42611
42641
42643
42649
42667
42677
42683
42689
42697
42701
42703
42709
42719
42727
42737
42743
42751
42767
42773
42787
42793
42797
42821
42829
42839
There are 243 prime numbers in S34.
