S340(4149361~4173840)
4149367
4149373
4149389
4149401
4149413
4149427
4149433
4149437
4149451
4149469
4149493
4149517
4149533
4149553
4149557
4149559
4149589
4149599
4149601
4149617
4149623
4149641
4149643
4149653
4149659
4149679
4149703
4149707
4149713
4149721
4149731
4149749
4149763
4149793
4149811
4149833
4149839
4149881
4149889
4149907
4149911
4149919
4149931
4149941
4149947
4149967
4149983
4149991
4149997
4150007
4150009
4150019
4150033
4150039
4150043
4150049
4150073
4150093
4150109
4150127
4150129
4150169
4150171
4150177
4150213
4150243
4150247
4150259
4150283
4150297
4150301
4150309
4150313
4150319
4150331
4150343
4150351
4150357
4150369
4150381
4150411
4150439
4150441
4150453
4150457
4150459
4150463
4150507
4150513
4150519
4150529
4150547
4150577
4150613
4150633
4150667
4150673
4150681
4150691
4150723
4150733
4150753
4150763
4150781
4150793
4150813
4150819
4150823
4150847
4150849
4150859
4150889
4150901
4150903
4150933
4150943
4150967
4150969
4150981
4151011
4151023
4151027
4151029
4151039
4151053
4151057
4151099
4151113
4151129
4151131
4151153
4151159
4151167
4151197
4151207
4151219
4151239
4151261
4151267
4151269
4151297
4151317
4151341
4151347
4151351
4151359
4151377
4151423
4151461
4151467
4151471
4151473
4151479
4151501
4151531
4151533
4151549
4151629
4151639
4151647
4151663
4151677
4151681
4151683
4151699
4151711
4151713
4151717
4151801
4151803
4151809
4151813
4151821
4151879
4151887
4151911
4151929
4151941
4151963
4151969
4151971
4151977
4151989
4152019
4152061
4152067
4152077
4152079
4152091
4152101
4152107
4152119
4152139
4152143
4152157
4152217
4152229
4152257
4152271
4152283
4152289
4152299
4152311
4152329
4152341
4152353
4152371
4152373
4152377
4152389
4152409
4152433
4152503
4152509
4152517
4152523
4152527
4152529
4152541
4152557
4152587
4152601
4152653
4152677
4152679
4152721
4152737
4152761
4152763
4152787
4152803
4152809
4152823
4152839
4152847
4152859
4152877
4152893
4152901
4152919
4152923
4152937
4152943
4152959
4152971
4152989
4152997
4153021
4153067
4153081
4153099
4153111
4153159
4153169
4153183
4153199
4153207
4153217
4153223
4153231
4153273
4153277
4153283
4153291
4153301
4153309
4153333
4153367
4153393
4153399
4153417
4153421
4153433
4153447
4153453
4153463
4153469
4153477
4153483
4153489
4153493
4153507
4153517
4153519
4153529
4153543
4153561
4153579
4153607
4153613
4153649
4153687
4153697
4153711
4153717
4153753
4153759
4153771
4153817
4153819
4153829
4153841
4153867
4153871
4153909
4153927
4153943
4153973
4153979
4153987
4153991
4153999
4154009
4154041
4154077
4154083
4154089
4154107
4154149
4154173
4154177
4154197
4154203
4154207
4154209
4154263
4154287
4154303
4154309
4154333
4154347
4154363
4154383
4154389
4154417
4154419
4154461
4154473
4154497
4154509
4154519
4154543
4154561
4154581
4154593
4154621
4154629
4154639
4154641
4154669
4154677
4154687
4154699
4154719
4154729
4154741
4154779
4154791
4154797
4154809
4154819
4154831
4154833
4154861
4154867
4154869
4154879
4154903
4154911
4154923
4154929
4154933
4154947
4154951
4154959
4154999
4155007
4155013
4155017
4155029
4155037
4155049
4155061
4155077
4155079
4155103
4155113
4155119
4155121
4155161
4155169
4155187
4155197
4155247
4155251
4155257
4155269
4155301
4155331
4155337
4155343
4155367
4155401
4155409
4155413
4155419
4155427
4155467
4155469
4155511
4155517
4155521
4155523
4155533
4155539
4155551
4155583
4155589
4155607
4155611
4155629
4155631
4155647
4155653
4155659
4155673
4155703
4155721
4155731
4155733
4155743
4155751
4155761
4155763
4155779
4155791
4155793
4155797
4155839
4155841
4155857
4155863
4155887
4155911
4155913
4155917
4155919
4155923
4155929
4155989
4155997
4156001
4156037
4156039
4156043
4156063
4156073
4156081
4156091
4156093
4156151
4156157
4156181
4156183
4156199
4156213
4156219
4156249
4156277
4156291
4156297
4156301
4156331
4156333
4156349
4156379
4156409
4156417
4156433
4156441
4156447
4156507
4156519
4156531
4156549
4156561
4156571
4156589
4156591
4156627
4156639
4156643
4156651
4156673
4156709
4156739
4156751
4156769
4156777
4156783
4156787
4156793
4156799
4156807
4156819
4156829
4156847
4156871
4156903
4156907
4156909
4156921
4156937
4156969
4156981
4157011
4157053
4157077
4157093
4157099
4157119
4157123
4157141
4157147
4157159
4157171
4157173
4157177
4157189
4157191
4157201
4157213
4157239
4157269
4157287
4157303
4157311
4157339
4157347
4157399
4157429
4157437
4157449
4157459
4157471
4157473
4157477
4157501
4157509
4157513
4157563
4157591
4157603
4157611
4157617
4157623
4157663
4157669
4157677
4157693
4157717
4157723
4157729
4157731
4157749
4157753
4157771
4157773
4157807
4157833
4157837
4157863
4157869
4157887
4157891
4157893
4157897
4157899
4157927
4157929
4157947
4157981
4158001
4158019
4158031
4158041
4158053
4158067
4158073
4158083
4158103
4158109
4158139
4158151
4158157
4158163
4158173
4158181
4158197
4158211
4158233
4158289
4158307
4158313
4158337
4158367
4158391
4158403
4158409
4158443
4158449
4158457
4158461
4158491
4158499
4158521
4158527
4158529
4158547
4158551
4158559
4158569
4158611
4158613
4158617
4158631
4158641
4158673
4158697
4158731
4158779
4158809
4158823
4158827
4158859
4158887
4158893
4158899
4158907
4158941
4158943
4158953
4158961
4158971
4158989
4159007
4159013
4159027
4159049
4159091
4159097
4159147
4159153
4159187
4159193
4159217
4159219
4159223
4159229
4159231
4159241
4159247
4159273
4159277
4159279
4159289
4159291
4159303
4159319
4159333
4159349
4159361
4159367
4159403
4159447
4159451
4159459
4159471
4159501
4159511
4159517
4159523
4159531
4159541
4159553
4159583
4159601
4159621
4159627
4159637
4159663
4159667
4159669
4159681
4159693
4159699
4159717
4159723
4159741
4159769
4159787
4159801
4159807
4159843
4159889
4159907
4159937
4159943
4159973
4159979
4159997
4160003
4160011
4160027
4160041
4160047
4160063
4160077
4160099
4160113
4160119
4160141
4160159
4160173
4160179
4160227
4160237
4160269
4160281
4160323
4160327
4160329
4160333
4160347
4160353
4160357
4160363
4160371
4160381
4160389
4160399
4160407
4160413
4160423
4160437
4160459
4160467
4160473
4160491
4160509
4160521
4160531
4160549
4160561
4160567
4160579
4160591
4160593
4160599
4160609
4160617
4160641
4160669
4160711
4160713
4160719
4160729
4160797
4160843
4160879
4160881
4160899
4160911
4160929
4160941
4160951
4160969
4160987
4161011
4161013
4161023
4161061
4161077
4161103
4161109
4161119
4161149
4161151
4161163
4161173
4161187
4161191
4161193
4161197
4161221
4161233
4161251
4161257
4161263
4161271
4161299
4161307
4161331
4161341
4161343
4161349
4161389
4161407
4161419
4161433
4161439
4161457
4161461
4161463
4161499
4161527
4161539
4161557
4161559
4161581
4161593
4161607
4161611
4161629
4161631
4161637
4161653
4161667
4161671
4161673
4161679
4161691
4161697
4161701
4161713
4161721
4161727
4161737
4161757
4161763
4161767
4161769
4161791
4161793
4161809
4161811
4161823
4161851
4161853
4161881
4161943
4161953
4161959
4161977
4162003
4162009
4162021
4162027
4162049
4162063
4162069
4162087
4162097
4162117
4162133
4162157
4162177
4162183
4162187
4162189
4162211
4162217
4162219
4162231
4162243
4162247
4162253
4162261
4162309
4162313
4162321
4162337
4162343
4162351
4162363
4162373
4162381
4162421
4162423
4162439
4162447
4162469
4162481
4162493
4162507
4162511
4162519
4162547
4162549
4162583
4162591
4162657
4162661
4162667
4162681
4162687
4162693
4162703
4162709
4162721
4162727
4162733
4162751
4162757
4162783
4162811
4162859
4162861
4162867
4162877
4162889
4162901
4162913
4162927
4162937
4162967
4162969
4162973
4162993
4162999
4163009
4163039
4163041
4163051
4163077
4163123
4163149
4163171
4163177
4163219
4163231
4163233
4163251
4163267
4163281
4163287
4163297
4163329
4163333
4163347
4163353
4163359
4163371
4163381
4163387
4163399
4163417
4163429
4163459
4163461
4163479
4163491
4163503
4163539
4163563
4163597
4163611
4163629
4163651
4163659
4163669
4163671
4163681
4163693
4163699
4163707
4163723
4163741
4163743
4163749
4163767
4163773
4163801
4163813
4163821
4163833
4163843
4163857
4163879
4163881
4163893
4163899
4163903
4163911
4163933
4163941
4163953
4163987
4164007
4164019
4164047
4164049
4164053
4164071
4164101
4164107
4164131
4164179
4164191
4164217
4164233
4164241
4164253
4164271
4164289
4164299
4164317
4164319
4164343
4164367
4164379
4164427
4164437
4164451
4164463
4164467
4164481
4164497
4164499
4164521
4164527
4164539
4164551
4164569
4164583
4164607
4164613
4164631
4164637
4164673
4164697
4164709
4164737
4164749
4164767
4164773
4164791
4164799
4164803
4164827
4164829
4164859
4164877
4164887
4164907
4164913
4164917
4164947
4164967
4164977
4164989
4165037
4165039
4165043
4165061
4165079
4165097
4165099
4165103
4165157
4165163
4165169
4165177
4165181
4165193
4165229
4165243
4165267
4165283
4165297
4165303
4165319
4165327
4165331
4165333
4165339
4165361
4165379
4165393
4165397
4165411
4165451
4165463
4165489
4165517
4165523
4165547
4165549
4165573
4165583
4165597
4165607
4165613
4165619
4165621
4165627
4165631
4165633
4165643
4165661
4165699
4165709
4165729
4165741
4165757
4165781
4165787
4165849
4165927
4165933
4165943
4165949
4165951
4165957
4165961
4165963
4165979
4165991
4165999
4166011
4166017
4166023
4166027
4166047
4166069
4166081
4166087
4166093
4166101
4166119
4166137
4166143
4166147
4166153
4166159
4166177
4166191
4166203
4166219
4166231
4166233
4166251
4166257
4166287
4166293
4166299
4166303
4166317
4166321
4166333
4166341
4166363
4166389
4166417
4166419
4166447
4166497
4166501
4166507
4166509
4166527
4166531
4166557
4166563
4166593
4166599
4166629
4166641
4166647
4166651
4166671
4166689
4166693
4166731
4166737
4166809
4166831
4166837
4166843
4166863
4166867
4166873
4166893
4166999
4167017
4167043
4167049
4167073
4167077
4167109
4167127
4167133
4167143
4167157
4167187
4167197
4167223
4167239
4167257
4167263
4167269
4167287
4167307
4167311
4167341
4167367
4167377
4167379
4167389
4167391
4167407
4167413
4167419
4167433
4167437
4167451
4167473
4167481
4167491
4167509
4167521
4167523
4167551
4167587
4167607
4167641
4167649
4167659
4167661
4167673
4167697
4167719
4167721
4167731
4167763
4167767
4167797
4167809
4167827
4167829
4167841
4167847
4167881
4167893
4167923
4167931
4167949
4167953
4167979
4168001
4168057
4168063
4168091
4168097
4168117
4168121
4168123
4168127
4168133
4168159
4168181
4168207
4168223
4168253
4168259
4168273
4168279
4168301
4168303
4168319
4168327
4168331
4168337
4168369
4168379
4168387
4168403
4168421
4168433
4168447
4168459
4168469
4168501
4168517
4168523
4168529
4168537
4168559
4168561
4168579
4168583
4168627
4168649
4168651
4168667
4168691
4168709
4168741
4168831
4168861
4168883
4168889
4168891
4168933
4168939
4168943
4168951
4168981
4168987
4169057
4169083
4169093
4169101
4169119
4169129
4169147
4169161
4169171
4169177
4169203
4169213
4169251
4169257
4169273
4169281
4169293
4169299
4169327
4169329
4169387
4169393
4169401
4169423
4169441
4169443
4169453
4169491
4169497
4169513
4169521
4169527
4169549
4169551
4169579
4169597
4169603
4169609
4169621
4169623
4169651
4169653
4169657
4169663
4169677
4169689
4169713
4169719
4169723
4169729
4169731
4169747
4169771
4169783
4169807
4169821
4169827
4169849
4169909
4169929
4169941
4169951
4169953
4170007
4170017
4170031
4170041
4170053
4170071
4170079
4170091
4170109
4170119
4170121
4170191
4170193
4170209
4170211
4170227
4170247
4170251
4170277
4170289
4170301
4170343
4170347
4170349
4170359
4170371
4170377
4170379
4170407
4170427
4170431
4170433
4170473
4170493
4170497
4170499
4170541
4170547
4170583
4170599
4170601
4170641
4170679
4170703
4170707
4170721
4170731
4170737
4170739
4170743
4170757
4170773
4170781
4170839
4170851
4170863
4170877
4170911
4170913
4170953
4170977
4170979
4170989
4171003
4171009
4171021
4171031
4171087
4171091
4171093
4171117
4171151
4171177
4171183
4171187
4171201
4171207
4171213
4171229
4171231
4171243
4171261
4171283
4171289
4171313
4171319
4171327
4171337
4171357
4171361
4171411
4171421
4171423
4171429
4171451
4171459
4171481
4171483
4171499
4171523
4171543
4171547
4171591
4171619
4171633
4171667
4171691
4171721
4171751
4171759
4171771
4171777
4171781
4171793
4171799
4171801
4171813
4171819
4171837
4171841
4171879
4171883
4171907
4171931
4171933
4171943
4171967
4171991
4172029
4172041
4172057
4172059
4172071
4172087
4172099
4172101
4172111
4172117
4172141
4172159
4172167
4172171
4172183
4172239
4172243
4172257
4172279
4172309
4172323
4172341
4172353
4172359
4172369
4172417
4172431
4172471
4172479
4172489
4172513
4172521
4172537
4172551
4172561
4172573
4172579
4172621
4172627
4172639
4172653
4172681
4172699
4172711
4172717
4172719
4172731
4172737
4172747
4172759
4172783
4172789
4172807
4172851
4172863
4172869
4172873
4172881
4172887
4172929
4172953
4172957
4172981
4173023
4173031
4173047
4173049
4173073
4173077
4173079
4173089
4173139
4173149
4173151
4173161
4173181
4173209
4173223
4173241
4173269
4173277
4173287
4173311
4173319
4173329
4173343
4173353
4173359
4173371
4173383
4173409
4173413
4173467
4173469
4173473
4173479
4173487
4173493
4173523
4173539
4173569
4173571
4173577
4173607
4173613
4173641
4173683
4173703
4173727
4173733
4173739
4173751
4173761
4173769
4173773
4173779
4173811
4173817
There are 1628 prime numbers in S340.
