S341(4173841~4198392)
4173847
4173853
4173887
4173907
4173919
4173943
4173947
4173973
4173989
4174013
4174021
4174039
4174043
4174069
4174097
4174103
4174111
4174133
4174141
4174151
4174171
4174193
4174207
4174237
4174249
4174259
4174271
4174273
4174277
4174283
4174297
4174327
4174343
4174349
4174351
4174369
4174393
4174409
4174411
4174421
4174453
4174501
4174507
4174517
4174529
4174531
4174549
4174561
4174567
4174601
4174603
4174607
4174609
4174631
4174649
4174669
4174691
4174711
4174717
4174727
4174733
4174759
4174769
4174771
4174777
4174789
4174823
4174847
4174853
4174861
4174873
4174879
4174949
4174967
4174981
4174991
4174993
4174997
4175053
4175063
4175077
4175123
4175131
4175141
4175177
4175189
4175201
4175203
4175209
4175243
4175261
4175263
4175273
4175279
4175291
4175299
4175309
4175321
4175341
4175377
4175411
4175417
4175453
4175467
4175471
4175473
4175477
4175491
4175503
4175513
4175519
4175531
4175539
4175551
4175579
4175597
4175653
4175657
4175663
4175671
4175683
4175737
4175747
4175777
4175779
4175789
4175803
4175827
4175837
4175867
4175869
4175879
4175881
4175893
4175933
4175939
4175957
4175981
4175989
4176001
4176013
4176037
4176049
4176061
4176071
4176077
4176097
4176113
4176127
4176157
4176163
4176167
4176187
4176191
4176217
4176229
4176233
4176239
4176253
4176259
4176269
4176281
4176283
4176287
4176307
4176313
4176331
4176379
4176391
4176397
4176421
4176443
4176457
4176517
4176521
4176539
4176541
4176563
4176569
4176587
4176617
4176647
4176677
4176691
4176701
4176709
4176721
4176727
4176737
4176743
4176761
4176769
4176773
4176779
4176791
4176803
4176817
4176833
4176863
4176871
4176919
4176929
4176947
4176973
4177051
4177079
4177081
4177123
4177127
4177139
4177153
4177163
4177183
4177193
4177211
4177231
4177309
4177333
4177339
4177351
4177357
4177373
4177379
4177391
4177403
4177409
4177423
4177447
4177451
4177469
4177477
4177483
4177487
4177519
4177543
4177553
4177573
4177609
4177673
4177687
4177703
4177709
4177729
4177741
4177753
4177759
4177763
4177787
4177793
4177799
4177807
4177843
4177847
4177867
4177897
4177907
4177909
4177913
4177931
4177939
4177969
4177993
4177997
4178021
4178033
4178047
4178051
4178063
4178071
4178093
4178101
4178113
4178129
4178131
4178171
4178177
4178191
4178197
4178219
4178221
4178261
4178287
4178327
4178329
4178333
4178357
4178359
4178393
4178399
4178411
4178417
4178431
4178443
4178453
4178483
4178491
4178497
4178501
4178509
4178513
4178519
4178527
4178543
4178569
4178579
4178591
4178599
4178609
4178633
4178641
4178677
4178701
4178711
4178717
4178729
4178737
4178749
4178767
4178771
4178773
4178777
4178789
4178791
4178809
4178827
4178849
4178851
4178861
4178873
4178887
4178897
4178903
4178959
4178963
4178969
4178971
4178983
4179001
4179013
4179023
4179037
4179053
4179067
4179073
4179101
4179139
4179143
4179151
4179163
4179247
4179251
4179257
4179269
4179289
4179311
4179317
4179319
4179341
4179347
4179359
4179361
4179367
4179377
4179379
4179391
4179403
4179419
4179437
4179457
4179463
4179473
4179493
4179517
4179521
4179533
4179541
4179551
4179577
4179587
4179607
4179641
4179647
4179649
4179667
4179673
4179691
4179701
4179709
4179713
4179727
4179731
4179743
4179803
4179839
4179863
4179881
4179893
4179899
4179913
4179919
4179941
4179949
4179953
4179971
4179979
4180051
4180067
4180069
4180081
4180093
4180097
4180153
4180157
4180201
4180217
4180219
4180229
4180243
4180271
4180277
4180301
4180303
4180313
4180333
4180343
4180367
4180369
4180373
4180387
4180441
4180447
4180469
4180471
4180489
4180499
4180507
4180541
4180607
4180609
4180613
4180621
4180633
4180663
4180679
4180723
4180739
4180747
4180763
4180769
4180777
4180789
4180801
4180819
4180823
4180831
4180837
4180849
4180909
4180921
4180927
4180949
4180961
4180987
4181041
4181059
4181069
4181071
4181077
4181081
4181087
4181129
4181137
4181141
4181171
4181173
4181183
4181209
4181213
4181251
4181257
4181263
4181267
4181279
4181293
4181321
4181323
4181347
4181351
4181357
4181383
4181393
4181413
4181417
4181431
4181447
4181459
4181461
4181479
4181483
4181503
4181509
4181521
4181531
4181533
4181557
4181579
4181603
4181633
4181657
4181669
4181693
4181717
4181741
4181747
4181759
4181761
4181773
4181797
4181819
4181839
4181857
4181867
4181873
4181897
4181899
4181909
4181917
4181927
4181941
4181953
4181981
4181987
4182011
4182019
4182037
4182043
4182047
4182049
4182077
4182083
4182089
4182103
4182127
4182131
4182133
4182151
4182163
4182169
4182173
4182193
4182203
4182209
4182239
4182253
4182257
4182263
4182271
4182301
4182307
4182313
4182317
4182329
4182331
4182361
4182379
4182403
4182407
4182419
4182421
4182433
4182461
4182463
4182487
4182547
4182553
4182557
4182559
4182571
4182589
4182593
4182599
4182611
4182631
4182667
4182691
4182701
4182721
4182749
4182751
4182769
4182791
4182809
4182821
4182839
4182853
4182863
4182881
4182883
4182947
4182949
4182979
4182991
4183001
4183007
4183009
4183013
4183019
4183027
4183031
4183043
4183057
4183061
4183063
4183087
4183099
4183103
4183111
4183121
4183133
4183177
4183199
4183229
4183243
4183259
4183273
4183297
4183301
4183303
4183327
4183349
4183351
4183369
4183381
4183393
4183397
4183429
4183457
4183499
4183537
4183559
4183567
4183583
4183639
4183643
4183651
4183687
4183691
4183693
4183727
4183733
4183741
4183759
4183783
4183787
4183789
4183813
4183831
4183841
4183847
4183889
4183891
4183897
4183903
4183909
4183913
4183931
4183937
4183951
4183957
4183961
4183967
4183973
4184017
4184027
4184087
4184099
4184107
4184111
4184119
4184143
4184153
4184179
4184197
4184203
4184233
4184239
4184251
4184263
4184273
4184281
4184303
4184309
4184311
4184347
4184353
4184357
4184359
4184377
4184399
4184407
4184423
4184429
4184437
4184443
4184507
4184549
4184561
4184563
4184569
4184573
4184591
4184599
4184603
4184629
4184633
4184641
4184647
4184657
4184681
4184707
4184711
4184743
4184759
4184767
4184773
4184797
4184809
4184813
4184821
4184849
4184857
4184861
4184881
4184893
4184897
4184899
4184909
4184977
4184989
4185007
4185029
4185037
4185067
4185101
4185121
4185131
4185133
4185143
4185173
4185191
4185197
4185211
4185229
4185253
4185257
4185277
4185343
4185347
4185353
4185359
4185361
4185373
4185409
4185413
4185431
4185437
4185439
4185449
4185469
4185473
4185479
4185481
4185497
4185509
4185523
4185547
4185583
4185593
4185613
4185617
4185619
4185641
4185661
4185673
4185683
4185697
4185703
4185739
4185751
4185763
4185767
4185787
4185799
4185803
4185821
4185823
4185829
4185851
4185869
4185901
4185911
4185913
4185917
4185919
4185941
4185943
4185949
4185953
4185967
4185971
4185989
4185997
4186009
4186019
4186031
4186033
4186043
4186073
4186079
4186087
4186103
4186123
4186129
4186151
4186153
4186181
4186183
4186201
4186211
4186219
4186241
4186283
4186307
4186313
4186319
4186339
4186381
4186393
4186397
4186409
4186421
4186433
4186459
4186487
4186489
4186493
4186531
4186547
4186571
4186579
4186591
4186639
4186673
4186681
4186691
4186703
4186717
4186723
4186747
4186771
4186801
4186823
4186837
4186843
4186849
4186877
4186907
4186927
4186937
4186951
4186997
4186999
4187009
4187021
4187023
4187047
4187059
4187069
4187093
4187111
4187123
4187129
4187137
4187147
4187177
4187189
4187213
4187233
4187251
4187257
4187269
4187291
4187303
4187329
4187333
4187363
4187369
4187399
4187411
4187413
4187419
4187437
4187459
4187471
4187479
4187483
4187489
4187501
4187503
4187507
4187531
4187537
4187563
4187569
4187591
4187597
4187611
4187647
4187663
4187669
4187707
4187719
4187731
4187737
4187741
4187753
4187773
4187779
4187789
4187801
4187819
4187839
4187851
4187891
4187927
4187929
4187941
4187951
4187957
4187971
4187983
4187987
4188011
4188017
4188043
4188053
4188059
4188089
4188101
4188127
4188133
4188161
4188187
4188203
4188221
4188257
4188259
4188269
4188271
4188281
4188299
4188313
4188337
4188347
4188367
4188403
4188407
4188413
4188419
4188427
4188433
4188449
4188451
4188467
4188473
4188479
4188491
4188497
4188533
4188551
4188559
4188577
4188617
4188619
4188631
4188649
4188671
4188677
4188697
4188703
4188713
4188719
4188727
4188739
4188763
4188791
4188799
4188803
4188827
4188853
4188857
4188869
4188893
4188901
4188971
4188973
4188991
4188997
4189001
4189019
4189027
4189039
4189057
4189069
4189091
4189099
4189117
4189121
4189147
4189153
4189181
4189183
4189187
4189217
4189219
4189223
4189261
4189267
4189271
4189277
4189307
4189313
4189337
4189351
4189363
4189373
4189403
4189417
4189453
4189459
4189477
4189483
4189489
4189499
4189513
4189517
4189553
4189561
4189567
4189583
4189609
4189631
4189643
4189651
4189673
4189693
4189697
4189699
4189723
4189727
4189729
4189733
4189741
4189763
4189771
4189793
4189807
4189819
4189847
4189849
4189879
4189883
4189897
4189903
4189951
4189957
4189961
4189987
4190009
4190023
4190027
4190033
4190057
4190059
4190063
4190083
4190093
4190101
4190107
4190119
4190149
4190161
4190167
4190171
4190183
4190189
4190231
4190237
4190257
4190261
4190269
4190293
4190299
4190309
4190321
4190359
4190369
4190371
4190383
4190399
4190411
4190429
4190447
4190453
4190467
4190477
4190489
4190503
4190513
4190533
4190573
4190617
4190629
4190663
4190677
4190689
4190699
4190701
4190707
4190717
4190729
4190759
4190777
4190803
4190833
4190861
4190863
4190867
4190903
4190933
4190957
4190969
4190981
4190987
4190999
4191013
4191017
4191041
4191043
4191049
4191067
4191071
4191073
4191091
4191097
4191119
4191137
4191151
4191157
4191179
4191181
4191193
4191217
4191227
4191233
4191259
4191311
4191329
4191337
4191349
4191353
4191373
4191391
4191403
4191427
4191443
4191461
4191463
4191487
4191491
4191521
4191527
4191529
4191563
4191581
4191599
4191613
4191623
4191641
4191659
4191679
4191701
4191709
4191739
4191757
4191763
4191787
4191793
4191797
4191829
4191857
4191893
4191907
4191919
4191931
4191947
4191949
4191953
4191973
4191983
4191991
4192007
4192021
4192033
4192039
4192051
4192073
4192087
4192091
4192093
4192121
4192129
4192157
4192163
4192169
4192189
4192219
4192229
4192231
4192261
4192267
4192271
4192273
4192277
4192283
4192289
4192301
4192339
4192343
4192351
4192361
4192381
4192399
4192403
4192411
4192427
4192429
4192477
4192493
4192499
4192511
4192519
4192547
4192553
4192561
4192567
4192571
4192603
4192607
4192613
4192627
4192637
4192667
4192697
4192709
4192753
4192757
4192759
4192789
4192841
4192861
4192871
4192873
4192919
4192943
4192963
4192987
4192997
4193039
4193041
4193051
4193087
4193089
4193113
4193131
4193141
4193149
4193171
4193191
4193209
4193221
4193239
4193249
4193251
4193263
4193269
4193279
4193297
4193303
4193309
4193327
4193353
4193359
4193369
4193377
4193381
4193389
4193393
4193411
4193417
4193443
4193447
4193459
4193507
4193513
4193531
4193549
4193551
4193569
4193573
4193633
4193663
4193701
4193743
4193753
4193759
4193789
4193801
4193803
4193807
4193869
4193909
4193929
4193939
4193957
4193963
4193971
4193977
4194007
4194011
4194023
4194103
4194107
4194131
4194137
4194143
4194167
4194173
4194181
4194187
4194191
4194199
4194217
4194247
4194271
4194277
4194287
4194301
4194319
4194329
4194353
4194371
4194389
4194397
4194403
4194409
4194419
4194433
4194439
4194451
4194493
4194503
4194511
4194523
4194527
4194559
4194581
4194583
4194599
4194601
4194637
4194643
4194661
4194677
4194679
4194713
4194719
4194739
4194761
4194769
4194781
4194793
4194823
4194847
4194851
4194857
4194863
4194871
4194887
4194907
4194917
4194919
4194961
4194973
4194989
4195001
4195019
4195021
4195027
4195033
4195057
4195063
4195117
4195127
4195129
4195157
4195183
4195189
4195201
4195211
4195229
4195231
4195249
4195253
4195259
4195271
4195273
4195283
4195291
4195297
4195307
4195309
4195327
4195349
4195357
4195421
4195441
4195463
4195483
4195487
4195493
4195501
4195531
4195547
4195559
4195573
4195579
4195589
4195619
4195621
4195649
4195657
4195679
4195703
4195747
4195759
4195771
4195777
4195801
4195823
4195847
4195859
4195861
4195871
4195879
4195883
4195921
4195937
4195949
4195951
4195969
4195973
4195999
4196011
4196057
4196077
4196081
4196089
4196099
4196119
4196147
4196149
4196167
4196177
4196183
4196233
4196237
4196239
4196249
4196267
4196299
4196303
4196333
4196341
4196347
4196363
4196369
4196371
4196389
4196393
4196407
4196417
4196459
4196497
4196509
4196513
4196527
4196567
4196573
4196581
4196629
4196641
4196657
4196659
4196683
4196713
4196737
4196747
4196779
4196789
4196791
4196809
4196821
4196837
4196839
4196849
4196867
4196869
4196893
4196897
4196903
4196917
4196923
4196939
4196953
4196981
4196987
4196993
4196999
4197007
4197019
4197031
4197091
4197097
4197103
4197107
4197133
4197139
4197143
4197161
4197163
4197197
4197203
4197239
4197251
4197253
4197299
4197311
4197313
4197337
4197343
4197367
4197407
4197409
4197443
4197463
4197467
4197469
4197511
4197527
4197533
4197541
4197553
4197577
4197587
4197601
4197629
4197631
4197647
4197667
4197671
4197737
4197749
4197757
4197763
4197769
4197797
4197821
4197829
4197833
4197839
4197857
4197871
4197877
4197883
4197887
4197913
4197923
4197967
4198003
4198013
4198037
4198039
4198049
4198079
4198093
4198097
4198111
4198141
4198211
4198247
4198261
4198307
4198309
4198319
4198321
4198331
4198333
4198339
4198343
4198349
4198357
4198379
There are 1623 prime numbers in S341.
