S344(4247713~4272480)
4247729
4247741
4247743
4247753
4247759
4247767
4247777
4247809
4247819
4247821
4247827
4247863
4247917
4247923
4247981
4247983
4248017
4248019
4248037
4248043
4248061
4248071
4248073
4248091
4248103
4248121
4248131
4248151
4248157
4248173
4248187
4248193
4248227
4248253
4248259
4248281
4248287
4248319
4248323
4248331
4248337
4248347
4248371
4248389
4248397
4248401
4248421
4248449
4248463
4248479
4248481
4248539
4248551
4248553
4248557
4248611
4248617
4248631
4248661
4248667
4248683
4248689
4248709
4248719
4248731
4248733
4248737
4248743
4248749
4248757
4248779
4248791
4248809
4248817
4248823
4248869
4248883
4248901
4248911
4248917
4248919
4248931
4248947
4248967
4248971
4248977
4248983
4248991
4249067
4249087
4249097
4249123
4249151
4249159
4249163
4249211
4249237
4249241
4249249
4249253
4249261
4249277
4249307
4249309
4249313
4249327
4249361
4249391
4249409
4249417
4249423
4249429
4249433
4249447
4249451
4249459
4249463
4249477
4249481
4249501
4249513
4249523
4249537
4249543
4249571
4249577
4249579
4249613
4249621
4249627
4249633
4249669
4249703
4249717
4249723
4249741
4249753
4249757
4249769
4249789
4249793
4249799
4249807
4249823
4249831
4249853
4249867
4249873
4249897
4249913
4249943
4249951
4249957
4249961
4249967
4249969
4249981
4250021
4250023
4250027
4250039
4250041
4250047
4250063
4250083
4250107
4250111
4250149
4250159
4250161
4250171
4250177
4250179
4250189
4250209
4250219
4250231
4250251
4250261
4250287
4250291
4250293
4250299
4250303
4250321
4250329
4250333
4250353
4250359
4250369
4250387
4250431
4250447
4250453
4250479
4250483
4250489
4250531
4250567
4250569
4250573
4250591
4250599
4250611
4250621
4250639
4250657
4250711
4250723
4250747
4250749
4250767
4250777
4250809
4250843
4250861
4250879
4250887
4250899
4250903
4250923
4250933
4250941
4250951
4250957
4250959
4250963
4250977
4250993
4251019
4251031
4251043
4251053
4251073
4251131
4251157
4251161
4251199
4251223
4251239
4251253
4251259
4251277
4251283
4251293
4251311
4251323
4251329
4251347
4251349
4251353
4251361
4251397
4251407
4251419
4251449
4251451
4251461
4251463
4251491
4251493
4251523
4251553
4251563
4251589
4251601
4251617
4251623
4251629
4251631
4251647
4251691
4251697
4251703
4251721
4251727
4251733
4251749
4251769
4251773
4251799
4251809
4251817
4251829
4251847
4251857
4251869
4251889
4251917
4251931
4251967
4251971
4252019
4252037
4252051
4252063
4252081
4252093
4252097
4252103
4252109
4252111
4252117
4252121
4252123
4252147
4252163
4252169
4252187
4252207
4252211
4252229
4252253
4252271
4252277
4252279
4252319
4252327
4252337
4252351
4252393
4252421
4252433
4252439
4252459
4252463
4252471
4252477
4252481
4252489
4252511
4252519
4252541
4252553
4252559
4252583
4252679
4252681
4252709
4252711
4252727
4252739
4252747
4252753
4252757
4252777
4252793
4252799
4252813
4252819
4252823
4252841
4252847
4252867
4252877
4252883
4252901
4252933
4252939
4252951
4252961
4252987
4252991
4252993
4253023
4253027
4253047
4253057
4253083
4253089
4253099
4253101
4253129
4253147
4253153
4253167
4253201
4253203
4253209
4253233
4253237
4253257
4253267
4253273
4253309
4253311
4253317
4253329
4253341
4253351
4253371
4253387
4253393
4253419
4253423
4253429
4253437
4253443
4253449
4253461
4253467
4253477
4253489
4253531
4253537
4253563
4253567
4253573
4253593
4253609
4253617
4253651
4253653
4253671
4253693
4253699
4253707
4253719
4253731
4253737
4253747
4253759
4253803
4253813
4253831
4253839
4253849
4253863
4253867
4253869
4253917
4253941
4253969
4254007
4254013
4254049
4254053
4254083
4254091
4254101
4254109
4254113
4254127
4254139
4254163
4254179
4254181
4254191
4254193
4254197
4254203
4254227
4254247
4254251
4254253
4254259
4254269
4254277
4254311
4254319
4254353
4254361
4254389
4254449
4254451
4254473
4254491
4254527
4254541
4254553
4254557
4254559
4254571
4254583
4254587
4254599
4254623
4254629
4254637
4254643
4254647
4254671
4254683
4254707
4254739
4254763
4254779
4254797
4254799
4254821
4254853
4254869
4254883
4254911
4254949
4254961
4254983
4255039
4255057
4255061
4255067
4255073
4255079
4255081
4255087
4255093
4255109
4255133
4255157
4255169
4255187
4255193
4255213
4255249
4255301
4255313
4255351
4255369
4255387
4255399
4255403
4255429
4255439
4255451
4255477
4255501
4255519
4255523
4255541
4255549
4255553
4255561
4255577
4255579
4255583
4255591
4255597
4255609
4255619
4255637
4255673
4255679
4255697
4255739
4255747
4255751
4255781
4255789
4255807
4255817
4255859
4255877
4255879
4255913
4255921
4255931
4255939
4255949
4255963
4255987
4255997
4256003
4256009
4256029
4256051
4256089
4256101
4256117
4256141
4256159
4256167
4256191
4256227
4256233
4256249
4256257
4256261
4256267
4256281
4256293
4256297
4256327
4256347
4256381
4256383
4256389
4256407
4256429
4256431
4256459
4256467
4256471
4256491
4256501
4256507
4256509
4256537
4256561
4256563
4256573
4256617
4256639
4256653
4256669
4256671
4256701
4256717
4256723
4256729
4256737
4256761
4256797
4256803
4256807
4256831
4256839
4256897
4256921
4256927
4256929
4256933
4256963
4256977
4256981
4257017
4257023
4257037
4257041
4257053
4257061
4257067
4257101
4257131
4257133
4257161
4257163
4257193
4257203
4257217
4257221
4257223
4257241
4257269
4257271
4257283
4257289
4257313
4257353
4257359
4257371
4257391
4257413
4257467
4257469
4257503
4257521
4257523
4257527
4257529
4257541
4257551
4257557
4257569
4257587
4257593
4257611
4257613
4257641
4257647
4257677
4257679
4257697
4257733
4257749
4257763
4257787
4257821
4257833
4257889
4257899
4257931
4257937
4257949
4257959
4257961
4257977
4257991
4258019
4258031
4258043
4258057
4258061
4258069
4258081
4258087
4258091
4258103
4258117
4258127
4258139
4258171
4258181
4258193
4258217
4258237
4258249
4258259
4258307
4258339
4258357
4258361
4258363
4258369
4258379
4258393
4258403
4258409
4258411
4258459
4258469
4258477
4258531
4258537
4258567
4258571
4258607
4258609
4258643
4258649
4258673
4258693
4258697
4258699
4258729
4258733
4258753
4258757
4258769
4258777
4258781
4258801
4258819
4258829
4258879
4258883
4258889
4258897
4258909
4258937
4258949
4258951
4258967
4258973
4258987
4259053
4259063
4259113
4259119
4259131
4259141
4259147
4259149
4259159
4259191
4259207
4259221
4259237
4259243
4259251
4259263
4259267
4259291
4259303
4259323
4259327
4259351
4259357
4259371
4259383
4259389
4259399
4259419
4259459
4259461
4259483
4259501
4259527
4259533
4259543
4259579
4259597
4259599
4259621
4259627
4259641
4259653
4259677
4259681
4259683
4259687
4259701
4259711
4259713
4259719
4259729
4259753
4259791
4259797
4259833
4259837
4259863
4259887
4259891
4259903
4259909
4259923
4259951
4260001
4260007
4260019
4260041
4260043
4260049
4260073
4260077
4260097
4260107
4260121
4260131
4260133
4260167
4260173
4260209
4260229
4260247
4260257
4260259
4260271
4260283
4260293
4260317
4260323
4260343
4260367
4260371
4260383
4260401
4260413
4260437
4260457
4260461
4260467
4260479
4260481
4260517
4260521
4260527
4260551
4260601
4260623
4260629
4260643
4260647
4260649
4260677
4260689
4260703
4260713
4260719
4260721
4260743
4260749
4260757
4260793
4260799
4260821
4260833
4260859
4260877
4260899
4260901
4260917
4260967
4261009
4261013
4261021
4261027
4261051
4261079
4261087
4261093
4261109
4261129
4261139
4261151
4261177
4261183
4261189
4261193
4261199
4261211
4261219
4261223
4261249
4261261
4261273
4261319
4261321
4261331
4261333
4261351
4261357
4261363
4261381
4261391
4261421
4261423
4261483
4261519
4261541
4261547
4261553
4261583
4261589
4261597
4261613
4261627
4261651
4261661
4261709
4261711
4261723
4261727
4261759
4261793
4261837
4261841
4261843
4261853
4261867
4261903
4261931
4261949
4261963
4261979
4261981
4261987
4261997
4262003
4262029
4262033
4262047
4262051
4262077
4262119
4262143
4262147
4262149
4262161
4262171
4262173
4262177
4262179
4262183
4262191
4262197
4262233
4262239
4262249
4262261
4262267
4262281
4262303
4262311
4262329
4262351
4262353
4262387
4262389
4262399
4262417
4262431
4262459
4262491
4262509
4262513
4262549
4262551
4262561
4262581
4262611
4262617
4262639
4262653
4262677
4262683
4262693
4262701
4262743
4262749
4262777
4262803
4262813
4262831
4262849
4262851
4262873
4262879
4262887
4262899
4262933
4262941
4262969
4262983
4263001
4263013
4263037
4263047
4263059
4263079
4263113
4263121
4263131
4263137
4263157
4263167
4263169
4263197
4263199
4263223
4263227
4263253
4263283
4263289
4263299
4263313
4263331
4263341
4263359
4263361
4263397
4263403
4263421
4263431
4263433
4263449
4263491
4263509
4263527
4263529
4263541
4263557
4263559
4263569
4263587
4263593
4263607
4263641
4263659
4263683
4263689
4263697
4263703
4263731
4263739
4263761
4263773
4263781
4263803
4263811
4263823
4263827
4263859
4263863
4263869
4263881
4263911
4263913
4263929
4263937
4263953
4263977
4263979
4264021
4264027
4264033
4264049
4264063
4264067
4264069
4264109
4264157
4264171
4264187
4264193
4264199
4264201
4264207
4264219
4264237
4264259
4264261
4264289
4264307
4264313
4264319
4264333
4264339
4264373
4264409
4264471
4264487
4264511
4264517
4264543
4264549
4264553
4264567
4264597
4264609
4264619
4264621
4264627
4264633
4264651
4264661
4264669
4264681
4264691
4264709
4264781
4264811
4264817
4264823
4264829
4264831
4264837
4264847
4264849
4264859
4264877
4264889
4264901
4264919
4264951
4264957
4264961
4264979
4264991
4264999
4265003
4265017
4265021
4265029
4265047
4265057
4265077
4265081
4265083
4265087
4265089
4265099
4265119
4265123
4265137
4265141
4265159
4265161
4265179
4265207
4265227
4265231
4265263
4265267
4265273
4265293
4265311
4265357
4265363
4265369
4265377
4265399
4265413
4265431
4265441
4265473
4265477
4265489
4265537
4265561
4265567
4265593
4265617
4265629
4265663
4265683
4265687
4265699
4265711
4265713
4265717
4265719
4265731
4265783
4265797
4265801
4265831
4265837
4265843
4265881
4265887
4265897
4265903
4265939
4265969
4265977
4265981
4265999
4266029
4266061
4266149
4266169
4266179
4266181
4266217
4266221
4266253
4266257
4266263
4266271
4266287
4266289
4266307
4266329
4266343
4266347
4266377
4266391
4266397
4266443
4266481
4266487
4266497
4266511
4266517
4266527
4266529
4266547
4266551
4266557
4266593
4266599
4266601
4266611
4266617
4266629
4266637
4266667
4266673
4266679
4266709
4266721
4266727
4266733
4266797
4266817
4266827
4266833
4266841
4266853
4266859
4266893
4266907
4266943
4266961
4266967
4266991
4267007
4267033
4267079
4267091
4267111
4267117
4267141
4267169
4267183
4267199
4267201
4267261
4267301
4267303
4267337
4267339
4267349
4267369
4267399
4267409
4267421
4267427
4267441
4267447
4267451
4267463
4267517
4267531
4267537
4267541
4267573
4267579
4267603
4267619
4267631
4267651
4267657
4267661
4267667
4267693
4267721
4267729
4267759
4267763
4267787
4267819
4267831
4267841
4267847
4267859
4267889
4267891
4267927
4267937
4267973
4267981
4268009
4268021
4268029
4268039
4268063
4268107
4268149
4268153
4268167
4268171
4268177
4268183
4268189
4268197
4268213
4268219
4268233
4268261
4268267
4268269
4268279
4268287
4268311
4268321
4268323
4268333
4268339
4268401
4268413
4268437
4268471
4268477
4268491
4268507
4268531
4268533
4268543
4268557
4268569
4268573
4268599
4268603
4268609
4268611
4268617
4268623
4268647
4268651
4268689
4268699
4268729
4268743
4268791
4268809
4268813
4268843
4268857
4268861
4268867
4268881
4268893
4268899
4268909
4268933
4268951
4268981
4268993
4269019
4269029
4269037
4269047
4269049
4269071
4269077
4269101
4269127
4269137
4269149
4269157
4269179
4269211
4269217
4269263
4269277
4269313
4269347
4269379
4269383
4269403
4269439
4269469
4269491
4269497
4269511
4269523
4269539
4269563
4269571
4269589
4269593
4269607
4269619
4269631
4269637
4269647
4269667
4269677
4269679
4269691
4269721
4269767
4269779
4269787
4269803
4269821
4269823
4269833
4269841
4269877
4269883
4269887
4269899
4269901
4269913
4269919
4269949
4269961
4269983
4270031
4270039
4270069
4270073
4270081
4270087
4270093
4270099
4270103
4270139
4270169
4270177
4270181
4270199
4270223
4270229
4270261
4270283
4270289
4270297
4270303
4270319
4270327
4270363
4270391
4270397
4270411
4270447
4270463
4270471
4270499
4270501
4270507
4270517
4270523
4270531
4270537
4270543
4270559
4270589
4270603
4270633
4270639
4270667
4270697
4270699
4270703
4270727
4270741
4270751
4270789
4270807
4270811
4270817
4270829
4270837
4270841
4270853
4270879
4270891
4270907
4270909
4270921
4270943
4270949
4270957
4270969
4270997
4271009
4271017
4271027
4271039
4271041
4271081
4271117
4271129
4271153
4271161
4271167
4271171
4271173
4271177
4271203
4271213
4271221
4271227
4271237
4271251
4271269
4271279
4271297
4271299
4271321
4271327
4271347
4271357
4271363
4271387
4271389
4271401
4271413
4271417
4271441
4271453
4271461
4271467
4271479
4271489
4271557
4271563
4271567
4271569
4271581
4271587
4271591
4271611
4271621
4271623
4271627
4271711
4271717
4271731
4271737
4271753
4271759
4271791
4271801
4271803
4271809
4271833
4271843
4271851
4271873
4271881
4271923
4271929
4271963
4272001
4272029
4272031
4272053
4272091
4272113
4272119
4272139
4272157
4272161
4272167
4272173
4272187
4272211
4272221
4272223
4272239
4272263
4272269
4272311
4272341
4272343
4272349
4272377
4272409
4272413
4272419
4272449
4272461
4272469
There are 1628 prime numbers in S344.
