S347(4322233~4347216)
4322243
4322287
4322293
4322323
4322347
4322359
4322387
4322389
4322401
4322419
4322429
4322441
4322453
4322467
4322473
4322491
4322503
4322509
4322533
4322569
4322581
4322587
4322603
4322651
4322663
4322683
4322687
4322701
4322713
4322741
4322749
4322779
4322783
4322803
4322809
4322863
4322881
4322891
4322897
4322909
4322911
4322951
4322963
4323023
4323037
4323047
4323061
4323071
4323073
4323101
4323161
4323197
4323199
4323217
4323239
4323247
4323251
4323257
4323283
4323289
4323307
4323311
4323313
4323323
4323329
4323331
4323337
4323359
4323377
4323401
4323419
4323427
4323439
4323467
4323479
4323499
4323503
4323541
4323551
4323569
4323589
4323611
4323629
4323643
4323647
4323653
4323679
4323689
4323691
4323707
4323713
4323721
4323731
4323743
4323751
4323757
4323769
4323791
4323817
4323841
4323877
4323883
4323919
4323923
4323941
4323947
4323959
4323961
4323997
4324003
4324007
4324027
4324031
4324057
4324063
4324081
4324093
4324109
4324127
4324157
4324211
4324231
4324259
4324261
4324279
4324289
4324297
4324303
4324321
4324337
4324339
4324363
4324367
4324373
4324399
4324417
4324433
4324471
4324501
4324519
4324543
4324547
4324559
4324561
4324583
4324601
4324627
4324631
4324637
4324643
4324669
4324699
4324711
4324729
4324751
4324753
4324781
4324787
4324807
4324843
4324847
4324861
4324907
4324909
4324927
4324979
4324997
4325033
4325039
4325059
4325071
4325099
4325117
4325119
4325137
4325143
4325149
4325159
4325161
4325201
4325203
4325207
4325257
4325267
4325273
4325281
4325303
4325317
4325333
4325339
4325341
4325351
4325359
4325389
4325393
4325401
4325417
4325423
4325441
4325443
4325473
4325491
4325509
4325513
4325537
4325539
4325543
4325549
4325557
4325569
4325579
4325593
4325617
4325621
4325627
4325639
4325641
4325677
4325687
4325731
4325743
4325759
4325767
4325773
4325779
4325791
4325813
4325851
4325861
4325873
4325879
4325887
4325891
4325921
4325933
4325953
4325963
4325969
4325987
4326011
4326029
4326031
4326067
4326071
4326073
4326079
4326083
4326121
4326131
4326137
4326149
4326163
4326169
4326173
4326229
4326233
4326239
4326247
4326253
4326263
4326269
4326271
4326349
4326367
4326383
4326401
4326403
4326407
4326409
4326437
4326451
4326457
4326473
4326493
4326499
4326503
4326533
4326559
4326571
4326583
4326587
4326589
4326611
4326629
4326631
4326643
4326649
4326667
4326671
4326677
4326683
4326697
4326709
4326719
4326727
4326757
4326769
4326797
4326821
4326827
4326841
4326859
4326863
4326877
4326893
4326901
4326911
4326937
4326947
4326979
4326991
4326997
4327007
4327019
4327031
4327033
4327049
4327051
4327087
4327093
4327097
4327111
4327123
4327153
4327159
4327171
4327189
4327199
4327201
4327217
4327229
4327241
4327247
4327277
4327283
4327313
4327327
4327331
4327357
4327361
4327363
4327369
4327373
4327387
4327423
4327439
4327441
4327451
4327481
4327489
4327493
4327501
4327511
4327549
4327553
4327577
4327579
4327607
4327621
4327633
4327643
4327669
4327711
4327721
4327723
4327727
4327759
4327777
4327789
4327793
4327823
4327859
4327861
4327867
4327909
4327913
4327937
4327943
4327963
4328017
4328021
4328053
4328057
4328059
4328069
4328087
4328099
4328111
4328123
4328147
4328167
4328179
4328213
4328227
4328249
4328273
4328293
4328309
4328327
4328339
4328341
4328407
4328413
4328419
4328459
4328461
4328497
4328521
4328537
4328539
4328543
4328551
4328567
4328573
4328579
4328581
4328603
4328609
4328617
4328629
4328641
4328671
4328677
4328711
4328719
4328749
4328773
4328777
4328783
4328813
4328833
4328837
4328843
4328851
4328861
4328867
4328873
4328879
4328887
4328893
4328921
4328923
4328927
4328953
4328957
4328969
4328981
4328983
4328993
4329011
4329023
4329041
4329043
4329053
4329079
4329089
4329097
4329107
4329137
4329139
4329151
4329167
4329173
4329179
4329191
4329209
4329211
4329229
4329239
4329253
4329257
4329263
4329277
4329293
4329301
4329307
4329331
4329379
4329383
4329389
4329421
4329449
4329463
4329487
4329503
4329539
4329547
4329551
4329581
4329601
4329631
4329649
4329653
4329659
4329667
4329697
4329709
4329733
4329737
4329757
4329763
4329797
4329817
4329827
4329847
4329881
4329907
4329937
4329947
4329953
4329973
4329977
4329979
4330013
4330021
4330037
4330097
4330099
4330103
4330127
4330163
4330169
4330181
4330199
4330201
4330231
4330241
4330253
4330301
4330303
4330321
4330331
4330343
4330349
4330351
4330357
4330373
4330409
4330453
4330457
4330481
4330489
4330493
4330507
4330511
4330523
4330559
4330567
4330583
4330589
4330603
4330621
4330633
4330637
4330649
4330661
4330663
4330673
4330687
4330717
4330757
4330763
4330783
4330819
4330847
4330853
4330867
4330913
4330927
4330943
4330973
4330987
4331009
4331021
4331027
4331051
4331057
4331059
4331083
4331087
4331099
4331123
4331137
4331161
4331167
4331207
4331219
4331251
4331267
4331269
4331273
4331287
4331293
4331323
4331339
4331357
4331359
4331377
4331381
4331389
4331417
4331441
4331443
4331471
4331489
4331513
4331543
4331557
4331573
4331581
4331611
4331641
4331647
4331653
4331683
4331711
4331713
4331731
4331741
4331749
4331779
4331801
4331809
4331827
4331837
4331851
4331857
4331861
4331869
4331911
4331917
4331939
4331941
4331947
4331953
4331963
4331969
4331983
4331989
4332001
4332011
4332043
4332047
4332067
4332079
4332089
4332091
4332143
4332149
4332151
4332173
4332179
4332187
4332191
4332199
4332203
4332217
4332239
4332241
4332259
4332277
4332299
4332313
4332371
4332389
4332407
4332409
4332443
4332469
4332479
4332499
4332509
4332521
4332527
4332539
4332577
4332583
4332599
4332607
4332611
4332613
4332617
4332619
4332631
4332649
4332659
4332673
4332677
4332707
4332709
4332719
4332721
4332733
4332743
4332761
4332767
4332791
4332793
4332821
4332833
4332847
4332851
4332857
4332871
4332877
4332907
4332929
4332941
4332949
4332953
4332961
4332967
4332971
4332973
4332997
4333009
4333027
4333057
4333081
4333097
4333099
4333103
4333129
4333187
4333193
4333213
4333237
4333243
4333253
4333279
4333327
4333337
4333339
4333363
4333391
4333423
4333457
4333471
4333481
4333507
4333517
4333523
4333529
4333531
4333543
4333547
4333597
4333601
4333613
4333633
4333649
4333661
4333697
4333709
4333711
4333733
4333739
4333751
4333753
4333829
4333837
4333853
4333877
4333891
4333909
4333933
4333939
4333943
4333991
4333999
4334003
4334023
4334027
4334039
4334041
4334087
4334089
4334107
4334119
4334123
4334171
4334191
4334221
4334257
4334263
4334273
4334279
4334321
4334329
4334347
4334353
4334359
4334381
4334399
4334401
4334417
4334441
4334453
4334459
4334467
4334483
4334497
4334563
4334569
4334579
4334581
4334593
4334597
4334653
4334657
4334663
4334713
4334719
4334731
4334749
4334753
4334767
4334777
4334791
4334797
4334801
4334839
4334893
4334899
4334903
4334917
4334933
4334969
4334977
4334989
4334999
4335041
4335043
4335049
4335073
4335103
4335137
4335151
4335157
4335203
4335229
4335259
4335263
4335269
4335281
4335301
4335307
4335313
4335329
4335337
4335341
4335367
4335377
4335403
4335407
4335427
4335433
4335437
4335467
4335469
4335479
4335481
4335491
4335511
4335557
4335571
4335577
4335581
4335589
4335593
4335607
4335619
4335631
4335649
4335677
4335679
4335739
4335763
4335767
4335787
4335823
4335841
4335853
4335883
4335887
4335949
4335959
4335967
4335979
4336019
4336027
4336061
4336091
4336093
4336097
4336099
4336103
4336117
4336133
4336147
4336151
4336153
4336159
4336219
4336223
4336229
4336247
4336253
4336279
4336303
4336327
4336331
4336333
4336337
4336357
4336379
4336393
4336439
4336463
4336471
4336481
4336483
4336487
4336523
4336531
4336537
4336567
4336571
4336583
4336589
4336597
4336613
4336639
4336663
4336687
4336691
4336697
4336699
4336723
4336727
4336729
4336741
4336753
4336757
4336763
4336777
4336781
4336793
4336799
4336837
4336847
4336859
4336861
4336867
4336873
4336889
4336901
4336907
4336909
4336919
4336951
4336957
4336963
4336973
4336987
4337027
4337033
4337051
4337063
4337071
4337077
4337083
4337101
4337107
4337119
4337129
4337131
4337143
4337147
4337167
4337171
4337183
4337209
4337213
4337231
4337233
4337257
4337273
4337287
4337297
4337321
4337341
4337351
4337353
4337371
4337381
4337383
4337393
4337401
4337423
4337429
4337447
4337449
4337471
4337479
4337483
4337519
4337521
4337537
4337561
4337569
4337581
4337591
4337609
4337623
4337633
4337651
4337689
4337693
4337701
4337713
4337717
4337741
4337779
4337783
4337819
4337821
4337863
4337881
4337899
4337911
4337951
4337953
4337987
4337999
4338011
4338013
4338031
4338041
4338073
4338083
4338121
4338133
4338151
4338167
4338199
4338203
4338221
4338223
4338239
4338277
4338293
4338319
4338331
4338337
4338343
4338353
4338391
4338401
4338407
4338427
4338431
4338437
4338449
4338457
4338491
4338511
4338533
4338539
4338547
4338563
4338569
4338577
4338613
4338623
4338629
4338643
4338647
4338671
4338703
4338709
4338721
4338769
4338787
4338799
4338811
4338823
4338847
4338871
4338883
4338913
4338923
4338937
4338949
4338959
4338979
4339021
4339031
4339043
4339073
4339091
4339103
4339123
4339129
4339133
4339141
4339147
4339169
4339177
4339187
4339189
4339207
4339217
4339243
4339253
4339271
4339289
4339297
4339303
4339333
4339337
4339343
4339367
4339421
4339451
4339457
4339459
4339469
4339477
4339487
4339499
4339501
4339513
4339519
4339529
4339537
4339541
4339547
4339561
4339567
4339609
4339613
4339639
4339649
4339669
4339681
4339697
4339703
4339747
4339757
4339781
4339787
4339793
4339817
4339823
4339843
4339849
4339859
4339871
4339883
4339889
4339897
4339901
4339919
4339927
4339931
4339943
4339957
4339963
4340003
4340009
4340057
4340081
4340087
4340131
4340143
4340173
4340179
4340183
4340191
4340197
4340207
4340233
4340239
4340251
4340257
4340267
4340269
4340299
4340351
4340363
4340381
4340407
4340411
4340419
4340429
4340431
4340447
4340449
4340471
4340477
4340503
4340521
4340533
4340573
4340587
4340599
4340621
4340639
4340641
4340659
4340663
4340719
4340731
4340737
4340747
4340761
4340773
4340783
4340789
4340827
4340839
4340849
4340881
4340887
4340891
4340909
4340927
4340939
4340969
4340977
4340989
4340993
4341013
4341017
4341019
4341037
4341049
4341053
4341067
4341079
4341083
4341107
4341157
4341163
4341167
4341191
4341193
4341199
4341221
4341223
4341229
4341251
4341257
4341263
4341269
4341277
4341299
4341371
4341373
4341377
4341419
4341427
4341433
4341439
4341451
4341461
4341487
4341497
4341517
4341527
4341563
4341569
4341577
4341593
4341599
4341607
4341637
4341653
4341661
4341679
4341697
4341763
4341769
4341787
4341791
4341803
4341853
4341877
4341881
4341893
4341923
4341947
4341971
4341973
4341983
4341991
4342007
4342031
4342067
4342081
4342087
4342099
4342103
4342111
4342133
4342153
4342207
4342213
4342229
4342231
4342267
4342271
4342277
4342301
4342309
4342319
4342321
4342333
4342339
4342363
4342367
4342397
4342409
4342411
4342417
4342427
4342439
4342453
4342487
4342517
4342523
4342549
4342567
4342571
4342589
4342619
4342627
4342631
4342649
4342687
4342717
4342757
4342771
4342817
4342829
4342841
4342859
4342861
4342879
4342889
4342901
4342907
4342913
4342927
4342937
4342967
4342969
4342991
4342993
4343029
4343057
4343071
4343099
4343117
4343123
4343147
4343179
4343189
4343203
4343219
4343221
4343249
4343257
4343291
4343293
4343299
4343309
4343321
4343327
4343329
4343357
4343363
4343377
4343401
4343429
4343459
4343489
4343491
4343497
4343519
4343539
4343561
4343569
4343579
4343587
4343617
4343621
4343629
4343641
4343659
4343671
4343681
4343699
4343701
4343747
4343771
4343791
4343821
4343831
4343839
4343869
4343873
4343887
4343893
4343897
4343917
4343921
4343923
4343957
4343981
4344007
4344019
4344023
4344029
4344031
4344037
4344077
4344083
4344101
4344107
4344121
4344139
4344143
4344149
4344169
4344173
4344187
4344227
4344239
4344253
4344269
4344271
4344283
4344323
4344337
4344349
4344377
4344383
4344391
4344397
4344427
4344443
4344451
4344467
4344479
4344499
4344517
4344523
4344551
4344601
4344607
4344649
4344653
4344667
4344679
4344689
4344721
4344733
4344773
4344779
4344803
4344827
4344829
4344833
4344841
4344853
4344871
4344881
4344889
4344931
4344959
4344961
4344997
4345031
4345039
4345043
4345049
4345063
4345073
4345087
4345093
4345097
4345111
4345127
4345147
4345153
4345199
4345207
4345223
4345249
4345277
4345283
4345307
4345337
4345343
4345349
4345351
4345361
4345373
4345381
4345403
4345423
4345427
4345463
4345469
4345477
4345493
4345511
4345529
4345541
4345543
4345567
4345571
4345577
4345609
4345633
4345639
4345651
4345669
4345703
4345723
4345729
4345739
4345741
4345751
4345769
4345787
4345793
4345799
4345801
4345811
4345819
4345837
4345849
4345903
4345997
4346009
4346029
4346039
4346063
4346077
4346081
4346087
4346119
4346141
4346161
4346183
4346197
4346207
4346213
4346219
4346239
4346249
4346257
4346261
4346267
4346281
4346323
4346327
4346341
4346393
4346399
4346401
4346429
4346431
4346437
4346453
4346467
4346521
4346557
4346561
4346581
4346623
4346647
4346651
4346663
4346717
4346729
4346731
4346761
4346767
4346773
4346803
4346807
4346809
4346819
4346821
4346831
4346857
4346863
4346891
4346899
4346911
4346929
4346933
4346941
4346981
4346989
4347001
4347011
4347041
4347059
4347073
4347097
4347103
4347137
4347149
4347151
4347169
4347191
4347197
There are 1622 prime numbers in S347.
