S348(4347217~4372272)
4347227
4347229
4347263
4347269
4347281
4347307
4347311
4347313
4347319
4347331
4347341
4347349
4347367
4347377
4347379
4347403
4347407
4347467
4347479
4347481
4347491
4347521
4347557
4347559
4347569
4347583
4347589
4347613
4347617
4347619
4347647
4347659
4347689
4347701
4347703
4347737
4347757
4347799
4347803
4347817
4347821
4347823
4347839
4347841
4347857
4347877
4347899
4347911
4347919
4347929
4347947
4347977
4347983
4347991
4347997
4348007
4348027
4348037
4348063
4348109
4348133
4348139
4348171
4348177
4348181
4348189
4348193
4348213
4348217
4348229
4348247
4348259
4348261
4348271
4348301
4348307
4348313
4348343
4348369
4348411
4348417
4348433
4348441
4348459
4348471
4348489
4348493
4348523
4348529
4348543
4348559
4348571
4348577
4348601
4348621
4348667
4348681
4348691
4348693
4348699
4348709
4348717
4348727
4348759
4348781
4348783
4348789
4348793
4348819
4348823
4348843
4348859
4348901
4348907
4348913
4348919
4348933
4348937
4348973
4348979
4348987
4348997
4349011
4349027
4349053
4349071
4349089
4349113
4349131
4349141
4349153
4349167
4349179
4349183
4349201
4349227
4349237
4349251
4349273
4349281
4349287
4349291
4349299
4349311
4349353
4349357
4349377
4349417
4349419
4349453
4349473
4349479
4349489
4349533
4349549
4349581
4349591
4349617
4349621
4349663
4349669
4349677
4349687
4349693
4349699
4349701
4349711
4349729
4349743
4349753
4349759
4349777
4349801
4349833
4349843
4349861
4349881
4349899
4349903
4349927
4349959
4349987
4350023
4350043
4350067
4350077
4350091
4350103
4350119
4350121
4350133
4350139
4350163
4350167
4350173
4350209
4350217
4350251
4350263
4350271
4350277
4350287
4350329
4350331
4350341
4350347
4350389
4350391
4350397
4350403
4350421
4350433
4350443
4350499
4350503
4350523
4350527
4350539
4350553
4350557
4350569
4350629
4350631
4350659
4350673
4350679
4350683
4350701
4350707
4350713
4350733
4350761
4350769
4350803
4350817
4350821
4350833
4350877
4350883
4350889
4350901
4350911
4350917
4350919
4350937
4350967
4350971
4350977
4350991
4351001
4351021
4351027
4351049
4351063
4351091
4351103
4351159
4351177
4351187
4351199
4351219
4351231
4351271
4351273
4351279
4351283
4351297
4351327
4351331
4351339
4351349
4351357
4351397
4351409
4351411
4351423
4351429
4351433
4351483
4351489
4351493
4351499
4351511
4351547
4351561
4351573
4351579
4351601
4351619
4351621
4351631
4351637
4351649
4351651
4351693
4351709
4351723
4351747
4351757
4351759
4351793
4351819
4351849
4351859
4351891
4351933
4351967
4351979
4351981
4352003
4352009
4352039
4352063
4352069
4352077
4352081
4352111
4352113
4352123
4352143
4352147
4352171
4352177
4352203
4352209
4352237
4352239
4352251
4352269
4352279
4352377
4352389
4352399
4352419
4352423
4352441
4352443
4352461
4352473
4352477
4352483
4352563
4352567
4352573
4352587
4352597
4352599
4352611
4352641
4352651
4352687
4352707
4352713
4352749
4352753
4352779
4352801
4352807
4352827
4352839
4352849
4352851
4352857
4352863
4352893
4352903
4352921
4352941
4352947
4352951
4352963
4352977
4352983
4353001
4353007
4353023
4353047
4353053
4353091
4353121
4353127
4353131
4353149
4353157
4353163
4353169
4353203
4353211
4353221
4353247
4353253
4353259
4353289
4353301
4353311
4353313
4353317
4353319
4353329
4353331
4353347
4353353
4353373
4353397
4353407
4353409
4353431
4353443
4353467
4353493
4353497
4353499
4353511
4353521
4353529
4353539
4353553
4353577
4353607
4353623
4353653
4353659
4353673
4353677
4353691
4353709
4353719
4353731
4353737
4353743
4353757
4353761
4353773
4353781
4353803
4353821
4353823
4353847
4353851
4353859
4353883
4353889
4353917
4353949
4353959
4353961
4353967
4353971
4354001
4354027
4354067
4354079
4354093
4354099
4354111
4354117
4354121
4354171
4354177
4354183
4354201
4354213
4354253
4354277
4354279
4354289
4354297
4354307
4354333
4354349
4354367
4354369
4354373
4354381
4354391
4354423
4354433
4354457
4354463
4354513
4354517
4354529
4354547
4354549
4354561
4354573
4354577
4354627
4354631
4354633
4354661
4354673
4354687
4354697
4354711
4354741
4354747
4354759
4354807
4354811
4354813
4354837
4354853
4354913
4354921
4354939
4354951
4354963
4354969
4355053
4355059
4355129
4355137
4355167
4355173
4355177
4355207
4355209
4355227
4355231
4355243
4355269
4355279
4355291
4355311
4355317
4355327
4355333
4355347
4355363
4355369
4355371
4355401
4355411
4355437
4355453
4355459
4355467
4355489
4355497
4355501
4355509
4355551
4355567
4355573
4355581
4355623
4355639
4355647
4355657
4355669
4355683
4355707
4355753
4355759
4355777
4355789
4355797
4355801
4355831
4355833
4355873
4355909
4355933
4355941
4355951
4355957
4355969
4355971
4355977
4355987
4355999
4356013
4356041
4356043
4356049
4356083
4356091
4356103
4356109
4356133
4356167
4356169
4356181
4356211
4356217
4356221
4356239
4356257
4356277
4356299
4356307
4356311
4356349
4356353
4356371
4356389
4356397
4356419
4356427
4356431
4356449
4356479
4356487
4356493
4356503
4356511
4356533
4356553
4356563
4356661
4356679
4356689
4356691
4356697
4356721
4356727
4356733
4356739
4356749
4356761
4356763
4356767
4356791
4356823
4356829
4356841
4356881
4356883
4356887
4356893
4356899
4356923
4356967
4356977
4356983
4356991
4356997
4357007
4357027
4357033
4357037
4357063
4357069
4357103
4357127
4357139
4357159
4357201
4357217
4357247
4357259
4357271
4357277
4357307
4357349
4357369
4357387
4357429
4357433
4357447
4357459
4357471
4357481
4357499
4357513
4357519
4357523
4357537
4357541
4357543
4357567
4357571
4357579
4357597
4357609
4357637
4357651
4357673
4357679
4357693
4357721
4357733
4357739
4357757
4357777
4357781
4357807
4357811
4357853
4357861
4357867
4357889
4357891
4357907
4357943
4357961
4357993
4358009
4358021
4358059
4358111
4358129
4358141
4358143
4358161
4358191
4358203
4358209
4358257
4358261
4358279
4358281
4358287
4358311
4358327
4358329
4358359
4358369
4358371
4358377
4358407
4358411
4358441
4358447
4358449
4358461
4358503
4358521
4358527
4358531
4358539
4358593
4358603
4358617
4358621
4358659
4358687
4358701
4358719
4358741
4358747
4358759
4358777
4358779
4358789
4358797
4358803
4358807
4358813
4358821
4358843
4358863
4358873
4358881
4358899
4358909
4358927
4358951
4358957
4358969
4358989
4359001
4359031
4359101
4359107
4359133
4359139
4359163
4359169
4359209
4359233
4359239
4359241
4359247
4359253
4359281
4359301
4359307
4359317
4359319
4359343
4359347
4359349
4359353
4359373
4359389
4359401
4359403
4359503
4359517
4359527
4359533
4359539
4359557
4359583
4359587
4359629
4359631
4359643
4359647
4359661
4359671
4359679
4359697
4359713
4359739
4359749
4359781
4359787
4359799
4359827
4359829
4359841
4359847
4359863
4359937
4359941
4359959
4359961
4359983
4359991
4360001
4360003
4360009
4360019
4360033
4360051
4360061
4360067
4360079
4360091
4360123
4360127
4360141
4360163
4360171
4360189
4360193
4360207
4360229
4360231
4360241
4360267
4360273
4360303
4360333
4360373
4360393
4360397
4360399
4360417
4360423
4360439
4360457
4360459
4360529
4360541
4360549
4360567
4360579
4360583
4360589
4360627
4360649
4360651
4360663
4360669
4360679
4360703
4360717
4360751
4360757
4360781
4360793
4360813
4360819
4360843
4360849
4360907
4360919
4360927
4360943
4360949
4360973
4361003
4361011
4361039
4361041
4361087
4361101
4361113
4361131
4361171
4361179
4361183
4361207
4361209
4361219
4361233
4361243
4361249
4361251
4361257
4361261
4361263
4361311
4361323
4361341
4361347
4361363
4361381
4361419
4361429
4361437
4361471
4361473
4361477
4361479
4361501
4361509
4361519
4361551
4361563
4361569
4361579
4361593
4361611
4361653
4361663
4361689
4361699
4361711
4361719
4361723
4361729
4361737
4361761
4361779
4361783
4361807
4361813
4361821
4361837
4361897
4361909
4361941
4361957
4361971
4361983
4362011
4362037
4362053
4362073
4362079
4362091
4362101
4362107
4362109
4362119
4362121
4362133
4362167
4362179
4362181
4362199
4362223
4362233
4362269
4362299
4362313
4362329
4362331
4362349
4362361
4362367
4362389
4362403
4362427
4362451
4362461
4362469
4362481
4362487
4362503
4362511
4362521
4362551
4362569
4362581
4362583
4362593
4362601
4362607
4362613
4362619
4362623
4362629
4362641
4362649
4362653
4362671
4362689
4362719
4362739
4362749
4362751
4362763
4362773
4362797
4362811
4362821
4362833
4362857
4362859
4362877
4362889
4362901
4362923
4362947
4362949
4362961
4362983
4362997
4363049
4363069
4363111
4363127
4363129
4363159
4363189
4363193
4363199
4363201
4363207
4363213
4363223
4363231
4363243
4363259
4363267
4363277
4363279
4363291
4363297
4363309
4363319
4363321
4363327
4363357
4363361
4363363
4363397
4363409
4363421
4363439
4363451
4363453
4363459
4363477
4363487
4363493
4363523
4363531
4363561
4363571
4363607
4363613
4363631
4363633
4363637
4363651
4363663
4363693
4363703
4363771
4363783
4363789
4363819
4363829
4363837
4363889
4363897
4363927
4363943
4363969
4363973
4363979
4363981
4364011
4364021
4364023
4364029
4364047
4364069
4364077
4364093
4364111
4364147
4364161
4364177
4364201
4364203
4364231
4364233
4364237
4364249
4364267
4364303
4364329
4364351
4364383
4364401
4364429
4364431
4364449
4364501
4364519
4364533
4364539
4364551
4364567
4364593
4364621
4364653
4364663
4364677
4364681
4364693
4364713
4364719
4364741
4364747
4364771
4364777
4364783
4364791
4364797
4364809
4364837
4364861
4364873
4364891
4364909
4364911
4364933
4364947
4364951
4364959
4364989
4364999
4365007
4365013
4365019
4365029
4365061
4365083
4365089
4365103
4365113
4365121
4365139
4365143
4365157
4365191
4365197
4365199
4365211
4365247
4365271
4365281
4365287
4365289
4365301
4365337
4365359
4365367
4365397
4365401
4365409
4365419
4365433
4365443
4365509
4365511
4365521
4365527
4365533
4365541
4365553
4365589
4365623
4365677
4365703
4365727
4365731
4365737
4365749
4365773
4365793
4365811
4365827
4365859
4365869
4365871
4365887
4365899
4365913
4365931
4365961
4365997
4366007
4366027
4366031
4366039
4366051
4366079
4366097
4366121
4366123
4366163
4366171
4366183
4366217
4366231
4366237
4366267
4366277
4366283
4366289
4366303
4366309
4366337
4366363
4366367
4366379
4366393
4366403
4366421
4366469
4366471
4366477
4366493
4366499
4366513
4366519
4366577
4366627
4366633
4366639
4366643
4366667
4366669
4366673
4366697
4366699
4366709
4366717
4366721
4366727
4366729
4366741
4366771
4366781
4366783
4366793
4366811
4366819
4366823
4366837
4366847
4366853
4366861
4366871
4366889
4366897
4366919
4366927
4366931
4366961
4366969
4366981
4367029
4367047
4367057
4367059
4367087
4367101
4367107
4367137
4367159
4367177
4367179
4367189
4367203
4367213
4367219
4367243
4367257
4367267
4367299
4367329
4367353
4367383
4367393
4367411
4367413
4367431
4367477
4367483
4367491
4367501
4367507
4367527
4367533
4367557
4367567
4367581
4367609
4367617
4367647
4367681
4367749
4367761
4367801
4367819
4367821
4367833
4367837
4367843
4367863
4367873
4367879
4367927
4367941
4367959
4367969
4367981
4368011
4368029
4368053
4368059
4368071
4368079
4368083
4368107
4368113
4368121
4368131
4368139
4368151
4368163
4368173
4368187
4368193
4368197
4368239
4368251
4368253
4368277
4368281
4368293
4368307
4368311
4368319
4368323
4368341
4368349
4368359
4368379
4368389
4368391
4368407
4368409
4368431
4368449
4368451
4368487
4368491
4368503
4368521
4368523
4368527
4368569
4368571
4368583
4368593
4368599
4368629
4368641
4368649
4368659
4368667
4368691
4368709
4368713
4368731
4368739
4368751
4368761
4368787
4368809
4368811
4368817
4368823
4368863
4368899
4368907
4368911
4368943
4368953
4368967
4368971
4368989
4369021
4369033
4369039
4369049
4369061
4369097
4369117
4369133
4369139
4369147
4369163
4369199
4369201
4369213
4369229
4369249
4369279
4369283
4369291
4369303
4369349
4369381
4369397
4369399
4369423
4369427
4369429
4369439
4369447
4369451
4369457
4369489
4369499
4369501
4369511
4369513
4369529
4369537
4369579
4369591
4369649
4369661
4369669
4369679
4369693
4369699
4369711
4369721
4369741
4369759
4369763
4369777
4369801
4369891
4369907
4369921
4369933
4369949
4369957
4369973
4369991
4370017
4370027
4370063
4370081
4370083
4370087
4370089
4370111
4370123
4370129
4370143
4370147
4370159
4370203
4370237
4370273
4370279
4370281
4370297
4370339
4370357
4370383
4370407
4370447
4370449
4370453
4370459
4370461
4370497
4370507
4370521
4370533
4370537
4370549
4370579
4370591
4370609
4370633
4370651
4370657
4370687
4370693
4370719
4370731
4370747
4370749
4370753
4370761
4370767
4370777
4370789
4370803
4370809
4370813
4370867
4370869
4370911
4370929
4370939
4370941
4370957
4370987
4371019
4371041
4371043
4371049
4371053
4371061
4371067
4371089
4371097
4371119
4371131
4371137
4371139
4371151
4371161
4371163
4371203
4371209
4371221
4371223
4371229
4371239
4371247
4371253
4371277
4371293
4371347
4371371
4371377
4371383
4371391
4371407
4371421
4371457
4371473
4371481
4371491
4371503
4371529
4371551
4371569
4371581
4371593
4371613
4371617
4371641
4371649
4371659
4371673
4371677
4371701
4371743
4371761
4371791
4371803
4371847
4371869
4371877
4371911
4371937
4371943
4371949
4371973
4371977
4371989
4372003
4372007
4372013
4372019
4372037
4372051
4372061
4372063
4372073
4372087
4372091
4372133
4372141
4372153
4372157
4372163
4372177
4372183
4372201
4372211
4372237
4372241
4372259
4372267
There are 1626 prime numbers in S348.
