S349(4372273~4397400)
4372273
4372279
4372289
4372307
4372321
4372339
4372343
4372351
4372367
4372373
4372397
4372399
4372409
4372411
4372421
4372429
4372441
4372477
4372493
4372499
4372513
4372517
4372531
4372559
4372567
4372573
4372597
4372631
4372637
4372639
4372651
4372657
4372673
4372699
4372721
4372727
4372733
4372747
4372759
4372763
4372777
4372813
4372817
4372847
4372873
4372877
4372883
4372897
4372909
4372913
4372931
4372933
4372957
4372969
4372981
4373003
4373009
4373011
4373027
4373041
4373053
4373069
4373081
4373087
4373099
4373107
4373119
4373123
4373129
4373137
4373147
4373153
4373167
4373179
4373191
4373207
4373219
4373221
4373227
4373231
4373251
4373261
4373269
4373293
4373297
4373309
4373311
4373321
4373323
4373333
4373351
4373389
4373399
4373417
4373419
4373431
4373441
4373443
4373459
4373489
4373513
4373531
4373533
4373557
4373561
4373569
4373581
4373587
4373617
4373623
4373647
4373651
4373653
4373683
4373687
4373701
4373713
4373717
4373731
4373767
4373771
4373791
4373801
4373833
4373861
4373869
4373893
4373899
4373911
4373927
4373951
4373969
4373977
4373987
4373989
4374001
4374031
4374059
4374077
4374079
4374113
4374119
4374133
4374137
4374173
4374179
4374187
4374203
4374217
4374247
4374257
4374269
4374277
4374289
4374299
4374311
4374323
4374341
4374353
4374361
4374373
4374401
4374421
4374451
4374463
4374499
4374511
4374521
4374527
4374551
4374553
4374571
4374583
4374637
4374641
4374647
4374653
4374677
4374683
4374701
4374739
4374743
4374749
4374767
4374787
4374793
4374803
4374809
4374829
4374833
4374857
4374869
4374893
4374907
4374913
4374919
4374947
4374961
4374977
4375039
4375043
4375051
4375093
4375127
4375141
4375153
4375157
4375169
4375177
4375193
4375249
4375253
4375321
4375331
4375363
4375367
4375387
4375403
4375411
4375429
4375439
4375447
4375457
4375471
4375487
4375493
4375519
4375523
4375537
4375577
4375603
4375621
4375633
4375639
4375649
4375667
4375669
4375673
4375687
4375691
4375697
4375717
4375729
4375739
4375759
4375771
4375799
4375831
4375849
4375883
4375907
4375913
4375937
4375949
4375951
4375963
4375967
4375993
4375997
4376011
4376059
4376063
4376083
4376117
4376143
4376147
4376159
4376167
4376173
4376189
4376221
4376231
4376237
4376243
4376261
4376287
4376321
4376347
4376353
4376357
4376401
4376413
4376447
4376461
4376467
4376483
4376501
4376513
4376527
4376539
4376551
4376557
4376587
4376597
4376629
4376663
4376681
4376683
4376717
4376719
4376731
4376741
4376747
4376759
4376789
4376833
4376843
4376849
4376851
4376857
4376863
4376881
4376887
4376917
4376929
4376947
4376951
4376959
4376963
4376993
4377001
4377017
4377019
4377029
4377053
4377067
4377089
4377091
4377101
4377167
4377179
4377181
4377193
4377203
4377227
4377229
4377257
4377341
4377343
4377379
4377407
4377409
4377413
4377427
4377473
4377487
4377493
4377497
4377509
4377511
4377539
4377547
4377557
4377559
4377587
4377589
4377599
4377601
4377629
4377649
4377661
4377671
4377673
4377677
4377679
4377697
4377739
4377749
4377757
4377799
4377833
4377839
4377871
4377881
4377887
4377899
4377929
4377953
4377973
4377983
4378007
4378009
4378013
4378019
4378057
4378069
4378079
4378093
4378123
4378133
4378139
4378141
4378181
4378201
4378207
4378219
4378229
4378237
4378243
4378271
4378273
4378279
4378301
4378307
4378327
4378351
4378373
4378399
4378403
4378447
4378453
4378463
4378477
4378481
4378511
4378523
4378541
4378553
4378559
4378609
4378631
4378697
4378727
4378753
4378757
4378771
4378789
4378811
4378813
4378817
4378837
4378897
4378909
4378939
4378951
4378963
4378981
4379003
4379009
4379017
4379021
4379027
4379033
4379071
4379083
4379099
4379107
4379143
4379159
4379161
4379171
4379173
4379227
4379233
4379239
4379257
4379267
4379273
4379279
4379281
4379303
4379311
4379327
4379359
4379369
4379371
4379381
4379399
4379437
4379447
4379449
4379467
4379477
4379483
4379491
4379509
4379521
4379533
4379539
4379561
4379567
4379569
4379581
4379597
4379603
4379611
4379623
4379677
4379689
4379707
4379717
4379719
4379731
4379737
4379741
4379759
4379797
4379803
4379819
4379833
4379873
4379887
4379911
4379917
4379923
4379929
4379933
4379939
4379971
4379987
4380001
4380017
4380031
4380037
4380043
4380049
4380059
4380091
4380107
4380113
4380119
4380121
4380133
4380137
4380151
4380157
4380163
4380179
4380193
4380197
4380199
4380209
4380221
4380223
4380239
4380251
4380263
4380283
4380287
4380289
4380293
4380323
4380361
4380391
4380401
4380403
4380413
4380433
4380437
4380449
4380461
4380463
4380499
4380547
4380553
4380559
4380589
4380599
4380637
4380647
4380683
4380707
4380709
4380737
4380751
4380757
4380767
4380793
4380839
4380841
4380851
4380853
4380881
4380919
4380931
4380979
4380983
4380991
4381007
4381009
4381031
4381043
4381049
4381051
4381067
4381073
4381093
4381127
4381147
4381151
4381159
4381177
4381183
4381187
4381249
4381253
4381271
4381297
4381303
4381319
4381357
4381361
4381367
4381379
4381409
4381411
4381423
4381441
4381453
4381459
4381469
4381493
4381499
4381501
4381513
4381537
4381541
4381549
4381561
4381591
4381607
4381667
4381681
4381693
4381703
4381709
4381739
4381747
4381771
4381777
4381787
4381807
4381823
4381847
4381859
4381877
4381879
4381921
4381931
4381939
4381961
4381963
4381967
4381973
4381997
4381999
4382003
4382023
4382041
4382047
4382069
4382071
4382083
4382089
4382101
4382143
4382149
4382153
4382159
4382177
4382197
4382201
4382207
4382227
4382251
4382267
4382281
4382291
4382297
4382299
4382303
4382309
4382359
4382381
4382383
4382387
4382419
4382429
4382437
4382453
4382459
4382467
4382471
4382503
4382507
4382519
4382527
4382533
4382561
4382591
4382593
4382611
4382629
4382647
4382657
4382663
4382699
4382713
4382723
4382731
4382737
4382747
4382773
4382779
4382783
4382801
4382813
4382843
4382849
4382869
4382879
4382881
4382887
4382893
4382921
4382927
4382929
4382951
4382953
4383011
4383017
4383061
4383101
4383107
4383109
4383149
4383163
4383191
4383199
4383209
4383227
4383241
4383257
4383293
4383311
4383343
4383349
4383367
4383389
4383397
4383403
4383413
4383419
4383439
4383443
4383451
4383461
4383481
4383497
4383503
4383529
4383539
4383551
4383571
4383581
4383601
4383607
4383619
4383629
4383667
4383677
4383689
4383697
4383713
4383719
4383733
4383751
4383763
4383767
4383779
4383791
4383817
4383829
4383833
4383839
4383853
4383857
4383919
4383923
4383931
4383937
4383949
4383991
4384013
4384021
4384043
4384057
4384063
4384067
4384087
4384091
4384097
4384103
4384129
4384141
4384153
4384157
4384183
4384187
4384189
4384243
4384271
4384273
4384277
4384291
4384313
4384333
4384337
4384343
4384357
4384379
4384433
4384447
4384451
4384469
4384483
4384493
4384507
4384517
4384529
4384543
4384553
4384561
4384577
4384591
4384603
4384621
4384631
4384673
4384711
4384727
4384769
4384777
4384781
4384799
4384823
4384837
4384841
4384847
4384867
4384871
4384873
4384879
4384901
4384931
4384937
4384943
4384951
4384957
4384979
4384987
4384993
4385009
4385021
4385027
4385041
4385047
4385063
4385071
4385093
4385123
4385131
4385137
4385141
4385149
4385159
4385209
4385243
4385263
4385267
4385281
4385287
4385317
4385323
4385327
4385347
4385357
4385389
4385393
4385399
4385461
4385489
4385501
4385509
4385519
4385531
4385533
4385569
4385603
4385611
4385627
4385629
4385639
4385669
4385681
4385683
4385687
4385701
4385743
4385783
4385791
4385807
4385819
4385837
4385863
4385879
4385897
4385923
4385947
4385963
4385971
4385981
4385987
4386023
4386029
4386061
4386071
4386073
4386089
4386101
4386133
4386149
4386191
4386197
4386211
4386229
4386233
4386241
4386247
4386257
4386259
4386271
4386293
4386331
4386341
4386379
4386383
4386419
4386443
4386457
4386517
4386521
4386523
4386533
4386541
4386553
4386601
4386611
4386617
4386623
4386637
4386647
4386649
4386653
4386671
4386673
4386689
4386719
4386763
4386769
4386787
4386793
4386803
4386821
4386847
4386857
4386869
4386871
4386881
4386883
4386887
4386919
4386947
4386971
4386973
4387013
4387021
4387039
4387049
4387067
4387069
4387073
4387087
4387099
4387133
4387147
4387153
4387169
4387171
4387177
4387183
4387193
4387211
4387217
4387223
4387231
4387249
4387267
4387283
4387289
4387291
4387301
4387351
4387363
4387367
4387379
4387391
4387429
4387441
4387477
4387483
4387501
4387517
4387529
4387543
4387553
4387567
4387609
4387619
4387633
4387661
4387673
4387681
4387693
4387703
4387741
4387753
4387769
4387777
4387783
4387807
4387829
4387837
4387847
4387891
4387907
4387919
4387931
4387937
4387939
4387969
4387979
4387987
4387991
4387997
4388017
4388039
4388063
4388071
4388099
4388113
4388117
4388171
4388173
4388179
4388191
4388201
4388207
4388257
4388269
4388291
4388333
4388359
4388381
4388387
4388393
4388407
4388413
4388429
4388443
4388473
4388477
4388507
4388519
4388539
4388557
4388609
4388611
4388617
4388641
4388651
4388689
4388711
4388731
4388743
4388749
4388779
4388803
4388821
4388827
4388843
4388861
4388869
4388897
4388911
4388971
4388987
4389017
4389023
4389029
4389031
4389041
4389071
4389083
4389131
4389137
4389169
4389191
4389193
4389221
4389223
4389227
4389233
4389241
4389257
4389263
4389269
4389293
4389299
4389313
4389367
4389379
4389401
4389403
4389439
4389443
4389449
4389457
4389467
4389479
4389491
4389503
4389509
4389521
4389523
4389533
4389547
4389557
4389559
4389571
4389577
4389601
4389607
4389611
4389647
4389653
4389667
4389673
4389677
4389691
4389727
4389731
4389769
4389799
4389809
4389821
4389823
4389839
4389841
4389851
4389857
4389871
4389881
4389883
4389899
4389901
4389919
4389947
4389971
4389977
4389989
4389997
4390021
4390039
4390051
4390069
4390073
4390091
4390093
4390117
4390151
4390181
4390207
4390219
4390229
4390237
4390247
4390279
4390283
4390289
4390291
4390307
4390327
4390357
4390381
4390409
4390417
4390433
4390453
4390469
4390481
4390483
4390489
4390523
4390541
4390553
4390559
4390613
4390619
4390621
4390651
4390657
4390663
4390667
4390697
4390703
4390717
4390733
4390739
4390751
4390759
4390781
4390801
4390817
4390823
4390829
4390849
4390873
4390889
4390909
4390921
4390937
4391003
4391011
4391017
4391027
4391039
4391041
4391063
4391081
4391087
4391089
4391099
4391131
4391161
4391221
4391227
4391249
4391263
4391323
4391339
4391341
4391353
4391363
4391369
4391371
4391393
4391399
4391411
4391417
4391437
4391449
4391483
4391503
4391521
4391549
4391579
4391587
4391591
4391609
4391617
4391657
4391659
4391671
4391683
4391687
4391707
4391711
4391713
4391741
4391767
4391771
4391773
4391791
4391813
4391819
4391839
4391843
4391851
4391857
4391867
4391887
4391897
4391903
4391909
4391911
4391921
4391923
4391929
4391941
4391953
4391957
4391969
4391993
4391999
4392007
4392013
4392077
4392107
4392109
4392119
4392133
4392151
4392169
4392181
4392203
4392209
4392217
4392221
4392259
4392263
4392281
4392313
4392317
4392331
4392343
4392383
4392397
4392403
4392433
4392461
4392463
4392469
4392473
4392497
4392499
4392503
4392523
4392533
4392541
4392547
4392559
4392571
4392589
4392593
4392611
4392653
4392679
4392683
4392691
4392719
4392737
4392757
4392763
4392769
4392779
4392797
4392811
4392853
4392881
4392887
4392911
4392929
4392937
4393001
4393003
4393019
4393031
4393061
4393063
4393079
4393093
4393097
4393127
4393139
4393153
4393163
4393177
4393201
4393217
4393219
4393229
4393243
4393247
4393271
4393283
4393309
4393321
4393369
4393387
4393397
4393423
4393447
4393451
4393481
4393489
4393507
4393511
4393517
4393523
4393549
4393559
4393583
4393591
4393637
4393643
4393687
4393699
4393717
4393729
4393751
4393799
4393811
4393813
4393817
4393849
4393853
4393903
4393919
4393933
4393957
4393967
4393969
4393979
4393981
4393999
4394021
4394023
4394029
4394063
4394099
4394107
4394113
4394123
4394183
4394189
4394191
4394209
4394227
4394237
4394249
4394267
4394287
4394293
4394297
4394303
4394309
4394321
4394323
4394353
4394371
4394413
4394419
4394431
4394437
4394441
4394447
4394461
4394473
4394561
4394563
4394603
4394609
4394617
4394627
4394639
4394651
4394717
4394737
4394743
4394773
4394783
4394791
4394801
4394827
4394837
4394843
4394879
4394881
4394893
4394899
4394903
4394911
4394917
4394927
4394983
4395029
4395031
4395049
4395067
4395103
4395109
4395143
4395151
4395161
4395173
4395179
4395199
4395221
4395227
4395229
4395271
4395283
4395301
4395317
4395329
4395353
4395379
4395389
4395409
4395421
4395427
4395437
4395439
4395463
4395493
4395497
4395511
4395527
4395541
4395551
4395557
4395613
4395619
4395623
4395641
4395653
4395659
4395689
4395697
4395701
4395709
4395719
4395739
4395751
4395779
4395793
4395817
4395827
4395857
4395869
4395887
4395917
4395949
4395953
4395959
4395983
4395997
4396001
4396003
4396027
4396033
4396037
4396057
4396069
4396097
4396099
4396111
4396121
4396123
4396127
4396181
4396199
4396207
4396211
4396219
4396237
4396283
4396291
4396321
4396361
4396367
4396369
4396393
4396397
4396409
4396411
4396417
4396423
4396439
4396459
4396463
4396481
4396493
4396517
4396529
4396531
4396537
4396549
4396559
4396573
4396577
4396583
4396589
4396597
4396627
4396633
4396643
4396669
4396681
4396687
4396729
4396751
4396781
4396783
4396787
4396789
4396801
4396811
4396813
4396831
4396849
4396853
4396871
4396877
4396907
4396919
4396937
4396939
4396981
4396993
4397023
4397047
4397053
4397069
4397077
4397083
4397087
4397131
4397147
4397149
4397167
4397171
4397177
4397201
4397207
4397233
4397249
4397279
4397287
4397311
4397353
4397363
4397383
4397389
4397399
There are 1646 prime numbers in S349.
