S350(4397401~4422600)
4397431
4397453
4397467
4397483
4397501
4397521
4397557
4397581
4397587
4397599
4397651
4397663
4397677
4397681
4397717
4397737
4397777
4397779
4397803
4397831
4397863
4397867
4397893
4397909
4397923
4397933
4397941
4397957
4397959
4397969
4397983
4397999
4398007
4398011
4398013
4398047
4398049
4398061
4398067
4398071
4398089
4398091
4398131
4398133
4398143
4398151
4398181
4398197
4398211
4398217
4398239
4398241
4398263
4398287
4398293
4398319
4398337
4398347
4398353
4398371
4398397
4398421
4398431
4398463
4398467
4398487
4398503
4398553
4398571
4398577
4398623
4398637
4398677
4398679
4398689
4398697
4398703
4398707
4398731
4398743
4398769
4398787
4398811
4398817
4398829
4398839
4398851
4398859
4398887
4398941
4398949
4398959
4398991
4398997
4399001
4399007
4399061
4399063
4399067
4399079
4399103
4399123
4399133
4399147
4399163
4399169
4399193
4399223
4399237
4399289
4399301
4399309
4399313
4399327
4399331
4399333
4399361
4399363
4399397
4399399
4399457
4399471
4399511
4399513
4399517
4399531
4399541
4399543
4399553
4399573
4399609
4399627
4399639
4399663
4399667
4399673
4399679
4399699
4399709
4399711
4399721
4399723
4399729
4399763
4399771
4399789
4399817
4399819
4399847
4399853
4399873
4399883
4399903
4399907
4399931
4399933
4399939
4399943
4399961
4399973
4399987
4400021
4400023
4400027
4400041
4400069
4400101
4400111
4400129
4400131
4400167
4400183
4400189
4400197
4400203
4400213
4400261
4400269
4400293
4400309
4400311
4400317
4400329
4400351
4400353
4400369
4400377
4400387
4400393
4400401
4400413
4400443
4400477
4400483
4400497
4400503
4400507
4400527
4400549
4400551
4400587
4400621
4400623
4400629
4400639
4400687
4400701
4400717
4400719
4400731
4400771
4400777
4400801
4400813
4400819
4400821
4400839
4400861
4400897
4400917
4400923
4400927
4400959
4400969
4400983
4400993
4401043
4401071
4401083
4401107
4401121
4401143
4401191
4401193
4401203
4401209
4401233
4401251
4401259
4401269
4401281
4401289
4401329
4401337
4401343
4401347
4401373
4401403
4401413
4401421
4401427
4401433
4401443
4401451
4401457
4401493
4401497
4401517
4401563
4401581
4401601
4401641
4401653
4401667
4401697
4401701
4401737
4401743
4401767
4401791
4401799
4401811
4401829
4401841
4401847
4401857
4401869
4401871
4401899
4401919
4401923
4401941
4401949
4401979
4401983
4401989
4402003
4402007
4402009
4402019
4402033
4402037
4402043
4402063
4402081
4402157
4402159
4402169
4402193
4402199
4402219
4402241
4402247
4402249
4402253
4402259
4402271
4402273
4402283
4402291
4402327
4402351
4402373
4402379
4402381
4402393
4402399
4402421
4402423
4402429
4402441
4402451
4402459
4402481
4402493
4402501
4402511
4402513
4402543
4402549
4402561
4402597
4402613
4402627
4402633
4402663
4402669
4402679
4402681
4402721
4402747
4402787
4402789
4402799
4402807
4402817
4402823
4402831
4402841
4402859
4402861
4402873
4402877
4402891
4402897
4402903
4402933
4402987
4402991
4402997
4402999
4403033
4403053
4403057
4403059
4403089
4403093
4403129
4403149
4403159
4403167
4403171
4403183
4403213
4403219
4403227
4403237
4403251
4403257
4403279
4403291
4403299
4403309
4403341
4403393
4403411
4403429
4403431
4403461
4403473
4403489
4403533
4403537
4403543
4403569
4403617
4403627
4403639
4403647
4403653
4403657
4403669
4403677
4403683
4403689
4403699
4403713
4403719
4403747
4403753
4403783
4403803
4403821
4403837
4403849
4403857
4403881
4403909
4403923
4403939
4403951
4403963
4403981
4403983
4403989
4404019
4404047
4404079
4404107
4404121
4404133
4404137
4404149
4404151
4404157
4404161
4404167
4404193
4404251
4404271
4404287
4404299
4404319
4404341
4404347
4404391
4404397
4404419
4404427
4404437
4404451
4404457
4404469
4404503
4404551
4404553
4404557
4404559
4404583
4404593
4404623
4404641
4404643
4404677
4404679
4404689
4404691
4404703
4404709
4404731
4404733
4404737
4404773
4404797
4404809
4404811
4404817
4404833
4404847
4404857
4404859
4404863
4404889
4404899
4404929
4404931
4404943
4404971
4404973
4404977
4405003
4405021
4405031
4405043
4405067
4405073
4405097
4405111
4405127
4405133
4405147
4405151
4405153
4405157
4405189
4405199
4405217
4405231
4405243
4405253
4405267
4405309
4405333
4405343
4405367
4405381
4405403
4405417
4405421
4405433
4405439
4405447
4405459
4405493
4405501
4405517
4405523
4405543
4405547
4405559
4405571
4405579
4405591
4405633
4405637
4405679
4405691
4405693
4405697
4405699
4405717
4405741
4405747
4405759
4405789
4405829
4405831
4405867
4405871
4405879
4405913
4405927
4405979
4405991
4406021
4406023
4406069
4406089
4406093
4406099
4406141
4406159
4406177
4406197
4406201
4406251
4406267
4406287
4406291
4406323
4406329
4406341
4406351
4406357
4406359
4406401
4406411
4406429
4406431
4406449
4406453
4406459
4406477
4406491
4406503
4406509
4406513
4406527
4406531
4406539
4406551
4406573
4406599
4406627
4406653
4406659
4406671
4406707
4406713
4406741
4406747
4406749
4406797
4406813
4406819
4406821
4406827
4406837
4406839
4406881
4406891
4406903
4406911
4406939
4406947
4406953
4406957
4406999
4407017
4407023
4407071
4407089
4407103
4407119
4407127
4407163
4407203
4407209
4407211
4407257
4407269
4407287
4407289
4407307
4407313
4407317
4407323
4407343
4407349
4407367
4407397
4407401
4407409
4407413
4407419
4407439
4407463
4407479
4407493
4407497
4407509
4407523
4407577
4407581
4407589
4407593
4407653
4407671
4407691
4407719
4407731
4407761
4407763
4407779
4407817
4407827
4407839
4407857
4407883
4407917
4407929
4407937
4407961
4407967
4408007
4408031
4408039
4408073
4408093
4408097
4408099
4408109
4408123
4408139
4408141
4408147
4408153
4408163
4408199
4408267
4408277
4408289
4408301
4408307
4408309
4408331
4408333
4408337
4408343
4408363
4408427
4408429
4408451
4408483
4408499
4408501
4408517
4408561
4408577
4408583
4408597
4408601
4408619
4408637
4408639
4408643
4408681
4408687
4408693
4408697
4408739
4408757
4408759
4408769
4408777
4408787
4408813
4408837
4408849
4408861
4408867
4408889
4408891
4408903
4408909
4408951
4408961
4408973
4408991
4408993
4408997
4409003
4409033
4409063
4409081
4409087
4409101
4409107
4409113
4409143
4409183
4409221
4409257
4409269
4409281
4409287
4409291
4409297
4409299
4409303
4409333
4409371
4409381
4409389
4409393
4409411
4409437
4409453
4409459
4409473
4409513
4409519
4409527
4409551
4409557
4409569
4409609
4409611
4409633
4409651
4409677
4409687
4409723
4409737
4409747
4409753
4409773
4409777
4409803
4409807
4409809
4409849
4409887
4409891
4409897
4409903
4409917
4409921
4409927
4409939
4409941
4409981
4410019
4410041
4410047
4410061
4410079
4410097
4410101
4410103
4410113
4410121
4410127
4410137
4410139
4410143
4410163
4410173
4410187
4410193
4410199
4410221
4410229
4410253
4410283
4410317
4410323
4410347
4410353
4410359
4410379
4410389
4410397
4410403
4410431
4410443
4410473
4410479
4410481
4410499
4410517
4410547
4410551
4410589
4410611
4410613
4410619
4410631
4410643
4410683
4410691
4410719
4410737
4410743
4410761
4410767
4410787
4410799
4410827
4410829
4410839
4410841
4410851
4410859
4410877
4410893
4410911
4410919
4410937
4410947
4410949
4410953
4410961
4410977
4411013
4411019
4411049
4411061
4411063
4411073
4411081
4411087
4411117
4411129
4411133
4411139
4411153
4411189
4411217
4411247
4411261
4411333
4411343
4411357
4411369
4411391
4411397
4411403
4411409
4411417
4411427
4411447
4411453
4411487
4411493
4411501
4411507
4411523
4411531
4411541
4411549
4411571
4411573
4411577
4411601
4411637
4411643
4411661
4411663
4411669
4411679
4411697
4411711
4411739
4411747
4411801
4411807
4411817
4411829
4411831
4411867
4411871
4411873
4411877
4411963
4412033
4412041
4412053
4412059
4412063
4412077
4412081
4412087
4412099
4412141
4412183
4412189
4412201
4412227
4412249
4412257
4412269
4412279
4412281
4412293
4412327
4412347
4412377
4412381
4412383
4412393
4412399
4412411
4412413
4412423
4412449
4412453
4412459
4412467
4412477
4412497
4412533
4412539
4412563
4412567
4412581
4412587
4412593
4412659
4412663
4412671
4412713
4412719
4412729
4412743
4412747
4412753
4412773
4412797
4412813
4412839
4412857
4412867
4412893
4412897
4412917
4412927
4412977
4412981
4412983
4412999
4413007
4413011
4413029
4413037
4413041
4413043
4413049
4413053
4413061
4413077
4413091
4413119
4413121
4413131
4413137
4413139
4413161
4413163
4413169
4413173
4413179
4413197
4413203
4413229
4413239
4413247
4413271
4413287
4413293
4413313
4413317
4413329
4413337
4413341
4413349
4413371
4413373
4413379
4413419
4413443
4413457
4413467
4413503
4413509
4413511
4413547
4413553
4413571
4413581
4413583
4413587
4413589
4413593
4413611
4413623
4413637
4413671
4413683
4413697
4413701
4413707
4413751
4413763
4413781
4413793
4413797
4413823
4413847
4413853
4413869
4413883
4413889
4413917
4413919
4413923
4413943
4413949
4413971
4413973
4413991
4414001
4414013
4414037
4414049
4414073
4414087
4414093
4414097
4414127
4414129
4414147
4414153
4414159
4414171
4414199
4414217
4414219
4414247
4414253
4414259
4414261
4414279
4414297
4414301
4414303
4414309
4414313
4414343
4414349
4414357
4414379
4414411
4414427
4414447
4414451
4414457
4414463
4414519
4414537
4414591
4414601
4414607
4414621
4414633
4414637
4414649
4414673
4414703
4414723
4414727
4414759
4414763
4414769
4414777
4414789
4414807
4414843
4414867
4414909
4414913
4414937
4414957
4414961
4414999
4415009
4415041
4415069
4415123
4415143
4415153
4415161
4415171
4415183
4415207
4415219
4415269
4415273
4415297
4415303
4415329
4415357
4415371
4415387
4415399
4415401
4415407
4415431
4415441
4415443
4415447
4415449
4415459
4415473
4415497
4415503
4415513
4415527
4415531
4415533
4415549
4415573
4415591
4415633
4415639
4415641
4415669
4415681
4415687
4415707
4415717
4415753
4415777
4415779
4415813
4415819
4415881
4415893
4415899
4415909
4415933
4415941
4415951
4415953
4415963
4415969
4415993
4416007
4416011
4416017
4416029
4416047
4416053
4416067
4416079
4416089
4416101
4416131
4416133
4416157
4416163
4416187
4416193
4416221
4416241
4416257
4416259
4416263
4416287
4416301
4416319
4416329
4416343
4416359
4416371
4416409
4416421
4416443
4416473
4416499
4416521
4416523
4416527
4416541
4416547
4416551
4416553
4416589
4416611
4416623
4416641
4416661
4416673
4416677
4416689
4416691
4416703
4416733
4416751
4416757
4416773
4416793
4416823
4416829
4416857
4416869
4416871
4416877
4416913
4416931
4416947
4416953
4416977
4417009
4417027
4417031
4417043
4417051
4417087
4417099
4417111
4417121
4417141
4417151
4417163
4417169
4417199
4417207
4417211
4417213
4417223
4417241
4417247
4417267
4417279
4417307
4417313
4417321
4417333
4417351
4417363
4417379
4417397
4417409
4417411
4417421
4417429
4417453
4417471
4417487
4417489
4417493
4417499
4417513
4417537
4417591
4417597
4417607
4417613
4417663
4417669
4417703
4417723
4417727
4417729
4417753
4417757
4417769
4417783
4417793
4417799
4417811
4417813
4417883
4417927
4417957
4417967
4417969
4417981
4417993
4418009
4418017
4418023
4418041
4418069
4418077
4418081
4418083
4418107
4418111
4418123
4418131
4418143
4418149
4418159
4418171
4418189
4418191
4418209
4418221
4418243
4418261
4418269
4418273
4418303
4418311
4418321
4418341
4418357
4418389
4418417
4418437
4418459
4418467
4418483
4418489
4418497
4418537
4418539
4418563
4418567
4418581
4418587
4418627
4418633
4418669
4418677
4418683
4418719
4418731
4418741
4418747
4418749
4418789
4418797
4418801
4418807
4418819
4418831
4418839
4418881
4418903
4418917
4418941
4418951
4418977
4418983
4418989
4419011
4419017
4419071
4419073
4419083
4419089
4419097
4419101
4419109
4419113
4419131
4419137
4419157
4419161
4419179
4419199
4419211
4419263
4419271
4419293
4419307
4419323
4419341
4419353
4419367
4419377
4419379
4419383
4419407
4419409
4419451
4419461
4419469
4419479
4419487
4419509
4419517
4419529
4419553
4419557
4419559
4419563
4419581
4419587
4419589
4419593
4419599
4419601
4419661
4419671
4419673
4419683
4419691
4419713
4419731
4419743
4419773
4419791
4419797
4419823
4419851
4419853
4419869
4419889
4419901
4419907
4419911
4419937
4419941
4419953
4419967
4419973
4419991
4420001
4420019
4420037
4420043
4420049
4420067
4420069
4420081
4420127
4420139
4420159
4420183
4420189
4420219
4420231
4420249
4420309
4420319
4420337
4420373
4420379
4420417
4420421
4420453
4420463
4420469
4420513
4420517
4420519
4420523
4420543
4420547
4420553
4420567
4420573
4420583
4420589
4420601
4420607
4420613
4420627
4420639
4420667
4420687
4420699
4420721
4420729
4420733
4420739
4420747
4420751
4420753
4420769
4420777
4420813
4420831
4420837
4420849
4420859
4420891
4420903
4420987
4420993
4421023
4421029
4421033
4421041
4421063
4421113
4421117
4421141
4421143
4421147
4421159
4421177
4421201
4421203
4421213
4421227
4421237
4421257
4421297
4421299
4421321
4421323
4421353
4421371
4421407
4421413
4421423
4421447
4421449
4421467
4421491
4421507
4421533
4421539
4421567
4421579
4421587
4421597
4421603
4421617
4421621
4421633
4421653
4421671
4421689
4421693
4421719
4421723
4421731
4421741
4421743
4421749
4421771
4421779
4421783
4421789
4421797
4421801
4421831
4421839
4421849
4421861
4421863
4421869
4421897
4421899
4421903
4421909
4421929
4421941
4421947
4421953
4421971
4421987
4421999
4422017
4422037
4422043
4422071
4422101
4422127
4422139
4422151
4422169
4422191
4422211
4422221
4422241
4422247
4422263
4422287
4422289
4422311
4422331
4422343
4422347
4422359
4422361
4422391
4422401
4422403
4422409
4422419
4422427
4422443
4422461
4422493
4422503
4422527
4422557
4422571
4422577
4422589
4422599
There are 1658 prime numbers in S350.
