S351(4422601~4447872)
4422617
4422619
4422623
4422643
4422667
4422673
4422749
4422757
4422773
4422787
4422791
4422799
4422809
4422811
4422823
4422827
4422829
4422853
4422857
4422881
4422919
4422931
4422959
4422961
4422967
4422989
4423019
4423021
4423031
4423037
4423057
4423063
4423117
4423127
4423157
4423163
4423169
4423183
4423189
4423201
4423207
4423231
4423249
4423253
4423259
4423261
4423271
4423277
4423301
4423339
4423351
4423357
4423361
4423379
4423381
4423403
4423411
4423423
4423427
4423481
4423493
4423511
4423543
4423579
4423583
4423603
4423619
4423649
4423667
4423673
4423681
4423691
4423697
4423703
4423717
4423721
4423729
4423733
4423807
4423823
4423829
4423841
4423849
4423871
4423877
4423897
4423907
4423919
4423931
4423933
4423973
4423987
4423999
4424009
4424039
4424059
4424083
4424087
4424111
4424113
4424117
4424137
4424143
4424171
4424179
4424191
4424209
4424213
4424239
4424249
4424261
4424291
4424293
4424297
4424317
4424323
4424333
4424341
4424347
4424353
4424363
4424383
4424389
4424411
4424429
4424447
4424467
4424489
4424491
4424503
4424527
4424531
4424561
4424569
4424621
4424639
4424653
4424659
4424669
4424677
4424687
4424699
4424729
4424759
4424767
4424773
4424789
4424801
4424803
4424831
4424851
4424857
4424863
4424873
4424887
4424921
4424923
4424939
4424951
4424957
4424969
4424977
4425011
4425017
4425019
4425053
4425079
4425107
4425133
4425143
4425181
4425221
4425227
4425229
4425241
4425251
4425257
4425293
4425299
4425307
4425329
4425349
4425353
4425373
4425391
4425397
4425401
4425403
4425409
4425427
4425433
4425437
4425497
4425503
4425521
4425539
4425541
4425571
4425587
4425599
4425623
4425647
4425671
4425677
4425679
4425691
4425697
4425709
4425713
4425721
4425737
4425739
4425749
4425779
4425781
4425787
4425791
4425833
4425851
4425853
4425877
4425887
4425907
4425919
4425923
4425929
4425931
4425979
4425983
4425989
4425997
4426007
4426021
4426049
4426057
4426091
4426109
4426117
4426129
4426139
4426151
4426157
4426159
4426181
4426193
4426223
4426231
4426249
4426277
4426283
4426309
4426313
4426337
4426349
4426361
4426363
4426369
4426379
4426417
4426423
4426441
4426451
4426481
4426493
4426517
4426529
4426561
4426571
4426573
4426577
4426627
4426651
4426663
4426673
4426699
4426739
4426777
4426781
4426813
4426843
4426847
4426853
4426859
4426861
4426889
4426901
4426907
4426909
4426913
4426927
4426957
4426967
4426993
4426999
4427009
4427029
4427039
4427041
4427047
4427051
4427069
4427077
4427083
4427107
4427113
4427117
4427119
4427131
4427147
4427149
4427167
4427173
4427251
4427261
4427263
4427273
4427279
4427281
4427287
4427299
4427329
4427341
4427369
4427393
4427417
4427443
4427491
4427503
4427509
4427519
4427543
4427587
4427597
4427609
4427611
4427617
4427623
4427629
4427639
4427641
4427659
4427681
4427711
4427719
4427723
4427737
4427747
4427771
4427777
4427789
4427809
4427831
4427849
4427851
4427879
4427881
4427887
4427911
4427921
4427933
4427957
4427971
4428001
4428013
4428023
4428031
4428037
4428043
4428059
4428079
4428091
4428103
4428113
4428139
4428161
4428163
4428169
4428181
4428191
4428223
4428227
4428233
4428239
4428247
4428283
4428289
4428301
4428317
4428323
4428331
4428337
4428353
4428379
4428383
4428421
4428427
4428433
4428439
4428467
4428469
4428491
4428497
4428509
4428511
4428553
4428559
4428587
4428601
4428607
4428643
4428689
4428701
4428703
4428709
4428713
4428737
4428751
4428773
4428817
4428821
4428829
4428833
4428847
4428859
4428869
4428883
4428887
4428899
4428911
4428913
4428917
4428947
4428961
4428971
4429031
4429037
4429039
4429049
4429057
4429069
4429079
4429093
4429171
4429211
4429213
4429237
4429253
4429259
4429273
4429277
4429289
4429291
4429297
4429331
4429343
4429349
4429351
4429357
4429391
4429417
4429427
4429429
4429457
4429459
4429463
4429471
4429483
4429493
4429499
4429511
4429531
4429549
4429553
4429561
4429583
4429589
4429591
4429597
4429631
4429643
4429657
4429669
4429723
4429739
4429753
4429757
4429769
4429771
4429783
4429787
4429801
4429811
4429813
4429819
4429829
4429853
4429861
4429871
4429883
4429933
4429937
4429963
4429969
4429981
4429987
4429991
4430017
4430033
4430039
4430051
4430093
4430113
4430137
4430143
4430147
4430159
4430171
4430201
4430213
4430219
4430221
4430227
4430263
4430273
4430299
4430311
4430351
4430411
4430431
4430441
4430473
4430479
4430483
4430507
4430561
4430563
4430593
4430597
4430599
4430603
4430609
4430611
4430653
4430663
4430689
4430711
4430719
4430729
4430731
4430749
4430753
4430771
4430773
4430779
4430801
4430807
4430809
4430837
4430851
4430869
4430879
4430887
4430891
4430941
4430947
4430963
4430969
4431001
4431017
4431023
4431029
4431059
4431079
4431103
4431127
4431131
4431143
4431149
4431151
4431187
4431227
4431241
4431257
4431269
4431283
4431289
4431293
4431307
4431311
4431367
4431443
4431457
4431463
4431487
4431491
4431499
4431523
4431533
4431551
4431563
4431569
4431587
4431641
4431643
4431653
4431659
4431671
4431673
4431683
4431697
4431703
4431719
4431727
4431733
4431743
4431787
4431793
4431799
4431803
4431811
4431827
4431829
4431839
4431841
4431851
4431857
4431871
4431899
4431901
4431923
4431943
4431949
4431961
4431989
4431991
4432007
4432009
4432069
4432081
4432091
4432093
4432097
4432151
4432177
4432201
4432217
4432229
4432243
4432247
4432249
4432271
4432279
4432343
4432357
4432367
4432381
4432391
4432457
4432471
4432513
4432517
4432531
4432541
4432559
4432591
4432607
4432613
4432619
4432627
4432657
4432661
4432667
4432669
4432693
4432723
4432739
4432751
4432759
4432763
4432793
4432807
4432817
4432819
4432829
4432837
4432843
4432861
4432873
4432889
4432943
4432949
4432963
4432979
4433021
4433029
4433047
4433057
4433059
4433063
4433069
4433119
4433129
4433131
4433147
4433167
4433173
4433203
4433237
4433249
4433263
4433267
4433269
4433281
4433287
4433309
4433333
4433339
4433381
4433393
4433399
4433423
4433449
4433459
4433467
4433477
4433489
4433497
4433519
4433563
4433567
4433573
4433581
4433587
4433603
4433621
4433623
4433629
4433633
4433647
4433657
4433701
4433729
4433771
4433809
4433827
4433833
4433843
4433881
4433887
4433893
4433903
4433911
4433929
4433941
4433953
4433959
4433971
4433977
4433981
4433999
4434019
4434041
4434061
4434077
4434083
4434097
4434107
4434119
4434149
4434173
4434179
4434181
4434197
4434251
4434257
4434259
4434281
4434299
4434307
4434329
4434337
4434341
4434343
4434371
4434383
4434421
4434427
4434431
4434449
4434473
4434491
4434503
4434511
4434527
4434539
4434541
4434571
4434629
4434631
4434673
4434691
4434697
4434721
4434737
4434769
4434799
4434811
4434817
4434839
4434851
4434863
4434877
4434889
4434901
4434907
4434949
4434973
4434979
4435001
4435031
4435051
4435087
4435091
4435097
4435103
4435111
4435117
4435121
4435129
4435133
4435169
4435177
4435183
4435237
4435241
4435243
4435253
4435259
4435279
4435313
4435357
4435367
4435369
4435373
4435381
4435397
4435423
4435429
4435433
4435439
4435447
4435451
4435469
4435477
4435513
4435549
4435559
4435567
4435577
4435609
4435631
4435643
4435661
4435663
4435709
4435723
4435733
4435741
4435763
4435777
4435787
4435801
4435817
4435889
4435891
4435897
4435903
4435919
4435933
4435939
4435943
4435961
4435969
4435993
4436011
4436017
4436023
4436039
4436051
4436059
4436071
4436093
4436111
4436119
4436123
4436143
4436183
4436207
4436209
4436219
4436227
4436231
4436249
4436251
4436273
4436287
4436297
4436321
4436339
4436351
4436359
4436363
4436389
4436407
4436413
4436431
4436459
4436461
4436477
4436483
4436501
4436521
4436527
4436567
4436581
4436587
4436603
4436639
4436647
4436657
4436669
4436687
4436693
4436699
4436701
4436737
4436749
4436759
4436771
4436801
4436821
4436827
4436863
4436879
4436891
4436893
4436903
4436909
4436923
4436933
4436947
4436959
4436987
4436989
4437007
4437011
4437053
4437067
4437113
4437131
4437161
4437163
4437179
4437197
4437211
4437217
4437227
4437259
4437283
4437311
4437313
4437337
4437341
4437347
4437359
4437361
4437379
4437383
4437403
4437409
4437421
4437427
4437439
4437443
4437457
4437463
4437473
4437479
4437487
4437491
4437497
4437523
4437529
4437539
4437547
4437593
4437613
4437617
4437673
4437677
4437701
4437703
4437709
4437721
4437733
4437737
4437749
4437751
4437757
4437767
4437779
4437857
4437863
4437869
4437877
4437883
4437911
4437913
4437941
4437943
4437959
4437967
4437973
4437977
4437989
4438009
4438019
4438033
4438043
4438051
4438067
4438079
4438087
4438097
4438111
4438117
4438123
4438151
4438169
4438171
4438183
4438199
4438201
4438211
4438219
4438223
4438237
4438271
4438279
4438283
4438303
4438321
4438339
4438349
4438361
4438391
4438397
4438451
4438463
4438481
4438501
4438507
4438529
4438541
4438559
4438573
4438583
4438597
4438601
4438613
4438639
4438667
4438691
4438699
4438703
4438739
4438741
4438771
4438789
4438813
4438823
4438829
4438831
4438843
4438867
4438871
4438891
4438901
4438919
4438939
4438949
4438961
4438963
4438981
4438997
4438999
4439003
4439033
4439047
4439063
4439077
4439081
4439087
4439119
4439129
4439137
4439143
4439167
4439209
4439213
4439257
4439269
4439273
4439287
4439317
4439341
4439377
4439381
4439389
4439401
4439411
4439419
4439423
4439429
4439443
4439447
4439453
4439473
4439503
4439507
4439509
4439531
4439543
4439569
4439627
4439653
4439663
4439671
4439693
4439717
4439719
4439723
4439777
4439797
4439801
4439807
4439821
4439833
4439837
4439857
4439861
4439867
4439887
4439899
4439909
4439917
4439921
4439923
4439947
4439951
4439971
4439993
4440001
4440011
4440017
4440019
4440031
4440041
4440049
4440067
4440071
4440089
4440131
4440133
4440169
4440187
4440193
4440197
4440199
4440209
4440221
4440239
4440253
4440257
4440323
4440343
4440367
4440379
4440389
4440413
4440421
4440427
4440437
4440439
4440461
4440479
4440487
4440497
4440503
4440521
4440523
4440529
4440571
4440613
4440619
4440637
4440641
4440659
4440673
4440677
4440691
4440707
4440721
4440727
4440731
4440763
4440767
4440773
4440797
4440803
4440823
4440841
4440847
4440881
4440899
4440901
4440913
4440929
4440937
4440959
4440991
4441007
4441009
4441033
4441037
4441043
4441103
4441109
4441111
4441133
4441159
4441163
4441187
4441207
4441211
4441219
4441237
4441271
4441279
4441289
4441303
4441309
4441313
4441351
4441357
4441361
4441387
4441397
4441399
4441417
4441433
4441439
4441441
4441447
4441457
4441477
4441483
4441499
4441523
4441529
4441531
4441543
4441561
4441589
4441597
4441601
4441621
4441627
4441643
4441663
4441667
4441673
4441693
4441721
4441729
4441733
4441747
4441751
4441757
4441769
4441793
4441823
4441841
4441849
4441867
4441883
4441903
4441909
4441919
4441939
4441949
4441963
4441979
4441999
4442003
4442027
4442041
4442047
4442069
4442071
4442093
4442099
4442101
4442107
4442131
4442159
4442161
4442171
4442189
4442209
4442213
4442231
4442233
4442261
4442267
4442279
4442303
4442311
4442327
4442357
4442363
4442387
4442401
4442413
4442429
4442437
4442441
4442443
4442453
4442483
4442489
4442507
4442521
4442527
4442531
4442549
4442551
4442573
4442609
4442623
4442639
4442663
4442681
4442689
4442743
4442777
4442807
4442819
4442839
4442843
4442861
4442869
4442897
4442909
4442917
4442927
4442929
4442939
4442953
4442987
4442989
4442993
4443037
4443041
4443079
4443083
4443097
4443107
4443121
4443139
4443143
4443157
4443181
4443191
4443203
4443221
4443227
4443247
4443253
4443259
4443289
4443311
4443331
4443353
4443371
4443379
4443391
4443401
4443403
4443419
4443421
4443431
4443433
4443463
4443487
4443493
4443497
4443529
4443533
4443541
4443553
4443557
4443559
4443563
4443581
4443599
4443601
4443619
4443631
4443653
4443689
4443707
4443713
4443743
4443767
4443781
4443793
4443797
4443809
4443827
4443841
4443863
4443877
4443889
4443893
4443937
4443941
4443973
4443983
4444001
4444049
4444087
4444091
4444109
4444127
4444147
4444159
4444169
4444171
4444201
4444207
4444213
4444217
4444229
4444241
4444261
4444289
4444291
4444331
4444339
4444357
4444369
4444381
4444397
4444409
4444469
4444471
4444483
4444487
4444507
4444519
4444549
4444591
4444607
4444621
4444639
4444663
4444669
4444697
4444703
4444711
4444717
4444729
4444747
4444753
4444771
4444787
4444789
4444793
4444799
4444807
4444823
4444829
4444861
4444877
4444907
4444943
4444949
4444967
4444969
4444991
4445017
4445027
4445029
4445047
4445083
4445087
4445099
4445113
4445153
4445159
4445167
4445197
4445201
4445227
4445257
4445267
4445281
4445303
4445317
4445321
4445333
4445387
4445393
4445429
4445437
4445443
4445447
4445453
4445459
4445477
4445479
4445491
4445501
4445503
4445521
4445527
4445531
4445543
4445557
4445561
4445569
4445593
4445603
4445621
4445629
4445633
4445657
4445659
4445663
4445681
4445711
4445719
4445723
4445737
4445767
4445797
4445821
4445839
4445849
4445851
4445869
4445879
4445921
4445933
4445939
4445941
4445953
4445983
4446007
4446037
4446047
4446067
4446073
4446097
4446103
4446119
4446131
4446137
4446161
4446191
4446203
4446217
4446241
4446259
4446269
4446293
4446317
4446319
4446331
4446347
4446353
4446359
4446371
4446373
4446389
4446413
4446419
4446427
4446433
4446451
4446457
4446461
4446467
4446499
4446509
4446553
4446581
4446583
4446593
4446601
4446641
4446643
4446661
4446667
4446677
4446679
4446683
4446721
4446731
4446763
4446769
4446787
4446821
4446823
4446829
4446853
4446863
4446887
4446899
4446971
4446977
4446997
4447019
4447031
4447033
4447049
4447061
4447099
4447109
4447117
4447151
4447153
4447169
4447171
4447181
4447199
4447207
4447249
4447253
4447297
4447301
4447321
4447423
4447427
4447433
4447439
4447453
4447459
4447483
4447493
4447507
4447529
4447537
4447543
4447549
4447559
4447589
4447607
4447609
4447627
4447637
4447649
4447679
4447687
4447697
4447739
4447747
4447753
4447757
4447769
4447783
4447801
4447811
4447819
4447823
4447841
4447847
4447853
4447871
There are 1690 prime numbers in S351.
