S352(4447873~4473216)
4447879
4447889
4447903
4447907
4447909
4447913
4447943
4447987
4447997
4448009
4448011
4448021
4448023
4448027
4448077
4448089
4448099
4448111
4448113
4448117
4448149
4448167
4448179
4448183
4448207
4448231
4448239
4448267
4448273
4448287
4448291
4448317
4448321
4448333
4448347
4448357
4448359
4448371
4448383
4448419
4448443
4448447
4448501
4448533
4448537
4448539
4448557
4448573
4448579
4448657
4448671
4448677
4448699
4448701
4448723
4448749
4448797
4448813
4448833
4448837
4448863
4448881
4448921
4448929
4448933
4448947
4448957
4448989
4449017
4449023
4449037
4449077
4449079
4449083
4449103
4449113
4449119
4449127
4449163
4449227
4449233
4449239
4449259
4449283
4449299
4449301
4449307
4449317
4449323
4449329
4449331
4449343
4449371
4449391
4449397
4449407
4449409
4449413
4449421
4449433
4449449
4449457
4449469
4449479
4449481
4449491
4449493
4449503
4449521
4449527
4449539
4449541
4449551
4449559
4449589
4449593
4449617
4449619
4449637
4449659
4449661
4449691
4449701
4449749
4449751
4449763
4449773
4449793
4449799
4449811
4449817
4449821
4449829
4449859
4449871
4449877
4449883
4449899
4449901
4449919
4449923
4449947
4449983
4449997
4450003
4450013
4450031
4450051
4450057
4450097
4450111
4450129
4450139
4450151
4450163
4450169
4450177
4450213
4450261
4450273
4450283
4450291
4450297
4450301
4450319
4450331
4450333
4450337
4450349
4450373
4450399
4450409
4450441
4450487
4450489
4450507
4450517
4450519
4450553
4450561
4450573
4450603
4450613
4450627
4450637
4450657
4450669
4450679
4450681
4450687
4450697
4450703
4450711
4450729
4450739
4450751
4450757
4450811
4450829
4450847
4450861
4450871
4450909
4450913
4450931
4450933
4450951
4450961
4450967
4450981
4451017
4451023
4451053
4451071
4451081
4451087
4451119
4451129
4451141
4451179
4451191
4451219
4451257
4451261
4451269
4451273
4451281
4451299
4451309
4451341
4451357
4451387
4451389
4451393
4451401
4451407
4451423
4451429
4451437
4451441
4451449
4451459
4451479
4451483
4451527
4451533
4451537
4451543
4451563
4451591
4451593
4451599
4451611
4451617
4451633
4451639
4451653
4451677
4451701
4451723
4451743
4451767
4451779
4451791
4451813
4451827
4451849
4451891
4451893
4451921
4451929
4451939
4451957
4451983
4451999
4452001
4452013
4452017
4452043
4452073
4452131
4452139
4452143
4452157
4452187
4452191
4452209
4452211
4452229
4452233
4452241
4452257
4452277
4452293
4452307
4452337
4452347
4452353
4452379
4452391
4452407
4452431
4452433
4452443
4452449
4452473
4452491
4452509
4452523
4452533
4452571
4452599
4452647
4452649
4452653
4452673
4452683
4452719
4452727
4452737
4452739
4452743
4452751
4452761
4452769
4452797
4452803
4452829
4452841
4452857
4452881
4452893
4452919
4452941
4452947
4452953
4453013
4453063
4453067
4453069
4453081
4453093
4453121
4453129
4453139
4453147
4453159
4453171
4453177
4453187
4453213
4453223
4453231
4453259
4453271
4453291
4453321
4453331
4453349
4453387
4453399
4453403
4453409
4453417
4453433
4453441
4453451
4453457
4453481
4453483
4453487
4453489
4453499
4453517
4453567
4453573
4453583
4453591
4453613
4453621
4453637
4453663
4453681
4453693
4453703
4453717
4453747
4453751
4453769
4453777
4453781
4453807
4453817
4453837
4453853
4453859
4453877
4453903
4453909
4453913
4453919
4453931
4453937
4453951
4453957
4453963
4453991
4453997
4454003
4454027
4454041
4454059
4454071
4454077
4454083
4454101
4454141
4454147
4454179
4454207
4454209
4454213
4454239
4454269
4454273
4454291
4454293
4454299
4454321
4454339
4454353
4454369
4454377
4454381
4454383
4454399
4454407
4454423
4454447
4454449
4454473
4454477
4454501
4454521
4454537
4454543
4454551
4454563
4454579
4454599
4454621
4454657
4454687
4454699
4454711
4454741
4454767
4454771
4454783
4454789
4454819
4454839
4454861
4454869
4454881
4454887
4454903
4454921
4454927
4454959
4454963
4454977
4454993
4455001
4455007
4455023
4455029
4455043
4455079
4455091
4455097
4455107
4455119
4455151
4455161
4455167
4455181
4455203
4455221
4455223
4455229
4455239
4455259
4455301
4455323
4455331
4455361
4455371
4455383
4455391
4455397
4455403
4455461
4455467
4455469
4455487
4455497
4455509
4455527
4455533
4455559
4455569
4455611
4455631
4455637
4455641
4455667
4455691
4455707
4455719
4455743
4455749
4455761
4455769
4455779
4455793
4455797
4455833
4455851
4455863
4455877
4455881
4455901
4455911
4455949
4455953
4455959
4455967
4455973
4455977
4455991
4456007
4456063
4456079
4456121
4456147
4456183
4456189
4456213
4456223
4456297
4456301
4456327
4456339
4456349
4456357
4456367
4456369
4456373
4456421
4456427
4456429
4456433
4456451
4456453
4456511
4456513
4456541
4456547
4456553
4456559
4456561
4456579
4456589
4456609
4456619
4456631
4456643
4456651
4456663
4456679
4456693
4456709
4456769
4456783
4456787
4456789
4456799
4456819
4456831
4456847
4456861
4456867
4456877
4456889
4456891
4456897
4456931
4456937
4456939
4456951
4456957
4456961
4456973
4456997
4457093
4457099
4457113
4457129
4457143
4457171
4457197
4457203
4457221
4457249
4457263
4457269
4457287
4457293
4457303
4457311
4457317
4457347
4457357
4457359
4457371
4457389
4457399
4457407
4457413
4457429
4457437
4457447
4457449
4457461
4457471
4457473
4457477
4457489
4457491
4457507
4457539
4457543
4457549
4457597
4457603
4457611
4457623
4457639
4457657
4457683
4457693
4457729
4457753
4457759
4457771
4457801
4457813
4457839
4457857
4457867
4457881
4457897
4457911
4457923
4457933
4457953
4457977
4457983
4457987
4458001
4458043
4458071
4458073
4458101
4458109
4458127
4458133
4458151
4458163
4458169
4458187
4458193
4458253
4458263
4458269
4458281
4458287
4458313
4458317
4458319
4458359
4458361
4458367
4458371
4458379
4458409
4458457
4458473
4458491
4458497
4458499
4458529
4458533
4458557
4458563
4458569
4458599
4458617
4458647
4458653
4458659
4458661
4458667
4458697
4458737
4458739
4458793
4458809
4458821
4458827
4458829
4458841
4458877
4458887
4458889
4458893
4458899
4458911
4458919
4458929
4458931
4458959
4458967
4458983
4458991
4459001
4459003
4459027
4459073
4459099
4459141
4459157
4459159
4459163
4459177
4459193
4459199
4459211
4459237
4459241
4459267
4459303
4459333
4459339
4459361
4459363
4459369
4459373
4459379
4459409
4459451
4459519
4459531
4459541
4459549
4459561
4459577
4459589
4459597
4459601
4459603
4459619
4459639
4459657
4459667
4459669
4459687
4459709
4459711
4459717
4459727
4459733
4459739
4459747
4459757
4459759
4459781
4459799
4459811
4459817
4459841
4459849
4459891
4459901
4459921
4459951
4459981
4459993
4460009
4460023
4460039
4460077
4460083
4460107
4460111
4460119
4460147
4460153
4460161
4460167
4460173
4460177
4460191
4460207
4460219
4460237
4460243
4460251
4460279
4460297
4460303
4460327
4460353
4460359
4460369
4460377
4460399
4460411
4460429
4460437
4460447
4460453
4460471
4460479
4460483
4460537
4460549
4460557
4460581
4460587
4460593
4460623
4460633
4460641
4460653
4460657
4460699
4460711
4460713
4460741
4460761
4460767
4460773
4460779
4460803
4460837
4460879
4460891
4460899
4460903
4460909
4460917
4460921
4460941
4460959
4460971
4460977
4460999
4461007
4461019
4461031
4461047
4461059
4461073
4461091
4461109
4461161
4461203
4461211
4461221
4461227
4461253
4461277
4461283
4461307
4461313
4461319
4461341
4461377
4461419
4461421
4461433
4461439
4461449
4461451
4461461
4461491
4461493
4461539
4461547
4461553
4461577
4461617
4461623
4461641
4461643
4461649
4461671
4461673
4461689
4461703
4461707
4461727
4461733
4461749
4461763
4461767
4461773
4461791
4461797
4461811
4461817
4461823
4461869
4461881
4461887
4461889
4461893
4461901
4461913
4461929
4461943
4461971
4462009
4462013
4462021
4462033
4462037
4462049
4462091
4462099
4462121
4462141
4462151
4462181
4462187
4462223
4462231
4462243
4462261
4462277
4462307
4462309
4462319
4462331
4462343
4462349
4462361
4462363
4462373
4462379
4462387
4462429
4462457
4462463
4462489
4462519
4462531
4462537
4462567
4462571
4462589
4462609
4462637
4462643
4462651
4462657
4462673
4462691
4462693
4462751
4462753
4462763
4462771
4462793
4462811
4462813
4462817
4462831
4462837
4462867
4462877
4462879
4462883
4462889
4462919
4462921
4462949
4462951
4462957
4462963
4463003
4463009
4463023
4463033
4463057
4463059
4463111
4463113
4463117
4463141
4463143
4463153
4463177
4463189
4463191
4463203
4463209
4463213
4463243
4463257
4463317
4463321
4463341
4463351
4463363
4463369
4463377
4463399
4463413
4463453
4463467
4463489
4463497
4463513
4463521
4463539
4463549
4463551
4463567
4463603
4463611
4463647
4463663
4463671
4463729
4463747
4463761
4463773
4463779
4463813
4463827
4463831
4463857
4463887
4463903
4463929
4463947
4463971
4464007
4464011
4464017
4464049
4464071
4464073
4464079
4464091
4464101
4464133
4464157
4464179
4464181
4464227
4464233
4464253
4464269
4464331
4464337
4464359
4464371
4464377
4464379
4464401
4464413
4464443
4464451
4464469
4464491
4464497
4464511
4464533
4464547
4464569
4464571
4464587
4464623
4464641
4464643
4464661
4464673
4464689
4464721
4464731
4464739
4464751
4464763
4464767
4464781
4464793
4464799
4464821
4464839
4464841
4464853
4464857
4464877
4464881
4464893
4464917
4464937
4464949
4464959
4464983
4465009
4465031
4465037
4465051
4465063
4465073
4465093
4465099
4465103
4465117
4465127
4465157
4465177
4465199
4465207
4465211
4465231
4465259
4465273
4465277
4465291
4465301
4465319
4465327
4465343
4465367
4465369
4465379
4465387
4465411
4465429
4465453
4465459
4465471
4465499
4465501
4465537
4465553
4465561
4465603
4465607
4465609
4465619
4465631
4465639
4465661
4465667
4465691
4465693
4465697
4465723
4465733
4465763
4465787
4465801
4465807
4465819
4465831
4465837
4465861
4465907
4465919
4465957
4465963
4465973
4466009
4466017
4466027
4466039
4466041
4466051
4466069
4466093
4466129
4466131
4466141
4466149
4466167
4466191
4466219
4466221
4466227
4466239
4466243
4466249
4466251
4466299
4466303
4466323
4466327
4466339
4466401
4466411
4466419
4466443
4466447
4466459
4466471
4466491
4466503
4466507
4466513
4466521
4466569
4466591
4466593
4466617
4466621
4466639
4466641
4466719
4466723
4466741
4466747
4466771
4466773
4466779
4466789
4466837
4466857
4466863
4466867
4466873
4466879
4466911
4466923
4466939
4466941
4466951
4466963
4466981
4466983
4466989
4466993
4467011
4467013
4467017
4467019
4467041
4467049
4467053
4467059
4467077
4467119
4467137
4467139
4467181
4467187
4467191
4467217
4467241
4467257
4467263
4467271
4467293
4467301
4467329
4467347
4467367
4467377
4467383
4467389
4467403
4467439
4467443
4467461
4467469
4467499
4467509
4467511
4467521
4467553
4467559
4467563
4467569
4467577
4467601
4467611
4467613
4467643
4467649
4467677
4467709
4467767
4467779
4467781
4467791
4467803
4467809
4467833
4467839
4467851
4467857
4467863
4467887
4467901
4467919
4467929
4467949
4467971
4467979
4467997
4468007
4468033
4468039
4468043
4468069
4468091
4468099
4468103
4468109
4468153
4468159
4468171
4468183
4468199
4468273
4468301
4468307
4468313
4468327
4468333
4468339
4468351
4468367
4468369
4468393
4468421
4468441
4468447
4468469
4468487
4468493
4468537
4468547
4468559
4468567
4468573
4468577
4468579
4468609
4468613
4468621
4468643
4468649
4468661
4468663
4468687
4468721
4468727
4468729
4468741
4468747
4468757
4468777
4468787
4468817
4468843
4468847
4468859
4468873
4468879
4468883
4468889
4468903
4468927
4468939
4468979
4469027
4469051
4469063
4469083
4469099
4469111
4469131
4469141
4469167
4469189
4469197
4469203
4469207
4469233
4469243
4469261
4469293
4469299
4469303
4469321
4469323
4469329
4469347
4469357
4469359
4469401
4469411
4469417
4469431
4469447
4469461
4469483
4469501
4469519
4469561
4469581
4469587
4469599
4469609
4469627
4469629
4469651
4469671
4469677
4469681
4469719
4469723
4469737
4469743
4469749
4469753
4469767
4469813
4469821
4469831
4469833
4469837
4469849
4469869
4469879
4469911
4469923
4469939
4469951
4469977
4469987
4469989
4470013
4470043
4470047
4470049
4470061
4470077
4470083
4470121
4470143
4470163
4470209
4470223
4470233
4470239
4470241
4470247
4470251
4470281
4470287
4470289
4470329
4470331
4470383
4470397
4470407
4470413
4470419
4470421
4470443
4470449
4470461
4470467
4470469
4470539
4470569
4470577
4470589
4470623
4470649
4470659
4470679
4470707
4470731
4470743
4470761
4470769
4470773
4470793
4470803
4470811
4470857
4470859
4470863
4470877
4470911
4470919
4470923
4470929
4470931
4470937
4470943
4470953
4470971
4470989
4470997
4471001
4471003
4471007
4471013
4471067
4471069
4471073
4471081
4471121
4471123
4471141
4471171
4471189
4471193
4471211
4471217
4471237
4471267
4471279
4471303
4471319
4471349
4471381
4471387
4471393
4471421
4471427
4471477
4471529
4471547
4471549
4471559
4471567
4471609
4471619
4471633
4471661
4471681
4471693
4471711
4471717
4471739
4471741
4471751
4471757
4471801
4471811
4471837
4471847
4471853
4471879
4471889
4471891
4471921
4471927
4471933
4471939
4471949
4471979
4471997
4472021
4472081
4472089
4472101
4472107
4472113
4472131
4472137
4472147
4472159
4472197
4472203
4472213
4472233
4472261
4472263
4472267
4472287
4472297
4472311
4472323
4472341
4472357
4472359
4472371
4472399
4472431
4472437
4472443
4472477
4472497
4472509
4472527
4472539
4472551
4472563
4472591
4472593
4472609
4472627
4472651
4472687
4472693
4472701
4472747
4472749
4472753
4472759
4472777
4472779
4472789
4472801
4472807
4472821
4472827
4472851
4472857
4472869
4472911
4472917
4472927
4472933
4472957
4473011
4473013
4473019
4473089
4473097
4473101
4473103
4473107
4473127
4473143
4473149
4473169
4473173
4473181
4473211
There are 1662 prime numbers in S352.
