S353(4473217~4498632)
4473241
4473277
4473281
4473283
4473289
4473299
4473347
4473361
4473373
4473377
4473383
4473409
4473421
4473449
4473457
4473463
4473473
4473479
4473503
4473541
4473583
4473587
4473611
4473613
4473619
4473631
4473647
4473653
4473671
4473697
4473701
4473713
4473727
4473731
4473751
4473757
4473761
4473767
4473769
4473773
4473779
4473809
4473811
4473853
4473863
4473869
4473877
4473881
4473901
4473971
4474027
4474031
4474037
4474039
4474073
4474079
4474081
4474087
4474103
4474109
4474133
4474153
4474157
4474159
4474163
4474181
4474201
4474219
4474241
4474273
4474303
4474307
4474331
4474361
4474369
4474399
4474409
4474427
4474433
4474441
4474469
4474471
4474493
4474511
4474517
4474523
4474543
4474573
4474601
4474609
4474643
4474649
4474661
4474693
4474697
4474703
4474711
4474721
4474733
4474739
4474741
4474763
4474783
4474801
4474807
4474837
4474849
4474867
4474879
4474907
4474919
4474931
4474933
4474963
4474969
4474999
4475017
4475033
4475047
4475057
4475069
4475071
4475083
4475117
4475123
4475137
4475147
4475153
4475171
4475173
4475189
4475197
4475239
4475243
4475257
4475291
4475323
4475329
4475333
4475351
4475357
4475389
4475407
4475413
4475417
4475423
4475447
4475459
4475461
4475467
4475473
4475503
4475551
4475567
4475579
4475617
4475623
4475633
4475663
4475671
4475689
4475701
4475707
4475711
4475717
4475719
4475747
4475803
4475813
4475837
4475839
4475843
4475851
4475881
4475893
4475957
4475959
4475969
4475983
4475987
4475993
4476013
4476019
4476023
4476041
4476047
4476067
4476079
4476089
4476091
4476133
4476137
4476167
4476181
4476187
4476193
4476247
4476281
4476289
4476301
4476313
4476317
4476319
4476331
4476341
4476379
4476383
4476397
4476403
4476427
4476463
4476473
4476481
4476487
4476497
4476509
4476517
4476547
4476553
4476569
4476581
4476583
4476599
4476613
4476631
4476653
4476671
4476677
4476691
4476707
4476713
4476757
4476767
4476779
4476781
4476793
4476809
4476811
4476821
4476827
4476833
4476847
4476863
4476883
4476893
4476907
4476911
4476917
4476929
4476931
4476949
4476959
4476961
4476971
4476977
4477013
4477043
4477061
4477073
4477091
4477133
4477139
4477153
4477181
4477199
4477261
4477271
4477279
4477283
4477313
4477337
4477349
4477351
4477367
4477373
4477379
4477381
4477391
4477411
4477427
4477439
4477441
4477453
4477457
4477463
4477471
4477489
4477519
4477523
4477537
4477541
4477553
4477567
4477573
4477619
4477661
4477667
4477691
4477717
4477721
4477727
4477729
4477741
4477751
4477769
4477789
4477813
4477819
4477841
4477849
4477871
4477873
4477883
4477903
4477931
4477937
4477951
4477961
4477969
4478009
4478011
4478017
4478059
4478069
4478081
4478083
4478087
4478137
4478153
4478161
4478189
4478197
4478203
4478231
4478233
4478237
4478249
4478251
4478269
4478317
4478323
4478339
4478351
4478359
4478381
4478387
4478413
4478417
4478423
4478527
4478533
4478549
4478561
4478563
4478567
4478641
4478647
4478653
4478657
4478671
4478687
4478693
4478707
4478741
4478777
4478779
4478783
4478801
4478807
4478809
4478821
4478827
4478833
4478843
4478857
4478861
4478863
4478869
4478879
4478891
4478899
4478917
4478983
4478987
4478989
4478993
4479001
4479023
4479029
4479031
4479049
4479071
4479073
4479121
4479133
4479149
4479157
4479179
4479187
4479197
4479199
4479203
4479239
4479247
4479259
4479263
4479287
4479317
4479323
4479361
4479389
4479443
4479463
4479473
4479481
4479487
4479491
4479493
4479509
4479581
4479661
4479667
4479691
4479707
4479731
4479743
4479749
4479793
4479799
4479803
4479809
4479829
4479851
4479863
4479883
4479889
4479907
4479911
4479919
4479941
4479967
4479973
4479989
4480001
4480013
4480031
4480033
4480039
4480043
4480081
4480093
4480097
4480141
4480153
4480183
4480187
4480199
4480211
4480241
4480243
4480247
4480253
4480261
4480271
4480277
4480291
4480303
4480319
4480339
4480351
4480361
4480363
4480379
4480403
4480429
4480453
4480481
4480507
4480513
4480517
4480547
4480559
4480573
4480583
4480591
4480613
4480621
4480627
4480631
4480649
4480661
4480681
4480691
4480757
4480769
4480783
4480787
4480793
4480799
4480807
4480831
4480841
4480867
4480871
4480897
4480909
4480951
4480961
4480967
4480981
4481003
4481041
4481069
4481077
4481083
4481101
4481123
4481129
4481137
4481153
4481171
4481173
4481179
4481189
4481201
4481233
4481249
4481261
4481263
4481273
4481287
4481291
4481293
4481299
4481311
4481327
4481333
4481339
4481363
4481369
4481383
4481401
4481431
4481441
4481443
4481459
4481461
4481479
4481501
4481537
4481567
4481569
4481579
4481593
4481597
4481599
4481611
4481621
4481629
4481677
4481683
4481707
4481713
4481717
4481723
4481767
4481791
4481797
4481801
4481819
4481837
4481843
4481857
4481881
4481899
4481927
4481989
4482001
4482007
4482031
4482047
4482059
4482091
4482109
4482131
4482167
4482173
4482209
4482227
4482239
4482253
4482281
4482287
4482299
4482311
4482319
4482323
4482329
4482349
4482389
4482391
4482409
4482431
4482451
4482469
4482479
4482497
4482547
4482553
4482557
4482589
4482593
4482601
4482619
4482623
4482637
4482641
4482649
4482659
4482701
4482703
4482721
4482739
4482743
4482749
4482767
4482787
4482799
4482839
4482847
4482871
4482887
4482901
4482911
4482931
4482937
4482943
4482971
4482977
4482983
4483009
4483021
4483027
4483033
4483043
4483057
4483067
4483093
4483097
4483103
4483123
4483147
4483159
4483163
4483181
4483201
4483207
4483231
4483247
4483249
4483273
4483277
4483307
4483319
4483337
4483363
4483387
4483397
4483399
4483403
4483421
4483433
4483447
4483483
4483489
4483517
4483519
4483537
4483541
4483543
4483571
4483607
4483649
4483651
4483657
4483663
4483681
4483709
4483741
4483751
4483769
4483789
4483793
4483807
4483811
4483813
4483837
4483849
4483859
4483877
4483889
4483891
4483901
4483907
4483939
4483957
4483991
4484021
4484023
4484027
4484033
4484041
4484069
4484089
4484099
4484111
4484113
4484131
4484143
4484167
4484189
4484191
4484197
4484201
4484203
4484219
4484231
4484239
4484251
4484267
4484273
4484321
4484327
4484329
4484339
4484371
4484387
4484419
4484423
4484449
4484483
4484503
4484509
4484521
4484561
4484567
4484569
4484591
4484611
4484633
4484653
4484657
4484663
4484671
4484687
4484729
4484731
4484737
4484743
4484749
4484759
4484761
4484773
4484789
4484791
4484803
4484813
4484819
4484827
4484833
4484849
4484861
4484869
4484873
4484891
4484897
4484899
4484911
4484917
4484927
4484933
4484941
4484947
4484959
4484971
4484981
4484983
4484993
4485001
4485043
4485073
4485097
4485109
4485139
4485149
4485157
4485167
4485179
4485191
4485209
4485211
4485223
4485301
4485317
4485319
4485323
4485329
4485353
4485367
4485379
4485389
4485409
4485413
4485451
4485469
4485479
4485487
4485497
4485527
4485557
4485581
4485587
4485589
4485599
4485601
4485617
4485619
4485623
4485629
4485643
4485661
4485683
4485707
4485721
4485737
4485743
4485763
4485781
4485797
4485799
4485809
4485823
4485827
4485839
4485853
4485869
4485883
4485907
4485931
4485937
4485941
4485953
4485967
4485983
4485997
4486003
4486019
4486037
4486051
4486073
4486087
4486093
4486099
4486129
4486151
4486169
4486171
4486177
4486187
4486193
4486199
4486217
4486231
4486247
4486259
4486297
4486303
4486309
4486327
4486333
4486373
4486379
4486381
4486411
4486421
4486429
4486457
4486459
4486463
4486477
4486483
4486499
4486511
4486519
4486543
4486553
4486567
4486571
4486591
4486607
4486621
4486631
4486637
4486639
4486649
4486673
4486681
4486711
4486721
4486751
4486777
4486787
4486813
4486819
4486829
4486841
4486843
4486849
4486877
4486883
4486919
4486939
4486943
4486957
4486961
4486973
4487003
4487011
4487029
4487039
4487051
4487053
4487089
4487107
4487111
4487159
4487177
4487183
4487207
4487213
4487233
4487239
4487243
4487297
4487299
4487311
4487321
4487339
4487341
4487359
4487381
4487387
4487389
4487393
4487407
4487411
4487423
4487449
4487479
4487503
4487519
4487521
4487537
4487543
4487557
4487579
4487597
4487621
4487627
4487671
4487683
4487699
4487719
4487723
4487729
4487741
4487761
4487789
4487797
4487801
4487803
4487807
4487809
4487843
4487849
4487869
4487887
4487891
4487939
4487969
4488007
4488023
4488037
4488049
4488061
4488073
4488079
4488083
4488089
4488091
4488101
4488103
4488157
4488163
4488167
4488179
4488193
4488203
4488217
4488233
4488271
4488277
4488283
4488299
4488331
4488343
4488349
4488353
4488371
4488373
4488401
4488409
4488439
4488457
4488461
4488479
4488487
4488499
4488509
4488553
4488559
4488569
4488571
4488593
4488599
4488607
4488613
4488643
4488667
4488683
4488689
4488713
4488719
4488739
4488751
4488761
4488763
4488773
4488791
4488797
4488817
4488839
4488853
4488907
4488937
4488943
4488949
4488961
4488973
4488983
4489007
4489013
4489021
4489027
4489031
4489033
4489057
4489061
4489081
4489103
4489109
4489129
4489159
4489169
4489189
4489193
4489237
4489267
4489273
4489279
4489291
4489297
4489307
4489319
4489351
4489357
4489367
4489409
4489421
4489423
4489477
4489481
4489483
4489493
4489517
4489549
4489559
4489571
4489579
4489591
4489609
4489619
4489621
4489651
4489663
4489687
4489697
4489703
4489721
4489733
4489739
4489741
4489747
4489799
4489813
4489843
4489847
4489861
4489883
4489897
4489937
4489943
4489967
4489973
4489981
4489999
4490029
4490053
4490063
4490081
4490113
4490119
4490131
4490141
4490147
4490179
4490183
4490201
4490207
4490231
4490237
4490243
4490249
4490263
4490293
4490309
4490347
4490371
4490377
4490399
4490401
4490419
4490459
4490471
4490477
4490503
4490509
4490581
4490587
4490599
4490617
4490623
4490639
4490657
4490659
4490663
4490687
4490699
4490701
4490729
4490747
4490749
4490767
4490777
4490779
4490831
4490861
4490867
4490879
4490921
4490933
4490947
4490953
4490977
4490987
4490989
4490999
4491007
4491013
4491031
4491037
4491079
4491089
4491107
4491121
4491133
4491161
4491169
4491173
4491191
4491203
4491217
4491241
4491301
4491313
4491323
4491329
4491337
4491341
4491359
4491401
4491407
4491413
4491419
4491439
4491469
4491481
4491503
4491533
4491551
4491569
4491623
4491631
4491653
4491659
4491667
4491671
4491677
4491679
4491701
4491709
4491719
4491749
4491761
4491769
4491787
4491793
4491811
4491827
4491829
4491833
4491841
4491871
4491887
4491899
4491913
4491937
4491941
4491943
4491953
4491989
4491997
4492003
4492009
4492021
4492049
4492051
4492069
4492087
4492123
4492157
4492171
4492193
4492211
4492231
4492237
4492249
4492259
4492273
4492277
4492289
4492297
4492309
4492321
4492343
4492349
4492357
4492373
4492387
4492391
4492399
4492409
4492421
4492441
4492451
4492457
4492459
4492469
4492487
4492507
4492513
4492529
4492549
4492591
4492603
4492627
4492633
4492643
4492679
4492681
4492687
4492693
4492699
4492717
4492723
4492727
4492753
4492793
4492837
4492853
4492877
4492919
4492927
4492997
4493003
4493009
4493023
4493029
4493033
4493051
4493053
4493081
4493129
4493147
4493179
4493197
4493201
4493207
4493213
4493239
4493261
4493273
4493297
4493309
4493353
4493383
4493399
4493407
4493413
4493417
4493459
4493473
4493483
4493501
4493507
4493509
4493513
4493527
4493551
4493561
4493563
4493569
4493597
4493647
4493651
4493659
4493663
4493689
4493701
4493707
4493759
4493773
4493777
4493779
4493789
4493813
4493821
4493837
4493843
4493849
4493851
4493857
4493873
4493921
4493939
4494019
4494067
4494071
4494079
4494097
4494121
4494143
4494151
4494157
4494167
4494169
4494181
4494209
4494211
4494221
4494227
4494247
4494251
4494257
4494263
4494271
4494299
4494311
4494313
4494331
4494359
4494377
4494383
4494401
4494463
4494467
4494481
4494487
4494491
4494509
4494517
4494521
4494527
4494551
4494571
4494577
4494587
4494593
4494619
4494629
4494641
4494643
4494653
4494671
4494701
4494703
4494719
4494727
4494731
4494733
4494757
4494761
4494769
4494781
4494793
4494839
4494857
4494859
4494881
4494901
4494923
4494929
4494937
4494947
4494961
4494977
4494989
4494991
4495009
4495013
4495037
4495061
4495063
4495069
4495079
4495103
4495109
4495111
4495133
4495171
4495193
4495219
4495237
4495289
4495297
4495303
4495313
4495331
4495339
4495357
4495397
4495411
4495417
4495453
4495471
4495481
4495523
4495541
4495553
4495573
4495577
4495591
4495627
4495637
4495643
4495663
4495679
4495681
4495697
4495717
4495721
4495727
4495739
4495747
4495763
4495781
4495801
4495817
4495849
4495867
4495873
4495891
4495919
4495921
4495979
4495991
4495993
4496039
4496057
4496059
4496069
4496071
4496083
4496099
4496111
4496113
4496153
4496159
4496171
4496197
4496207
4496227
4496243
4496257
4496263
4496267
4496269
4496273
4496287
4496291
4496299
4496309
4496311
4496329
4496341
4496353
4496377
4496389
4496411
4496441
4496473
4496491
4496497
4496507
4496509
4496533
4496539
4496543
4496549
4496563
4496579
4496599
4496627
4496633
4496641
4496651
4496669
4496683
4496717
4496731
4496741
4496761
4496771
4496777
4496797
4496801
4496813
4496831
4496861
4496879
4496881
4496909
4496923
4496929
4496941
4496963
4497011
4497047
4497049
4497071
4497079
4497089
4497109
4497149
4497151
4497161
4497169
4497173
4497179
4497191
4497217
4497221
4497223
4497247
4497271
4497293
4497329
4497343
4497359
4497373
4497377
4497403
4497431
4497439
4497473
4497491
4497529
4497533
4497539
4497541
4497583
4497589
4497601
4497611
4497641
4497653
4497679
4497721
4497743
4497751
4497761
4497769
4497781
4497791
4497799
4497803
4497817
4497839
4497841
4497919
4497923
4497931
4497937
4497943
4497953
4497973
4497989
4497991
4498001
4498009
4498027
4498049
4498061
4498073
4498093
4498099
4498111
4498129
4498141
4498177
4498189
4498199
4498211
4498223
4498283
4498297
4498303
4498331
4498343
4498357
4498367
4498369
4498381
4498391
4498411
4498427
4498453
4498463
4498469
4498493
4498513
4498553
4498589
4498597
4498603
4498609
4498619
There are 1677 prime numbers in S353.
