S354(4498633~4524120)
4498633
4498651
4498661
4498667
4498679
4498709
4498717
4498729
4498759
4498787
4498817
4498831
4498841
4498847
4498853
4498859
4498873
4498883
4498891
4498903
4498919
4498939
4498951
4498979
4498987
4499003
4499009
4499021
4499059
4499069
4499081
4499087
4499107
4499111
4499119
4499167
4499171
4499189
4499207
4499221
4499239
4499269
4499273
4499317
4499323
4499351
4499359
4499377
4499389
4499401
4499423
4499431
4499489
4499503
4499507
4499527
4499531
4499567
4499581
4499587
4499591
4499597
4499617
4499623
4499659
4499683
4499689
4499717
4499723
4499731
4499741
4499779
4499783
4499801
4499809
4499819
4499837
4499839
4499851
4499863
4499879
4499893
4499923
4499933
4499947
4499953
4499969
4500007
4500029
4500043
4500047
4500049
4500061
4500103
4500127
4500137
4500143
4500161
4500163
4500211
4500217
4500229
4500233
4500259
4500263
4500269
4500271
4500281
4500289
4500299
4500317
4500319
4500329
4500361
4500371
4500383
4500401
4500407
4500409
4500439
4500443
4500491
4500493
4500541
4500547
4500553
4500557
4500577
4500581
4500589
4500599
4500623
4500637
4500649
4500653
4500667
4500689
4500721
4500731
4500737
4500751
4500757
4500779
4500787
4500799
4500851
4500871
4500877
4500883
4500901
4500907
4500913
4500917
4500943
4500989
4501001
4501009
4501027
4501037
4501069
4501093
4501097
4501099
4501109
4501153
4501171
4501199
4501201
4501213
4501219
4501223
4501229
4501241
4501279
4501303
4501319
4501333
4501381
4501391
4501397
4501403
4501411
4501421
4501429
4501451
4501459
4501477
4501489
4501493
4501507
4501547
4501573
4501577
4501619
4501621
4501649
4501667
4501669
4501711
4501723
4501733
4501781
4501817
4501829
4501831
4501843
4501853
4501891
4501919
4501921
4501927
4501933
4501949
4501963
4501969
4501999
4502009
4502011
4502021
4502051
4502053
4502063
4502101
4502117
4502137
4502149
4502159
4502167
4502171
4502189
4502203
4502207
4502213
4502237
4502257
4502261
4502269
4502287
4502293
4502317
4502321
4502327
4502341
4502359
4502363
4502371
4502389
4502413
4502423
4502431
4502437
4502441
4502461
4502489
4502513
4502539
4502543
4502551
4502581
4502591
4502609
4502611
4502621
4502623
4502651
4502653
4502699
4502717
4502747
4502759
4502783
4502809
4502857
4502873
4502879
4502887
4502893
4502903
4502941
4502957
4502983
4503001
4503007
4503013
4503041
4503047
4503049
4503061
4503067
4503077
4503119
4503127
4503139
4503143
4503157
4503173
4503179
4503197
4503199
4503217
4503241
4503253
4503259
4503313
4503337
4503341
4503353
4503371
4503391
4503397
4503403
4503407
4503409
4503413
4503427
4503431
4503467
4503479
4503491
4503503
4503517
4503533
4503557
4503559
4503571
4503593
4503599
4503637
4503641
4503643
4503659
4503661
4503679
4503683
4503689
4503731
4503761
4503769
4503797
4503799
4503803
4503833
4503839
4503901
4503913
4503923
4503937
4503953
4503977
4503991
4504009
4504013
4504039
4504043
4504061
4504063
4504069
4504079
4504091
4504103
4504109
4504111
4504127
4504147
4504153
4504163
4504187
4504189
4504211
4504223
4504243
4504249
4504259
4504261
4504267
4504321
4504333
4504351
4504363
4504369
4504391
4504397
4504399
4504403
4504411
4504429
4504441
4504447
4504457
4504537
4504559
4504561
4504571
4504597
4504601
4504603
4504607
4504627
4504651
4504663
4504673
4504681
4504699
4504727
4504733
4504741
4504751
4504769
4504781
4504853
4504873
4504883
4504891
4504897
4504901
4504921
4504931
4504933
4504939
4504961
4504963
4504967
4504979
4504993
4505003
4505029
4505041
4505057
4505099
4505107
4505113
4505131
4505141
4505167
4505177
4505183
4505191
4505201
4505209
4505213
4505227
4505233
4505257
4505287
4505311
4505317
4505329
4505351
4505377
4505381
4505393
4505419
4505437
4505491
4505503
4505533
4505537
4505551
4505569
4505581
4505591
4505593
4505597
4505617
4505621
4505623
4505647
4505651
4505671
4505681
4505687
4505693
4505707
4505713
4505719
4505729
4505737
4505741
4505773
4505783
4505789
4505791
4505797
4505801
4505807
4505849
4505863
4505899
4505929
4505947
4505993
4506001
4506017
4506043
4506053
4506109
4506121
4506127
4506133
4506149
4506167
4506181
4506197
4506199
4506221
4506233
4506247
4506251
4506259
4506283
4506289
4506301
4506311
4506331
4506349
4506373
4506389
4506419
4506427
4506451
4506457
4506473
4506493
4506499
4506503
4506511
4506517
4506521
4506539
4506569
4506577
4506587
4506589
4506611
4506617
4506647
4506653
4506659
4506703
4506707
4506709
4506731
4506739
4506757
4506763
4506767
4506791
4506841
4506869
4506893
4506907
4506913
4506917
4506937
4506973
4506991
4507003
4507021
4507033
4507043
4507051
4507073
4507079
4507099
4507133
4507147
4507189
4507201
4507211
4507247
4507249
4507277
4507289
4507297
4507309
4507319
4507331
4507337
4507339
4507361
4507381
4507387
4507421
4507429
4507453
4507463
4507469
4507483
4507487
4507507
4507519
4507537
4507603
4507619
4507637
4507639
4507651
4507667
4507691
4507729
4507751
4507753
4507759
4507787
4507799
4507837
4507849
4507859
4507879
4507891
4507897
4507949
4507957
4507967
4507981
4507999
4508011
4508027
4508029
4508039
4508041
4508047
4508071
4508081
4508087
4508089
4508093
4508107
4508123
4508129
4508197
4508201
4508209
4508227
4508239
4508243
4508267
4508291
4508297
4508303
4508321
4508333
4508341
4508431
4508461
4508501
4508509
4508513
4508521
4508549
4508597
4508599
4508611
4508617
4508633
4508641
4508653
4508687
4508701
4508711
4508737
4508771
4508773
4508789
4508797
4508821
4508843
4508879
4508887
4508923
4508939
4508953
4508971
4508983
4509013
4509017
4509019
4509047
4509049
4509053
4509073
4509077
4509101
4509107
4509119
4509143
4509149
4509161
4509163
4509179
4509191
4509209
4509223
4509257
4509259
4509269
4509277
4509287
4509317
4509341
4509343
4509361
4509371
4509377
4509409
4509419
4509451
4509457
4509469
4509493
4509499
4509503
4509551
4509559
4509599
4509613
4509619
4509623
4509647
4509667
4509727
4509731
4509737
4509749
4509763
4509779
4509793
4509851
4509853
4509881
4509887
4509889
4509899
4509907
4509919
4509931
4509941
4509961
4509983
4509997
4510021
4510039
4510057
4510067
4510091
4510147
4510153
4510229
4510241
4510243
4510273
4510291
4510301
4510307
4510327
4510333
4510343
4510349
4510351
4510367
4510381
4510393
4510397
4510421
4510427
4510439
4510477
4510481
4510483
4510487
4510489
4510501
4510577
4510579
4510601
4510651
4510669
4510687
4510703
4510711
4510739
4510757
4510789
4510813
4510819
4510853
4510859
4510867
4510871
4510873
4510879
4510897
4510907
4510927
4510937
4510939
4510949
4510973
4510991
4510993
4511021
4511029
4511041
4511051
4511053
4511057
4511083
4511093
4511099
4511123
4511141
4511149
4511161
4511191
4511209
4511219
4511231
4511249
4511251
4511261
4511263
4511281
4511291
4511293
4511323
4511329
4511333
4511359
4511363
4511369
4511383
4511387
4511449
4511467
4511489
4511491
4511527
4511537
4511543
4511581
4511587
4511597
4511609
4511623
4511627
4511629
4511653
4511699
4511711
4511737
4511747
4511753
4511777
4511779
4511809
4511827
4511867
4511893
4511909
4511917
4511939
4511951
4511971
4511989
4512007
4512037
4512043
4512059
4512061
4512073
4512077
4512097
4512103
4512107
4512127
4512133
4512161
4512199
4512217
4512223
4512229
4512241
4512283
4512317
4512331
4512341
4512397
4512407
4512427
4512449
4512451
4512479
4512499
4512503
4512527
4512551
4512553
4512587
4512589
4512617
4512619
4512653
4512707
4512713
4512727
4512737
4512743
4512749
4512751
4512797
4512811
4512839
4512847
4512857
4512863
4512869
4512877
4512901
4512929
4512931
4512941
4512943
4512947
4512961
4512971
4513021
4513031
4513039
4513043
4513057
4513063
4513097
4513099
4513111
4513123
4513181
4513189
4513213
4513247
4513253
4513273
4513277
4513283
4513309
4513319
4513331
4513351
4513373
4513391
4513417
4513433
4513447
4513459
4513463
4513471
4513477
4513499
4513513
4513549
4513577
4513609
4513627
4513637
4513643
4513661
4513669
4513679
4513699
4513709
4513711
4513757
4513759
4513771
4513777
4513781
4513783
4513793
4513801
4513807
4513829
4513837
4513897
4513921
4513931
4513933
4513973
4513979
4513987
4513997
4514023
4514033
4514051
4514071
4514087
4514113
4514131
4514137
4514173
4514207
4514219
4514239
4514249
4514273
4514281
4514291
4514309
4514317
4514327
4514339
4514351
4514357
4514359
4514369
4514423
4514429
4514431
4514443
4514449
4514473
4514479
4514483
4514501
4514507
4514513
4514519
4514557
4514567
4514569
4514591
4514597
4514603
4514641
4514669
4514681
4514687
4514701
4514711
4514729
4514743
4514753
4514759
4514791
4514813
4514821
4514833
4514863
4514869
4514893
4514899
4514903
4514927
4514947
4514953
4514959
4514971
4514987
4515001
4515011
4515023
4515041
4515053
4515067
4515083
4515089
4515101
4515113
4515139
4515151
4515167
4515169
4515191
4515209
4515227
4515241
4515299
4515311
4515317
4515323
4515341
4515347
4515349
4515359
4515361
4515419
4515457
4515461
4515479
4515487
4515493
4515541
4515551
4515601
4515607
4515629
4515631
4515689
4515691
4515697
4515737
4515767
4515779
4515799
4515809
4515821
4515839
4515857
4515871
4515881
4515893
4515899
4515913
4515923
4515937
4515941
4515943
4515997
4516003
4516021
4516051
4516069
4516081
4516093
4516103
4516117
4516123
4516133
4516139
4516151
4516157
4516159
4516163
4516177
4516189
4516201
4516207
4516217
4516219
4516229
4516231
4516283
4516307
4516313
4516327
4516367
4516387
4516399
4516411
4516427
4516429
4516439
4516453
4516469
4516481
4516507
4516517
4516529
4516541
4516571
4516573
4516597
4516621
4516643
4516649
4516651
4516691
4516693
4516711
4516727
4516739
4516741
4516751
4516769
4516783
4516789
4516817
4516823
4516829
4516873
4516879
4516907
4516913
4516921
4516931
4516937
4516969
4516973
4516987
4516991
4517033
4517081
4517089
4517113
4517119
4517143
4517147
4517153
4517173
4517179
4517213
4517237
4517267
4517281
4517321
4517323
4517327
4517347
4517353
4517363
4517399
4517411
4517419
4517431
4517437
4517473
4517509
4517521
4517543
4517587
4517603
4517651
4517657
4517671
4517693
4517701
4517713
4517719
4517731
4517753
4517759
4517761
4517783
4517789
4517791
4517809
4517813
4517833
4517837
4517857
4517873
4517893
4517911
4517921
4517923
4517927
4517951
4517957
4517977
4517987
4517993
4517999
4518023
4518037
4518049
4518061
4518083
4518109
4518121
4518133
4518169
4518187
4518191
4518211
4518221
4518233
4518253
4518259
4518307
4518313
4518337
4518347
4518389
4518391
4518401
4518421
4518427
4518431
4518443
4518463
4518469
4518491
4518499
4518517
4518539
4518541
4518559
4518571
4518581
4518601
4518623
4518641
4518643
4518667
4518691
4518737
4518739
4518743
4518749
4518779
4518793
4518803
4518823
4518859
4518863
4518881
4518883
4518887
4518893
4518907
4518929
4518947
4518953
4518959
4518967
4518989
4519007
4519019
4519049
4519057
4519103
4519117
4519121
4519139
4519189
4519231
4519241
4519259
4519261
4519271
4519289
4519301
4519337
4519349
4519367
4519373
4519381
4519391
4519393
4519421
4519423
4519441
4519453
4519457
4519483
4519499
4519517
4519519
4519547
4519561
4519589
4519591
4519597
4519607
4519639
4519643
4519657
4519667
4519699
4519709
4519721
4519727
4519733
4519747
4519811
4519817
4519819
4519829
4519843
4519871
4519877
4519901
4519913
4519919
4519939
4519973
4519979
4519981
4519993
4519997
4520003
4520023
4520051
4520059
4520063
4520069
4520071
4520099
4520101
4520123
4520129
4520137
4520149
4520171
4520177
4520183
4520227
4520237
4520239
4520261
4520267
4520273
4520279
4520281
4520293
4520303
4520371
4520381
4520393
4520407
4520431
4520449
4520497
4520519
4520531
4520533
4520539
4520543
4520563
4520573
4520587
4520599
4520603
4520609
4520611
4520629
4520647
4520687
4520693
4520713
4520729
4520731
4520743
4520753
4520767
4520797
4520807
4520843
4520849
4520869
4520881
4520909
4520911
4520983
4521001
4521037
4521047
4521053
4521061
4521079
4521103
4521113
4521151
4521157
4521173
4521217
4521241
4521299
4521301
4521311
4521313
4521331
4521343
4521359
4521367
4521379
4521383
4521389
4521403
4521421
4521427
4521509
4521523
4521527
4521533
4521551
4521553
4521557
4521599
4521607
4521611
4521617
4521623
4521631
4521637
4521653
4521679
4521689
4521707
4521721
4521739
4521743
4521761
4521773
4521793
4521799
4521817
4521821
4521827
4521833
4521841
4521863
4521889
4521893
4521899
4521929
4521971
4521973
4521977
4522027
4522033
4522069
4522079
4522097
4522123
4522127
4522129
4522157
4522169
4522201
4522211
4522213
4522223
4522229
4522241
4522253
4522261
4522303
4522319
4522327
4522333
4522337
4522339
4522351
4522367
4522369
4522379
4522403
4522411
4522447
4522457
4522471
4522499
4522501
4522517
4522523
4522549
4522577
4522591
4522613
4522619
4522633
4522657
4522681
4522709
4522729
4522747
4522787
4522831
4522841
4522849
4522853
4522883
4522933
4522937
4522949
4522957
4522961
4522963
4523011
4523023
4523027
4523053
4523059
4523063
4523081
4523093
4523107
4523137
4523147
4523149
4523171
4523191
4523201
4523221
4523231
4523263
4523269
4523279
4523291
4523293
4523297
4523357
4523369
4523381
4523383
4523399
4523423
4523443
4523447
4523521
4523531
4523543
4523549
4523567
4523569
4523579
4523593
4523599
4523621
4523633
4523647
4523669
4523671
4523677
4523693
4523713
4523719
4523747
4523791
4523807
4523833
4523837
4523851
4523917
4523941
4523947
4523951
4523963
4523969
4523993
4523999
4524007
4524011
4524017
4524019
4524043
4524053
4524059
4524083
4524097
There are 1639 prime numbers in S354.
