S355(4524121~4549680)
4524139
4524199
4524209
4524229
4524253
4524277
4524283
4524287
4524313
4524341
4524343
4524349
4524367
4524427
4524449
4524479
4524521
4524523
4524529
4524539
4524547
4524563
4524571
4524607
4524623
4524631
4524647
4524649
4524661
4524673
4524677
4524691
4524697
4524701
4524713
4524731
4524733
4524787
4524803
4524823
4524827
4524829
4524851
4524857
4524889
4524913
4524931
4524959
4524991
4525007
4525013
4525033
4525057
4525067
4525091
4525109
4525117
4525121
4525139
4525151
4525177
4525187
4525201
4525217
4525219
4525223
4525229
4525231
4525253
4525259
4525289
4525291
4525303
4525307
4525309
4525321
4525333
4525337
4525373
4525393
4525397
4525399
4525427
4525463
4525501
4525517
4525523
4525531
4525541
4525567
4525579
4525589
4525601
4525603
4525607
4525627
4525663
4525693
4525747
4525751
4525799
4525811
4525823
4525837
4525841
4525847
4525849
4525861
4525883
4525889
4525891
4525901
4525909
4525981
4525987
4525991
4525999
4526003
4526033
4526057
4526083
4526089
4526107
4526111
4526143
4526167
4526177
4526189
4526209
4526213
4526227
4526243
4526251
4526287
4526297
4526299
4526329
4526339
4526363
4526371
4526393
4526411
4526413
4526419
4526447
4526449
4526461
4526479
4526507
4526521
4526531
4526549
4526551
4526591
4526593
4526597
4526603
4526609
4526611
4526623
4526633
4526659
4526663
4526681
4526689
4526701
4526707
4526723
4526729
4526771
4526789
4526801
4526827
4526831
4526833
4526843
4526857
4526861
4526867
4526881
4526887
4526897
4526909
4526917
4526927
4526939
4526941
4526971
4526983
4527007
4527043
4527053
4527071
4527079
4527109
4527137
4527139
4527157
4527197
4527217
4527223
4527233
4527239
4527269
4527293
4527307
4527311
4527331
4527337
4527361
4527371
4527373
4527379
4527403
4527421
4527437
4527469
4527473
4527487
4527493
4527517
4527521
4527541
4527547
4527553
4527563
4527623
4527637
4527641
4527673
4527689
4527701
4527709
4527739
4527769
4527781
4527791
4527811
4527821
4527823
4527851
4527869
4527877
4527893
4527907
4527911
4527923
4527937
4527979
4528009
4528019
4528021
4528087
4528093
4528109
4528141
4528151
4528157
4528169
4528177
4528193
4528207
4528211
4528219
4528229
4528241
4528243
4528247
4528253
4528297
4528301
4528313
4528331
4528357
4528361
4528367
4528369
4528399
4528417
4528421
4528429
4528487
4528507
4528519
4528523
4528529
4528543
4528547
4528549
4528567
4528583
4528607
4528609
4528627
4528633
4528661
4528679
4528703
4528709
4528721
4528751
4528753
4528757
4528787
4528813
4528829
4528831
4528891
4528913
4528921
4528949
4528957
4528961
4529003
4529023
4529029
4529047
4529071
4529081
4529099
4529101
4529117
4529141
4529159
4529167
4529177
4529179
4529197
4529243
4529251
4529257
4529263
4529269
4529279
4529297
4529309
4529323
4529333
4529341
4529347
4529359
4529363
4529377
4529381
4529383
4529387
4529389
4529407
4529411
4529419
4529449
4529453
4529461
4529471
4529509
4529521
4529533
4529549
4529561
4529563
4529611
4529641
4529653
4529683
4529687
4529699
4529711
4529717
4529731
4529747
4529773
4529779
4529783
4529839
4529851
4529867
4529893
4529897
4529911
4529929
4529957
4529969
4529977
4529983
4529989
4530017
4530023
4530067
4530091
4530107
4530121
4530157
4530173
4530181
4530193
4530199
4530203
4530257
4530263
4530271
4530277
4530301
4530319
4530343
4530353
4530359
4530401
4530431
4530443
4530451
4530469
4530481
4530497
4530499
4530503
4530511
4530527
4530529
4530577
4530587
4530593
4530601
4530629
4530637
4530649
4530667
4530671
4530679
4530703
4530707
4530709
4530719
4530731
4530737
4530739
4530751
4530763
4530791
4530817
4530821
4530829
4530833
4530853
4530871
4530893
4530907
4530913
4530937
4530943
4530997
4531003
4531049
4531081
4531091
4531097
4531117
4531123
4531127
4531157
4531171
4531199
4531213
4531217
4531243
4531249
4531271
4531283
4531313
4531321
4531327
4531339
4531357
4531379
4531399
4531403
4531409
4531441
4531451
4531463
4531517
4531543
4531547
4531559
4531561
4531573
4531603
4531609
4531619
4531643
4531651
4531663
4531729
4531739
4531763
4531777
4531781
4531783
4531789
4531799
4531811
4531829
4531837
4531841
4531847
4531867
4531903
4531931
4531939
4531949
4531951
4531973
4531987
4531991
4531999
4532009
4532023
4532041
4532053
4532063
4532113
4532123
4532137
4532153
4532191
4532197
4532201
4532221
4532233
4532237
4532267
4532291
4532327
4532369
4532377
4532399
4532419
4532441
4532447
4532453
4532471
4532513
4532527
4532531
4532581
4532599
4532609
4532629
4532639
4532653
4532657
4532663
4532669
4532677
4532683
4532699
4532707
4532743
4532767
4532791
4532807
4532813
4532819
4532831
4532893
4532917
4532923
4532951
4532953
4532959
4532977
4533007
4533031
4533041
4533049
4533059
4533073
4533079
4533091
4533097
4533107
4533121
4533131
4533149
4533163
4533173
4533181
4533187
4533209
4533239
4533241
4533253
4533259
4533281
4533283
4533293
4533299
4533301
4533313
4533317
4533349
4533371
4533379
4533391
4533439
4533443
4533449
4533497
4533511
4533521
4533523
4533527
4533547
4533569
4533583
4533593
4533601
4533631
4533643
4533649
4533671
4533677
4533701
4533733
4533743
4533769
4533797
4533803
4533827
4533833
4533853
4533929
4533931
4533941
4533953
4533959
4533961
4533979
4534007
4534009
4534021
4534031
4534037
4534039
4534081
4534099
4534109
4534111
4534129
4534139
4534147
4534177
4534181
4534183
4534199
4534247
4534253
4534267
4534279
4534297
4534357
4534367
4534391
4534403
4534417
4534421
4534423
4534447
4534471
4534487
4534489
4534501
4534549
4534567
4534571
4534589
4534603
4534619
4534633
4534637
4534667
4534669
4534709
4534721
4534729
4534741
4534753
4534763
4534771
4534807
4534843
4534853
4534861
4534867
4534883
4534891
4534919
4534927
4534949
4534951
4534961
4534963
4534973
4535017
4535087
4535099
4535123
4535143
4535147
4535159
4535161
4535189
4535197
4535213
4535221
4535227
4535239
4535249
4535273
4535291
4535299
4535303
4535329
4535341
4535371
4535383
4535437
4535441
4535449
4535467
4535483
4535491
4535501
4535519
4535521
4535537
4535539
4535561
4535591
4535593
4535603
4535611
4535639
4535647
4535653
4535689
4535717
4535819
4535831
4535849
4535863
4535873
4535879
4535891
4535893
4535911
4535917
4535929
4535959
4535963
4535969
4535983
4535989
4536019
4536023
4536029
4536047
4536061
4536067
4536071
4536073
4536109
4536121
4536131
4536139
4536149
4536157
4536167
4536173
4536179
4536283
4536317
4536341
4536361
4536373
4536377
4536401
4536407
4536431
4536437
4536449
4536463
4536491
4536517
4536523
4536529
4536547
4536551
4536559
4536563
4536583
4536599
4536601
4536619
4536643
4536647
4536667
4536677
4536703
4536761
4536767
4536781
4536793
4536797
4536803
4536809
4536817
4536827
4536859
4536869
4536871
4536893
4536913
4536929
4536941
4536947
4536967
4536989
4537007
4537033
4537061
4537069
4537081
4537087
4537111
4537123
4537139
4537151
4537157
4537163
4537189
4537201
4537213
4537229
4537243
4537259
4537261
4537297
4537301
4537319
4537373
4537387
4537391
4537433
4537493
4537499
4537517
4537529
4537531
4537541
4537571
4537579
4537591
4537597
4537613
4537619
4537633
4537669
4537699
4537711
4537723
4537727
4537733
4537769
4537777
4537781
4537783
4537787
4537817
4537853
4537909
4537927
4537937
4537961
4537987
4537993
4538033
4538041
4538063
4538069
4538081
4538089
4538101
4538113
4538129
4538137
4538143
4538147
4538159
4538173
4538197
4538227
4538243
4538251
4538257
4538267
4538323
4538329
4538333
4538407
4538441
4538447
4538477
4538491
4538497
4538503
4538509
4538519
4538537
4538543
4538557
4538561
4538563
4538581
4538603
4538621
4538627
4538641
4538657
4538669
4538671
4538687
4538707
4538717
4538731
4538747
4538749
4538759
4538771
4538791
4538851
4538887
4538899
4538917
4538923
4538939
4538953
4538957
4538969
4538977
4538999
4539011
4539013
4539083
4539091
4539121
4539131
4539133
4539149
4539163
4539169
4539173
4539191
4539203
4539217
4539247
4539251
4539263
4539277
4539329
4539331
4539343
4539371
4539373
4539377
4539383
4539413
4539427
4539433
4539481
4539511
4539517
4539541
4539551
4539569
4539571
4539581
4539593
4539607
4539617
4539649
4539653
4539659
4539673
4539679
4539701
4539737
4539739
4539749
4539751
4539761
4539767
4539779
4539791
4539817
4539823
4539827
4539859
4539877
4539883
4539907
4539911
4539923
4539929
4539949
4539973
4539989
4540007
4540009
4540013
4540027
4540049
4540061
4540079
4540091
4540093
4540097
4540099
4540103
4540111
4540127
4540147
4540171
4540181
4540187
4540189
4540201
4540219
4540231
4540303
4540313
4540337
4540357
4540363
4540369
4540397
4540423
4540427
4540429
4540439
4540469
4540493
4540507
4540517
4540531
4540541
4540573
4540579
4540589
4540607
4540609
4540619
4540633
4540651
4540661
4540687
4540727
4540741
4540763
4540769
4540771
4540777
4540807
4540883
4540889
4540903
4540909
4540919
4540927
4540969
4540979
4540993
4540997
4541003
4541011
4541021
4541029
4541039
4541041
4541063
4541071
4541083
4541087
4541099
4541107
4541113
4541123
4541129
4541137
4541149
4541153
4541183
4541191
4541203
4541219
4541233
4541237
4541287
4541291
4541309
4541321
4541333
4541347
4541351
4541387
4541477
4541479
4541497
4541501
4541503
4541519
4541521
4541561
4541573
4541591
4541597
4541599
4541609
4541629
4541671
4541681
4541699
4541701
4541707
4541711
4541723
4541743
4541783
4541813
4541819
4541821
4541827
4541851
4541891
4541897
4541909
4541917
4541963
4541981
4541989
4542001
4542011
4542019
4542029
4542049
4542053
4542059
4542061
4542107
4542113
4542119
4542143
4542149
4542173
4542191
4542203
4542211
4542253
4542277
4542283
4542301
4542323
4542331
4542361
4542371
4542389
4542407
4542437
4542449
4542457
4542467
4542479
4542491
4542511
4542521
4542529
4542547
4542581
4542583
4542611
4542631
4542697
4542719
4542739
4542743
4542751
4542761
4542779
4542781
4542787
4542803
4542809
4542817
4542829
4542851
4542877
4542883
4542887
4542911
4542913
4542947
4542953
4542977
4542991
4543003
4543013
4543031
4543039
4543043
4543051
4543117
4543127
4543129
4543139
4543207
4543237
4543241
4543243
4543247
4543249
4543277
4543291
4543303
4543313
4543321
4543339
4543367
4543373
4543379
4543381
4543387
4543393
4543417
4543421
4543477
4543481
4543507
4543519
4543523
4543543
4543549
4543559
4543571
4543597
4543619
4543657
4543667
4543703
4543723
4543729
4543751
4543753
4543757
4543769
4543801
4543813
4543817
4543823
4543837
4543871
4543897
4543901
4543921
4543927
4543937
4543943
4543961
4543963
4543991
4543993
4544009
4544063
4544093
4544119
4544123
4544129
4544143
4544147
4544149
4544171
4544201
4544203
4544207
4544209
4544233
4544261
4544279
4544291
4544297
4544311
4544339
4544359
4544411
4544413
4544417
4544431
4544437
4544443
4544453
4544461
4544473
4544479
4544489
4544509
4544513
4544539
4544549
4544557
4544567
4544587
4544597
4544621
4544623
4544641
4544663
4544681
4544689
4544699
4544717
4544719
4544753
4544773
4544779
4544833
4544849
4544873
4544887
4544921
4544951
4544959
4545011
4545017
4545031
4545059
4545067
4545071
4545077
4545089
4545097
4545109
4545113
4545133
4545139
4545157
4545169
4545173
4545179
4545181
4545193
4545197
4545209
4545223
4545241
4545259
4545269
4545337
4545361
4545371
4545377
4545379
4545397
4545403
4545433
4545449
4545451
4545461
4545469
4545473
4545479
4545509
4545521
4545551
4545557
4545571
4545577
4545587
4545599
4545601
4545641
4545643
4545683
4545689
4545691
4545701
4545703
4545713
4545719
4545727
4545733
4545767
4545799
4545833
4545839
4545859
4545869
4545889
4545899
4545901
4545911
4545913
4545923
4545943
4545967
4545977
4545979
4546001
4546007
4546027
4546037
4546043
4546049
4546051
4546081
4546133
4546141
4546163
4546193
4546207
4546211
4546229
4546231
4546247
4546253
4546271
4546277
4546291
4546307
4546309
4546319
4546331
4546349
4546351
4546397
4546403
4546411
4546427
4546447
4546471
4546489
4546511
4546517
4546543
4546573
4546579
4546589
4546601
4546603
4546609
4546631
4546637
4546651
4546669
4546679
4546697
4546699
4546721
4546753
4546771
4546783
4546793
4546807
4546811
4546813
4546831
4546849
4546889
4546891
4546903
4546931
4546937
4546943
4546963
4546979
4546991
4546999
4547051
4547057
4547083
4547087
4547093
4547117
4547129
4547149
4547159
4547183
4547197
4547209
4547219
4547227
4547237
4547239
4547267
4547281
4547303
4547311
4547329
4547339
4547341
4547363
4547369
4547377
4547383
4547401
4547419
4547437
4547443
4547447
4547467
4547503
4547507
4547513
4547531
4547539
4547549
4547561
4547567
4547581
4547657
4547689
4547701
4547713
4547729
4547737
4547749
4547773
4547791
4547831
4547833
4547839
4547887
4547899
4547909
4547923
4547947
4547953
4547957
4548001
4548013
4548023
4548029
4548053
4548079
4548083
4548091
4548101
4548107
4548121
4548127
4548179
4548191
4548199
4548209
4548217
4548241
4548259
4548287
4548293
4548307
4548311
4548329
4548347
4548359
4548403
4548419
4548421
4548437
4548443
4548539
4548541
4548553
4548559
4548611
4548631
4548637
4548647
4548653
4548667
4548671
4548683
4548727
4548751
4548769
4548781
4548787
4548793
4548799
4548833
4548857
4548883
4548893
4548919
4548931
4548967
4548983
4549003
4549021
4549079
4549087
4549117
4549121
4549123
4549133
4549159
4549169
4549199
4549211
4549213
4549229
4549241
4549249
4549253
4549283
4549291
4549297
4549301
4549309
4549351
4549393
4549439
4549453
4549471
4549477
4549487
4549507
4549511
4549537
4549547
4549583
4549627
4549639
4549651
4549669
There are 1641 prime numbers in S355.
