S356(4549681~4575312)
4549687
4549691
4549697
4549709
4549711
4549733
4549739
4549757
4549763
4549789
4549799
4549801
4549841
4549849
4549859
4549861
4549933
4549939
4549943
4549957
4549967
4549973
4549991
4550003
4550009
4550011
4550027
4550059
4550069
4550093
4550111
4550137
4550167
4550179
4550197
4550201
4550207
4550213
4550219
4550239
4550243
4550261
4550263
4550267
4550281
4550317
4550323
4550333
4550341
4550347
4550369
4550383
4550387
4550401
4550411
4550431
4550449
4550453
4550473
4550489
4550501
4550563
4550569
4550591
4550617
4550627
4550639
4550657
4550677
4550683
4550701
4550731
4550737
4550771
4550773
4550779
4550789
4550813
4550839
4550851
4550857
4550867
4550873
4550879
4550921
4550927
4550933
4550971
4550977
4550983
4550993
4551023
4551049
4551061
4551073
4551091
4551097
4551101
4551103
4551119
4551137
4551179
4551181
4551191
4551199
4551227
4551233
4551293
4551307
4551311
4551341
4551343
4551353
4551361
4551397
4551413
4551419
4551439
4551473
4551479
4551487
4551497
4551509
4551517
4551523
4551559
4551571
4551601
4551619
4551641
4551649
4551661
4551671
4551691
4551709
4551737
4551763
4551793
4551817
4551821
4551829
4551839
4551847
4551853
4551863
4551871
4551917
4551923
4551929
4551973
4551983
4552019
4552021
4552033
4552049
4552057
4552069
4552087
4552123
4552139
4552151
4552187
4552193
4552201
4552211
4552213
4552231
4552237
4552259
4552283
4552297
4552309
4552313
4552337
4552349
4552351
4552357
4552363
4552393
4552403
4552409
4552417
4552421
4552423
4552433
4552441
4552451
4552469
4552487
4552519
4552531
4552543
4552547
4552573
4552589
4552601
4552607
4552619
4552627
4552637
4552649
4552661
4552673
4552687
4552697
4552699
4552727
4552741
4552759
4552771
4552789
4552811
4552831
4552861
4552879
4552897
4552901
4552903
4552907
4552931
4552943
4552949
4552967
4552997
4553033
4553069
4553099
4553111
4553113
4553123
4553137
4553147
4553191
4553209
4553221
4553231
4553233
4553239
4553243
4553251
4553267
4553279
4553281
4553303
4553317
4553327
4553371
4553401
4553411
4553413
4553431
4553441
4553447
4553453
4553459
4553473
4553489
4553491
4553503
4553509
4553531
4553537
4553543
4553573
4553579
4553587
4553611
4553623
4553641
4553651
4553663
4553669
4553677
4553687
4553699
4553713
4553719
4553723
4553729
4553737
4553741
4553771
4553819
4553821
4553827
4553831
4553851
4553873
4553891
4553897
4553903
4553917
4553921
4553929
4553933
4553951
4553963
4553981
4553999
4554007
4554029
4554031
4554059
4554083
4554097
4554119
4554133
4554139
4554149
4554163
4554169
4554203
4554211
4554217
4554227
4554307
4554313
4554323
4554331
4554337
4554353
4554359
4554401
4554409
4554461
4554467
4554469
4554481
4554491
4554493
4554499
4554523
4554527
4554541
4554553
4554559
4554569
4554577
4554611
4554617
4554619
4554631
4554637
4554643
4554647
4554673
4554677
4554707
4554733
4554743
4554749
4554751
4554761
4554773
4554779
4554821
4554841
4554871
4554877
4554881
4554899
4554937
4554941
4554967
4554971
4554983
4555021
4555027
4555037
4555043
4555049
4555051
4555073
4555087
4555091
4555121
4555139
4555151
4555153
4555163
4555183
4555207
4555211
4555237
4555241
4555247
4555249
4555253
4555261
4555283
4555301
4555319
4555321
4555339
4555367
4555373
4555391
4555409
4555417
4555427
4555429
4555433
4555489
4555493
4555501
4555511
4555513
4555517
4555547
4555559
4555561
4555583
4555597
4555601
4555613
4555619
4555631
4555637
4555673
4555709
4555717
4555723
4555741
4555753
4555783
4555829
4555843
4555867
4555883
4555891
4555897
4555913
4555937
4555997
4556021
4556023
4556033
4556077
4556089
4556099
4556131
4556137
4556147
4556159
4556173
4556179
4556183
4556203
4556213
4556239
4556249
4556263
4556267
4556269
4556327
4556329
4556347
4556351
4556389
4556399
4556401
4556407
4556417
4556423
4556437
4556467
4556471
4556477
4556491
4556501
4556521
4556557
4556579
4556621
4556623
4556627
4556653
4556681
4556689
4556693
4556701
4556707
4556719
4556729
4556759
4556767
4556771
4556777
4556779
4556813
4556831
4556861
4556873
4556891
4556897
4556911
4556917
4556933
4556939
4556947
4556953
4556989
4556999
4557041
4557043
4557053
4557079
4557103
4557143
4557193
4557199
4557209
4557211
4557229
4557233
4557257
4557271
4557307
4557323
4557349
4557353
4557361
4557373
4557391
4557409
4557433
4557439
4557461
4557467
4557499
4557521
4557529
4557533
4557557
4557559
4557571
4557577
4557599
4557607
4557673
4557677
4557689
4557719
4557743
4557757
4557767
4557781
4557793
4557803
4557821
4557823
4557851
4557857
4557881
4557893
4557937
4557941
4557977
4557983
4557997
4558003
4558009
4558019
4558049
4558069
4558079
4558087
4558097
4558109
4558139
4558153
4558207
4558217
4558243
4558247
4558273
4558291
4558319
4558349
4558369
4558427
4558429
4558441
4558451
4558487
4558501
4558513
4558523
4558529
4558549
4558553
4558571
4558607
4558627
4558633
4558639
4558649
4558657
4558661
4558693
4558717
4558721
4558739
4558769
4558781
4558793
4558811
4558819
4558823
4558843
4558861
4558867
4558889
4558909
4558921
4558927
4558943
4558963
4558973
4558999
4559021
4559041
4559053
4559063
4559081
4559101
4559147
4559153
4559167
4559189
4559227
4559231
4559237
4559279
4559287
4559299
4559311
4559353
4559369
4559371
4559389
4559393
4559441
4559447
4559453
4559459
4559483
4559491
4559509
4559521
4559531
4559539
4559557
4559561
4559593
4559609
4559623
4559629
4559647
4559657
4559669
4559683
4559693
4559729
4559741
4559767
4559777
4559803
4559809
4559813
4559827
4559831
4559837
4559857
4559861
4559869
4559879
4559887
4559903
4559963
4559969
4559983
4560001
4560013
4560041
4560053
4560071
4560079
4560109
4560121
4560151
4560181
4560211
4560217
4560223
4560263
4560277
4560293
4560331
4560373
4560427
4560467
4560469
4560473
4560487
4560497
4560527
4560533
4560541
4560547
4560557
4560571
4560581
4560587
4560599
4560631
4560637
4560643
4560667
4560691
4560707
4560713
4560719
4560727
4560733
4560761
4560769
4560791
4560797
4560841
4560847
4560851
4560869
4560883
4560901
4560929
4560961
4560971
4560973
4560977
4561001
4561003
4561009
4561043
4561057
4561069
4561079
4561093
4561097
4561129
4561157
4561163
4561177
4561181
4561211
4561213
4561217
4561237
4561241
4561267
4561283
4561301
4561307
4561327
4561331
4561343
4561351
4561363
4561367
4561369
4561379
4561393
4561399
4561409
4561421
4561477
4561489
4561507
4561523
4561547
4561553
4561589
4561591
4561603
4561607
4561621
4561631
4561633
4561637
4561639
4561651
4561663
4561723
4561727
4561747
4561769
4561789
4561801
4561807
4561849
4561853
4561859
4561877
4561883
4561891
4561897
4561901
4561937
4561943
4561979
4561993
4562003
4562017
4562021
4562039
4562083
4562087
4562099
4562113
4562141
4562143
4562153
4562161
4562189
4562197
4562209
4562213
4562219
4562227
4562269
4562279
4562287
4562291
4562317
4562321
4562333
4562347
4562351
4562353
4562381
4562401
4562419
4562497
4562501
4562513
4562539
4562543
4562557
4562561
4562563
4562567
4562627
4562639
4562653
4562659
4562669
4562683
4562689
4562693
4562707
4562711
4562731
4562741
4562743
4562771
4562791
4562813
4562821
4562837
4562843
4562867
4562879
4562881
4562893
4562897
4562903
4562917
4562923
4562933
4562939
4562963
4562981
4563007
4563017
4563023
4563029
4563037
4563043
4563049
4563061
4563071
4563073
4563077
4563101
4563103
4563109
4563113
4563127
4563133
4563137
4563149
4563151
4563197
4563217
4563239
4563253
4563263
4563271
4563301
4563311
4563319
4563323
4563331
4563337
4563347
4563367
4563373
4563409
4563413
4563421
4563457
4563467
4563487
4563521
4563523
4563529
4563551
4563557
4563577
4563583
4563619
4563623
4563641
4563649
4563659
4563661
4563679
4563697
4563703
4563733
4563737
4563749
4563761
4563763
4563773
4563799
4563829
4563847
4563863
4563869
4563877
4563893
4563901
4563907
4563919
4563929
4563931
4563983
4564013
4564039
4564057
4564073
4564103
4564111
4564117
4564121
4564151
4564193
4564207
4564247
4564271
4564303
4564319
4564331
4564333
4564337
4564363
4564367
4564369
4564387
4564393
4564411
4564421
4564423
4564457
4564459
4564477
4564487
4564523
4564531
4564537
4564559
4564589
4564591
4564597
4564601
4564607
4564613
4564627
4564631
4564633
4564663
4564667
4564669
4564697
4564711
4564753
4564757
4564759
4564793
4564799
4564829
4564831
4564841
4564853
4564867
4564871
4564873
4564877
4564907
4564927
4564933
4564939
4564961
4564991
4565003
4565039
4565047
4565051
4565053
4565069
4565101
4565107
4565131
4565137
4565159
4565167
4565189
4565191
4565203
4565257
4565273
4565287
4565291
4565311
4565357
4565359
4565381
4565399
4565411
4565413
4565443
4565471
4565497
4565501
4565543
4565549
4565551
4565563
4565599
4565609
4565621
4565623
4565629
4565633
4565641
4565653
4565663
4565669
4565677
4565723
4565749
4565761
4565831
4565839
4565851
4565861
4565863
4565903
4565917
4565921
4565927
4565929
4565933
4565971
4565987
4565999
4566007
4566019
4566043
4566049
4566053
4566071
4566091
4566103
4566113
4566131
4566143
4566151
4566161
4566169
4566179
4566181
4566203
4566209
4566229
4566241
4566257
4566271
4566301
4566329
4566343
4566361
4566377
4566383
4566409
4566431
4566433
4566451
4566467
4566481
4566491
4566553
4566563
4566589
4566607
4566623
4566629
4566637
4566647
4566671
4566689
4566713
4566721
4566739
4566767
4566781
4566797
4566803
4566823
4566841
4566847
4566853
4566869
4566871
4566883
4566907
4566923
4566929
4566937
4566941
4566977
4566979
4566997
4567039
4567061
4567103
4567109
4567117
4567151
4567153
4567177
4567183
4567187
4567193
4567207
4567219
4567231
4567247
4567259
4567267
4567273
4567289
4567313
4567327
4567333
4567349
4567357
4567369
4567379
4567393
4567397
4567399
4567411
4567421
4567481
4567483
4567489
4567513
4567531
4567553
4567559
4567567
4567579
4567583
4567597
4567621
4567627
4567637
4567649
4567669
4567681
4567691
4567751
4567763
4567793
4567813
4567817
4567831
4567841
4567861
4567867
4567873
4567891
4567907
4567919
4567931
4567963
4567967
4567973
4567987
4568009
4568023
4568029
4568033
4568059
4568077
4568089
4568093
4568111
4568119
4568141
4568143
4568149
4568159
4568183
4568197
4568209
4568219
4568231
4568243
4568269
4568273
4568297
4568309
4568323
4568327
4568339
4568371
4568381
4568383
4568387
4568419
4568437
4568453
4568471
4568479
4568497
4568519
4568521
4568527
4568537
4568567
4568581
4568591
4568609
4568623
4568633
4568639
4568647
4568657
4568677
4568693
4568713
4568719
4568731
4568737
4568741
4568761
4568777
4568803
4568819
4568821
4568827
4568831
4568833
4568891
4568899
4568909
4568923
4568933
4568947
4568951
4568957
4568969
4568981
4568989
4569001
4569013
4569023
4569029
4569043
4569049
4569127
4569133
4569151
4569161
4569179
4569193
4569197
4569217
4569259
4569317
4569319
4569337
4569353
4569377
4569391
4569401
4569419
4569421
4569437
4569469
4569497
4569529
4569533
4569541
4569547
4569553
4569563
4569569
4569577
4569589
4569613
4569619
4569641
4569659
4569667
4569683
4569701
4569703
4569743
4569769
4569779
4569781
4569793
4569797
4569811
4569839
4569853
4569931
4569941
4569959
4569973
4569977
4570001
4570037
4570067
4570079
4570087
4570099
4570133
4570171
4570177
4570201
4570207
4570211
4570217
4570219
4570249
4570253
4570259
4570283
4570301
4570367
4570403
4570409
4570411
4570441
4570453
4570463
4570477
4570481
4570519
4570541
4570549
4570567
4570571
4570589
4570591
4570607
4570613
4570627
4570633
4570663
4570679
4570691
4570693
4570723
4570729
4570747
4570751
4570757
4570759
4570763
4570781
4570801
4570817
4570837
4570843
4570847
4570877
4570883
4570889
4570897
4570901
4570903
4570927
4570949
4570987
4571023
4571033
4571053
4571057
4571071
4571081
4571101
4571107
4571207
4571219
4571233
4571251
4571257
4571263
4571297
4571309
4571323
4571341
4571363
4571407
4571417
4571423
4571443
4571447
4571467
4571471
4571491
4571519
4571561
4571573
4571579
4571597
4571603
4571629
4571681
4571731
4571741
4571747
4571783
4571813
4571843
4571857
4571863
4571887
4571891
4571893
4571921
4571923
4571927
4571947
4571953
4571971
4571999
4572017
4572023
4572037
4572049
4572059
4572077
4572107
4572109
4572119
4572131
4572157
4572163
4572181
4572199
4572229
4572247
4572251
4572259
4572263
4572277
4572299
4572307
4572317
4572353
4572383
4572391
4572427
4572433
4572437
4572487
4572509
4572511
4572523
4572527
4572551
4572569
4572611
4572619
4572629
4572641
4572671
4572679
4572707
4572709
4572721
4572727
4572751
4572761
4572767
4572803
4572809
4572811
4572823
4572829
4572833
4572899
4572907
4572917
4572979
4572989
4572991
4573001
4573033
4573069
4573081
4573103
4573111
4573117
4573123
4573133
4573141
4573157
4573169
4573171
4573183
4573201
4573207
4573273
4573279
4573321
4573333
4573363
4573367
4573409
4573421
4573441
4573451
4573483
4573489
4573519
4573537
4573553
4573571
4573589
4573627
4573631
4573633
4573637
4573649
4573687
4573691
4573693
4573703
4573717
4573727
4573733
4573747
4573753
4573763
4573769
4573783
4573787
4573801
4573819
4573831
4573843
4573861
4573871
4573873
4573883
4573897
4573913
4573931
4573937
4573949
4573981
4573991
4573997
4573999
4574027
4574029
4574069
4574077
4574111
4574123
4574147
4574149
4574153
4574161
4574177
4574183
4574233
4574237
4574239
4574261
4574279
4574287
4574299
4574327
4574393
4574407
4574417
4574419
4574429
4574441
4574443
4574461
4574467
4574477
4574533
4574543
4574587
4574597
4574599
4574659
4574671
4574707
4574719
4574741
4574749
4574753
4574761
4574767
4574771
4574777
4574783
4574789
4574797
4574803
4574807
4574849
4574863
4574873
4574879
4574881
4574891
4574897
4574917
4574923
4574963
4574971
4574981
4574987
4575001
4575017
4575047
4575049
4575059
4575079
4575083
4575089
4575107
4575133
4575139
4575163
4575167
4575173
4575187
4575203
4575211
4575217
4575239
4575269
4575271
4575281
4575283
4575287
4575289
There are 1691 prime numbers in S356.
