S357(4575313~4601016)
4575323
4575341
4575377
4575379
4575469
4575481
4575503
4575517
4575521
4575539
4575547
4575553
4575563
4575581
4575583
4575589
4575619
4575647
4575653
4575661
4575691
4575731
4575733
4575749
4575773
4575797
4575799
4575803
4575821
4575833
4575841
4575847
4575853
4575869
4575871
4575877
4575911
4575913
4575947
4575971
4575973
4575983
4576001
4576027
4576031
4576063
4576067
4576087
4576097
4576109
4576141
4576153
4576157
4576177
4576193
4576259
4576261
4576277
4576279
4576303
4576307
4576309
4576331
4576381
4576409
4576421
4576423
4576427
4576433
4576441
4576457
4576459
4576477
4576487
4576501
4576541
4576591
4576597
4576601
4576631
4576639
4576651
4576661
4576667
4576669
4576673
4576679
4576681
4576687
4576697
4576717
4576721
4576727
4576729
4576753
4576763
4576771
4576799
4576841
4576849
4576879
4576889
4576903
4576939
4576951
4576973
4576981
4576991
4576993
4576997
4577039
4577051
4577059
4577071
4577077
4577093
4577101
4577107
4577123
4577129
4577141
4577147
4577149
4577179
4577191
4577213
4577231
4577249
4577297
4577311
4577317
4577323
4577329
4577371
4577383
4577411
4577413
4577431
4577449
4577467
4577473
4577477
4577509
4577513
4577543
4577549
4577561
4577569
4577627
4577647
4577653
4577669
4577693
4577701
4577711
4577717
4577719
4577723
4577731
4577761
4577779
4577789
4577821
4577827
4577849
4577861
4577887
4577927
4577929
4577933
4577953
4577957
4577959
4577977
4578017
4578023
4578029
4578037
4578053
4578059
4578097
4578103
4578113
4578139
4578163
4578179
4578187
4578199
4578227
4578241
4578257
4578263
4578271
4578281
4578289
4578307
4578313
4578361
4578377
4578383
4578391
4578407
4578437
4578439
4578443
4578451
4578463
4578467
4578481
4578493
4578499
4578503
4578517
4578547
4578569
4578571
4578589
4578611
4578619
4578631
4578643
4578653
4578667
4578701
4578703
4578709
4578727
4578733
4578751
4578767
4578811
4578823
4578841
4578857
4578869
4578883
4578901
4578907
4578913
4578923
4578929
4578947
4578949
4578953
4578971
4578989
4578991
4579007
4579021
4579033
4579039
4579063
4579067
4579073
4579111
4579117
4579151
4579153
4579181
4579213
4579259
4579283
4579301
4579319
4579327
4579339
4579343
4579349
4579381
4579387
4579397
4579423
4579427
4579433
4579439
4579447
4579451
4579459
4579501
4579529
4579541
4579559
4579567
4579609
4579621
4579637
4579657
4579667
4579669
4579693
4579711
4579721
4579733
4579753
4579759
4579769
4579787
4579807
4579831
4579837
4579849
4579859
4579871
4579873
4579877
4579879
4579901
4579903
4579933
4579937
4579951
4579961
4579963
4579979
4580011
4580027
4580039
4580041
4580077
4580117
4580131
4580141
4580143
4580201
4580209
4580227
4580269
4580287
4580299
4580339
4580351
4580357
4580363
4580369
4580377
4580399
4580413
4580417
4580441
4580449
4580453
4580503
4580533
4580549
4580557
4580593
4580603
4580617
4580621
4580627
4580629
4580651
4580663
4580669
4580683
4580689
4580699
4580731
4580743
4580773
4580783
4580791
4580809
4580831
4580879
4580893
4580897
4580903
4580909
4580911
4580923
4580941
4580959
4580981
4580999
4581011
4581037
4581067
4581077
4581079
4581107
4581113
4581119
4581121
4581139
4581151
4581191
4581193
4581221
4581233
4581251
4581277
4581281
4581287
4581293
4581307
4581329
4581331
4581383
4581389
4581403
4581427
4581431
4581433
4581469
4581481
4581497
4581523
4581529
4581547
4581569
4581581
4581589
4581611
4581613
4581617
4581637
4581659
4581671
4581677
4581697
4581713
4581719
4581727
4581781
4581803
4581817
4581833
4581839
4581859
4581911
4581919
4581931
4581937
4581943
4581947
4581977
4582049
4582051
4582057
4582069
4582073
4582091
4582103
4582139
4582147
4582153
4582159
4582177
4582199
4582213
4582217
4582223
4582229
4582241
4582271
4582273
4582289
4582297
4582307
4582309
4582321
4582337
4582349
4582351
4582387
4582393
4582421
4582423
4582441
4582463
4582481
4582483
4582499
4582517
4582531
4582559
4582577
4582601
4582621
4582631
4582717
4582723
4582759
4582763
4582769
4582777
4582789
4582807
4582817
4582847
4582849
4582859
4582861
4582871
4582889
4582891
4582901
4582909
4582913
4582927
4582967
4582973
4582997
4583039
4583041
4583057
4583063
4583083
4583087
4583093
4583099
4583119
4583147
4583197
4583213
4583219
4583221
4583239
4583261
4583273
4583309
4583317
4583321
4583323
4583329
4583333
4583339
4583377
4583419
4583429
4583437
4583459
4583471
4583473
4583507
4583521
4583531
4583543
4583549
4583561
4583563
4583569
4583573
4583627
4583633
4583639
4583669
4583681
4583699
4583701
4583713
4583717
4583741
4583749
4583771
4583779
4583783
4583801
4583833
4583849
4583851
4583857
4583861
4583867
4583869
4583899
4583903
4583911
4583933
4583941
4583951
4583963
4583977
4583989
4584031
4584037
4584043
4584077
4584103
4584113
4584119
4584121
4584143
4584161
4584179
4584193
4584227
4584247
4584277
4584287
4584299
4584323
4584331
4584343
4584347
4584361
4584367
4584379
4584389
4584401
4584403
4584409
4584413
4584457
4584469
4584487
4584493
4584499
4584527
4584533
4584551
4584589
4584599
4584647
4584653
4584677
4584689
4584691
4584721
4584731
4584733
4584773
4584779
4584787
4584791
4584793
4584799
4584817
4584823
4584829
4584841
4584847
4584851
4584859
4584863
4584887
4584901
4584913
4584959
4584971
4584997
4585001
4585033
4585039
4585043
4585051
4585069
4585123
4585127
4585129
4585183
4585249
4585261
4585283
4585297
4585307
4585313
4585331
4585333
4585351
4585363
4585379
4585387
4585411
4585423
4585429
4585433
4585439
4585453
4585459
4585463
4585523
4585531
4585541
4585561
4585573
4585577
4585583
4585619
4585621
4585687
4585697
4585723
4585729
4585751
4585769
4585771
4585793
4585811
4585829
4585831
4585877
4585883
4585909
4585927
4585939
4585943
4585967
4585969
4585979
4585991
4586003
4586017
4586051
4586059
4586069
4586077
4586111
4586123
4586149
4586173
4586189
4586191
4586203
4586207
4586227
4586287
4586291
4586293
4586297
4586303
4586327
4586333
4586339
4586347
4586377
4586411
4586443
4586459
4586479
4586531
4586551
4586563
4586587
4586597
4586633
4586653
4586689
4586707
4586717
4586723
4586731
4586737
4586741
4586759
4586797
4586831
4586833
4586849
4586851
4586863
4586891
4586893
4586903
4586917
4586921
4586947
4586951
4586963
4586969
4586987
4587007
4587013
4587019
4587029
4587041
4587043
4587049
4587061
4587067
4587103
4587119
4587131
4587137
4587157
4587169
4587173
4587179
4587181
4587199
4587211
4587221
4587241
4587269
4587301
4587313
4587337
4587343
4587347
4587361
4587389
4587391
4587403
4587431
4587437
4587463
4587469
4587487
4587491
4587497
4587503
4587533
4587559
4587563
4587571
4587589
4587599
4587619
4587643
4587647
4587673
4587677
4587679
4587703
4587731
4587743
4587757
4587761
4587763
4587769
4587851
4587853
4587881
4587883
4587893
4587901
4587953
4587967
4587997
4588007
4588019
4588021
4588099
4588117
4588121
4588141
4588153
4588159
4588193
4588211
4588219
4588223
4588231
4588271
4588277
4588289
4588319
4588321
4588357
4588373
4588387
4588411
4588417
4588421
4588427
4588429
4588457
4588459
4588471
4588483
4588499
4588543
4588559
4588609
4588621
4588663
4588667
4588669
4588681
4588693
4588697
4588711
4588769
4588781
4588789
4588811
4588813
4588819
4588841
4588879
4588889
4588901
4588921
4588933
4588949
4588957
4588967
4588979
4589017
4589027
4589069
4589071
4589083
4589093
4589119
4589131
4589141
4589159
4589161
4589173
4589177
4589183
4589219
4589237
4589239
4589243
4589281
4589293
4589297
4589309
4589329
4589359
4589407
4589413
4589419
4589423
4589441
4589467
4589477
4589479
4589483
4589491
4589521
4589549
4589561
4589587
4589593
4589623
4589633
4589639
4589657
4589671
4589681
4589693
4589707
4589731
4589737
4589759
4589771
4589791
4589797
4589803
4589807
4589831
4589833
4589839
4589861
4589869
4589873
4589933
4589951
4589971
4589999
4590007
4590011
4590013
4590029
4590031
4590043
4590071
4590101
4590107
4590181
4590199
4590203
4590217
4590227
4590239
4590241
4590251
4590253
4590281
4590283
4590307
4590337
4590347
4590367
4590373
4590389
4590403
4590427
4590437
4590451
4590461
4590491
4590499
4590503
4590517
4590557
4590559
4590563
4590577
4590583
4590617
4590643
4590661
4590667
4590673
4590679
4590683
4590689
4590713
4590739
4590743
4590767
4590793
4590797
4590829
4590841
4590857
4590871
4590877
4590889
4590899
4590917
4590919
4590941
4590959
4590973
4590977
4591001
4591009
4591033
4591051
4591061
4591063
4591079
4591091
4591117
4591121
4591127
4591133
4591159
4591163
4591183
4591187
4591201
4591211
4591267
4591271
4591273
4591297
4591313
4591319
4591333
4591361
4591373
4591381
4591387
4591393
4591399
4591403
4591451
4591453
4591459
4591463
4591487
4591493
4591507
4591511
4591519
4591523
4591567
4591579
4591591
4591607
4591619
4591621
4591633
4591661
4591667
4591687
4591709
4591721
4591723
4591729
4591739
4591747
4591757
4591771
4591781
4591801
4591817
4591823
4591837
4591861
4591871
4591891
4591903
4591913
4591933
4591949
4591991
4591997
4592009
4592017
4592039
4592051
4592059
4592069
4592089
4592117
4592131
4592149
4592153
4592171
4592183
4592201
4592219
4592233
4592257
4592303
4592317
4592321
4592327
4592339
4592347
4592359
4592389
4592429
4592453
4592519
4592521
4592531
4592543
4592563
4592569
4592579
4592587
4592591
4592593
4592597
4592611
4592641
4592647
4592657
4592671
4592683
4592711
4592713
4592717
4592723
4592741
4592789
4592803
4592827
4592843
4592857
4592869
4592881
4592899
4592911
4592947
4592953
4592957
4592963
4592969
4592983
4592989
4592993
4592999
4593007
4593011
4593037
4593059
4593067
4593089
4593097
4593133
4593157
4593161
4593181
4593187
4593191
4593221
4593227
4593229
4593283
4593293
4593299
4593313
4593317
4593331
4593367
4593371
4593377
4593401
4593409
4593427
4593431
4593437
4593461
4593481
4593499
4593527
4593529
4593539
4593541
4593569
4593601
4593607
4593619
4593623
4593637
4593643
4593679
4593683
4593703
4593707
4593709
4593737
4593761
4593769
4593847
4593851
4593857
4593863
4593907
4593923
4593931
4593937
4593943
4593959
4593973
4594001
4594013
4594019
4594027
4594033
4594049
4594099
4594127
4594129
4594141
4594147
4594159
4594171
4594189
4594207
4594223
4594229
4594277
4594279
4594283
4594307
4594309
4594357
4594379
4594397
4594399
4594433
4594439
4594451
4594453
4594463
4594483
4594489
4594493
4594511
4594519
4594529
4594537
4594543
4594553
4594559
4594567
4594589
4594609
4594619
4594621
4594633
4594649
4594657
4594661
4594663
4594691
4594721
4594739
4594753
4594763
4594769
4594781
4594783
4594801
4594817
4594819
4594823
4594853
4594859
4594883
4594897
4594921
4594939
4594943
4594949
4594957
4594969
4594973
4594991
4594999
4595027
4595033
4595039
4595051
4595077
4595089
4595179
4595183
4595189
4595221
4595243
4595251
4595263
4595299
4595303
4595341
4595387
4595407
4595411
4595413
4595441
4595443
4595477
4595489
4595527
4595531
4595537
4595579
4595581
4595599
4595603
4595609
4595621
4595671
4595677
4595713
4595737
4595809
4595821
4595827
4595849
4595863
4595867
4595869
4595879
4595887
4595893
4595897
4595947
4595951
4595953
4595993
4596013
4596017
4596019
4596037
4596047
4596071
4596073
4596077
4596079
4596089
4596101
4596121
4596131
4596139
4596143
4596149
4596161
4596173
4596187
4596191
4596197
4596199
4596211
4596217
4596247
4596281
4596283
4596287
4596301
4596311
4596323
4596329
4596331
4596337
4596349
4596353
4596359
4596373
4596377
4596379
4596407
4596419
4596491
4596497
4596503
4596517
4596521
4596569
4596577
4596589
4596607
4596617
4596653
4596661
4596671
4596673
4596677
4596707
4596721
4596731
4596833
4596847
4596853
4596859
4596901
4596967
4596971
4596979
4596983
4596997
4597003
4597007
4597013
4597027
4597039
4597063
4597081
4597091
4597111
4597133
4597141
4597163
4597169
4597189
4597193
4597231
4597237
4597253
4597277
4597279
4597291
4597301
4597303
4597337
4597357
4597363
4597367
4597381
4597391
4597421
4597423
4597427
4597459
4597471
4597499
4597501
4597519
4597543
4597577
4597589
4597597
4597609
4597669
4597673
4597679
4597709
4597717
4597727
4597739
4597751
4597771
4597787
4597793
4597807
4597819
4597841
4597847
4597849
4597891
4597903
4597919
4597927
4597933
4597949
4597961
4597993
4598063
4598071
4598081
4598107
4598123
4598141
4598147
4598149
4598159
4598161
4598179
4598189
4598201
4598203
4598207
4598213
4598221
4598233
4598239
4598257
4598281
4598299
4598303
4598311
4598329
4598351
4598359
4598371
4598389
4598423
4598453
4598491
4598533
4598557
4598563
4598567
4598569
4598579
4598591
4598593
4598603
4598623
4598647
4598677
4598701
4598731
4598743
4598749
4598771
4598801
4598821
4598831
4598837
4598843
4598887
4598899
4598911
4598917
4598921
4598933
4598939
4598941
4598963
4598977
4598983
4598999
4599019
4599059
4599071
4599131
4599169
4599173
4599209
4599223
4599229
4599233
4599251
4599269
4599271
4599277
4599281
4599289
4599293
4599307
4599319
4599337
4599341
4599407
4599437
4599493
4599509
4599527
4599533
4599557
4599587
4599613
4599619
4599659
4599677
4599709
4599731
4599737
4599739
4599757
4599761
4599773
4599797
4599799
4599841
4599857
4599863
4599883
4599887
4599929
4599941
4599953
4599961
4599971
4599983
4599989
4600003
4600007
4600021
4600027
4600051
4600061
4600073
4600087
4600093
4600103
4600129
4600151
4600157
4600163
4600177
4600181
4600187
4600199
4600231
4600259
4600279
4600291
4600301
4600331
4600333
4600339
4600361
4600363
4600367
4600373
4600397
4600399
4600411
4600423
4600429
4600439
4600447
4600471
4600481
4600507
4600513
4600537
4600553
4600573
4600577
4600627
4600633
4600637
4600639
4600657
4600669
4600697
4600711
4600721
4600751
4600753
4600801
4600811
4600847
4600861
4600889
4600901
4600933
4600949
4600963
4600991
4600993
4601011
There are 1677 prime numbers in S357.
