S358(4601017~4626792)
4601029
4601057
4601099
4601119
4601123
4601131
4601137
4601141
4601147
4601153
4601167
4601171
4601189
4601239
4601243
4601251
4601273
4601293
4601323
4601341
4601383
4601411
4601417
4601447
4601453
4601479
4601483
4601497
4601501
4601507
4601537
4601549
4601551
4601561
4601593
4601599
4601617
4601621
4601677
4601683
4601687
4601719
4601741
4601759
4601789
4601809
4601833
4601843
4601879
4601887
4601897
4601921
4601929
4601939
4601957
4601959
4601969
4601977
4602011
4602041
4602071
4602077
4602083
4602107
4602109
4602113
4602131
4602137
4602173
4602179
4602181
4602187
4602211
4602217
4602233
4602239
4602251
4602281
4602289
4602293
4602317
4602331
4602341
4602343
4602347
4602371
4602383
4602397
4602407
4602439
4602443
4602463
4602487
4602509
4602517
4602551
4602557
4602571
4602581
4602583
4602589
4602593
4602629
4602659
4602673
4602713
4602721
4602727
4602749
4602779
4602781
4602791
4602797
4602799
4602803
4602811
4602821
4602827
4602839
4602841
4602847
4602853
4602863
4602889
4602893
4602977
4602979
4602989
4603007
4603031
4603043
4603051
4603087
4603091
4603099
4603117
4603139
4603147
4603153
4603171
4603189
4603211
4603229
4603241
4603253
4603259
4603273
4603297
4603309
4603327
4603331
4603351
4603393
4603399
4603411
4603441
4603483
4603513
4603517
4603559
4603579
4603589
4603601
4603607
4603619
4603631
4603639
4603661
4603667
4603691
4603699
4603723
4603741
4603747
4603751
4603759
4603763
4603769
4603777
4603783
4603789
4603811
4603813
4603817
4603831
4603843
4603861
4603867
4603897
4603901
4603913
4603919
4603981
4603987
4603999
4604063
4604101
4604111
4604123
4604129
4604143
4604147
4604189
4604191
4604221
4604233
4604267
4604291
4604293
4604309
4604321
4604323
4604333
4604351
4604363
4604377
4604387
4604389
4604447
4604491
4604497
4604507
4604521
4604527
4604549
4604573
4604597
4604599
4604609
4604617
4604641
4604651
4604657
4604659
4604681
4604689
4604701
4604711
4604713
4604723
4604729
4604753
4604759
4604791
4604797
4604801
4604837
4604849
4604851
4604857
4604903
4604911
4604921
4604927
4604933
4604953
4604969
4604993
4605001
4605017
4605023
4605031
4605061
4605067
4605071
4605077
4605101
4605121
4605137
4605179
4605197
4605199
4605217
4605241
4605247
4605299
4605301
4605311
4605323
4605331
4605361
4605383
4605397
4605409
4605437
4605443
4605449
4605473
4605479
4605493
4605509
4605511
4605527
4605539
4605547
4605551
4605553
4605569
4605593
4605607
4605613
4605617
4605641
4605659
4605673
4605703
4605709
4605719
4605721
4605737
4605743
4605787
4605791
4605869
4605893
4605901
4605917
4605947
4605959
4605967
4605973
4605977
4606001
4606033
4606039
4606051
4606079
4606109
4606127
4606153
4606169
4606181
4606193
4606213
4606229
4606237
4606249
4606313
4606319
4606363
4606367
4606369
4606397
4606403
4606429
4606477
4606487
4606489
4606499
4606501
4606513
4606529
4606549
4606559
4606561
4606571
4606573
4606577
4606579
4606597
4606619
4606639
4606649
4606663
4606669
4606673
4606691
4606697
4606699
4606703
4606709
4606733
4606741
4606751
4606769
4606783
4606807
4606829
4606837
4606871
4606933
4606937
4606939
4606963
4606967
4606991
4606997
4607011
4607021
4607023
4607033
4607059
4607077
4607093
4607167
4607171
4607191
4607219
4607227
4607233
4607243
4607257
4607279
4607297
4607299
4607303
4607311
4607327
4607333
4607347
4607353
4607377
4607387
4607411
4607417
4607423
4607431
4607461
4607467
4607483
4607531
4607543
4607563
4607569
4607587
4607591
4607593
4607599
4607609
4607611
4607627
4607641
4607651
4607653
4607677
4607683
4607689
4607693
4607699
4607719
4607749
4607777
4607789
4607803
4607807
4607819
4607857
4607881
4607887
4607893
4607903
4607909
4607917
4607929
4607947
4607951
4607957
4607963
4607987
4608007
4608049
4608053
4608083
4608101
4608133
4608143
4608151
4608199
4608217
4608223
4608251
4608259
4608281
4608283
4608287
4608293
4608301
4608311
4608319
4608337
4608347
4608379
4608389
4608391
4608407
4608413
4608433
4608437
4608463
4608473
4608493
4608517
4608521
4608551
4608557
4608577
4608587
4608589
4608599
4608601
4608607
4608613
4608619
4608631
4608661
4608689
4608691
4608701
4608707
4608727
4608743
4608787
4608797
4608833
4608841
4608859
4608881
4608889
4608899
4608911
4608917
4608943
4608949
4608953
4608959
4608971
4608983
4609009
4609013
4609027
4609037
4609063
4609067
4609079
4609081
4609093
4609109
4609123
4609133
4609169
4609207
4609217
4609237
4609247
4609259
4609271
4609273
4609277
4609301
4609303
4609307
4609309
4609313
4609321
4609327
4609333
4609351
4609369
4609393
4609411
4609427
4609433
4609441
4609447
4609481
4609489
4609511
4609513
4609519
4609523
4609531
4609543
4609547
4609597
4609621
4609651
4609663
4609673
4609681
4609687
4609691
4609699
4609721
4609727
4609733
4609747
4609751
4609763
4609783
4609849
4609897
4609909
4609921
4609949
4610003
4610017
4610029
4610033
4610057
4610063
4610087
4610093
4610107
4610147
4610149
4610153
4610173
4610239
4610267
4610269
4610303
4610317
4610321
4610341
4610357
4610363
4610377
4610381
4610387
4610393
4610399
4610443
4610447
4610453
4610479
4610509
4610531
4610569
4610579
4610581
4610609
4610611
4610633
4610651
4610659
4610687
4610693
4610699
4610707
4610719
4610729
4610731
4610743
4610759
4610773
4610777
4610779
4610783
4610789
4610813
4610821
4610831
4610839
4610843
4610849
4610867
4610869
4610897
4610911
4610917
4610923
4610959
4610987
4610999
4611011
4611041
4611059
4611067
4611071
4611077
4611083
4611119
4611127
4611133
4611137
4611143
4611149
4611163
4611181
4611193
4611209
4611221
4611227
4611241
4611251
4611287
4611289
4611307
4611323
4611329
4611353
4611359
4611391
4611407
4611419
4611443
4611457
4611461
4611469
4611479
4611487
4611511
4611553
4611571
4611601
4611613
4611631
4611637
4611647
4611683
4611697
4611731
4611749
4611767
4611779
4611787
4611809
4611821
4611829
4611833
4611847
4611911
4611923
4611931
4611953
4611973
4611989
4611991
4612001
4612009
4612019
4612037
4612043
4612081
4612103
4612123
4612129
4612133
4612147
4612163
4612177
4612183
4612187
4612199
4612217
4612229
4612241
4612261
4612277
4612297
4612301
4612303
4612313
4612319
4612339
4612343
4612369
4612381
4612409
4612427
4612451
4612477
4612483
4612493
4612511
4612523
4612529
4612549
4612571
4612579
4612609
4612613
4612631
4612633
4612639
4612669
4612693
4612697
4612709
4612717
4612723
4612789
4612793
4612807
4612813
4612819
4612843
4612847
4612849
4612859
4612871
4612873
4612913
4612919
4612921
4612931
4612957
4612963
4612969
4612987
4613023
4613027
4613051
4613053
4613071
4613099
4613101
4613113
4613209
4613237
4613243
4613251
4613261
4613263
4613293
4613299
4613303
4613311
4613339
4613347
4613359
4613423
4613437
4613449
4613459
4613461
4613467
4613471
4613489
4613507
4613533
4613551
4613563
4613569
4613573
4613591
4613603
4613617
4613627
4613629
4613657
4613669
4613683
4613701
4613711
4613717
4613729
4613743
4613747
4613753
4613767
4613773
4613803
4613881
4613891
4613893
4613911
4613957
4613969
4613971
4613981
4613993
4614031
4614047
4614061
4614067
4614109
4614119
4614139
4614151
4614163
4614173
4614179
4614187
4614209
4614217
4614221
4614271
4614341
4614347
4614349
4614353
4614391
4614419
4614431
4614433
4614439
4614479
4614487
4614499
4614521
4614523
4614553
4614557
4614563
4614583
4614593
4614607
4614613
4614619
4614637
4614641
4614671
4614689
4614713
4614719
4614749
4614809
4614821
4614829
4614839
4614887
4614901
4614913
4614923
4614937
4614947
4614959
4614971
4614983
4614989
4614991
4614997
4615003
4615057
4615069
4615073
4615099
4615123
4615139
4615141
4615153
4615183
4615201
4615223
4615229
4615241
4615253
4615267
4615283
4615291
4615297
4615333
4615337
4615349
4615363
4615367
4615409
4615439
4615453
4615469
4615477
4615489
4615519
4615529
4615531
4615549
4615601
4615603
4615607
4615609
4615627
4615661
4615673
4615679
4615703
4615753
4615783
4615817
4615829
4615867
4615927
4615967
4615969
4615973
4615979
4615991
4615999
4616033
4616039
4616063
4616071
4616089
4616111
4616113
4616119
4616147
4616153
4616167
4616177
4616189
4616237
4616251
4616257
4616267
4616291
4616317
4616321
4616347
4616363
4616369
4616371
4616393
4616413
4616431
4616461
4616473
4616497
4616509
4616531
4616567
4616569
4616587
4616603
4616611
4616617
4616627
4616657
4616687
4616693
4616719
4616743
4616747
4616761
4616779
4616783
4616789
4616797
4616803
4616819
4616827
4616849
4616863
4616879
4616881
4616893
4616929
4616933
4616939
4616957
4616959
4616977
4616993
4617001
4617073
4617077
4617083
4617097
4617101
4617113
4617143
4617161
4617187
4617191
4617199
4617203
4617257
4617259
4617269
4617271
4617287
4617299
4617317
4617331
4617337
4617359
4617391
4617401
4617427
4617433
4617451
4617463
4617479
4617493
4617497
4617511
4617521
4617533
4617541
4617559
4617577
4617581
4617601
4617607
4617617
4617643
4617649
4617653
4617671
4617709
4617713
4617737
4617749
4617773
4617793
4617803
4617839
4617857
4617869
4617887
4617901
4617919
4617941
4617947
4617959
4617967
4617979
4618001
4618027
4618063
4618069
4618091
4618093
4618129
4618139
4618153
4618171
4618177
4618181
4618183
4618213
4618217
4618219
4618231
4618241
4618247
4618253
4618259
4618291
4618307
4618309
4618319
4618333
4618351
4618357
4618381
4618391
4618399
4618403
4618409
4618429
4618433
4618447
4618459
4618483
4618489
4618499
4618507
4618513
4618529
4618541
4618567
4618583
4618589
4618619
4618639
4618687
4618693
4618703
4618709
4618711
4618717
4618723
4618727
4618741
4618751
4618753
4618771
4618777
4618787
4618807
4618813
4618841
4618847
4618853
4618871
4618879
4618921
4618949
4618961
4618967
4618979
4618987
4618993
4619009
4619023
4619029
4619039
4619063
4619077
4619081
4619089
4619099
4619107
4619123
4619137
4619141
4619143
4619177
4619179
4619203
4619213
4619227
4619233
4619249
4619269
4619281
4619309
4619333
4619353
4619357
4619399
4619441
4619443
4619471
4619477
4619491
4619501
4619507
4619509
4619519
4619521
4619539
4619557
4619569
4619579
4619609
4619621
4619623
4619627
4619647
4619669
4619701
4619743
4619749
4619773
4619789
4619807
4619809
4619821
4619827
4619833
4619843
4619873
4619893
4619897
4619929
4619947
4619969
4619981
4620001
4620037
4620061
4620067
4620101
4620103
4620127
4620137
4620139
4620149
4620151
4620179
4620191
4620223
4620229
4620269
4620281
4620283
4620289
4620299
4620359
4620377
4620391
4620397
4620403
4620409
4620419
4620431
4620437
4620443
4620463
4620491
4620503
4620529
4620547
4620557
4620559
4620563
4620569
4620571
4620589
4620601
4620611
4620673
4620697
4620709
4620731
4620757
4620761
4620779
4620793
4620797
4620799
4620809
4620817
4620839
4620841
4620853
4620871
4620877
4620881
4620901
4620919
4620929
4620943
4620961
4620977
4621007
4621021
4621031
4621037
4621049
4621073
4621129
4621153
4621157
4621159
4621163
4621171
4621187
4621207
4621217
4621219
4621231
4621259
4621261
4621277
4621283
4621289
4621307
4621327
4621343
4621381
4621439
4621447
4621453
4621481
4621483
4621499
4621517
4621531
4621537
4621571
4621577
4621583
4621619
4621621
4621649
4621679
4621691
4621711
4621723
4621777
4621823
4621847
4621853
4621867
4621891
4621913
4621931
4621949
4621951
4621957
4621961
4621963
4621979
4621999
4622017
4622047
4622081
4622083
4622143
4622161
4622209
4622213
4622257
4622273
4622311
4622323
4622329
4622357
4622389
4622399
4622411
4622417
4622437
4622461
4622477
4622479
4622489
4622509
4622533
4622539
4622557
4622561
4622573
4622593
4622599
4622603
4622617
4622647
4622671
4622677
4622693
4622699
4622707
4622711
4622741
4622753
4622767
4622771
4622789
4622831
4622857
4622867
4622869
4622879
4622897
4622899
4622903
4622911
4622939
4622941
4622951
4622971
4622983
4623019
4623029
4623043
4623053
4623097
4623107
4623127
4623131
4623139
4623191
4623197
4623211
4623217
4623239
4623257
4623259
4623271
4623287
4623301
4623329
4623331
4623341
4623347
4623379
4623401
4623413
4623427
4623431
4623457
4623467
4623491
4623497
4623503
4623523
4623527
4623539
4623547
4623551
4623559
4623569
4623581
4623589
4623599
4623607
4623623
4623629
4623649
4623659
4623683
4623691
4623709
4623761
4623769
4623781
4623793
4623797
4623809
4623811
4623823
4623863
4623869
4623877
4623911
4623953
4623967
4624003
4624019
4624027
4624031
4624033
4624057
4624069
4624093
4624099
4624111
4624129
4624133
4624157
4624171
4624211
4624229
4624231
4624237
4624241
4624261
4624313
4624339
4624343
4624381
4624387
4624393
4624439
4624441
4624453
4624457
4624481
4624489
4624507
4624517
4624523
4624531
4624537
4624547
4624553
4624573
4624577
4624579
4624583
4624591
4624603
4624637
4624639
4624643
4624649
4624661
4624681
4624691
4624699
4624703
4624721
4624723
4624747
4624757
4624777
4624783
4624787
4624801
4624813
4624819
4624831
4624849
4624853
4624871
4624877
4624883
4624903
4624913
4624931
4624933
4624957
4624967
4624987
4624993
4625021
4625029
4625059
4625119
4625141
4625167
4625183
4625191
4625219
4625221
4625233
4625237
4625249
4625263
4625267
4625273
4625279
4625287
4625311
4625321
4625329
4625339
4625389
4625393
4625431
4625441
4625443
4625449
4625459
4625519
4625549
4625557
4625567
4625609
4625611
4625617
4625641
4625651
4625657
4625701
4625707
4625713
4625723
4625729
4625767
4625771
4625773
4625779
4625801
4625807
4625843
4625849
4625867
4625879
4625891
4625903
4625909
4625917
4625927
4625939
4626001
4626007
4626019
4626031
4626043
4626053
4626113
4626121
4626133
4626137
4626157
4626169
4626191
4626203
4626217
4626233
4626239
4626247
4626269
4626277
4626299
4626313
4626331
4626361
4626373
4626379
4626383
4626389
4626407
4626421
4626437
4626439
4626449
4626463
4626467
4626469
4626497
4626511
4626547
4626577
4626617
4626619
4626623
4626637
4626641
4626647
4626653
4626659
4626679
4626691
4626707
4626733
4626751
4626761
4626779
There are 1694 prime numbers in S358.
