S359(4626793~4652640)
4626799
4626827
4626829
4626833
4626851
4626859
4626871
4626877
4626889
4626913
4626917
4626977
4627003
4627031
4627039
4627061
4627067
4627121
4627169
4627177
4627201
4627223
4627229
4627243
4627253
4627289
4627303
4627307
4627361
4627367
4627373
4627387
4627409
4627421
4627423
4627459
4627487
4627523
4627529
4627549
4627591
4627603
4627631
4627633
4627639
4627663
4627673
4627681
4627691
4627699
4627717
4627747
4627751
4627759
4627787
4627817
4627823
4627841
4627871
4627873
4627877
4627879
4627913
4627937
4627943
4628003
4628017
4628033
4628051
4628069
4628093
4628101
4628111
4628177
4628201
4628209
4628227
4628257
4628279
4628287
4628291
4628297
4628311
4628317
4628321
4628341
4628363
4628389
4628399
4628401
4628411
4628417
4628431
4628447
4628453
4628461
4628479
4628483
4628489
4628501
4628551
4628567
4628581
4628599
4628621
4628627
4628629
4628651
4628669
4628677
4628699
4628731
4628747
4628749
4628753
4628759
4628783
4628797
4628803
4628807
4628849
4628851
4628867
4628891
4628917
4628929
4628969
4628977
4628999
4629007
4629017
4629041
4629043
4629047
4629059
4629089
4629091
4629101
4629127
4629139
4629161
4629167
4629169
4629173
4629197
4629239
4629283
4629311
4629347
4629349
4629353
4629377
4629379
4629397
4629419
4629421
4629431
4629439
4629451
4629461
4629467
4629481
4629487
4629511
4629517
4629523
4629529
4629539
4629563
4629577
4629607
4629613
4629617
4629623
4629629
4629631
4629659
4629707
4629719
4629721
4629727
4629731
4629743
4629769
4629803
4629809
4629817
4629827
4629841
4629871
4629887
4629893
4629913
4629917
4629929
4629931
4629959
4629971
4629979
4629983
4629991
4630009
4630013
4630019
4630051
4630063
4630079
4630081
4630097
4630099
4630121
4630139
4630177
4630181
4630187
4630201
4630207
4630231
4630237
4630247
4630271
4630277
4630309
4630313
4630331
4630349
4630363
4630387
4630397
4630399
4630421
4630447
4630453
4630469
4630519
4630529
4630553
4630583
4630589
4630597
4630601
4630603
4630607
4630643
4630651
4630657
4630669
4630673
4630697
4630709
4630721
4630723
4630753
4630757
4630763
4630789
4630831
4630837
4630849
4630859
4630861
4630867
4630891
4630897
4630903
4630907
4630921
4630931
4630933
4630949
4630961
4630979
4630999
4631017
4631093
4631111
4631131
4631141
4631147
4631171
4631203
4631227
4631233
4631251
4631279
4631287
4631311
4631351
4631353
4631359
4631371
4631399
4631413
4631453
4631467
4631477
4631479
4631489
4631513
4631527
4631537
4631551
4631567
4631569
4631593
4631597
4631629
4631639
4631651
4631663
4631681
4631689
4631699
4631719
4631743
4631747
4631749
4631761
4631797
4631813
4631821
4631843
4631863
4631867
4631881
4631899
4631903
4631987
4631999
4632011
4632053
4632073
4632077
4632091
4632097
4632151
4632161
4632167
4632169
4632191
4632197
4632233
4632239
4632241
4632247
4632281
4632301
4632307
4632317
4632337
4632343
4632349
4632377
4632403
4632443
4632457
4632473
4632487
4632497
4632527
4632577
4632611
4632613
4632629
4632647
4632673
4632689
4632697
4632701
4632703
4632709
4632757
4632781
4632787
4632809
4632829
4632841
4632851
4632853
4632869
4632871
4632893
4632907
4632911
4632917
4632973
4632989
4632997
4633001
4633003
4633019
4633021
4633037
4633039
4633067
4633141
4633157
4633159
4633183
4633193
4633199
4633201
4633217
4633219
4633259
4633261
4633267
4633273
4633289
4633303
4633319
4633331
4633361
4633381
4633403
4633411
4633423
4633439
4633457
4633463
4633471
4633483
4633487
4633501
4633507
4633513
4633543
4633553
4633579
4633583
4633609
4633627
4633633
4633679
4633687
4633693
4633709
4633747
4633753
4633757
4633763
4633793
4633813
4633819
4633841
4633847
4633873
4633883
4633897
4633901
4633913
4633931
4633961
4633969
4633999
4634009
4634011
4634023
4634027
4634029
4634051
4634057
4634089
4634093
4634111
4634117
4634173
4634177
4634191
4634197
4634207
4634209
4634249
4634263
4634281
4634291
4634297
4634317
4634321
4634327
4634351
4634359
4634363
4634389
4634393
4634401
4634419
4634429
4634447
4634459
4634473
4634501
4634503
4634521
4634527
4634561
4634633
4634639
4634687
4634699
4634701
4634713
4634723
4634737
4634743
4634767
4634783
4634801
4634821
4634827
4634837
4634869
4634881
4634899
4634923
4634933
4634947
4634957
4634977
4635011
4635017
4635023
4635047
4635061
4635073
4635079
4635083
4635097
4635131
4635143
4635149
4635161
4635181
4635223
4635263
4635269
4635277
4635287
4635289
4635311
4635313
4635317
4635341
4635343
4635353
4635359
4635361
4635383
4635391
4635403
4635437
4635439
4635457
4635473
4635503
4635517
4635541
4635551
4635559
4635569
4635613
4635623
4635629
4635637
4635649
4635703
4635707
4635731
4635733
4635773
4635779
4635793
4635809
4635821
4635847
4635859
4635863
4635871
4635877
4635887
4635893
4635899
4635907
4635913
4635937
4635941
4635971
4635973
4635977
4635979
4635991
4636003
4636013
4636031
4636039
4636111
4636123
4636129
4636141
4636147
4636169
4636207
4636231
4636237
4636243
4636249
4636319
4636327
4636337
4636343
4636351
4636369
4636381
4636441
4636447
4636451
4636459
4636477
4636519
4636531
4636543
4636553
4636559
4636579
4636591
4636603
4636609
4636613
4636651
4636657
4636661
4636663
4636669
4636679
4636693
4636711
4636717
4636721
4636739
4636769
4636771
4636799
4636829
4636837
4636847
4636871
4636883
4636909
4636913
4636921
4636943
4636963
4636967
4636993
4636999
4637027
4637041
4637069
4637093
4637111
4637117
4637119
4637123
4637131
4637189
4637201
4637231
4637233
4637239
4637251
4637261
4637263
4637287
4637323
4637333
4637351
4637359
4637363
4637371
4637389
4637411
4637417
4637429
4637449
4637453
4637461
4637483
4637489
4637497
4637519
4637561
4637573
4637579
4637603
4637627
4637639
4637657
4637669
4637683
4637687
4637707
4637713
4637723
4637749
4637771
4637783
4637803
4637827
4637833
4637873
4637903
4637929
4637939
4637947
4637951
4637981
4638001
4638017
4638037
4638041
4638077
4638089
4638103
4638113
4638119
4638133
4638143
4638149
4638181
4638187
4638191
4638197
4638199
4638211
4638239
4638241
4638247
4638287
4638301
4638307
4638323
4638329
4638353
4638377
4638397
4638407
4638419
4638449
4638457
4638461
4638509
4638511
4638533
4638541
4638547
4638551
4638553
4638583
4638587
4638589
4638607
4638629
4638631
4638659
4638677
4638691
4638721
4638737
4638743
4638761
4638791
4638827
4638833
4638857
4638859
4638899
4638911
4638937
4638961
4638967
4638971
4638979
4639003
4639049
4639051
4639067
4639073
4639081
4639099
4639121
4639127
4639133
4639139
4639189
4639237
4639259
4639267
4639277
4639289
4639291
4639309
4639321
4639331
4639343
4639361
4639373
4639379
4639381
4639387
4639423
4639447
4639457
4639483
4639489
4639493
4639499
4639513
4639529
4639543
4639561
4639597
4639631
4639633
4639643
4639651
4639693
4639697
4639703
4639709
4639717
4639741
4639751
4639757
4639771
4639787
4639799
4639823
4639849
4639853
4639867
4639871
4639879
4639883
4639891
4639903
4639909
4639927
4639931
4639939
4639967
4639979
4639993
4640003
4640017
4640057
4640081
4640113
4640117
4640131
4640137
4640143
4640147
4640159
4640171
4640177
4640179
4640183
4640197
4640213
4640221
4640231
4640249
4640267
4640287
4640329
4640369
4640387
4640393
4640399
4640401
4640417
4640423
4640437
4640443
4640477
4640479
4640491
4640497
4640501
4640543
4640557
4640567
4640591
4640593
4640599
4640717
4640719
4640723
4640737
4640747
4640759
4640761
4640777
4640789
4640791
4640803
4640821
4640833
4640837
4640843
4640863
4640869
4640929
4640953
4640969
4640971
4640981
4640989
4641001
4641011
4641019
4641029
4641037
4641047
4641059
4641061
4641067
4641089
4641107
4641137
4641139
4641151
4641179
4641191
4641209
4641211
4641223
4641229
4641251
4641271
4641281
4641293
4641347
4641361
4641379
4641389
4641397
4641401
4641437
4641451
4641467
4641473
4641503
4641509
4641557
4641563
4641583
4641587
4641631
4641641
4641647
4641667
4641683
4641709
4641713
4641739
4641773
4641781
4641787
4641811
4641829
4641841
4641853
4641863
4641877
4641887
4641907
4641913
4641919
4641991
4642009
4642013
4642069
4642081
4642087
4642091
4642093
4642123
4642163
4642171
4642181
4642199
4642223
4642259
4642271
4642361
4642373
4642381
4642387
4642397
4642399
4642423
4642457
4642459
4642483
4642489
4642493
4642499
4642531
4642537
4642541
4642549
4642601
4642607
4642609
4642621
4642643
4642657
4642661
4642679
4642721
4642733
4642741
4642787
4642789
4642811
4642817
4642823
4642843
4642867
4642877
4642889
4642907
4642927
4642949
4642951
4642969
4642997
4642999
4643003
4643039
4643047
4643063
4643069
4643077
4643113
4643117
4643143
4643153
4643189
4643203
4643213
4643231
4643237
4643251
4643257
4643279
4643297
4643299
4643321
4643323
4643333
4643339
4643357
4643371
4643407
4643413
4643417
4643437
4643453
4643461
4643473
4643491
4643497
4643563
4643579
4643591
4643593
4643621
4643623
4643629
4643633
4643641
4643659
4643663
4643671
4643687
4643689
4643711
4643719
4643729
4643761
4643789
4643801
4643843
4643867
4643909
4643911
4643921
4643939
4643959
4643963
4643983
4643987
4643993
4644001
4644011
4644053
4644061
4644097
4644131
4644139
4644149
4644161
4644209
4644221
4644251
4644257
4644259
4644319
4644329
4644347
4644361
4644371
4644377
4644401
4644403
4644433
4644463
4644481
4644509
4644511
4644527
4644533
4644581
4644583
4644589
4644593
4644617
4644623
4644631
4644667
4644671
4644677
4644691
4644697
4644707
4644719
4644737
4644769
4644799
4644811
4644833
4644839
4644851
4644853
4644881
4644883
4644907
4644953
4644971
4645007
4645019
4645027
4645037
4645061
4645073
4645099
4645111
4645117
4645141
4645153
4645163
4645169
4645171
4645181
4645187
4645231
4645237
4645243
4645271
4645283
4645309
4645343
4645349
4645363
4645409
4645411
4645429
4645441
4645477
4645489
4645499
4645507
4645523
4645541
4645547
4645549
4645559
4645561
4645583
4645631
4645637
4645639
4645649
4645651
4645681
4645687
4645721
4645733
4645783
4645799
4645801
4645813
4645841
4645843
4645867
4645873
4645891
4645909
4645919
4645933
4645951
4645961
4645967
4645987
4645999
4646017
4646071
4646099
4646111
4646113
4646123
4646129
4646137
4646141
4646143
4646149
4646153
4646167
4646171
4646179
4646197
4646209
4646233
4646263
4646273
4646281
4646297
4646329
4646339
4646347
4646357
4646359
4646363
4646371
4646381
4646401
4646413
4646417
4646429
4646459
4646479
4646501
4646513
4646519
4646527
4646533
4646557
4646567
4646573
4646597
4646599
4646617
4646633
4646647
4646657
4646671
4646693
4646711
4646731
4646743
4646753
4646777
4646783
4646791
4646801
4646809
4646819
4646821
4646857
4646891
4646911
4646923
4646927
4646951
4646959
4646977
4647007
4647029
4647037
4647061
4647073
4647079
4647091
4647101
4647113
4647119
4647121
4647133
4647157
4647193
4647197
4647211
4647259
4647263
4647271
4647277
4647281
4647283
4647287
4647289
4647301
4647317
4647319
4647323
4647329
4647347
4647353
4647361
4647373
4647413
4647431
4647437
4647439
4647469
4647479
4647493
4647497
4647499
4647509
4647521
4647523
4647527
4647547
4647557
4647563
4647581
4647583
4647611
4647631
4647653
4647661
4647667
4647683
4647701
4647707
4647733
4647763
4647779
4647791
4647793
4647809
4647823
4647871
4647887
4647889
4647893
4647943
4647947
4647959
4648003
4648009
4648031
4648037
4648067
4648069
4648099
4648151
4648169
4648181
4648183
4648201
4648213
4648219
4648229
4648243
4648283
4648289
4648307
4648313
4648321
4648333
4648349
4648351
4648373
4648387
4648403
4648409
4648417
4648447
4648459
4648477
4648487
4648489
4648513
4648519
4648561
4648591
4648603
4648619
4648639
4648663
4648681
4648739
4648753
4648757
4648799
4648801
4648807
4648811
4648843
4648849
4648879
4648907
4648937
4648957
4648979
4648991
4648997
4649017
4649027
4649033
4649069
4649083
4649119
4649123
4649137
4649147
4649149
4649153
4649171
4649179
4649189
4649191
4649201
4649207
4649209
4649219
4649231
4649261
4649269
4649291
4649303
4649311
4649339
4649341
4649353
4649371
4649399
4649401
4649413
4649417
4649431
4649459
4649467
4649497
4649503
4649507
4649521
4649527
4649537
4649539
4649549
4649573
4649581
4649587
4649591
4649609
4649621
4649629
4649651
4649677
4649681
4649683
4649693
4649741
4649747
4649759
4649779
4649797
4649803
4649809
4649819
4649863
4649873
4649893
4649903
4649923
4649929
4649941
4649963
4649971
4650007
4650011
4650017
4650029
4650053
4650077
4650101
4650109
4650131
4650137
4650169
4650187
4650199
4650253
4650259
4650281
4650311
4650323
4650337
4650389
4650391
4650427
4650461
4650463
4650467
4650479
4650487
4650491
4650511
4650521
4650551
4650559
4650587
4650601
4650617
4650637
4650647
4650661
4650677
4650689
4650691
4650719
4650727
4650749
4650781
4650797
4650827
4650847
4650851
4650857
4650869
4650871
4650883
4650887
4650901
4650907
4650931
4650983
4651001
4651007
4651019
4651021
4651027
4651033
4651043
4651061
4651063
4651091
4651093
4651099
4651133
4651169
4651177
4651187
4651201
4651249
4651259
4651277
4651289
4651291
4651301
4651303
4651321
4651331
4651343
4651349
4651369
4651373
4651391
4651399
4651429
4651453
4651459
4651463
4651469
4651483
4651499
4651511
4651547
4651553
4651579
4651597
4651601
4651607
4651639
4651663
4651709
4651711
4651721
4651729
4651733
4651739
4651741
4651769
4651771
4651781
4651807
4651811
4651813
4651831
4651837
4651841
4651859
4651873
4651909
4651939
4651963
4651967
4651981
4651987
4652027
4652029
4652099
4652117
4652129
4652149
4652173
4652189
4652239
4652251
4652273
4652293
4652303
4652309
4652317
4652353
4652507
4652513
4652521
4652533
4652551
4652567
4652579
4652581
4652603
4652617
4652623
There are 1660 prime numbers in S359.
