S36(45361~47952)
45361
45377
45389
45403
45413
45427
45433
45439
45481
45491
45497
45503
45523
45533
45541
45553
45557
45569
45587
45589
45599
45613
45631
45641
45659
45667
45673
45677
45691
45697
45707
45737
45751
45757
45763
45767
45779
45817
45821
45823
45827
45833
45841
45853
45863
45869
45887
45893
45943
45949
45953
45959
45971
45979
45989
46021
46027
46049
46051
46061
46073
46091
46093
46099
46103
46133
46141
46147
46153
46171
46181
46183
46187
46199
46219
46229
46237
46261
46271
46273
46279
46301
46307
46309
46327
46337
46349
46351
46381
46399
46411
46439
46441
46447
46451
46457
46471
46477
46489
46499
46507
46511
46523
46549
46559
46567
46573
46589
46591
46601
46619
46633
46639
46643
46649
46663
46679
46681
46687
46691
46703
46723
46727
46747
46751
46757
46769
46771
46807
46811
46817
46819
46829
46831
46853
46861
46867
46877
46889
46901
46919
46933
46957
46993
46997
47017
47041
47051
47057
47059
47087
47093
47111
47119
47123
47129
47137
47143
47147
47149
47161
47189
47207
47221
47237
47251
47269
47279
47287
47293
47297
47303
47309
47317
47339
47351
47353
47363
47381
47387
47389
47407
47417
47419
47431
47441
47459
47491
47497
47501
47507
47513
47521
47527
47533
47543
47563
47569
47581
47591
47599
47609
47623
47629
47639
47653
47657
47659
47681
47699
47701
47711
47713
47717
47737
47741
47743
47777
47779
47791
47797
47807
47809
47819
47837
47843
47857
47869
47881
47903
47911
47917
47933
47939
47947
47951
There are 236 prime numbers in S36.
