S360(4652641~4678560)
4652677
4652689
4652699
4652719
4652723
4652737
4652741
4652743
4652749
4652771
4652783
4652807
4652827
4652833
4652839
4652881
4652887
4652909
4652911
4652927
4652933
4652939
4652941
4652957
4652971
4652981
4653017
4653031
4653041
4653059
4653071
4653113
4653139
4653151
4653169
4653191
4653197
4653211
4653221
4653247
4653277
4653281
4653287
4653293
4653301
4653307
4653343
4653349
4653353
4653401
4653403
4653413
4653421
4653433
4653443
4653449
4653457
4653491
4653497
4653511
4653533
4653547
4653577
4653587
4653647
4653667
4653673
4653697
4653703
4653707
4653713
4653739
4653757
4653763
4653793
4653827
4653829
4653853
4653863
4653881
4653907
4653911
4653919
4653923
4653941
4653953
4653977
4653989
4654009
4654043
4654049
4654051
4654063
4654099
4654103
4654109
4654129
4654147
4654163
4654187
4654201
4654207
4654213
4654217
4654229
4654231
4654241
4654271
4654291
4654319
4654327
4654337
4654339
4654343
4654381
4654387
4654399
4654417
4654421
4654439
4654453
4654459
4654469
4654477
4654493
4654541
4654543
4654567
4654577
4654591
4654597
4654603
4654609
4654631
4654649
4654669
4654697
4654709
4654721
4654729
4654733
4654747
4654781
4654799
4654801
4654807
4654813
4654817
4654843
4654907
4654919
4654963
4655009
4655029
4655033
4655047
4655069
4655071
4655111
4655113
4655129
4655143
4655173
4655201
4655213
4655251
4655279
4655317
4655333
4655369
4655381
4655383
4655389
4655411
4655419
4655461
4655471
4655473
4655503
4655507
4655531
4655533
4655537
4655561
4655579
4655587
4655593
4655597
4655617
4655657
4655659
4655663
4655687
4655723
4655737
4655743
4655753
4655767
4655789
4655801
4655809
4655831
4655851
4655869
4655873
4655881
4655887
4655899
4655923
4655927
4655929
4655933
4655957
4655971
4656053
4656061
4656077
4656089
4656139
4656151
4656163
4656167
4656173
4656187
4656193
4656203
4656227
4656229
4656241
4656263
4656331
4656343
4656367
4656397
4656409
4656467
4656469
4656481
4656503
4656517
4656529
4656551
4656563
4656581
4656607
4656629
4656643
4656661
4656703
4656721
4656763
4656779
4656797
4656809
4656823
4656853
4656859
4656877
4656887
4656893
4656937
4656947
4656973
4656979
4656983
4656989
4657001
4657007
4657019
4657021
4657039
4657049
4657061
4657117
4657123
4657141
4657151
4657171
4657187
4657189
4657193
4657199
4657229
4657241
4657267
4657291
4657297
4657321
4657343
4657349
4657361
4657363
4657381
4657397
4657417
4657423
4657427
4657441
4657453
4657493
4657537
4657547
4657553
4657561
4657567
4657571
4657577
4657579
4657607
4657613
4657621
4657687
4657691
4657703
4657727
4657729
4657739
4657769
4657771
4657787
4657789
4657811
4657823
4657853
4657879
4657883
4657901
4657909
4657921
4657927
4657931
4657957
4657963
4657981
4657987
4657997
4657999
4658047
4658053
4658099
4658107
4658141
4658149
4658161
4658177
4658197
4658207
4658237
4658279
4658281
4658321
4658327
4658341
4658359
4658383
4658389
4658399
4658419
4658431
4658447
4658483
4658497
4658503
4658513
4658539
4658557
4658567
4658569
4658579
4658597
4658603
4658611
4658617
4658623
4658653
4658659
4658671
4658677
4658701
4658713
4658723
4658729
4658737
4658767
4658777
4658779
4658791
4658809
4658831
4658837
4658869
4658893
4658911
4658917
4658923
4658939
4658947
4658957
4658963
4658989
4659013
4659023
4659043
4659049
4659059
4659073
4659131
4659181
4659197
4659203
4659209
4659211
4659223
4659229
4659257
4659287
4659293
4659307
4659311
4659323
4659367
4659443
4659449
4659451
4659469
4659481
4659491
4659493
4659497
4659511
4659569
4659587
4659619
4659623
4659637
4659647
4659673
4659679
4659689
4659719
4659727
4659763
4659793
4659797
4659803
4659833
4659841
4659847
4659857
4659871
4659877
4659881
4659899
4659901
4659911
4659913
4659929
4659947
4659979
4660001
4660009
4660043
4660067
4660079
4660087
4660093
4660127
4660133
4660147
4660151
4660153
4660157
4660169
4660177
4660189
4660219
4660223
4660259
4660267
4660277
4660291
4660303
4660309
4660321
4660349
4660361
4660423
4660427
4660433
4660457
4660471
4660489
4660493
4660501
4660507
4660517
4660541
4660543
4660547
4660549
4660573
4660577
4660589
4660597
4660627
4660637
4660687
4660693
4660709
4660717
4660723
4660729
4660741
4660759
4660769
4660781
4660783
4660801
4660807
4660861
4660867
4660879
4660889
4660919
4660933
4660951
4660961
4660969
4660993
4661011
4661017
4661029
4661039
4661053
4661057
4661089
4661093
4661113
4661117
4661119
4661161
4661183
4661207
4661231
4661233
4661263
4661291
4661299
4661303
4661309
4661317
4661323
4661333
4661347
4661351
4661353
4661359
4661399
4661429
4661443
4661477
4661491
4661497
4661513
4661537
4661539
4661543
4661551
4661557
4661567
4661581
4661609
4661639
4661651
4661693
4661717
4661719
4661729
4661743
4661747
4661773
4661777
4661807
4661819
4661849
4661851
4661863
4661887
4661911
4661941
4661959
4661983
4661989
4662019
4662023
4662067
4662083
4662101
4662109
4662113
4662137
4662149
4662167
4662179
4662181
4662197
4662209
4662221
4662223
4662227
4662241
4662263
4662269
4662271
4662293
4662299
4662319
4662331
4662337
4662341
4662347
4662349
4662373
4662377
4662389
4662401
4662419
4662433
4662451
4662457
4662461
4662487
4662503
4662527
4662529
4662547
4662557
4662571
4662587
4662601
4662611
4662631
4662653
4662661
4662667
4662673
4662689
4662773
4662821
4662863
4662871
4662893
4662899
4662919
4662967
4662979
4663003
4663007
4663013
4663019
4663039
4663063
4663079
4663111
4663121
4663157
4663163
4663177
4663201
4663223
4663231
4663249
4663259
4663277
4663279
4663283
4663289
4663297
4663327
4663331
4663339
4663349
4663363
4663367
4663427
4663429
4663433
4663441
4663447
4663499
4663501
4663507
4663513
4663541
4663543
4663553
4663573
4663579
4663583
4663597
4663601
4663613
4663621
4663643
4663649
4663657
4663691
4663697
4663699
4663717
4663727
4663741
4663781
4663787
4663793
4663801
4663807
4663817
4663847
4663859
4663913
4663921
4663927
4663931
4663969
4663973
4663979
4663991
4664003
4664017
4664057
4664059
4664083
4664087
4664089
4664111
4664113
4664117
4664129
4664131
4664141
4664173
4664197
4664213
4664221
4664227
4664249
4664263
4664279
4664287
4664311
4664321
4664323
4664357
4664381
4664393
4664399
4664419
4664431
4664441
4664449
4664453
4664459
4664467
4664497
4664507
4664521
4664531
4664533
4664567
4664573
4664581
4664591
4664593
4664603
4664641
4664657
4664659
4664669
4664687
4664707
4664711
4664789
4664801
4664809
4664813
4664819
4664839
4664867
4664909
4664917
4664921
4664927
4664951
4664971
4664977
4664993
4665019
4665047
4665049
4665109
4665119
4665139
4665149
4665161
4665163
4665169
4665209
4665247
4665263
4665281
4665299
4665301
4665313
4665319
4665329
4665373
4665377
4665379
4665413
4665449
4665461
4665467
4665473
4665487
4665499
4665509
4665533
4665539
4665547
4665553
4665653
4665673
4665719
4665721
4665733
4665751
4665761
4665767
4665799
4665833
4665847
4665851
4665863
4665877
4665889
4665893
4665901
4665911
4665917
4665919
4665931
4665937
4665967
4665971
4665979
4666021
4666031
4666037
4666069
4666117
4666121
4666127
4666139
4666141
4666159
4666183
4666219
4666223
4666243
4666247
4666253
4666261
4666273
4666283
4666289
4666297
4666327
4666373
4666393
4666397
4666421
4666423
4666433
4666463
4666471
4666499
4666549
4666553
4666559
4666589
4666633
4666637
4666639
4666643
4666663
4666667
4666679
4666681
4666691
4666693
4666741
4666777
4666801
4666807
4666813
4666819
4666867
4666873
4666877
4666889
4666903
4666931
4666943
4666967
4666973
4666979
4666997
4667017
4667023
4667041
4667051
4667063
4667101
4667107
4667111
4667161
4667189
4667209
4667251
4667261
4667269
4667303
4667309
4667323
4667363
4667371
4667381
4667387
4667389
4667393
4667417
4667423
4667437
4667449
4667471
4667473
4667477
4667527
4667539
4667567
4667569
4667573
4667581
4667591
4667599
4667603
4667609
4667623
4667629
4667647
4667653
4667669
4667681
4667687
4667699
4667731
4667743
4667771
4667777
4667791
4667797
4667807
4667813
4667821
4667851
4667881
4667893
4667921
4667933
4667947
4667963
4667969
4667981
4667983
4667989
4668023
4668049
4668061
4668071
4668107
4668109
4668113
4668121
4668133
4668163
4668199
4668211
4668221
4668229
4668233
4668247
4668283
4668299
4668331
4668337
4668371
4668373
4668397
4668407
4668409
4668413
4668427
4668431
4668439
4668451
4668457
4668473
4668479
4668481
4668487
4668491
4668511
4668527
4668529
4668539
4668541
4668551
4668571
4668577
4668581
4668583
4668589
4668637
4668641
4668679
4668683
4668691
4668721
4668733
4668749
4668767
4668773
4668779
4668787
4668791
4668799
4668803
4668827
4668877
4668883
4668899
4668907
4668943
4668947
4668949
4668953
4668973
4668991
4668997
4669009
4669013
4669019
4669037
4669051
4669061
4669109
4669111
4669139
4669157
4669177
4669187
4669199
4669211
4669229
4669243
4669277
4669279
4669283
4669303
4669321
4669333
4669351
4669369
4669381
4669387
4669393
4669411
4669429
4669447
4669463
4669471
4669477
4669481
4669501
4669507
4669517
4669519
4669523
4669537
4669549
4669559
4669583
4669589
4669627
4669681
4669697
4669703
4669729
4669751
4669799
4669811
4669813
4669817
4669823
4669831
4669853
4669879
4669891
4669913
4669949
4669961
4669963
4669979
4670009
4670033
4670041
4670051
4670059
4670089
4670093
4670111
4670129
4670179
4670191
4670203
4670207
4670213
4670227
4670293
4670297
4670317
4670353
4670377
4670387
4670411
4670423
4670431
4670441
4670459
4670507
4670509
4670513
4670527
4670573
4670591
4670609
4670639
4670641
4670651
4670663
4670671
4670681
4670683
4670707
4670737
4670749
4670753
4670773
4670779
4670791
4670797
4670807
4670819
4670849
4670851
4670857
4670867
4670873
4670879
4670891
4670893
4670923
4670929
4670957
4670959
4670969
4670989
4670999
4671011
4671013
4671031
4671071
4671077
4671097
4671101
4671109
4671113
4671137
4671151
4671167
4671193
4671203
4671223
4671257
4671259
4671269
4671281
4671301
4671341
4671347
4671353
4671383
4671389
4671427
4671439
4671449
4671463
4671467
4671479
4671493
4671503
4671517
4671529
4671539
4671547
4671571
4671613
4671647
4671671
4671677
4671683
4671703
4671707
4671713
4671749
4671757
4671761
4671763
4671767
4671773
4671803
4671809
4671817
4671833
4671839
4671857
4671859
4671869
4671893
4671899
4671913
4671937
4671973
4671983
4672001
4672009
4672021
4672037
4672039
4672049
4672097
4672099
4672117
4672121
4672141
4672147
4672177
4672181
4672189
4672201
4672231
4672253
4672273
4672301
4672303
4672307
4672333
4672357
4672373
4672441
4672453
4672463
4672469
4672487
4672489
4672523
4672529
4672531
4672553
4672561
4672573
4672579
4672597
4672607
4672621
4672627
4672631
4672649
4672667
4672669
4672687
4672699
4672709
4672747
4672751
4672757
4672769
4672813
4672823
4672873
4672883
4672891
4672907
4672919
4672937
4672951
4672963
4673003
4673023
4673029
4673051
4673077
4673099
4673131
4673143
4673159
4673171
4673173
4673189
4673191
4673237
4673261
4673287
4673309
4673323
4673327
4673329
4673353
4673399
4673401
4673407
4673413
4673429
4673441
4673443
4673447
4673477
4673483
4673489
4673491
4673497
4673503
4673509
4673519
4673527
4673551
4673569
4673609
4673621
4673629
4673651
4673659
4673681
4673693
4673701
4673707
4673723
4673731
4673737
4673741
4673783
4673789
4673833
4673849
4673863
4673897
4673909
4673917
4673923
4673927
4673939
4673957
4673983
4673989
4674023
4674049
4674067
4674071
4674077
4674091
4674101
4674113
4674127
4674151
4674161
4674169
4674181
4674199
4674217
4674223
4674233
4674239
4674251
4674253
4674289
4674347
4674349
4674353
4674367
4674377
4674391
4674403
4674407
4674421
4674433
4674443
4674463
4674503
4674517
4674529
4674557
4674563
4674581
4674587
4674647
4674661
4674671
4674673
4674739
4674767
4674793
4674797
4674821
4674833
4674841
4674863
4674883
4674889
4674899
4674907
4674919
4674941
4674947
4674959
4674961
4674973
4674991
4675037
4675063
4675091
4675093
4675103
4675117
4675123
4675129
4675133
4675147
4675157
4675163
4675169
4675171
4675199
4675207
4675217
4675241
4675243
4675247
4675249
4675267
4675277
4675291
4675309
4675313
4675343
4675361
4675369
4675373
4675379
4675397
4675403
4675423
4675439
4675453
4675477
4675481
4675487
4675507
4675511
4675523
4675547
4675571
4675591
4675597
4675603
4675609
4675613
4675631
4675633
4675667
4675669
4675679
4675703
4675709
4675717
4675733
4675751
4675753
4675771
4675787
4675813
4675817
4675841
4675849
4675859
4675861
4675883
4675897
4675921
4675933
4675939
4675943
4675961
4675963
4676011
4676029
4676041
4676051
4676057
4676059
4676081
4676093
4676101
4676117
4676141
4676159
4676179
4676201
4676213
4676219
4676227
4676233
4676237
4676239
4676249
4676297
4676311
4676317
4676323
4676333
4676339
4676351
4676369
4676387
4676407
4676417
4676437
4676447
4676449
4676461
4676473
4676491
4676537
4676587
4676593
4676657
4676669
4676671
4676713
4676729
4676741
4676759
4676761
4676767
4676779
4676783
4676803
4676807
4676827
4676839
4676849
4676851
4676941
4676951
4676953
4676963
4677011
4677019
4677031
4677083
4677089
4677121
4677137
4677139
4677161
4677191
4677199
4677241
4677247
4677263
4677269
4677289
4677301
4677313
4677319
4677331
4677341
4677359
4677383
4677389
4677391
4677427
4677433
4677443
4677451
4677457
4677467
4677473
4677479
4677481
4677493
4677509
4677521
4677523
4677529
4677587
4677599
4677619
4677623
4677653
4677677
4677679
4677691
4677709
4677713
4677779
4677817
4677821
4677847
4677853
4677859
4677877
4677889
4677899
4677917
4677919
4677923
4677943
4677973
4677989
4677991
4678031
4678033
4678049
4678057
4678061
4678073
4678103
4678109
4678133
4678181
4678183
4678187
4678211
4678217
4678231
4678249
4678259
4678283
4678319
4678321
4678327
4678337
4678343
4678381
4678397
4678477
4678481
4678501
4678537
4678547
4678549
There are 1682 prime numbers in S360.
