S363(4730617~4756752)
4730647
4730653
4730689
4730699
4730701
4730707
4730711
4730717
4730723
4730729
4730771
4730779
4730807
4730809
4730813
4730819
4730821
4730837
4730839
4730851
4730861
4730863
4730897
4730909
4730923
4730933
4730951
4730953
4730959
4730963
4730969
4730987
4730993
4731011
4731037
4731043
4731053
4731059
4731061
4731091
4731101
4731109
4731119
4731163
4731173
4731191
4731211
4731239
4731241
4731271
4731281
4731289
4731299
4731319
4731341
4731367
4731371
4731373
4731383
4731403
4731409
4731431
4731439
4731451
4731479
4731481
4731487
4731527
4731539
4731541
4731557
4731577
4731599
4731613
4731637
4731659
4731679
4731689
4731691
4731697
4731707
4731719
4731733
4731751
4731821
4731833
4731847
4731889
4731907
4731929
4731941
4731943
4731971
4731973
4731983
4731989
4732003
4732019
4732027
4732031
4732033
4732037
4732061
4732067
4732073
4732081
4732087
4732093
4732109
4732139
4732157
4732163
4732177
4732183
4732187
4732199
4732229
4732237
4732241
4732271
4732297
4732303
4732309
4732313
4732333
4732361
4732369
4732393
4732417
4732433
4732447
4732459
4732471
4732489
4732499
4732513
4732543
4732547
4732561
4732583
4732591
4732601
4732603
4732619
4732621
4732639
4732643
4732649
4732657
4732661
4732667
4732669
4732703
4732711
4732751
4732757
4732769
4732837
4732841
4732867
4732877
4732891
4732901
4732927
4732979
4732991
4732993
4733011
4733017
4733023
4733063
4733083
4733093
4733117
4733129
4733167
4733189
4733203
4733207
4733221
4733233
4733237
4733243
4733251
4733257
4733263
4733269
4733273
4733279
4733291
4733317
4733329
4733341
4733347
4733353
4733369
4733371
4733381
4733387
4733389
4733401
4733411
4733419
4733437
4733441
4733461
4733471
4733473
4733479
4733501
4733507
4733513
4733537
4733549
4733563
4733587
4733591
4733611
4733623
4733627
4733639
4733647
4733681
4733689
4733719
4733723
4733753
4733767
4733789
4733797
4733809
4733843
4733851
4733857
4733863
4733867
4733881
4733893
4733903
4733941
4733951
4733959
4733969
4733987
4734017
4734029
4734031
4734043
4734061
4734073
4734091
4734139
4734151
4734167
4734193
4734203
4734217
4734253
4734259
4734299
4734319
4734329
4734349
4734383
4734397
4734407
4734427
4734461
4734463
4734469
4734487
4734503
4734523
4734529
4734547
4734559
4734563
4734571
4734581
4734589
4734593
4734623
4734647
4734671
4734673
4734677
4734679
4734701
4734703
4734727
4734749
4734767
4734787
4734791
4734797
4734799
4734811
4734817
4734833
4734839
4734841
4734871
4734893
4734911
4734929
4734937
4734949
4734979
4734991
4734997
4735037
4735043
4735063
4735103
4735121
4735127
4735147
4735151
4735153
4735169
4735177
4735189
4735193
4735201
4735229
4735253
4735267
4735271
4735273
4735301
4735319
4735331
4735349
4735361
4735363
4735387
4735417
4735433
4735441
4735453
4735481
4735513
4735531
4735559
4735561
4735573
4735589
4735609
4735651
4735669
4735681
4735697
4735699
4735711
4735727
4735733
4735751
4735793
4735799
4735817
4735823
4735849
4735859
4735867
4735879
4735909
4735919
4735931
4735933
4735937
4735967
4735987
4735993
4736023
4736041
4736051
4736057
4736071
4736093
4736099
4736131
4736153
4736177
4736189
4736231
4736243
4736257
4736261
4736269
4736299
4736311
4736323
4736341
4736351
4736357
4736359
4736383
4736401
4736429
4736437
4736441
4736447
4736449
4736477
4736497
4736507
4736513
4736531
4736573
4736581
4736647
4736653
4736701
4736713
4736717
4736723
4736729
4736731
4736737
4736749
4736759
4736779
4736789
4736791
4736803
4736807
4736819
4736839
4736843
4736861
4736881
4736887
4736891
4736903
4736911
4736929
4736939
4736957
4736983
4736993
4737037
4737053
4737071
4737097
4737107
4737113
4737119
4737127
4737133
4737143
4737151
4737163
4737217
4737223
4737233
4737253
4737277
4737283
4737301
4737307
4737311
4737319
4737329
4737347
4737349
4737367
4737371
4737377
4737409
4737413
4737433
4737437
4737449
4737461
4737487
4737493
4737497
4737521
4737529
4737533
4737539
4737541
4737547
4737569
4737581
4737599
4737619
4737661
4737671
4737721
4737727
4737731
4737743
4737749
4737763
4737767
4737769
4737779
4737787
4737797
4737827
4737847
4737851
4737899
4737907
4737911
4737923
4737949
4737959
4737979
4738003
4738007
4738021
4738031
4738057
4738061
4738073
4738079
4738099
4738141
4738157
4738169
4738177
4738193
4738241
4738249
4738259
4738273
4738289
4738303
4738351
4738361
4738367
4738369
4738379
4738403
4738421
4738423
4738439
4738451
4738453
4738457
4738463
4738477
4738523
4738537
4738549
4738561
4738577
4738583
4738589
4738603
4738607
4738609
4738651
4738777
4738781
4738793
4738807
4738817
4738831
4738837
4738841
4738871
4738873
4738883
4738891
4738933
4738949
4738957
4738969
4738991
4739017
4739023
4739027
4739041
4739047
4739089
4739099
4739117
4739143
4739153
4739171
4739183
4739213
4739221
4739237
4739239
4739257
4739279
4739291
4739297
4739327
4739363
4739377
4739381
4739407
4739443
4739473
4739479
4739489
4739491
4739509
4739521
4739563
4739573
4739593
4739599
4739659
4739687
4739689
4739699
4739717
4739729
4739743
4739803
4739831
4739837
4739857
4739879
4739893
4739899
4739929
4739947
4739989
4740023
4740037
4740053
4740077
4740089
4740097
4740103
4740143
4740149
4740157
4740167
4740193
4740199
4740217
4740223
4740227
4740247
4740257
4740259
4740271
4740287
4740289
4740299
4740319
4740349
4740353
4740361
4740383
4740389
4740397
4740409
4740413
4740419
4740469
4740499
4740509
4740511
4740521
4740523
4740559
4740583
4740623
4740641
4740643
4740647
4740649
4740653
4740667
4740679
4740683
4740713
4740721
4740727
4740731
4740779
4740787
4740803
4740817
4740887
4740893
4740907
4740961
4740971
4740979
4741003
4741019
4741039
4741049
4741057
4741067
4741073
4741081
4741097
4741111
4741129
4741133
4741169
4741183
4741207
4741229
4741237
4741259
4741267
4741271
4741301
4741307
4741333
4741339
4741361
4741397
4741403
4741441
4741447
4741459
4741463
4741483
4741511
4741547
4741553
4741559
4741577
4741579
4741601
4741603
4741613
4741643
4741673
4741679
4741717
4741721
4741727
4741733
4741747
4741753
4741769
4741787
4741801
4741813
4741829
4741837
4741859
4741879
4741897
4741901
4741931
4741951
4741969
4741973
4741991
4742011
4742021
4742027
4742029
4742047
4742057
4742063
4742081
4742107
4742113
4742119
4742131
4742137
4742141
4742147
4742173
4742189
4742197
4742207
4742219
4742239
4742251
4742261
4742273
4742279
4742317
4742321
4742329
4742351
4742357
4742359
4742377
4742383
4742407
4742417
4742431
4742443
4742447
4742467
4742471
4742483
4742489
4742519
4742557
4742603
4742611
4742641
4742651
4742671
4742681
4742687
4742693
4742701
4742707
4742713
4742719
4742753
4742809
4742821
4742827
4742831
4742861
4742873
4742887
4742891
4742897
4742909
4742939
4742953
4742957
4742971
4742977
4742981
4743001
4743007
4743019
4743041
4743049
4743073
4743091
4743107
4743113
4743133
4743139
4743149
4743161
4743191
4743197
4743199
4743223
4743241
4743247
4743257
4743281
4743283
4743307
4743311
4743317
4743329
4743337
4743383
4743461
4743469
4743503
4743509
4743587
4743593
4743601
4743623
4743637
4743671
4743677
4743691
4743701
4743703
4743707
4743709
4743719
4743737
4743743
4743769
4743779
4743797
4743821
4743839
4743841
4743847
4743857
4743859
4743883
4743887
4743923
4743941
4743953
4743971
4743983
4743989
4744001
4744021
4744027
4744057
4744063
4744093
4744097
4744099
4744109
4744111
4744127
4744163
4744171
4744183
4744199
4744211
4744213
4744219
4744237
4744247
4744261
4744277
4744297
4744301
4744307
4744331
4744349
4744373
4744379
4744387
4744391
4744393
4744409
4744423
4744459
4744469
4744511
4744543
4744573
4744589
4744591
4744609
4744639
4744657
4744669
4744703
4744711
4744741
4744787
4744793
4744811
4744837
4744849
4744897
4744907
4744913
4744937
4744963
4744997
4745021
4745029
4745047
4745051
4745063
4745071
4745087
4745089
4745099
4745123
4745131
4745137
4745149
4745177
4745189
4745197
4745243
4745267
4745281
4745303
4745317
4745339
4745369
4745401
4745413
4745423
4745441
4745467
4745491
4745513
4745537
4745539
4745551
4745561
4745579
4745591
4745593
4745597
4745603
4745623
4745641
4745651
4745681
4745683
4745701
4745707
4745729
4745743
4745749
4745761
4745773
4745813
4745833
4745837
4745849
4745869
4745891
4745903
4745911
4745921
4745929
4745957
4745963
4745987
4746011
4746017
4746031
4746041
4746047
4746059
4746061
4746089
4746139
4746149
4746151
4746163
4746173
4746191
4746229
4746233
4746239
4746251
4746253
4746263
4746271
4746289
4746299
4746311
4746341
4746359
4746377
4746407
4746419
4746431
4746437
4746457
4746473
4746493
4746499
4746551
4746559
4746569
4746571
4746589
4746607
4746617
4746647
4746649
4746659
4746667
4746673
4746683
4746701
4746737
4746739
4746743
4746769
4746773
4746787
4746799
4746803
4746817
4746821
4746823
4746877
4746881
4746919
4746983
4746997
4747009
4747033
4747073
4747079
4747091
4747121
4747129
4747153
4747159
4747181
4747217
4747229
4747231
4747241
4747279
4747291
4747297
4747313
4747331
4747339
4747343
4747357
4747381
4747427
4747441
4747451
4747481
4747487
4747489
4747493
4747531
4747537
4747559
4747577
4747583
4747597
4747601
4747609
4747651
4747657
4747661
4747667
4747669
4747679
4747703
4747727
4747741
4747747
4747751
4747753
4747819
4747829
4747871
4747889
4747903
4747927
4747933
4747937
4747943
4747949
4747957
4747961
4747969
4747973
4747997
4747999
4748011
4748033
4748039
4748047
4748063
4748071
4748077
4748113
4748123
4748131
4748153
4748171
4748201
4748207
4748209
4748221
4748231
4748279
4748299
4748351
4748371
4748377
4748399
4748407
4748411
4748413
4748437
4748449
4748467
4748477
4748479
4748483
4748503
4748509
4748519
4748521
4748531
4748563
4748581
4748587
4748591
4748621
4748629
4748633
4748647
4748683
4748699
4748707
4748713
4748719
4748749
4748753
4748771
4748813
4748819
4748827
4748867
4748903
4748929
4748941
4748957
4748999
4749013
4749029
4749037
4749047
4749053
4749083
4749091
4749097
4749131
4749139
4749179
4749191
4749193
4749203
4749223
4749229
4749253
4749257
4749263
4749271
4749289
4749299
4749377
4749391
4749421
4749427
4749463
4749467
4749497
4749499
4749527
4749529
4749551
4749557
4749571
4749581
4749593
4749607
4749629
4749631
4749637
4749659
4749671
4749691
4749709
4749751
4749757
4749761
4749763
4749779
4749781
4749793
4749803
4749827
4749839
4749853
4749883
4749907
4749911
4749967
4749989
4749991
4750001
4750003
4750013
4750063
4750069
4750073
4750087
4750091
4750103
4750117
4750127
4750129
4750159
4750169
4750189
4750199
4750217
4750241
4750279
4750297
4750303
4750307
4750313
4750363
4750373
4750379
4750387
4750391
4750411
4750423
4750439
4750457
4750477
4750517
4750561
4750579
4750609
4750631
4750639
4750643
4750651
4750661
4750679
4750699
4750717
4750723
4750729
4750771
4750787
4750789
4750813
4750819
4750829
4750831
4750841
4750847
4750849
4750853
4750861
4750873
4750877
4750891
4750919
4750927
4750951
4750987
4750997
4751011
4751017
4751051
4751053
4751057
4751077
4751101
4751111
4751137
4751161
4751167
4751209
4751213
4751221
4751231
4751237
4751261
4751267
4751269
4751293
4751303
4751333
4751359
4751393
4751441
4751459
4751477
4751479
4751489
4751491
4751519
4751557
4751567
4751599
4751611
4751627
4751641
4751657
4751701
4751713
4751723
4751741
4751743
4751749
4751753
4751779
4751783
4751807
4751809
4751849
4751893
4751909
4751917
4751951
4752001
4752017
4752019
4752031
4752043
4752047
4752067
4752089
4752091
4752113
4752131
4752133
4752157
4752161
4752173
4752179
4752193
4752199
4752221
4752229
4752247
4752257
4752263
4752277
4752289
4752301
4752313
4752323
4752347
4752359
4752361
4752379
4752409
4752431
4752443
4752481
4752521
4752551
4752569
4752577
4752581
4752599
4752623
4752677
4752691
4752731
4752733
4752739
4752767
4752773
4752791
4752817
4752821
4752823
4752841
4752851
4752871
4752887
4752899
4752901
4752929
4752931
4752949
4752977
4753003
4753009
4753033
4753037
4753051
4753061
4753087
4753109
4753121
4753123
4753127
4753159
4753169
4753201
4753207
4753213
4753219
4753267
4753277
4753289
4753313
4753393
4753403
4753423
4753429
4753459
4753537
4753543
4753549
4753561
4753577
4753589
4753601
4753613
4753643
4753657
4753681
4753711
4753739
4753741
4753753
4753787
4753789
4753813
4753823
4753831
4753841
4753849
4753877
4753891
4753901
4753919
4753921
4753927
4753937
4753961
4753963
4753981
4753993
4753997
4754011
4754017
4754021
4754027
4754039
4754051
4754053
4754063
4754083
4754107
4754111
4754131
4754147
4754149
4754159
4754177
4754227
4754273
4754287
4754303
4754317
4754329
4754333
4754357
4754359
4754371
4754413
4754429
4754437
4754443
4754447
4754459
4754479
4754507
4754513
4754531
4754549
4754551
4754591
4754597
4754599
4754609
4754621
4754623
4754627
4754653
4754663
4754669
4754677
4754681
4754741
4754779
4754791
4754837
4754851
4754861
4754863
4754903
4754909
4754929
4754933
4754947
4754957
4754963
4754977
4754993
4754999
4755013
4755017
4755031
4755061
4755067
4755077
4755103
4755119
4755137
4755143
4755151
4755173
4755193
4755197
4755209
4755211
4755229
4755239
4755253
4755269
4755281
4755299
4755323
4755337
4755347
4755349
4755371
4755389
4755397
4755403
4755419
4755433
4755437
4755451
4755463
4755469
4755479
4755481
4755497
4755511
4755521
4755523
4755533
4755539
4755557
4755559
4755571
4755581
4755589
4755599
4755629
4755649
4755677
4755689
4755691
4755701
4755703
4755761
4755781
4755791
4755811
4755827
4755853
4755857
4755899
4755911
4755923
4755941
4755967
4755979
4756013
4756019
4756021
4756027
4756033
4756067
4756079
4756093
4756121
4756133
4756159
4756181
4756183
4756253
4756307
4756333
4756337
4756343
4756357
4756373
4756417
4756421
4756429
4756439
4756459
4756483
4756489
4756513
4756523
4756537
4756553
4756579
4756603
4756613
4756621
4756627
4756637
4756649
4756657
4756663
4756679
4756693
4756709
4756711
4756723
4756747
4756751
There are 1698 prime numbers in S363.
