S364(4756753~4782960)
4756769
4756771
4756793
4756811
4756819
4756847
4756853
4756867
4756877
4756891
4756901
4756931
4756937
4757009
4757033
4757041
4757057
4757101
4757117
4757119
4757147
4757153
4757173
4757177
4757183
4757197
4757209
4757231
4757267
4757273
4757281
4757309
4757323
4757339
4757341
4757351
4757359
4757383
4757393
4757411
4757419
4757447
4757449
4757453
4757461
4757471
4757491
4757507
4757521
4757531
4757549
4757551
4757561
4757567
4757591
4757593
4757609
4757647
4757659
4757677
4757707
4757713
4757723
4757743
4757749
4757759
4757777
4757783
4757861
4757869
4757881
4757887
4757899
4757957
4757971
4757983
4758007
4758023
4758031
4758041
4758043
4758049
4758071
4758073
4758077
4758101
4758107
4758121
4758157
4758167
4758179
4758197
4758209
4758223
4758239
4758269
4758277
4758301
4758323
4758343
4758367
4758373
4758389
4758437
4758443
4758449
4758503
4758511
4758517
4758553
4758557
4758571
4758587
4758617
4758619
4758629
4758643
4758653
4758659
4758661
4758673
4758679
4758701
4758707
4758713
4758727
4758731
4758737
4758749
4758751
4758757
4758791
4758799
4758811
4758821
4758823
4758833
4758847
4758857
4758863
4758893
4758913
4758931
4758937
4758959
4758961
4758973
4758991
4759003
4759009
4759021
4759081
4759093
4759109
4759123
4759127
4759129
4759163
4759169
4759171
4759189
4759193
4759217
4759231
4759301
4759309
4759327
4759331
4759351
4759357
4759373
4759387
4759397
4759411
4759427
4759429
4759441
4759457
4759463
4759477
4759493
4759543
4759553
4759561
4759571
4759577
4759583
4759591
4759607
4759621
4759637
4759639
4759661
4759663
4759679
4759697
4759721
4759723
4759739
4759751
4759753
4759787
4759793
4759817
4759837
4759841
4759871
4759901
4759903
4759907
4759913
4759927
4759933
4760003
4760009
4760023
4760027
4760039
4760047
4760069
4760071
4760099
4760101
4760117
4760123
4760137
4760167
4760177
4760183
4760201
4760209
4760213
4760219
4760227
4760233
4760237
4760243
4760251
4760269
4760281
4760291
4760311
4760347
4760363
4760369
4760419
4760429
4760443
4760449
4760467
4760543
4760579
4760597
4760603
4760617
4760627
4760647
4760653
4760687
4760689
4760713
4760719
4760759
4760761
4760779
4760783
4760801
4760807
4760809
4760851
4760881
4760891
4760893
4760927
4760929
4760939
4760941
4760981
4760999
4761007
4761013
4761019
4761041
4761059
4761061
4761079
4761083
4761101
4761109
4761121
4761137
4761143
4761151
4761203
4761209
4761217
4761223
4761247
4761269
4761283
4761301
4761311
4761313
4761319
4761329
4761349
4761373
4761397
4761403
4761413
4761431
4761469
4761487
4761499
4761509
4761511
4761517
4761521
4761527
4761551
4761553
4761557
4761563
4761583
4761619
4761629
4761643
4761661
4761677
4761689
4761697
4761703
4761727
4761733
4761763
4761769
4761773
4761791
4761803
4761811
4761857
4761917
4761923
4761947
4761971
4761973
4761979
4762013
4762031
4762039
4762073
4762099
4762111
4762117
4762133
4762151
4762187
4762211
4762213
4762231
4762237
4762253
4762259
4762267
4762271
4762309
4762321
4762327
4762333
4762337
4762361
4762367
4762399
4762441
4762451
4762469
4762477
4762489
4762493
4762501
4762507
4762523
4762547
4762579
4762613
4762663
4762721
4762727
4762733
4762741
4762763
4762777
4762783
4762799
4762801
4762811
4762841
4762843
4762859
4762867
4762889
4762913
4762943
4762949
4762957
4762969
4762997
4762999
4763021
4763041
4763071
4763081
4763089
4763107
4763117
4763123
4763131
4763137
4763149
4763159
4763197
4763201
4763203
4763207
4763233
4763237
4763249
4763267
4763273
4763299
4763321
4763327
4763329
4763333
4763351
4763359
4763387
4763393
4763399
4763401
4763443
4763449
4763459
4763477
4763527
4763531
4763557
4763581
4763609
4763641
4763653
4763659
4763663
4763683
4763701
4763753
4763789
4763797
4763809
4763833
4763839
4763849
4763879
4763923
4763929
4763933
4763939
4763959
4763971
4763981
4764037
4764043
4764103
4764121
4764143
4764181
4764187
4764203
4764211
4764217
4764229
4764239
4764257
4764293
4764311
4764317
4764337
4764341
4764371
4764373
4764391
4764401
4764407
4764413
4764433
4764469
4764481
4764493
4764509
4764511
4764517
4764521
4764547
4764559
4764563
4764577
4764581
4764583
4764619
4764629
4764631
4764667
4764673
4764689
4764691
4764707
4764713
4764751
4764757
4764769
4764779
4764791
4764821
4764853
4764857
4764869
4764901
4764911
4764923
4764937
4764967
4764983
4764989
4765003
4765021
4765027
4765039
4765051
4765063
4765069
4765073
4765087
4765093
4765099
4765109
4765121
4765127
4765129
4765133
4765141
4765157
4765171
4765183
4765199
4765207
4765213
4765223
4765249
4765331
4765339
4765361
4765379
4765391
4765399
4765417
4765427
4765451
4765463
4765469
4765487
4765499
4765511
4765529
4765543
4765573
4765583
4765597
4765603
4765609
4765613
4765619
4765633
4765667
4765687
4765693
4765697
4765699
4765721
4765727
4765741
4765757
4765759
4765769
4765771
4765781
4765793
4765801
4765829
4765837
4765841
4765867
4765879
4765883
4765897
4765907
4765927
4765931
4765939
4765973
4765987
4765997
4766009
4766029
4766057
4766059
4766071
4766087
4766107
4766117
4766123
4766147
4766189
4766213
4766261
4766263
4766287
4766297
4766299
4766309
4766329
4766351
4766369
4766371
4766381
4766383
4766387
4766423
4766431
4766459
4766491
4766501
4766533
4766539
4766557
4766561
4766563
4766611
4766621
4766627
4766633
4766651
4766689
4766711
4766717
4766719
4766753
4766761
4766791
4766803
4766807
4766837
4766843
4766863
4766887
4766899
4766903
4766917
4766941
4766977
4766981
4766999
4767013
4767017
4767019
4767053
4767067
4767079
4767083
4767121
4767143
4767151
4767167
4767173
4767179
4767181
4767197
4767229
4767239
4767241
4767253
4767277
4767299
4767311
4767331
4767337
4767341
4767353
4767379
4767383
4767391
4767409
4767419
4767421
4767431
4767449
4767457
4767473
4767479
4767481
4767493
4767527
4767533
4767569
4767589
4767611
4767617
4767643
4767649
4767661
4767673
4767757
4767761
4767773
4767779
4767781
4767799
4767817
4767823
4767853
4767899
4767947
4767949
4767953
4768003
4768019
4768021
4768033
4768051
4768063
4768067
4768073
4768087
4768091
4768097
4768129
4768133
4768139
4768163
4768171
4768193
4768207
4768219
4768223
4768237
4768243
4768271
4768273
4768307
4768331
4768339
4768349
4768369
4768391
4768397
4768403
4768417
4768427
4768459
4768471
4768481
4768493
4768501
4768507
4768529
4768541
4768549
4768583
4768607
4768609
4768627
4768633
4768661
4768663
4768679
4768681
4768693
4768703
4768727
4768747
4768763
4768769
4768783
4768801
4768817
4768831
4768849
4768861
4768873
4768877
4768879
4768901
4768909
4768913
4768921
4768927
4768937
4768961
4768969
4768987
4768991
4769047
4769053
4769059
4769081
4769111
4769113
4769117
4769153
4769159
4769201
4769207
4769213
4769227
4769239
4769269
4769273
4769279
4769291
4769339
4769351
4769357
4769377
4769447
4769449
4769459
4769473
4769519
4769521
4769539
4769549
4769573
4769581
4769593
4769623
4769647
4769657
4769669
4769693
4769711
4769719
4769759
4769767
4769771
4769789
4769867
4769873
4769879
4769881
4769887
4769903
4769909
4769917
4769923
4769957
4769959
4769971
4769977
4769987
4770011
4770019
4770023
4770037
4770043
4770061
4770067
4770071
4770079
4770097
4770109
4770127
4770163
4770173
4770191
4770221
4770253
4770263
4770281
4770287
4770313
4770317
4770323
4770329
4770343
4770347
4770379
4770397
4770401
4770427
4770431
4770439
4770443
4770449
4770487
4770509
4770511
4770517
4770527
4770541
4770551
4770569
4770581
4770593
4770599
4770611
4770629
4770631
4770643
4770671
4770677
4770713
4770737
4770763
4770793
4770827
4770839
4770841
4770851
4770911
4770929
4770967
4770971
4770977
4771001
4771021
4771037
4771049
4771069
4771093
4771121
4771159
4771163
4771171
4771177
4771181
4771229
4771243
4771267
4771279
4771289
4771297
4771307
4771321
4771331
4771381
4771391
4771397
4771411
4771433
4771439
4771447
4771463
4771493
4771519
4771541
4771549
4771567
4771579
4771589
4771619
4771633
4771687
4771699
4771709
4771763
4771777
4771813
4771817
4771829
4771841
4771843
4771873
4771889
4771891
4771903
4771909
4771939
4771967
4771973
4771993
4771997
4771999
4772057
4772069
4772071
4772077
4772107
4772111
4772137
4772143
4772147
4772177
4772179
4772191
4772227
4772237
4772281
4772309
4772323
4772353
4772381
4772387
4772399
4772413
4772437
4772459
4772479
4772483
4772489
4772503
4772507
4772513
4772531
4772557
4772561
4772623
4772653
4772659
4772671
4772683
4772717
4772731
4772759
4772771
4772797
4772821
4772837
4772839
4772861
4772863
4772909
4772939
4772951
4772953
4772993
4773019
4773049
4773053
4773059
4773061
4773089
4773133
4773143
4773157
4773169
4773173
4773191
4773203
4773227
4773229
4773239
4773257
4773269
4773283
4773289
4773331
4773359
4773383
4773403
4773409
4773449
4773451
4773479
4773497
4773499
4773523
4773529
4773533
4773553
4773557
4773599
4773607
4773611
4773641
4773701
4773707
4773709
4773737
4773739
4773757
4773767
4773773
4773779
4773793
4773809
4773823
4773829
4773833
4773841
4773859
4773863
4773877
4773887
4773913
4773929
4773941
4773953
4773961
4773983
4774001
4774051
4774069
4774123
4774129
4774151
4774171
4774177
4774181
4774199
4774201
4774249
4774261
4774267
4774283
4774321
4774349
4774351
4774361
4774379
4774387
4774391
4774411
4774417
4774423
4774439
4774459
4774463
4774477
4774489
4774499
4774513
4774519
4774543
4774559
4774571
4774579
4774597
4774613
4774619
4774663
4774667
4774673
4774687
4774699
4774709
4774723
4774727
4774733
4774747
4774751
4774753
4774769
4774793
4774801
4774817
4774829
4774831
4774843
4774859
4774867
4774873
4774877
4774883
4774921
4774949
4774951
4774967
4774969
4774993
4774999
4775027
4775039
4775051
4775063
4775077
4775087
4775093
4775119
4775123
4775131
4775143
4775159
4775167
4775171
4775201
4775207
4775219
4775231
4775233
4775293
4775297
4775299
4775321
4775339
4775357
4775359
4775369
4775371
4775377
4775383
4775413
4775417
4775423
4775431
4775437
4775443
4775447
4775461
4775489
4775497
4775503
4775539
4775543
4775549
4775569
4775591
4775621
4775647
4775653
4775681
4775689
4775711
4775713
4775723
4775741
4775747
4775791
4775809
4775819
4775839
4775843
4775851
4775863
4775887
4775909
4775917
4775921
4775933
4775941
4775951
4775959
4775977
4775993
4776001
4776017
4776029
4776073
4776113
4776127
4776137
4776143
4776151
4776173
4776209
4776217
4776221
4776223
4776251
4776287
4776313
4776323
4776347
4776403
4776451
4776461
4776481
4776487
4776491
4776517
4776521
4776523
4776529
4776539
4776599
4776601
4776637
4776641
4776647
4776671
4776679
4776683
4776689
4776691
4776713
4776721
4776749
4776767
4776769
4776803
4776833
4776839
4776841
4776853
4776857
4776887
4776907
4776929
4776931
4776953
4776977
4776979
4777001
4777009
4777027
4777043
4777057
4777061
4777063
4777081
4777099
4777103
4777139
4777163
4777183
4777207
4777211
4777217
4777219
4777237
4777247
4777249
4777273
4777277
4777351
4777363
4777433
4777453
4777463
4777469
4777471
4777481
4777499
4777501
4777517
4777523
4777559
4777567
4777573
4777621
4777679
4777681
4777711
4777723
4777727
4777733
4777739
4777769
4777781
4777789
4777793
4777807
4777811
4777819
4777823
4777831
4777891
4777907
4777909
4777933
4777939
4777943
4777961
4777967
4778009
4778021
4778027
4778029
4778041
4778051
4778077
4778107
4778113
4778119
4778129
4778153
4778167
4778171
4778183
4778197
4778231
4778237
4778303
4778311
4778339
4778341
4778357
4778381
4778383
4778387
4778399
4778407
4778413
4778429
4778437
4778441
4778453
4778467
4778483
4778489
4778491
4778539
4778567
4778569
4778593
4778603
4778611
4778659
4778663
4778693
4778701
4778713
4778723
4778729
4778731
4778759
4778777
4778783
4778791
4778803
4778827
4778831
4778833
4778843
4778863
4778869
4778927
4778933
4778953
4778981
4778993
4779029
4779037
4779067
4779079
4779107
4779119
4779143
4779157
4779163
4779191
4779199
4779209
4779221
4779251
4779277
4779337
4779343
4779347
4779349
4779353
4779371
4779427
4779433
4779443
4779449
4779491
4779497
4779503
4779517
4779521
4779547
4779553
4779557
4779563
4779589
4779631
4779661
4779701
4779743
4779757
4779769
4779779
4779799
4779829
4779851
4779871
4779877
4779889
4779913
4779949
4779953
4779959
4779961
4779979
4779989
4779991
4779997
4780007
4780033
4780037
4780051
4780079
4780081
4780093
4780117
4780133
4780151
4780177
4780183
4780187
4780199
4780201
4780241
4780261
4780283
4780291
4780337
4780361
4780379
4780397
4780403
4780409
4780411
4780427
4780429
4780453
4780459
4780463
4780471
4780483
4780487
4780499
4780507
4780513
4780543
4780549
4780561
4780597
4780637
4780639
4780649
4780663
4780667
4780669
4780673
4780681
4780687
4780693
4780703
4780729
4780739
4780751
4780771
4780777
4780781
4780819
4780823
4780861
4780871
4780877
4780891
4780903
4780931
4780933
4780939
4780943
4780949
4780957
4780967
4780973
4781009
4781011
4781017
4781039
4781047
4781057
4781089
4781111
4781129
4781137
4781167
4781173
4781191
4781197
4781237
4781243
4781323
4781333
4781341
4781351
4781383
4781389
4781411
4781417
4781429
4781431
4781443
4781449
4781489
4781507
4781519
4781527
4781531
4781551
4781561
4781587
4781611
4781629
4781653
4781659
4781663
4781669
4781671
4781731
4781737
4781747
4781759
4781761
4781767
4781783
4781807
4781831
4781837
4781867
4781873
4781911
4781923
4781929
4781941
4781951
4781963
4781971
4781983
4781989
4781993
4782023
4782061
4782077
4782097
4782101
4782103
4782119
4782121
4782131
4782133
4782143
4782161
4782179
4782191
4782223
4782227
4782241
4782251
4782263
4782269
4782301
4782311
4782317
4782329
4782341
4782359
4782383
4782397
4782409
4782431
4782443
4782469
4782473
4782487
4782493
4782497
4782511
4782523
4782529
4782539
4782571
4782577
4782607
4782637
4782641
4782647
4782671
4782677
4782683
4782697
4782707
4782719
4782749
4782769
4782787
4782803
4782821
4782823
4782829
4782839
4782853
4782871
4782881
4782893
4782907
4782913
There are 1700 prime numbers in S364.
