S366(4809241~4835592)
4809251
4809253
4809257
4809263
4809271
4809281
4809289
4809307
4809319
4809347
4809349
4809359
4809377
4809383
4809401
4809443
4809457
4809473
4809479
4809509
4809547
4809559
4809577
4809583
4809643
4809653
4809661
4809671
4809677
4809683
4809689
4809703
4809719
4809731
4809773
4809781
4809787
4809799
4809811
4809859
4809881
4809901
4809941
4809943
4809947
4809949
4809977
4810019
4810063
4810081
4810087
4810103
4810129
4810147
4810153
4810159
4810163
4810171
4810187
4810193
4810199
4810217
4810229
4810261
4810307
4810313
4810343
4810349
4810397
4810411
4810441
4810457
4810469
4810483
4810493
4810499
4810501
4810511
4810513
4810517
4810579
4810583
4810649
4810661
4810691
4810697
4810721
4810727
4810733
4810739
4810753
4810787
4810789
4810807
4810823
4810837
4810843
4810849
4810853
4810867
4810877
4810879
4810891
4810901
4810903
4810907
4810913
4810943
4810961
4810973
4810987
4811057
4811087
4811089
4811101
4811111
4811137
4811159
4811167
4811171
4811189
4811197
4811239
4811263
4811267
4811269
4811281
4811299
4811311
4811321
4811329
4811363
4811371
4811381
4811383
4811407
4811413
4811441
4811447
4811449
4811453
4811461
4811483
4811507
4811533
4811537
4811549
4811551
4811567
4811581
4811647
4811659
4811687
4811701
4811713
4811717
4811777
4811783
4811791
4811797
4811809
4811819
4811831
4811839
4811843
4811861
4811869
4811909
4811927
4811953
4811993
4812011
4812043
4812053
4812061
4812077
4812079
4812089
4812097
4812113
4812121
4812131
4812133
4812151
4812169
4812179
4812191
4812193
4812209
4812239
4812251
4812271
4812281
4812287
4812299
4812307
4812329
4812337
4812349
4812371
4812373
4812383
4812413
4812419
4812421
4812427
4812433
4812481
4812487
4812499
4812503
4812523
4812527
4812569
4812583
4812607
4812611
4812631
4812641
4812653
4812707
4812713
4812721
4812733
4812739
4812761
4812767
4812779
4812791
4812799
4812827
4812851
4812859
4812883
4812889
4812931
4812937
4812943
4812991
4813027
4813051
4813063
4813069
4813073
4813093
4813103
4813139
4813177
4813183
4813189
4813201
4813229
4813243
4813283
4813297
4813307
4813309
4813313
4813321
4813337
4813349
4813373
4813399
4813421
4813423
4813433
4813439
4813451
4813469
4813477
4813483
4813511
4813531
4813537
4813541
4813561
4813573
4813577
4813579
4813583
4813591
4813597
4813607
4813621
4813639
4813643
4813651
4813667
4813673
4813691
4813717
4813723
4813741
4813747
4813759
4813793
4813799
4813801
4813817
4813829
4813841
4813843
4813849
4813909
4813943
4813951
4813957
4813961
4813997
4814027
4814039
4814053
4814093
4814123
4814129
4814137
4814143
4814167
4814171
4814191
4814209
4814219
4814221
4814231
4814233
4814263
4814273
4814287
4814321
4814357
4814363
4814399
4814413
4814449
4814461
4814471
4814473
4814489
4814503
4814533
4814597
4814599
4814603
4814617
4814629
4814647
4814651
4814683
4814707
4814713
4814717
4814743
4814749
4814759
4814779
4814801
4814833
4814837
4814863
4814867
4814881
4814903
4814911
4814947
4814959
4814963
4814987
4815023
4815047
4815053
4815059
4815067
4815071
4815101
4815121
4815127
4815179
4815193
4815221
4815229
4815253
4815259
4815281
4815289
4815311
4815329
4815337
4815359
4815367
4815389
4815397
4815443
4815451
4815457
4815463
4815467
4815469
4815529
4815553
4815581
4815583
4815589
4815593
4815599
4815617
4815619
4815623
4815631
4815647
4815673
4815677
4815689
4815697
4815731
4815773
4815787
4815791
4815799
4815817
4815821
4815823
4815847
4815857
4815887
4815917
4815931
4815973
4815989
4815997
4816003
4816033
4816037
4816051
4816061
4816069
4816073
4816079
4816087
4816103
4816109
4816121
4816153
4816157
4816169
4816183
4816187
4816193
4816213
4816243
4816249
4816267
4816277
4816283
4816297
4816303
4816309
4816337
4816351
4816363
4816373
4816417
4816421
4816433
4816459
4816463
4816517
4816531
4816541
4816561
4816597
4816619
4816649
4816657
4816663
4816673
4816681
4816717
4816727
4816751
4816787
4816789
4816837
4816841
4816843
4816849
4816859
4816883
4816897
4816901
4816907
4816909
4816921
4816949
4816957
4816963
4816969
4817003
4817009
4817017
4817027
4817039
4817041
4817047
4817053
4817083
4817093
4817101
4817107
4817119
4817123
4817129
4817149
4817177
4817179
4817209
4817221
4817257
4817261
4817269
4817339
4817357
4817381
4817387
4817399
4817411
4817441
4817467
4817471
4817479
4817497
4817513
4817537
4817539
4817543
4817551
4817573
4817581
4817627
4817629
4817633
4817639
4817651
4817653
4817663
4817669
4817689
4817707
4817713
4817717
4817731
4817737
4817767
4817779
4817789
4817797
4817809
4817819
4817821
4817867
4817873
4817899
4817921
4817929
4817933
4817941
4817947
4817959
4817977
4818013
4818043
4818053
4818061
4818091
4818101
4818119
4818133
4818137
4818161
4818167
4818169
4818181
4818199
4818211
4818221
4818239
4818241
4818269
4818271
4818277
4818287
4818301
4818347
4818349
4818383
4818409
4818413
4818421
4818461
4818467
4818469
4818481
4818491
4818503
4818509
4818521
4818551
4818559
4818577
4818587
4818617
4818629
4818637
4818677
4818679
4818691
4818719
4818721
4818743
4818757
4818767
4818773
4818791
4818797
4818829
4818887
4818889
4818893
4818899
4818907
4818923
4818941
4818953
4819021
4819033
4819039
4819049
4819069
4819081
4819091
4819093
4819123
4819127
4819147
4819151
4819153
4819159
4819163
4819169
4819189
4819201
4819223
4819271
4819273
4819319
4819327
4819349
4819357
4819363
4819379
4819411
4819433
4819447
4819469
4819471
4819499
4819501
4819513
4819519
4819531
4819537
4819543
4819579
4819603
4819609
4819631
4819637
4819643
4819667
4819669
4819697
4819729
4819733
4819739
4819751
4819783
4819799
4819807
4819813
4819817
4819831
4819847
4819853
4819861
4819889
4819909
4819937
4819943
4819961
4819963
4819967
4819981
4819987
4820009
4820021
4820033
4820051
4820069
4820093
4820107
4820113
4820131
4820149
4820161
4820173
4820183
4820201
4820203
4820219
4820227
4820237
4820239
4820251
4820269
4820287
4820327
4820341
4820369
4820383
4820419
4820423
4820437
4820441
4820443
4820447
4820479
4820483
4820489
4820533
4820579
4820587
4820617
4820633
4820653
4820663
4820681
4820689
4820719
4820747
4820759
4820791
4820807
4820833
4820857
4820887
4820899
4820909
4820923
4820929
4820939
4820951
4820983
4820987
4821017
4821029
4821043
4821049
4821059
4821073
4821077
4821083
4821097
4821101
4821109
4821127
4821143
4821161
4821197
4821199
4821209
4821239
4821241
4821247
4821263
4821281
4821293
4821317
4821331
4821373
4821389
4821407
4821451
4821473
4821499
4821503
4821517
4821529
4821541
4821563
4821613
4821617
4821629
4821631
4821637
4821643
4821653
4821667
4821671
4821689
4821721
4821731
4821737
4821749
4821767
4821769
4821779
4821793
4821797
4821799
4821821
4821847
4821853
4821889
4821899
4821907
4821911
4821913
4821919
4821937
4821997
4822001
4822003
4822007
4822031
4822039
4822061
4822073
4822079
4822117
4822121
4822123
4822141
4822159
4822163
4822187
4822189
4822193
4822199
4822201
4822211
4822229
4822231
4822273
4822277
4822291
4822309
4822313
4822319
4822331
4822343
4822351
4822361
4822369
4822393
4822421
4822423
4822427
4822451
4822481
4822513
4822541
4822553
4822567
4822589
4822591
4822621
4822627
4822633
4822661
4822667
4822669
4822687
4822703
4822711
4822723
4822759
4822771
4822777
4822799
4822819
4822859
4822879
4822889
4822907
4822919
4822921
4822931
4822943
4822963
4822967
4822973
4822991
4822997
4823003
4823023
4823033
4823059
4823081
4823083
4823099
4823111
4823149
4823167
4823171
4823173
4823201
4823219
4823227
4823233
4823297
4823303
4823339
4823347
4823369
4823381
4823389
4823407
4823417
4823437
4823447
4823459
4823471
4823479
4823521
4823557
4823573
4823591
4823627
4823639
4823641
4823677
4823681
4823719
4823723
4823729
4823743
4823761
4823779
4823803
4823807
4823809
4823821
4823837
4823839
4823843
4823849
4823851
4823887
4823909
4823911
4823957
4823981
4823983
4823999
4824011
4824031
4824037
4824047
4824091
4824103
4824109
4824133
4824151
4824161
4824163
4824167
4824187
4824191
4824203
4824223
4824247
4824257
4824263
4824283
4824317
4824329
4824331
4824359
4824373
4824383
4824401
4824403
4824419
4824427
4824433
4824439
4824473
4824487
4824493
4824517
4824529
4824559
4824563
4824569
4824581
4824619
4824629
4824647
4824649
4824653
4824671
4824697
4824739
4824751
4824773
4824791
4824847
4824863
4824881
4824893
4824907
4824929
4824943
4824959
4824971
4824977
4824997
4825001
4825013
4825019
4825021
4825027
4825091
4825109
4825129
4825169
4825187
4825189
4825199
4825201
4825211
4825217
4825267
4825307
4825333
4825343
4825351
4825361
4825369
4825427
4825441
4825453
4825517
4825523
4825529
4825549
4825559
4825621
4825627
4825633
4825643
4825673
4825693
4825759
4825763
4825789
4825813
4825817
4825831
4825853
4825871
4825879
4825889
4825897
4825901
4825903
4825921
4825937
4825939
4825963
4825967
4825969
4825979
4825991
4825993
4826027
4826033
4826051
4826053
4826071
4826119
4826153
4826161
4826179
4826197
4826207
4826231
4826273
4826279
4826281
4826291
4826293
4826309
4826357
4826369
4826401
4826407
4826431
4826447
4826473
4826491
4826501
4826531
4826537
4826543
4826587
4826597
4826611
4826641
4826693
4826713
4826719
4826729
4826753
4826771
4826777
4826797
4826813
4826831
4826863
4826867
4826897
4826903
4826911
4826923
4826933
4826951
4826953
4827029
4827037
4827059
4827071
4827073
4827107
4827139
4827157
4827169
4827191
4827211
4827233
4827239
4827241
4827257
4827259
4827287
4827307
4827313
4827359
4827373
4827377
4827391
4827409
4827419
4827421
4827437
4827443
4827457
4827461
4827491
4827499
4827521
4827523
4827533
4827547
4827553
4827569
4827583
4827587
4827617
4827619
4827623
4827637
4827671
4827703
4827707
4827721
4827737
4827751
4827763
4827773
4827799
4827817
4827821
4827827
4827829
4827853
4827859
4827863
4827869
4827877
4827899
4827913
4827943
4827959
4827973
4827989
4828009
4828049
4828067
4828069
4828073
4828079
4828099
4828111
4828121
4828129
4828133
4828139
4828163
4828171
4828177
4828207
4828217
4828237
4828249
4828253
4828303
4828349
4828363
4828379
4828381
4828393
4828399
4828403
4828409
4828429
4828433
4828457
4828469
4828477
4828519
4828531
4828543
4828553
4828567
4828573
4828583
4828613
4828631
4828661
4828669
4828723
4828727
4828729
4828739
4828751
4828763
4828787
4828801
4828807
4828843
4828847
4828871
4828927
4828937
4828961
4828979
4828987
4828991
4828997
4829009
4829047
4829081
4829089
4829093
4829101
4829107
4829117
4829137
4829141
4829147
4829161
4829171
4829177
4829183
4829197
4829219
4829257
4829263
4829269
4829317
4829323
4829329
4829347
4829359
4829369
4829371
4829389
4829423
4829437
4829441
4829443
4829449
4829453
4829467
4829497
4829501
4829509
4829543
4829549
4829551
4829557
4829593
4829603
4829651
4829653
4829663
4829711
4829723
4829729
4829749
4829761
4829771
4829777
4829779
4829789
4829809
4829843
4829911
4829947
4829953
4829969
4829983
4829999
4830011
4830043
4830053
4830071
4830073
4830103
4830107
4830113
4830127
4830149
4830151
4830167
4830197
4830223
4830229
4830247
4830263
4830277
4830281
4830289
4830307
4830349
4830359
4830361
4830373
4830377
4830383
4830401
4830409
4830421
4830439
4830481
4830487
4830547
4830569
4830571
4830593
4830599
4830607
4830611
4830619
4830649
4830659
4830677
4830689
4830719
4830751
4830797
4830799
4830817
4830827
4830841
4830853
4830857
4830869
4830871
4830877
4830899
4830913
4830923
4830937
4830967
4831019
4831037
4831039
4831051
4831069
4831091
4831121
4831147
4831159
4831163
4831193
4831237
4831243
4831273
4831283
4831289
4831291
4831297
4831363
4831367
4831373
4831391
4831441
4831457
4831493
4831507
4831531
4831549
4831559
4831577
4831591
4831601
4831613
4831637
4831657
4831669
4831693
4831699
4831703
4831709
4831733
4831751
4831759
4831787
4831789
4831807
4831823
4831829
4831831
4831837
4831843
4831889
4831901
4831903
4831907
4831933
4831949
4831963
4831987
4831991
4831999
4832017
4832021
4832027
4832033
4832053
4832059
4832071
4832081
4832123
4832147
4832167
4832171
4832173
4832203
4832207
4832209
4832221
4832239
4832257
4832263
4832273
4832281
4832287
4832293
4832309
4832329
4832339
4832353
4832363
4832411
4832413
4832417
4832419
4832423
4832467
4832483
4832489
4832521
4832537
4832543
4832549
4832551
4832557
4832561
4832563
4832567
4832579
4832591
4832609
4832651
4832677
4832689
4832693
4832701
4832719
4832741
4832747
4832759
4832761
4832767
4832797
4832801
4832809
4832833
4832837
4832851
4832857
4832887
4832909
4832929
4832939
4832941
4832953
4832987
4832999
4833019
4833029
4833047
4833067
4833109
4833131
4833133
4833137
4833139
4833149
4833161
4833167
4833181
4833187
4833193
4833209
4833211
4833233
4833247
4833271
4833307
4833371
4833379
4833383
4833397
4833443
4833463
4833487
4833523
4833533
4833553
4833571
4833583
4833617
4833623
4833641
4833649
4833683
4833721
4833727
4833739
4833743
4833761
4833767
4833779
4833821
4833853
4833863
4833869
4833877
4833883
4833901
4833911
4833937
4833943
4833947
4833953
4833977
4833989
4833991
4834021
4834073
4834079
4834111
4834121
4834127
4834129
4834147
4834201
4834211
4834217
4834223
4834229
4834231
4834241
4834267
4834321
4834327
4834331
4834363
4834381
4834397
4834399
4834411
4834421
4834441
4834451
4834463
4834471
4834499
4834513
4834523
4834537
4834549
4834553
4834573
4834589
4834601
4834631
4834639
4834649
4834663
4834673
4834693
4834699
4834723
4834727
4834733
4834741
4834777
4834801
4834813
4834829
4834847
4834849
4834861
4834871
4834883
4834889
4834891
4834897
4834961
4834979
4834981
4834993
4834997
4835003
4835011
4835023
4835027
4835057
4835071
4835081
4835099
4835111
4835113
4835143
4835147
4835153
4835161
4835179
4835203
4835213
4835231
4835249
4835251
4835261
4835263
4835269
4835273
4835279
4835297
4835321
4835333
4835357
4835381
4835387
4835461
4835471
4835477
4835483
4835503
4835513
4835521
4835527
4835533
4835539
4835549
4835563
4835569
4835573
There are 1702 prime numbers in S366.
