S367(4835593~4862016)
4835617
4835629
4835639
4835647
4835683
4835693
4835707
4835711
4835713
4835717
4835723
4835731
4835749
4835767
4835771
4835791
4835797
4835801
4835807
4835821
4835833
4835839
4835843
4835849
4835851
4835867
4835891
4835893
4835903
4835917
4835921
4835923
4835927
4835933
4835947
4835951
4835977
4835983
4835989
4836037
4836059
4836067
4836101
4836107
4836113
4836119
4836121
4836131
4836133
4836149
4836151
4836157
4836173
4836193
4836229
4836239
4836257
4836259
4836269
4836277
4836281
4836283
4836353
4836367
4836383
4836413
4836451
4836457
4836467
4836497
4836521
4836523
4836539
4836553
4836563
4836569
4836577
4836581
4836593
4836607
4836613
4836631
4836641
4836679
4836701
4836703
4836737
4836743
4836749
4836757
4836763
4836779
4836781
4836787
4836809
4836827
4836829
4836859
4836919
4836929
4836943
4836947
4836967
4836971
4836977
4836989
4837003
4837009
4837033
4837051
4837073
4837087
4837141
4837169
4837187
4837201
4837213
4837219
4837223
4837237
4837241
4837247
4837277
4837297
4837307
4837309
4837331
4837369
4837373
4837379
4837411
4837423
4837433
4837439
4837447
4837451
4837453
4837463
4837471
4837477
4837493
4837499
4837501
4837513
4837517
4837531
4837541
4837559
4837561
4837579
4837589
4837603
4837633
4837649
4837661
4837669
4837687
4837697
4837709
4837717
4837733
4837739
4837759
4837769
4837771
4837793
4837817
4837831
4837841
4837853
4837871
4837873
4837879
4837883
4837919
4837927
4837933
4837939
4837967
4837969
4837991
4837997
4838017
4838021
4838023
4838033
4838063
4838087
4838089
4838101
4838107
4838111
4838117
4838131
4838143
4838159
4838167
4838189
4838209
4838213
4838261
4838279
4838297
4838333
4838341
4838347
4838363
4838377
4838399
4838443
4838461
4838467
4838473
4838497
4838501
4838507
4838543
4838551
4838569
4838593
4838599
4838609
4838611
4838633
4838653
4838681
4838683
4838689
4838699
4838707
4838719
4838753
4838789
4838797
4838819
4838831
4838839
4838843
4838851
4838857
4838881
4838887
4838891
4838893
4838903
4838917
4838923
4838927
4838963
4838989
4839001
4839013
4839047
4839049
4839071
4839077
4839103
4839113
4839127
4839137
4839151
4839157
4839179
4839187
4839227
4839229
4839253
4839257
4839283
4839311
4839347
4839403
4839409
4839421
4839437
4839469
4839487
4839529
4839539
4839581
4839587
4839613
4839631
4839649
4839671
4839673
4839691
4839719
4839721
4839727
4839761
4839767
4839797
4839803
4839811
4839817
4839833
4839847
4839871
4839881
4839893
4839899
4839911
4839929
4839941
4839949
4839953
4839977
4839997
4840027
4840049
4840103
4840127
4840133
4840139
4840151
4840159
4840169
4840177
4840211
4840217
4840219
4840243
4840249
4840259
4840261
4840267
4840313
4840333
4840349
4840357
4840379
4840387
4840399
4840417
4840439
4840441
4840447
4840457
4840481
4840489
4840499
4840541
4840559
4840571
4840579
4840601
4840637
4840657
4840663
4840679
4840711
4840723
4840727
4840729
4840751
4840753
4840757
4840789
4840793
4840813
4840819
4840841
4840921
4840931
4840933
4840939
4840943
4840949
4840963
4840981
4841003
4841051
4841071
4841087
4841101
4841119
4841149
4841153
4841183
4841197
4841203
4841261
4841279
4841297
4841303
4841323
4841341
4841351
4841359
4841377
4841381
4841383
4841393
4841399
4841401
4841407
4841461
4841467
4841483
4841491
4841519
4841527
4841531
4841533
4841563
4841581
4841587
4841593
4841609
4841633
4841647
4841657
4841687
4841693
4841699
4841729
4841737
4841741
4841743
4841777
4841779
4841801
4841819
4841849
4841887
4841897
4841899
4841909
4841933
4841951
4841981
4842007
4842031
4842067
4842073
4842077
4842083
4842091
4842109
4842113
4842139
4842179
4842181
4842197
4842203
4842221
4842247
4842251
4842287
4842289
4842317
4842329
4842347
4842349
4842361
4842367
4842371
4842403
4842407
4842427
4842493
4842521
4842533
4842577
4842583
4842589
4842599
4842611
4842631
4842641
4842653
4842679
4842683
4842689
4842707
4842709
4842731
4842737
4842743
4842749
4842767
4842781
4842787
4842821
4842847
4842863
4842869
4842883
4842911
4842917
4842923
4842941
4842953
4842983
4843001
4843009
4843019
4843057
4843061
4843093
4843103
4843117
4843127
4843129
4843151
4843171
4843183
4843211
4843213
4843231
4843243
4843247
4843259
4843277
4843297
4843343
4843357
4843367
4843381
4843403
4843417
4843427
4843429
4843441
4843451
4843457
4843507
4843541
4843567
4843571
4843591
4843603
4843621
4843637
4843669
4843681
4843687
4843693
4843697
4843747
4843757
4843789
4843819
4843831
4843873
4843877
4843913
4843933
4843939
4843973
4843981
4843991
4844017
4844023
4844039
4844051
4844057
4844087
4844093
4844101
4844123
4844137
4844141
4844143
4844171
4844179
4844227
4844233
4844239
4844267
4844293
4844311
4844317
4844321
4844327
4844347
4844377
4844381
4844383
4844387
4844417
4844419
4844443
4844459
4844491
4844501
4844527
4844531
4844561
4844573
4844599
4844603
4844617
4844629
4844633
4844641
4844647
4844659
4844689
4844717
4844729
4844747
4844761
4844797
4844809
4844831
4844839
4844843
4844887
4844899
4844909
4844911
4844921
4844933
4844947
4844951
4844977
4844989
4845013
4845023
4845031
4845037
4845041
4845073
4845077
4845079
4845143
4845151
4845173
4845199
4845241
4845251
4845259
4845263
4845271
4845293
4845299
4845353
4845359
4845367
4845389
4845397
4845443
4845461
4845473
4845481
4845487
4845499
4845539
4845569
4845583
4845593
4845601
4845613
4845647
4845661
4845671
4845683
4845689
4845707
4845719
4845721
4845727
4845761
4845767
4845793
4845811
4845823
4845851
4845859
4845877
4845881
4845899
4845917
4845943
4845989
4845991
4846019
4846021
4846027
4846033
4846063
4846069
4846073
4846087
4846091
4846109
4846111
4846117
4846129
4846147
4846157
4846181
4846183
4846187
4846211
4846213
4846271
4846279
4846321
4846333
4846339
4846357
4846367
4846379
4846409
4846421
4846427
4846441
4846469
4846477
4846481
4846483
4846489
4846529
4846553
4846561
4846603
4846627
4846631
4846679
4846693
4846697
4846727
4846739
4846753
4846759
4846771
4846789
4846801
4846811
4846817
4846823
4846837
4846873
4846879
4846883
4846901
4846927
4846937
4846939
4846987
4847021
4847039
4847041
4847053
4847081
4847083
4847093
4847107
4847137
4847149
4847153
4847177
4847189
4847231
4847237
4847239
4847257
4847267
4847279
4847291
4847309
4847317
4847341
4847371
4847387
4847443
4847459
4847461
4847467
4847473
4847477
4847497
4847537
4847543
4847551
4847561
4847569
4847573
4847593
4847597
4847621
4847639
4847653
4847657
4847659
4847671
4847681
4847683
4847699
4847719
4847729
4847743
4847747
4847753
4847807
4847819
4847827
4847833
4847861
4847867
4847891
4847893
4847897
4847923
4847933
4847939
4847957
4847981
4847987
4847989
4848001
4848007
4848023
4848029
4848037
4848071
4848079
4848083
4848091
4848119
4848139
4848163
4848167
4848169
4848199
4848223
4848227
4848229
4848241
4848251
4848253
4848269
4848289
4848299
4848323
4848359
4848391
4848407
4848413
4848421
4848427
4848499
4848509
4848523
4848527
4848533
4848541
4848559
4848563
4848577
4848583
4848601
4848643
4848659
4848673
4848709
4848719
4848721
4848731
4848763
4848773
4848787
4848839
4848847
4848869
4848871
4848881
4848889
4848901
4848911
4848913
4848923
4848937
4848953
4848959
4848979
4848997
4849001
4849007
4849027
4849043
4849049
4849057
4849079
4849081
4849121
4849147
4849157
4849189
4849211
4849213
4849219
4849223
4849249
4849261
4849277
4849279
4849283
4849291
4849307
4849337
4849349
4849367
4849379
4849381
4849399
4849417
4849459
4849477
4849487
4849517
4849529
4849531
4849543
4849567
4849577
4849589
4849591
4849597
4849613
4849631
4849639
4849651
4849687
4849697
4849703
4849721
4849723
4849727
4849753
4849759
4849787
4849813
4849843
4849861
4849907
4849909
4849951
4849967
4849973
4850009
4850011
4850017
4850023
4850051
4850059
4850077
4850101
4850107
4850123
4850137
4850159
4850161
4850179
4850191
4850207
4850231
4850239
4850243
4850273
4850297
4850303
4850317
4850327
4850347
4850359
4850369
4850371
4850383
4850387
4850393
4850399
4850413
4850459
4850467
4850471
4850501
4850513
4850519
4850533
4850543
4850557
4850563
4850581
4850597
4850617
4850621
4850623
4850633
4850641
4850647
4850653
4850689
4850707
4850711
4850749
4850753
4850761
4850819
4850843
4850887
4850891
4850939
4850941
4850957
4850969
4850987
4851013
4851017
4851029
4851053
4851071
4851073
4851083
4851109
4851113
4851127
4851139
4851151
4851163
4851169
4851173
4851179
4851191
4851193
4851211
4851227
4851233
4851241
4851277
4851299
4851317
4851331
4851337
4851347
4851377
4851383
4851397
4851463
4851491
4851493
4851529
4851541
4851547
4851557
4851559
4851563
4851569
4851577
4851617
4851619
4851659
4851661
4851683
4851697
4851703
4851709
4851719
4851731
4851761
4851793
4851797
4851809
4851829
4851839
4851877
4851883
4851893
4851901
4851907
4851923
4851929
4851941
4851947
4851949
4851971
4851989
4852007
4852039
4852051
4852061
4852079
4852093
4852117
4852171
4852181
4852187
4852189
4852223
4852247
4852261
4852271
4852273
4852279
4852283
4852301
4852303
4852313
4852321
4852339
4852349
4852363
4852381
4852387
4852409
4852411
4852423
4852427
4852447
4852451
4852453
4852457
4852459
4852469
4852481
4852487
4852493
4852537
4852567
4852577
4852591
4852607
4852621
4852643
4852663
4852669
4852681
4852693
4852697
4852699
4852711
4852741
4852753
4852787
4852807
4852811
4852817
4852843
4852849
4852873
4852879
4852901
4852909
4852919
4852963
4852979
4852997
4853039
4853053
4853059
4853077
4853083
4853087
4853089
4853111
4853117
4853171
4853183
4853203
4853243
4853249
4853273
4853287
4853297
4853309
4853323
4853333
4853351
4853383
4853389
4853393
4853423
4853441
4853461
4853467
4853473
4853477
4853479
4853503
4853507
4853509
4853533
4853573
4853599
4853609
4853617
4853657
4853659
4853671
4853677
4853699
4853729
4853731
4853791
4853803
4853819
4853837
4853909
4853917
4853921
4853957
4853983
4853999
4854001
4854037
4854053
4854077
4854079
4854121
4854137
4854151
4854167
4854169
4854181
4854193
4854203
4854211
4854229
4854233
4854247
4854251
4854257
4854263
4854307
4854337
4854361
4854371
4854373
4854379
4854389
4854391
4854407
4854413
4854431
4854433
4854439
4854457
4854497
4854539
4854547
4854581
4854589
4854599
4854607
4854617
4854623
4854637
4854653
4854667
4854691
4854701
4854727
4854737
4854739
4854761
4854763
4854779
4854781
4854793
4854797
4854799
4854821
4854827
4854833
4854841
4854847
4854893
4854917
4854923
4854931
4854961
4854989
4855007
4855027
4855031
4855033
4855049
4855057
4855063
4855069
4855073
4855079
4855099
4855129
4855133
4855153
4855163
4855211
4855219
4855223
4855237
4855273
4855297
4855327
4855363
4855391
4855471
4855483
4855511
4855519
4855531
4855537
4855541
4855549
4855559
4855567
4855579
4855597
4855601
4855651
4855667
4855679
4855681
4855699
4855703
4855717
4855787
4855801
4855813
4855817
4855831
4855867
4855891
4855901
4855919
4855951
4855957
4855973
4855987
4856003
4856011
4856023
4856029
4856053
4856063
4856083
4856143
4856147
4856161
4856177
4856183
4856207
4856219
4856233
4856261
4856263
4856273
4856279
4856297
4856303
4856309
4856321
4856323
4856351
4856359
4856389
4856399
4856417
4856447
4856461
4856479
4856503
4856531
4856561
4856567
4856569
4856597
4856603
4856639
4856653
4856669
4856701
4856707
4856711
4856741
4856771
4856777
4856779
4856783
4856791
4856809
4856827
4856843
4856869
4856899
4856903
4856921
4856923
4856947
4856963
4856981
4857023
4857037
4857059
4857067
4857089
4857091
4857113
4857131
4857143
4857161
4857169
4857187
4857199
4857211
4857221
4857227
4857233
4857253
4857269
4857271
4857277
4857287
4857289
4857329
4857337
4857341
4857343
4857371
4857373
4857389
4857449
4857451
4857481
4857487
4857499
4857511
4857527
4857533
4857547
4857551
4857569
4857637
4857649
4857659
4857679
4857683
4857691
4857707
4857719
4857739
4857751
4857781
4857791
4857799
4857829
4857893
4857943
4857949
4857953
4857959
4857973
4857997
4858019
4858031
4858043
4858057
4858067
4858079
4858081
4858093
4858111
4858159
4858163
4858171
4858177
4858193
4858207
4858229
4858247
4858253
4858279
4858291
4858297
4858307
4858309
4858327
4858331
4858349
4858361
4858393
4858411
4858417
4858423
4858453
4858463
4858487
4858493
4858499
4858517
4858519
4858523
4858559
4858561
4858577
4858603
4858627
4858643
4858657
4858673
4858703
4858717
4858739
4858751
4858781
4858783
4858793
4858811
4858817
4858823
4858831
4858837
4858859
4858879
4858891
4858897
4858901
4858933
4858943
4858949
4858961
4858963
4858967
4858981
4859017
4859081
4859083
4859087
4859123
4859137
4859167
4859171
4859177
4859201
4859207
4859209
4859227
4859237
4859243
4859249
4859273
4859287
4859317
4859341
4859353
4859357
4859359
4859419
4859429
4859431
4859441
4859461
4859479
4859507
4859513
4859521
4859531
4859539
4859549
4859551
4859557
4859563
4859581
4859593
4859597
4859627
4859629
4859651
4859713
4859717
4859741
4859747
4859749
4859759
4859819
4859821
4859837
4859861
4859863
4859891
4859947
4859957
4859971
4859993
4859999
4860013
4860041
4860043
4860049
4860059
4860077
4860083
4860091
4860101
4860103
4860133
4860137
4860151
4860157
4860179
4860203
4860217
4860227
4860241
4860269
4860277
4860281
4860293
4860299
4860301
4860307
4860311
4860329
4860341
4860343
4860347
4860367
4860389
4860391
4860407
4860421
4860433
4860439
4860451
4860461
4860463
4860481
4860511
4860517
4860533
4860547
4860553
4860601
4860607
4860617
4860629
4860631
4860643
4860679
4860701
4860721
4860749
4860761
4860773
4860799
4860803
4860809
4860829
4860847
4860853
4860859
4860871
4860883
4860901
4860931
4860937
4860953
4860959
4860971
4860991
4861013
4861033
4861049
4861057
4861063
4861111
4861121
4861139
4861217
4861237
4861243
4861261
4861267
4861271
4861277
4861301
4861313
4861361
4861399
4861403
4861421
4861427
4861429
4861471
4861501
4861529
4861547
4861553
4861561
4861567
4861573
4861601
4861603
4861607
4861621
4861631
4861667
4861673
4861679
4861691
4861697
4861729
4861733
4861751
4861771
4861781
4861799
4861807
4861811
4861859
4861861
4861877
4861889
4861907
4861921
4861939
4861943
4861951
4861957
4861979
4861991
4861999
4862003
There are 1726 prime numbers in S367.
