S368(4862017~4888512)
4862027
4862041
4862047
4862063
4862087
4862089
4862101
4862107
4862141
4862161
4862171
4862173
4862219
4862243
4862251
4862261
4862279
4862303
4862339
4862353
4862393
4862399
4862411
4862413
4862437
4862441
4862471
4862489
4862509
4862519
4862531
4862549
4862579
4862581
4862593
4862609
4862621
4862699
4862717
4862743
4862747
4862771
4862777
4862791
4862797
4862813
4862831
4862843
4862863
4862911
4862941
4862983
4862989
4863007
4863011
4863013
4863017
4863029
4863059
4863073
4863077
4863083
4863091
4863101
4863109
4863149
4863179
4863217
4863223
4863233
4863239
4863263
4863269
4863277
4863283
4863293
4863301
4863323
4863337
4863349
4863371
4863401
4863403
4863427
4863437
4863451
4863457
4863473
4863491
4863493
4863553
4863569
4863577
4863589
4863611
4863623
4863629
4863631
4863641
4863653
4863671
4863673
4863679
4863709
4863721
4863737
4863767
4863769
4863779
4863797
4863799
4863809
4863821
4863823
4863827
4863839
4863841
4863847
4863877
4863913
4863919
4863923
4863941
4863959
4863961
4863979
4864003
4864009
4864021
4864033
4864039
4864043
4864051
4864061
4864073
4864081
4864087
4864121
4864147
4864151
4864169
4864177
4864187
4864207
4864217
4864229
4864231
4864243
4864253
4864271
4864273
4864283
4864297
4864309
4864313
4864319
4864369
4864417
4864429
4864451
4864493
4864511
4864529
4864553
4864571
4864591
4864603
4864619
4864637
4864667
4864681
4864709
4864729
4864747
4864777
4864781
4864787
4864789
4864801
4864813
4864823
4864831
4864843
4864859
4864889
4864897
4864901
4864903
4864919
4864927
4864949
4864957
4864987
4865023
4865033
4865051
4865059
4865087
4865089
4865123
4865129
4865131
4865137
4865141
4865143
4865207
4865219
4865221
4865227
4865257
4865261
4865293
4865303
4865327
4865353
4865431
4865447
4865459
4865467
4865477
4865479
4865507
4865521
4865551
4865557
4865561
4865569
4865573
4865603
4865629
4865647
4865657
4865659
4865683
4865699
4865711
4865717
4865737
4865743
4865747
4865753
4865761
4865797
4865803
4865821
4865827
4865849
4865891
4865899
4865929
4865933
4865947
4865951
4865953
4865963
4865969
4865989
4865999
4866007
4866011
4866013
4866019
4866023
4866047
4866049
4866061
4866073
4866091
4866139
4866149
4866151
4866187
4866193
4866209
4866221
4866227
4866241
4866263
4866283
4866307
4866313
4866341
4866343
4866359
4866371
4866383
4866391
4866401
4866443
4866469
4866481
4866503
4866517
4866541
4866551
4866557
4866559
4866569
4866581
4866583
4866599
4866601
4866623
4866629
4866643
4866649
4866677
4866683
4866703
4866707
4866727
4866737
4866749
4866761
4866773
4866791
4866821
4866847
4866857
4866859
4866863
4866877
4866893
4866899
4866919
4866923
4866929
4866941
4866949
4866973
4866977
4866989
4866997
4867003
4867013
4867019
4867033
4867063
4867067
4867073
4867103
4867123
4867133
4867139
4867147
4867171
4867207
4867223
4867229
4867243
4867259
4867297
4867301
4867307
4867309
4867319
4867327
4867333
4867337
4867339
4867399
4867409
4867411
4867417
4867433
4867451
4867453
4867469
4867481
4867487
4867501
4867543
4867607
4867619
4867631
4867637
4867657
4867691
4867693
4867711
4867717
4867727
4867771
4867777
4867799
4867801
4867813
4867817
4867823
4867843
4867871
4867873
4867879
4867903
4867909
4867921
4867939
4867949
4867957
4867963
4867999
4868011
4868029
4868041
4868107
4868113
4868131
4868141
4868167
4868173
4868177
4868189
4868207
4868221
4868231
4868233
4868243
4868251
4868293
4868309
4868323
4868329
4868359
4868363
4868371
4868377
4868407
4868419
4868431
4868447
4868453
4868467
4868483
4868509
4868543
4868557
4868561
4868573
4868587
4868597
4868599
4868609
4868623
4868651
4868653
4868657
4868659
4868671
4868687
4868711
4868729
4868741
4868771
4868779
4868789
4868797
4868813
4868819
4868827
4868833
4868861
4868869
4868909
4868911
4868947
4868977
4868993
4868999
4869017
4869043
4869047
4869049
4869061
4869083
4869097
4869103
4869121
4869131
4869143
4869167
4869181
4869209
4869223
4869229
4869239
4869257
4869281
4869289
4869317
4869349
4869407
4869433
4869461
4869479
4869499
4869503
4869517
4869521
4869523
4869539
4869547
4869551
4869559
4869563
4869617
4869637
4869649
4869659
4869679
4869703
4869713
4869727
4869731
4869743
4869749
4869751
4869763
4869773
4869791
4869817
4869841
4869853
4869863
4869877
4869889
4869911
4869913
4869929
4869959
4869979
4869989
4870001
4870009
4870013
4870027
4870039
4870067
4870081
4870087
4870133
4870139
4870157
4870171
4870183
4870207
4870219
4870241
4870247
4870253
4870259
4870291
4870337
4870361
4870367
4870373
4870409
4870417
4870427
4870433
4870471
4870477
4870493
4870499
4870511
4870531
4870559
4870583
4870589
4870597
4870609
4870651
4870681
4870693
4870709
4870729
4870763
4870771
4870777
4870799
4870819
4870837
4870843
4870861
4870867
4870907
4870919
4870933
4870949
4870969
4870979
4870991
4871017
4871029
4871057
4871063
4871077
4871081
4871089
4871093
4871107
4871137
4871143
4871149
4871173
4871183
4871203
4871213
4871227
4871233
4871261
4871267
4871281
4871291
4871297
4871303
4871311
4871323
4871329
4871351
4871359
4871393
4871407
4871413
4871431
4871441
4871443
4871459
4871473
4871479
4871491
4871527
4871567
4871569
4871609
4871617
4871641
4871663
4871687
4871701
4871717
4871723
4871747
4871773
4871819
4871821
4871831
4871833
4871849
4871861
4871863
4871869
4871873
4871897
4871903
4871921
4871927
4871939
4871941
4871953
4871957
4871959
4871963
4871969
4871981
4871983
4872001
4872041
4872059
4872083
4872097
4872103
4872107
4872121
4872157
4872163
4872169
4872187
4872223
4872229
4872269
4872277
4872281
4872289
4872293
4872311
4872313
4872323
4872331
4872337
4872391
4872403
4872431
4872451
4872467
4872473
4872479
4872503
4872509
4872521
4872529
4872533
4872541
4872547
4872577
4872583
4872587
4872589
4872599
4872613
4872617
4872629
4872643
4872649
4872691
4872719
4872733
4872739
4872743
4872781
4872793
4872817
4872853
4872871
4872877
4872919
4872929
4872961
4873019
4873027
4873031
4873039
4873049
4873051
4873091
4873103
4873109
4873129
4873133
4873151
4873157
4873163
4873181
4873199
4873207
4873243
4873259
4873279
4873283
4873303
4873321
4873327
4873333
4873391
4873397
4873399
4873411
4873433
4873483
4873507
4873559
4873573
4873579
4873591
4873601
4873607
4873613
4873619
4873621
4873639
4873643
4873657
4873669
4873697
4873703
4873753
4873763
4873777
4873783
4873801
4873811
4873819
4873831
4873859
4873873
4873901
4873903
4873993
4873997
4874003
4874017
4874021
4874027
4874033
4874069
4874081
4874113
4874119
4874123
4874131
4874141
4874173
4874197
4874201
4874213
4874231
4874249
4874267
4874273
4874293
4874297
4874339
4874377
4874381
4874399
4874411
4874447
4874453
4874473
4874489
4874501
4874503
4874543
4874561
4874567
4874579
4874587
4874603
4874633
4874651
4874663
4874669
4874687
4874717
4874743
4874747
4874791
4874803
4874851
4874879
4874899
4874911
4874939
4874959
4874977
4874983
4874999
4875037
4875049
4875061
4875067
4875071
4875097
4875109
4875113
4875119
4875127
4875133
4875137
4875151
4875163
4875179
4875193
4875197
4875203
4875217
4875223
4875251
4875253
4875257
4875259
4875271
4875281
4875289
4875293
4875319
4875323
4875329
4875341
4875359
4875397
4875407
4875439
4875487
4875491
4875529
4875551
4875581
4875613
4875623
4875653
4875667
4875677
4875707
4875713
4875721
4875751
4875763
4875779
4875797
4875803
4875809
4875817
4875833
4875847
4875851
4875859
4875881
4875887
4875901
4875907
4875943
4875979
4876009
4876019
4876049
4876051
4876057
4876073
4876111
4876129
4876133
4876189
4876211
4876219
4876231
4876271
4876301
4876307
4876337
4876357
4876367
4876397
4876423
4876427
4876429
4876441
4876447
4876451
4876453
4876511
4876513
4876607
4876609
4876631
4876639
4876643
4876657
4876681
4876687
4876691
4876693
4876709
4876717
4876721
4876733
4876747
4876757
4876783
4876799
4876829
4876849
4876867
4876873
4876877
4876903
4876913
4876957
4876961
4876969
4876973
4876979
4876981
4877003
4877009
4877021
4877027
4877029
4877051
4877069
4877071
4877077
4877083
4877087
4877099
4877141
4877161
4877179
4877183
4877207
4877209
4877221
4877227
4877251
4877263
4877267
4877287
4877293
4877297
4877321
4877339
4877347
4877387
4877393
4877429
4877441
4877459
4877489
4877497
4877501
4877503
4877507
4877513
4877527
4877557
4877563
4877573
4877581
4877617
4877651
4877659
4877669
4877701
4877711
4877723
4877731
4877773
4877783
4877843
4877849
4877857
4877867
4877869
4877891
4877897
4877911
4877941
4877959
4877981
4878007
4878011
4878019
4878073
4878089
4878091
4878103
4878113
4878121
4878149
4878151
4878163
4878187
4878217
4878233
4878239
4878241
4878257
4878281
4878283
4878299
4878301
4878319
4878361
4878373
4878397
4878431
4878443
4878463
4878469
4878499
4878509
4878527
4878529
4878551
4878581
4878589
4878593
4878617
4878661
4878667
4878673
4878683
4878697
4878701
4878721
4878767
4878791
4878793
4878799
4878817
4878821
4878827
4878851
4878869
4878871
4878889
4878893
4878919
4878941
4878943
4878977
4879009
4879033
4879057
4879087
4879097
4879103
4879109
4879111
4879129
4879157
4879159
4879177
4879201
4879223
4879261
4879267
4879291
4879313
4879319
4879331
4879349
4879363
4879397
4879421
4879429
4879471
4879481
4879489
4879499
4879507
4879513
4879517
4879531
4879541
4879547
4879549
4879571
4879583
4879591
4879607
4879631
4879639
4879643
4879669
4879687
4879709
4879711
4879729
4879733
4879739
4879747
4879753
4879807
4879813
4879829
4879837
4879871
4879879
4879883
4879913
4879921
4879937
4879951
4879957
4879961
4879993
4879997
4880011
4880021
4880059
4880069
4880087
4880089
4880101
4880111
4880119
4880129
4880147
4880153
4880159
4880177
4880179
4880191
4880201
4880203
4880221
4880231
4880251
4880261
4880279
4880287
4880311
4880329
4880333
4880387
4880401
4880413
4880417
4880419
4880431
4880437
4880441
4880443
4880453
4880461
4880489
4880507
4880521
4880537
4880573
4880593
4880639
4880713
4880723
4880741
4880747
4880779
4880789
4880791
4880797
4880803
4880839
4880867
4880879
4880917
4880923
4880933
4880947
4880951
4880957
4880959
4880963
4880969
4880971
4880977
4880987
4881001
4881007
4881029
4881049
4881053
4881061
4881089
4881101
4881103
4881109
4881113
4881127
4881131
4881133
4881139
4881169
4881187
4881199
4881203
4881211
4881223
4881277
4881293
4881301
4881307
4881341
4881343
4881379
4881407
4881413
4881421
4881427
4881433
4881469
4881473
4881491
4881511
4881517
4881559
4881563
4881581
4881587
4881623
4881629
4881631
4881641
4881649
4881659
4881677
4881683
4881691
4881707
4881731
4881733
4881757
4881763
4881791
4881809
4881823
4881827
4881853
4881859
4881869
4881871
4881881
4881901
4881931
4881949
4881953
4881959
4881967
4881979
4881983
4882019
4882027
4882057
4882061
4882093
4882099
4882103
4882109
4882127
4882133
4882147
4882153
4882211
4882217
4882271
4882277
4882289
4882327
4882331
4882333
4882351
4882363
4882369
4882387
4882393
4882399
4882421
4882429
4882433
4882453
4882489
4882499
4882523
4882529
4882541
4882547
4882571
4882597
4882609
4882651
4882667
4882673
4882681
4882687
4882697
4882699
4882711
4882721
4882727
4882733
4882771
4882777
4882789
4882811
4882819
4882847
4882861
4882907
4882919
4882939
4882957
4882963
4882979
4882987
4882993
4883003
4883033
4883071
4883083
4883101
4883119
4883129
4883147
4883183
4883191
4883231
4883237
4883239
4883269
4883279
4883293
4883303
4883311
4883321
4883327
4883357
4883363
4883393
4883401
4883413
4883423
4883453
4883503
4883507
4883509
4883537
4883569
4883591
4883597
4883609
4883611
4883623
4883651
4883663
4883677
4883699
4883719
4883729
4883759
4883789
4883839
4883863
4883881
4883887
4883899
4883903
4883917
4883929
4883939
4883941
4883953
4883971
4883987
4883993
4883999
4884001
4884029
4884031
4884041
4884059
4884097
4884101
4884127
4884137
4884149
4884169
4884179
4884223
4884227
4884247
4884263
4884277
4884281
4884307
4884323
4884337
4884343
4884361
4884377
4884401
4884419
4884421
4884431
4884437
4884449
4884469
4884479
4884493
4884497
4884511
4884521
4884553
4884563
4884589
4884601
4884611
4884613
4884619
4884631
4884643
4884683
4884707
4884721
4884727
4884739
4884749
4884773
4884779
4884791
4884793
4884811
4884821
4884827
4884833
4884857
4884883
4884889
4884907
4884911
4884923
4884937
4884977
4884983
4884989
4885007
4885019
4885031
4885043
4885051
4885081
4885091
4885099
4885117
4885129
4885201
4885219
4885247
4885249
4885277
4885289
4885301
4885319
4885333
4885339
4885351
4885357
4885367
4885373
4885411
4885423
4885469
4885481
4885483
4885493
4885501
4885523
4885537
4885541
4885547
4885549
4885553
4885567
4885571
4885577
4885583
4885607
4885609
4885619
4885627
4885633
4885669
4885687
4885691
4885753
4885801
4885807
4885823
4885843
4885861
4885883
4885889
4885897
4885901
4885943
4885957
4885973
4885981
4885999
4886027
4886029
4886041
4886053
4886069
4886081
4886083
4886087
4886111
4886117
4886129
4886131
4886137
4886159
4886177
4886197
4886201
4886207
4886213
4886227
4886237
4886263
4886269
4886303
4886317
4886333
4886347
4886393
4886411
4886443
4886461
4886473
4886489
4886491
4886501
4886513
4886537
4886551
4886573
4886593
4886597
4886617
4886639
4886641
4886647
4886663
4886669
4886677
4886689
4886699
4886729
4886737
4886767
4886789
4886807
4886863
4886867
4886881
4886891
4886897
4886899
4886929
4886941
4886951
4886963
4886969
4886977
4886983
4886989
4887023
4887031
4887037
4887049
4887053
4887073
4887139
4887149
4887163
4887173
4887187
4887193
4887209
4887227
4887269
4887287
4887299
4887301
4887317
4887331
4887343
4887353
4887371
4887391
4887397
4887401
4887409
4887437
4887481
4887529
4887559
4887563
4887581
4887587
4887593
4887599
4887601
4887611
4887629
4887637
4887643
4887667
4887683
4887697
4887703
4887709
4887763
4887781
4887793
4887829
4887833
4887847
4887871
4887893
4887899
4887901
4887907
4887913
4887917
4887919
4887929
4887941
4887943
4887947
4887977
4887989
4888043
4888063
4888067
4888069
4888087
4888109
4888123
4888127
4888139
4888157
4888199
4888217
4888223
4888241
4888249
4888271
4888309
4888313
4888319
4888321
4888337
4888343
4888363
4888379
4888391
4888399
4888409
4888427
4888447
4888487
4888511
There are 1733 prime numbers in S368.
