S369(4888513~4915080)
4888519
4888523
4888531
4888547
4888549
4888577
4888579
4888589
4888619
4888621
4888633
4888649
4888651
4888661
4888679
4888687
4888691
4888693
4888711
4888739
4888753
4888813
4888831
4888837
4888841
4888861
4888867
4888889
4888901
4888913
4888931
4888943
4888951
4888957
4888969
4888973
4888981
4888997
4888999
4889033
4889063
4889077
4889083
4889113
4889147
4889173
4889207
4889219
4889233
4889237
4889239
4889243
4889249
4889257
4889263
4889267
4889279
4889293
4889299
4889347
4889359
4889369
4889377
4889383
4889399
4889407
4889411
4889419
4889431
4889453
4889461
4889471
4889477
4889483
4889491
4889497
4889509
4889539
4889543
4889561
4889567
4889609
4889611
4889641
4889671
4889711
4889741
4889747
4889771
4889789
4889803
4889813
4889851
4889879
4889891
4889921
4889923
4889933
4889953
4889977
4889981
4889987
4889993
4890001
4890013
4890019
4890023
4890037
4890043
4890047
4890091
4890103
4890113
4890133
4890139
4890143
4890161
4890199
4890211
4890217
4890227
4890229
4890247
4890251
4890269
4890289
4890293
4890307
4890311
4890323
4890331
4890341
4890367
4890371
4890383
4890419
4890481
4890493
4890497
4890499
4890511
4890517
4890533
4890539
4890541
4890547
4890563
4890593
4890617
4890629
4890631
4890637
4890659
4890661
4890667
4890671
4890701
4890703
4890709
4890731
4890751
4890761
4890779
4890791
4890793
4890803
4890827
4890833
4890841
4890857
4890859
4890869
4890871
4890887
4890889
4890911
4890913
4890943
4890971
4890983
4891001
4891027
4891039
4891043
4891057
4891063
4891079
4891091
4891093
4891099
4891129
4891153
4891171
4891193
4891213
4891217
4891241
4891247
4891253
4891283
4891297
4891307
4891331
4891333
4891339
4891349
4891361
4891399
4891429
4891457
4891463
4891477
4891483
4891489
4891499
4891501
4891507
4891519
4891547
4891559
4891567
4891591
4891639
4891643
4891661
4891681
4891703
4891717
4891727
4891729
4891763
4891781
4891787
4891823
4891841
4891853
4891879
4891889
4891897
4891927
4891961
4891969
4891973
4891979
4891993
4892003
4892009
4892011
4892021
4892047
4892051
4892057
4892071
4892087
4892099
4892149
4892159
4892189
4892197
4892201
4892207
4892257
4892287
4892297
4892309
4892323
4892351
4892359
4892369
4892401
4892429
4892449
4892471
4892479
4892501
4892507
4892527
4892543
4892579
4892581
4892609
4892639
4892647
4892687
4892689
4892717
4892729
4892731
4892737
4892773
4892791
4892819
4892827
4892837
4892857
4892873
4892887
4892891
4892893
4892897
4892941
4892977
4892983
4892999
4893001
4893019
4893037
4893041
4893067
4893073
4893079
4893101
4893103
4893113
4893137
4893151
4893157
4893167
4893169
4893179
4893191
4893193
4893197
4893209
4893247
4893253
4893277
4893281
4893293
4893299
4893307
4893313
4893341
4893367
4893377
4893389
4893397
4893419
4893451
4893461
4893463
4893491
4893517
4893521
4893523
4893527
4893541
4893563
4893571
4893589
4893599
4893617
4893619
4893631
4893643
4893667
4893673
4893683
4893689
4893703
4893709
4893727
4893737
4893743
4893751
4893761
4893809
4893827
4893829
4893851
4893853
4893857
4893869
4893899
4893907
4893913
4893923
4893937
4893947
4893949
4893961
4893983
4894031
4894037
4894049
4894081
4894093
4894103
4894111
4894117
4894121
4894151
4894171
4894189
4894231
4894259
4894271
4894277
4894289
4894297
4894319
4894321
4894349
4894361
4894367
4894387
4894403
4894441
4894447
4894451
4894459
4894489
4894493
4894499
4894511
4894517
4894529
4894541
4894543
4894573
4894583
4894597
4894601
4894633
4894639
4894651
4894697
4894711
4894753
4894777
4894781
4894843
4894847
4894849
4894853
4894871
4894889
4894933
4894943
4894957
4894969
4894973
4894979
4894987
4894999
4895017
4895029
4895039
4895041
4895057
4895069
4895071
4895119
4895131
4895153
4895173
4895197
4895207
4895213
4895243
4895263
4895279
4895291
4895309
4895323
4895327
4895329
4895347
4895351
4895377
4895399
4895419
4895459
4895467
4895477
4895479
4895491
4895497
4895503
4895533
4895537
4895549
4895587
4895591
4895603
4895621
4895629
4895641
4895651
4895659
4895701
4895713
4895741
4895743
4895753
4895767
4895771
4895777
4895783
4895789
4895797
4895819
4895827
4895843
4895857
4895887
4895893
4895897
4895909
4895959
4895963
4895993
4896011
4896013
4896019
4896049
4896061
4896077
4896083
4896103
4896113
4896127
4896137
4896149
4896161
4896169
4896181
4896191
4896209
4896211
4896239
4896277
4896313
4896317
4896337
4896349
4896361
4896377
4896383
4896421
4896431
4896439
4896443
4896449
4896457
4896461
4896487
4896491
4896497
4896503
4896523
4896533
4896557
4896559
4896569
4896571
4896583
4896613
4896637
4896643
4896659
4896701
4896709
4896713
4896719
4896721
4896733
4896757
4896761
4896781
4896803
4896809
4896811
4896821
4896863
4896887
4896923
4896943
4896949
4896971
4896979
4897001
4897007
4897021
4897031
4897051
4897103
4897153
4897157
4897171
4897181
4897199
4897213
4897219
4897237
4897267
4897273
4897279
4897297
4897331
4897337
4897363
4897379
4897381
4897391
4897397
4897423
4897439
4897441
4897463
4897469
4897471
4897483
4897489
4897523
4897553
4897559
4897561
4897567
4897577
4897583
4897601
4897603
4897631
4897639
4897681
4897693
4897703
4897709
4897741
4897757
4897769
4897771
4897777
4897787
4897811
4897831
4897847
4897859
4897861
4897891
4897903
4897909
4897927
4897931
4897933
4897951
4897973
4897993
4898017
4898021
4898027
4898039
4898051
4898053
4898059
4898083
4898099
4898119
4898123
4898183
4898203
4898213
4898233
4898249
4898269
4898273
4898291
4898297
4898317
4898323
4898339
4898381
4898389
4898417
4898429
4898441
4898449
4898459
4898461
4898473
4898479
4898497
4898507
4898549
4898573
4898587
4898623
4898627
4898629
4898633
4898653
4898657
4898659
4898687
4898723
4898741
4898753
4898797
4898809
4898813
4898819
4898821
4898833
4898851
4898863
4898917
4898923
4898939
4898981
4899001
4899019
4899029
4899031
4899053
4899061
4899067
4899073
4899079
4899091
4899101
4899113
4899121
4899143
4899149
4899151
4899157
4899197
4899199
4899203
4899211
4899217
4899229
4899263
4899277
4899311
4899317
4899329
4899331
4899353
4899371
4899379
4899403
4899431
4899439
4899443
4899467
4899481
4899493
4899523
4899527
4899547
4899551
4899563
4899569
4899571
4899593
4899599
4899619
4899641
4899647
4899673
4899677
4899683
4899733
4899737
4899803
4899809
4899821
4899823
4899841
4899847
4899857
4899863
4899871
4899883
4899887
4899907
4899931
4899941
4899971
4899997
4900001
4900003
4900031
4900037
4900057
4900067
4900087
4900099
4900109
4900111
4900117
4900121
4900123
4900153
4900177
4900183
4900187
4900193
4900211
4900241
4900277
4900289
4900297
4900307
4900319
4900321
4900331
4900339
4900351
4900367
4900381
4900393
4900397
4900421
4900439
4900451
4900453
4900457
4900459
4900477
4900501
4900513
4900517
4900523
4900529
4900543
4900547
4900559
4900589
4900591
4900601
4900603
4900619
4900631
4900639
4900657
4900663
4900669
4900673
4900741
4900747
4900757
4900783
4900789
4900793
4900799
4900877
4900927
4900933
4900939
4900943
4900957
4900979
4900997
4900999
4901009
4901021
4901023
4901051
4901053
4901063
4901077
4901089
4901101
4901111
4901129
4901153
4901159
4901177
4901179
4901191
4901209
4901213
4901243
4901249
4901257
4901291
4901327
4901329
4901333
4901339
4901357
4901359
4901371
4901381
4901401
4901417
4901419
4901431
4901437
4901443
4901453
4901471
4901473
4901513
4901521
4901537
4901539
4901549
4901579
4901581
4901623
4901647
4901657
4901681
4901683
4901693
4901707
4901711
4901717
4901719
4901749
4901773
4901801
4901803
4901807
4901849
4901851
4901857
4901879
4901887
4901903
4901909
4901947
4901969
4901971
4901989
4902049
4902077
4902097
4902101
4902127
4902173
4902193
4902199
4902211
4902217
4902253
4902257
4902259
4902263
4902269
4902299
4902349
4902353
4902367
4902379
4902383
4902431
4902451
4902467
4902497
4902529
4902533
4902539
4902563
4902571
4902577
4902587
4902593
4902643
4902649
4902691
4902701
4902713
4902721
4902757
4902767
4902773
4902787
4902791
4902797
4902803
4902811
4902823
4902829
4902839
4902853
4902857
4902869
4902901
4902913
4902917
4902923
4902941
4902949
4902967
4902971
4903043
4903049
4903051
4903069
4903079
4903081
4903111
4903187
4903193
4903201
4903207
4903219
4903237
4903243
4903289
4903319
4903357
4903373
4903397
4903399
4903403
4903411
4903417
4903421
4903433
4903453
4903513
4903519
4903553
4903571
4903579
4903589
4903631
4903637
4903643
4903681
4903693
4903733
4903741
4903753
4903777
4903783
4903819
4903823
4903841
4903867
4903879
4903901
4903907
4903909
4903949
4903961
4903963
4903979
4903981
4903999
4904023
4904047
4904057
4904077
4904089
4904099
4904101
4904111
4904113
4904197
4904201
4904203
4904227
4904233
4904269
4904303
4904311
4904321
4904327
4904351
4904353
4904357
4904363
4904369
4904401
4904407
4904437
4904441
4904443
4904477
4904491
4904531
4904561
4904563
4904569
4904573
4904587
4904593
4904597
4904629
4904657
4904659
4904663
4904699
4904759
4904777
4904803
4904807
4904813
4904821
4904843
4904849
4904899
4904903
4904923
4904927
4904969
4904971
4904989
4905001
4905007
4905029
4905067
4905079
4905101
4905143
4905149
4905157
4905179
4905181
4905209
4905221
4905227
4905253
4905259
4905269
4905283
4905289
4905301
4905317
4905337
4905353
4905377
4905389
4905391
4905421
4905427
4905431
4905473
4905479
4905487
4905491
4905493
4905529
4905541
4905547
4905577
4905587
4905617
4905619
4905623
4905653
4905661
4905701
4905713
4905721
4905731
4905799
4905829
4905863
4905869
4905899
4905917
4905931
4905949
4905973
4905977
4905983
4905991
4906003
4906007
4906021
4906039
4906063
4906067
4906079
4906087
4906103
4906127
4906129
4906147
4906159
4906177
4906193
4906207
4906229
4906241
4906243
4906247
4906259
4906261
4906267
4906273
4906301
4906309
4906327
4906331
4906333
4906361
4906373
4906393
4906399
4906439
4906469
4906483
4906493
4906507
4906513
4906543
4906547
4906589
4906609
4906619
4906621
4906631
4906633
4906637
4906651
4906661
4906663
4906673
4906691
4906709
4906717
4906723
4906763
4906787
4906801
4906819
4906823
4906849
4906861
4906873
4906907
4906919
4906933
4906943
4906949
4906963
4906969
4906973
4906991
4907009
4907011
4907029
4907039
4907041
4907081
4907087
4907093
4907099
4907107
4907113
4907131
4907143
4907159
4907173
4907183
4907191
4907219
4907233
4907239
4907261
4907291
4907297
4907333
4907359
4907369
4907381
4907417
4907423
4907431
4907437
4907447
4907459
4907473
4907501
4907519
4907531
4907537
4907563
4907587
4907593
4907603
4907627
4907647
4907657
4907677
4907687
4907711
4907729
4907743
4907753
4907761
4907789
4907801
4907807
4907813
4907821
4907831
4907857
4907867
4907869
4907897
4907921
4907923
4907933
4907941
4907957
4907971
4908011
4908031
4908037
4908041
4908049
4908067
4908073
4908077
4908089
4908091
4908097
4908107
4908109
4908133
4908139
4908143
4908179
4908181
4908187
4908193
4908217
4908247
4908311
4908317
4908329
4908331
4908347
4908373
4908377
4908389
4908391
4908413
4908433
4908437
4908451
4908467
4908469
4908481
4908503
4908521
4908551
4908559
4908577
4908581
4908583
4908619
4908647
4908653
4908661
4908667
4908691
4908697
4908713
4908719
4908737
4908749
4908769
4908773
4908793
4908803
4908811
4908817
4908829
4908857
4908863
4908907
4908941
4908947
4908949
4908961
4908979
4908991
4908997
4909007
4909013
4909027
4909057
4909109
4909117
4909147
4909159
4909169
4909183
4909193
4909199
4909241
4909249
4909259
4909279
4909283
4909301
4909319
4909321
4909343
4909349
4909357
4909361
4909393
4909403
4909409
4909427
4909441
4909451
4909477
4909483
4909523
4909537
4909577
4909601
4909609
4909637
4909643
4909679
4909717
4909739
4909747
4909763
4909781
4909823
4909837
4909841
4909843
4909859
4909871
4909939
4909969
4909981
4910027
4910033
4910047
4910069
4910071
4910089
4910099
4910107
4910117
4910131
4910141
4910173
4910177
4910179
4910203
4910207
4910221
4910239
4910287
4910327
4910329
4910351
4910357
4910359
4910371
4910377
4910407
4910413
4910429
4910441
4910449
4910461
4910509
4910537
4910539
4910567
4910579
4910597
4910621
4910639
4910651
4910663
4910669
4910681
4910687
4910699
4910749
4910767
4910813
4910833
4910837
4910887
4910897
4910921
4910953
4910957
4910959
4910981
4911017
4911019
4911031
4911043
4911061
4911083
4911089
4911097
4911107
4911119
4911131
4911149
4911157
4911161
4911163
4911169
4911191
4911197
4911199
4911229
4911233
4911241
4911251
4911311
4911371
4911373
4911383
4911391
4911409
4911427
4911433
4911451
4911463
4911497
4911499
4911523
4911539
4911551
4911593
4911601
4911607
4911617
4911619
4911629
4911653
4911661
4911707
4911721
4911727
4911737
4911743
4911749
4911757
4911763
4911769
4911773
4911791
4911799
4911839
4911853
4911859
4911871
4911883
4911887
4911901
4911931
4911941
4911943
4911961
4912007
4912027
4912057
4912067
4912069
4912073
4912079
4912091
4912151
4912207
4912213
4912247
4912249
4912253
4912267
4912283
4912301
4912309
4912343
4912351
4912357
4912361
4912367
4912403
4912421
4912423
4912433
4912441
4912447
4912459
4912471
4912489
4912493
4912511
4912529
4912543
4912553
4912559
4912591
4912613
4912627
4912667
4912669
4912673
4912693
4912709
4912717
4912727
4912751
4912763
4912771
4912781
4912807
4912837
4912841
4912891
4912903
4912937
4912939
4912951
4912967
4912981
4912991
4913009
4913011
4913021
4913063
4913081
4913101
4913113
4913131
4913143
4913189
4913197
4913257
4913261
4913263
4913269
4913273
4913281
4913287
4913303
4913339
4913369
4913387
4913401
4913443
4913449
4913473
4913477
4913479
4913497
4913537
4913539
4913543
4913569
4913581
4913591
4913599
4913603
4913617
4913621
4913627
4913639
4913677
4913681
4913693
4913707
4913747
4913767
4913773
4913791
4913801
4913813
4913861
4913873
4913917
4913921
4913929
4913939
4913947
4913959
4913971
4913999
4914029
4914059
4914101
4914109
4914127
4914131
4914167
4914187
4914197
4914209
4914211
4914223
4914227
4914263
4914271
4914277
4914281
4914289
4914307
4914373
4914379
4914389
4914391
4914397
4914431
4914443
4914457
4914473
4914487
4914499
4914509
4914527
4914529
4914541
4914551
4914563
4914577
4914583
4914589
4914607
4914619
4914653
4914661
4914667
4914671
4914677
4914719
4914731
4914737
4914739
4914769
4914781
4914797
4914799
4914809
4914817
4914829
4914841
4914869
4914881
4914883
4914907
4914911
4914913
4914937
4914941
4914947
4914961
4914991
4914997
4915013
4915037
4915049
4915051
4915067
There are 1759 prime numbers in S369.
