S37(47953~50616)
47963
47969
47977
47981
48017
48023
48029
48049
48073
48079
48091
48109
48119
48121
48131
48157
48163
48179
48187
48193
48197
48221
48239
48247
48259
48271
48281
48299
48311
48313
48337
48341
48353
48371
48383
48397
48407
48409
48413
48437
48449
48463
48473
48479
48481
48487
48491
48497
48523
48527
48533
48539
48541
48563
48571
48589
48593
48611
48619
48623
48647
48649
48661
48673
48677
48679
48731
48733
48751
48757
48761
48767
48779
48781
48787
48799
48809
48817
48821
48823
48847
48857
48859
48869
48871
48883
48889
48907
48947
48953
48973
48989
48991
49003
49009
49019
49031
49033
49037
49043
49057
49069
49081
49103
49109
49117
49121
49123
49139
49157
49169
49171
49177
49193
49199
49201
49207
49211
49223
49253
49261
49277
49279
49297
49307
49331
49333
49339
49363
49367
49369
49391
49393
49409
49411
49417
49429
49433
49451
49459
49463
49477
49481
49499
49523
49529
49531
49537
49547
49549
49559
49597
49603
49613
49627
49633
49639
49663
49667
49669
49681
49697
49711
49727
49739
49741
49747
49757
49783
49787
49789
49801
49807
49811
49823
49831
49843
49853
49871
49877
49891
49919
49921
49927
49937
49939
49943
49957
49991
49993
49999
50021
50023
50033
50047
50051
50053
50069
50077
50087
50093
50101
50111
50119
50123
50129
50131
50147
50153
50159
50177
50207
50221
50227
50231
50261
50263
50273
50287
50291
50311
50321
50329
50333
50341
50359
50363
50377
50383
50387
50411
50417
50423
50441
50459
50461
50497
50503
50513
50527
50539
50543
50549
50551
50581
50587
50591
50593
50599
There are 249 prime numbers in S37.
