S370(4915081~4941720)
4915093
4915109
4915111
4915133
4915139
4915147
4915151
4915153
4915171
4915217
4915219
4915223
4915241
4915249
4915271
4915277
4915279
4915303
4915331
4915369
4915403
4915409
4915411
4915447
4915451
4915489
4915501
4915511
4915523
4915549
4915571
4915597
4915607
4915609
4915621
4915633
4915637
4915663
4915711
4915727
4915751
4915753
4915759
4915769
4915817
4915831
4915837
4915843
4915847
4915853
4915879
4915891
4915961
4915987
4916027
4916033
4916053
4916063
4916069
4916081
4916083
4916099
4916123
4916137
4916143
4916161
4916183
4916189
4916201
4916203
4916221
4916237
4916239
4916257
4916279
4916287
4916309
4916311
4916323
4916347
4916357
4916369
4916371
4916381
4916413
4916419
4916423
4916441
4916447
4916453
4916467
4916489
4916557
4916581
4916591
4916603
4916629
4916633
4916669
4916683
4916707
4916719
4916741
4916759
4916771
4916773
4916777
4916789
4916803
4916809
4916827
4916831
4916867
4916869
4916887
4916909
4916939
4916957
4916993
4917019
4917023
4917049
4917071
4917079
4917103
4917109
4917113
4917139
4917151
4917173
4917203
4917217
4917277
4917329
4917359
4917361
4917391
4917401
4917413
4917431
4917457
4917461
4917467
4917481
4917503
4917511
4917527
4917533
4917551
4917557
4917571
4917593
4917631
4917659
4917721
4917761
4917763
4917779
4917793
4917797
4917799
4917823
4917839
4917853
4917859
4917863
4917901
4917943
4917967
4917973
4917989
4918007
4918009
4918019
4918027
4918061
4918079
4918091
4918097
4918129
4918171
4918183
4918187
4918259
4918261
4918267
4918271
4918273
4918279
4918301
4918337
4918357
4918387
4918391
4918399
4918411
4918427
4918439
4918451
4918477
4918493
4918513
4918517
4918519
4918541
4918547
4918567
4918577
4918601
4918609
4918631
4918633
4918637
4918649
4918673
4918681
4918687
4918699
4918703
4918709
4918717
4918721
4918733
4918747
4918759
4918769
4918783
4918787
4918789
4918799
4918807
4918841
4918861
4918871
4918873
4918883
4918943
4918961
4918981
4918993
4918997
4918999
4919011
4919017
4919021
4919023
4919029
4919063
4919077
4919107
4919143
4919147
4919153
4919179
4919191
4919197
4919209
4919219
4919231
4919249
4919267
4919269
4919323
4919333
4919339
4919351
4919353
4919363
4919381
4919393
4919413
4919417
4919437
4919441
4919449
4919471
4919491
4919507
4919527
4919561
4919569
4919573
4919581
4919591
4919623
4919639
4919657
4919671
4919699
4919701
4919729
4919737
4919767
4919773
4919777
4919791
4919813
4919839
4919867
4919891
4919899
4919903
4919911
4919921
4919939
4919977
4919983
4919989
4920023
4920059
4920061
4920067
4920073
4920109
4920163
4920193
4920197
4920203
4920217
4920233
4920239
4920241
4920247
4920257
4920263
4920269
4920271
4920299
4920329
4920347
4920379
4920389
4920397
4920403
4920407
4920437
4920439
4920457
4920473
4920493
4920499
4920511
4920527
4920529
4920569
4920577
4920581
4920583
4920589
4920613
4920623
4920631
4920647
4920649
4920683
4920703
4920709
4920719
4920737
4920743
4920757
4920761
4920763
4920787
4920793
4920833
4920841
4920887
4920901
4920911
4920961
4920967
4920983
4920991
4921009
4921027
4921043
4921051
4921061
4921067
4921073
4921079
4921093
4921099
4921117
4921121
4921127
4921129
4921139
4921151
4921159
4921181
4921187
4921199
4921201
4921243
4921253
4921261
4921283
4921289
4921291
4921309
4921337
4921339
4921349
4921369
4921373
4921391
4921403
4921409
4921429
4921447
4921453
4921487
4921493
4921523
4921537
4921549
4921577
4921583
4921597
4921601
4921607
4921613
4921643
4921667
4921673
4921711
4921717
4921757
4921759
4921769
4921771
4921781
4921783
4921811
4921841
4921849
4921853
4921871
4921883
4921913
4921919
4921921
4921949
4922011
4922039
4922051
4922053
4922089
4922101
4922117
4922123
4922143
4922179
4922191
4922201
4922213
4922227
4922233
4922237
4922243
4922251
4922287
4922293
4922303
4922327
4922329
4922341
4922353
4922377
4922383
4922389
4922399
4922417
4922441
4922447
4922461
4922497
4922509
4922527
4922531
4922543
4922563
4922573
4922579
4922581
4922623
4922627
4922629
4922633
4922641
4922669
4922677
4922681
4922711
4922717
4922719
4922773
4922803
4922807
4922867
4922873
4922891
4922903
4922917
4922923
4922933
4922971
4922987
4923001
4923007
4923029
4923031
4923067
4923073
4923101
4923119
4923143
4923151
4923167
4923179
4923187
4923209
4923221
4923229
4923253
4923277
4923283
4923287
4923293
4923307
4923341
4923383
4923397
4923419
4923427
4923433
4923439
4923461
4923463
4923467
4923473
4923481
4923487
4923509
4923539
4923563
4923571
4923577
4923593
4923599
4923601
4923613
4923619
4923671
4923689
4923691
4923697
4923703
4923719
4923739
4923757
4923769
4923791
4923811
4923839
4923883
4923889
4923899
4923901
4923913
4923929
4923937
4923943
4923953
4923967
4923979
4924013
4924019
4924027
4924043
4924061
4924079
4924147
4924163
4924181
4924189
4924207
4924243
4924267
4924289
4924291
4924303
4924313
4924321
4924333
4924357
4924391
4924397
4924411
4924417
4924453
4924471
4924481
4924487
4924499
4924501
4924523
4924531
4924537
4924541
4924547
4924559
4924571
4924573
4924597
4924607
4924609
4924627
4924643
4924649
4924651
4924657
4924669
4924687
4924697
4924721
4924727
4924763
4924771
4924817
4924823
4924837
4924841
4924847
4924903
4924943
4924973
4924979
4924987
4924991
4924999
4925017
4925023
4925029
4925071
4925077
4925093
4925101
4925119
4925153
4925159
4925183
4925209
4925213
4925233
4925251
4925267
4925281
4925293
4925299
4925309
4925321
4925339
4925353
4925363
4925399
4925411
4925419
4925443
4925471
4925489
4925509
4925513
4925533
4925537
4925539
4925549
4925573
4925581
4925603
4925633
4925651
4925653
4925663
4925677
4925707
4925719
4925747
4925759
4925761
4925797
4925803
4925831
4925861
4925867
4925881
4925923
4925941
4925957
4925983
4925989
4926007
4926011
4926013
4926043
4926049
4926059
4926079
4926091
4926101
4926157
4926161
4926167
4926169
4926199
4926221
4926227
4926247
4926269
4926283
4926287
4926331
4926367
4926371
4926401
4926407
4926409
4926419
4926451
4926469
4926499
4926511
4926527
4926539
4926541
4926547
4926563
4926569
4926589
4926629
4926637
4926641
4926653
4926659
4926671
4926673
4926689
4926703
4926709
4926731
4926743
4926749
4926751
4926767
4926791
4926793
4926851
4926863
4926907
4926937
4926941
4926949
4926953
4926967
4926973
4926997
4927007
4927009
4927049
4927063
4927067
4927073
4927079
4927081
4927103
4927121
4927141
4927147
4927157
4927163
4927177
4927189
4927193
4927199
4927201
4927207
4927231
4927249
4927259
4927261
4927271
4927283
4927291
4927319
4927337
4927387
4927409
4927423
4927453
4927459
4927493
4927511
4927513
4927523
4927529
4927537
4927541
4927547
4927567
4927577
4927607
4927639
4927661
4927673
4927679
4927687
4927711
4927721
4927723
4927733
4927751
4927777
4927787
4927789
4927799
4927801
4927823
4927861
4927873
4927921
4927927
4927931
4927933
4928029
4928069
4928071
4928081
4928117
4928123
4928149
4928153
4928177
4928179
4928207
4928213
4928219
4928221
4928237
4928267
4928281
4928293
4928299
4928321
4928369
4928377
4928381
4928383
4928389
4928461
4928471
4928477
4928479
4928491
4928501
4928503
4928513
4928519
4928533
4928537
4928549
4928563
4928591
4928603
4928611
4928639
4928663
4928681
4928687
4928713
4928717
4928719
4928723
4928747
4928761
4928773
4928779
4928797
4928837
4928857
4928863
4928867
4928873
4928879
4928899
4928933
4928941
4928951
4928953
4928971
4928977
4928993
4929013
4929049
4929073
4929083
4929091
4929109
4929157
4929161
4929163
4929187
4929191
4929193
4929203
4929209
4929229
4929233
4929259
4929263
4929277
4929343
4929359
4929361
4929373
4929377
4929401
4929427
4929433
4929451
4929467
4929469
4929511
4929523
4929539
4929559
4929599
4929641
4929647
4929703
4929707
4929719
4929731
4929737
4929773
4929781
4929791
4929809
4929817
4929823
4929833
4929857
4929871
4929887
4929893
4929919
4929937
4929943
4929989
4929997
4930001
4930019
4930021
4930033
4930039
4930043
4930049
4930097
4930103
4930109
4930129
4930151
4930157
4930171
4930181
4930193
4930199
4930207
4930231
4930243
4930273
4930279
4930297
4930309
4930313
4930339
4930363
4930379
4930381
4930403
4930417
4930421
4930433
4930439
4930451
4930483
4930489
4930531
4930543
4930547
4930553
4930567
4930589
4930613
4930631
4930637
4930649
4930693
4930699
4930703
4930711
4930721
4930729
4930741
4930759
4930771
4930777
4930789
4930811
4930819
4930831
4930837
4930843
4930847
4930873
4930889
4930927
4930949
4930951
4930963
4930973
4930997
4931011
4931023
4931063
4931119
4931141
4931149
4931153
4931159
4931183
4931191
4931209
4931219
4931221
4931231
4931237
4931261
4931299
4931327
4931389
4931441
4931461
4931467
4931473
4931477
4931489
4931497
4931539
4931543
4931557
4931561
4931587
4931593
4931599
4931623
4931639
4931651
4931657
4931671
4931687
4931699
4931749
4931753
4931761
4931779
4931783
4931813
4931833
4931837
4931879
4931881
4931893
4931897
4931903
4931909
4931917
4931939
4931947
4931957
4931999
4932017
4932043
4932047
4932073
4932079
4932089
4932101
4932107
4932119
4932121
4932139
4932163
4932167
4932173
4932181
4932199
4932209
4932241
4932247
4932251
4932269
4932271
4932287
4932293
4932311
4932313
4932331
4932371
4932383
4932409
4932427
4932437
4932439
4932449
4932461
4932463
4932467
4932479
4932493
4932497
4932541
4932559
4932611
4932619
4932623
4932637
4932671
4932673
4932677
4932691
4932713
4932727
4932731
4932743
4932757
4932769
4932779
4932797
4932817
4932821
4932827
4932853
4932859
4932881
4932883
4932901
4932947
4932953
4933007
4933031
4933039
4933069
4933087
4933127
4933147
4933153
4933157
4933171
4933177
4933207
4933223
4933259
4933283
4933289
4933297
4933301
4933303
4933307
4933333
4933351
4933361
4933363
4933367
4933373
4933381
4933387
4933421
4933427
4933457
4933463
4933493
4933499
4933501
4933529
4933531
4933549
4933573
4933583
4933589
4933601
4933631
4933633
4933697
4933727
4933751
4933759
4933783
4933793
4933801
4933811
4933829
4933843
4933849
4933871
4933889
4933897
4933909
4933967
4933969
4933979
4934023
4934047
4934057
4934087
4934093
4934113
4934117
4934119
4934123
4934161
4934183
4934197
4934203
4934219
4934221
4934231
4934257
4934269
4934291
4934297
4934311
4934317
4934327
4934341
4934383
4934387
4934399
4934401
4934407
4934441
4934453
4934467
4934477
4934491
4934507
4934513
4934521
4934533
4934537
4934543
4934561
4934569
4934591
4934621
4934647
4934651
4934659
4934663
4934689
4934747
4934773
4934779
4934791
4934807
4934837
4934849
4934863
4934869
4934899
4934929
4934939
4934971
4934977
4935011
4935013
4935043
4935053
4935061
4935089
4935101
4935103
4935121
4935127
4935131
4935149
4935157
4935167
4935187
4935197
4935199
4935221
4935223
4935241
4935247
4935257
4935283
4935299
4935313
4935323
4935331
4935341
4935361
4935377
4935379
4935391
4935407
4935419
4935431
4935443
4935461
4935487
4935499
4935503
4935521
4935523
4935529
4935533
4935563
4935569
4935607
4935613
4935617
4935641
4935647
4935653
4935691
4935719
4935739
4935743
4935757
4935779
4935787
4935793
4935809
4935811
4935817
4935859
4935871
4935919
4935929
4935941
4935947
4935977
4935979
4935989
4936033
4936073
4936079
4936097
4936111
4936121
4936123
4936153
4936163
4936189
4936193
4936201
4936213
4936241
4936249
4936279
4936291
4936297
4936301
4936319
4936339
4936343
4936381
4936391
4936411
4936423
4936433
4936439
4936453
4936469
4936483
4936499
4936507
4936531
4936537
4936543
4936549
4936567
4936601
4936619
4936649
4936667
4936693
4936703
4936717
4936721
4936727
4936753
4936793
4936819
4936823
4936831
4936837
4936847
4936859
4936861
4936879
4936891
4936909
4936951
4936961
4936963
4936993
4937027
4937033
4937041
4937113
4937129
4937147
4937161
4937167
4937171
4937173
4937197
4937201
4937237
4937239
4937267
4937281
4937287
4937291
4937323
4937329
4937347
4937363
4937371
4937381
4937399
4937417
4937423
4937441
4937461
4937467
4937483
4937509
4937551
4937563
4937573
4937641
4937657
4937659
4937677
4937683
4937719
4937731
4937791
4937797
4937813
4937839
4937843
4937869
4937873
4937879
4937899
4937903
4937921
4937941
4937953
4937963
4937971
4937993
4938029
4938047
4938049
4938071
4938097
4938103
4938113
4938127
4938137
4938139
4938151
4938161
4938181
4938187
4938191
4938203
4938209
4938217
4938229
4938239
4938247
4938259
4938277
4938281
4938287
4938289
4938293
4938301
4938317
4938319
4938341
4938361
4938379
4938383
4938389
4938397
4938403
4938407
4938413
4938443
4938467
4938473
4938509
4938529
4938533
4938539
4938553
4938587
4938589
4938599
4938601
4938617
4938623
4938643
4938673
4938683
4938701
4938707
4938733
4938761
4938779
4938833
4938853
4938881
4938887
4938907
4938929
4938931
4938943
4938979
4939003
4939021
4939037
4939049
4939073
4939079
4939091
4939111
4939127
4939139
4939141
4939169
4939171
4939211
4939213
4939223
4939237
4939243
4939271
4939279
4939289
4939313
4939331
4939339
4939349
4939357
4939369
4939387
4939391
4939423
4939427
4939433
4939439
4939471
4939511
4939523
4939567
4939573
4939577
4939609
4939621
4939631
4939637
4939661
4939667
4939679
4939681
4939717
4939729
4939751
4939763
4939769
4939783
4939787
4939789
4939807
4939813
4939817
4939853
4939859
4939861
4939901
4939903
4939933
4939939
4939973
4939993
4939997
4940017
4940051
4940071
4940137
4940153
4940161
4940197
4940219
4940231
4940233
4940263
4940269
4940279
4940281
4940291
4940293
4940303
4940321
4940333
4940339
4940359
4940363
4940371
4940381
4940389
4940407
4940413
4940417
4940431
4940443
4940447
4940461
4940503
4940519
4940521
4940531
4940539
4940587
4940609
4940629
4940641
4940651
4940669
4940671
4940711
4940717
4940729
4940731
4940753
4940797
4940809
4940813
4940827
4940843
4940867
4940879
4940891
4940899
4940909
4940911
4940959
4940977
4940983
4941043
4941047
4941071
4941127
4941149
4941161
4941163
4941187
4941193
4941217
4941221
4941227
4941229
4941241
4941247
4941253
4941257
4941263
4941269
4941283
4941289
4941319
4941323
4941337
4941347
4941353
4941359
4941383
4941413
4941421
4941449
4941487
4941511
4941551
4941557
4941569
4941593
4941613
4941623
4941637
4941641
4941649
4941659
4941661
4941709
There are 1724 prime numbers in S370.
