S371(4941721~4968432)
4941731
4941749
4941751
4941763
4941787
4941817
4941821
4941847
4941857
4941863
4941901
4941907
4941913
4941929
4941931
4941943
4941961
4941967
4941971
4941973
4941983
4942013
4942039
4942057
4942061
4942073
4942111
4942123
4942177
4942183
4942193
4942199
4942211
4942213
4942241
4942271
4942283
4942313
4942339
4942351
4942373
4942397
4942411
4942501
4942513
4942519
4942541
4942573
4942579
4942601
4942627
4942633
4942687
4942697
4942703
4942709
4942711
4942739
4942747
4942753
4942771
4942781
4942799
4942811
4942877
4942879
4942901
4942909
4942913
4942921
4942933
4942957
4942969
4942991
4942997
4943009
4943011
4943017
4943027
4943051
4943053
4943063
4943069
4943077
4943087
4943093
4943101
4943111
4943119
4943143
4943153
4943177
4943189
4943201
4943207
4943219
4943227
4943261
4943269
4943273
4943299
4943317
4943333
4943339
4943347
4943357
4943377
4943383
4943387
4943417
4943429
4943431
4943441
4943467
4943473
4943479
4943483
4943489
4943503
4943509
4943531
4943567
4943573
4943641
4943677
4943693
4943699
4943707
4943711
4943713
4943723
4943737
4943747
4943749
4943767
4943777
4943797
4943831
4943837
4943843
4943921
4943927
4943959
4943963
4944019
4944029
4944053
4944073
4944077
4944083
4944101
4944113
4944119
4944139
4944143
4944157
4944169
4944197
4944209
4944223
4944257
4944281
4944299
4944307
4944311
4944319
4944337
4944341
4944343
4944361
4944367
4944371
4944383
4944391
4944397
4944409
4944431
4944437
4944451
4944463
4944473
4944479
4944481
4944487
4944497
4944521
4944523
4944539
4944547
4944557
4944571
4944581
4944607
4944623
4944631
4944659
4944661
4944679
4944683
4944691
4944697
4944707
4944713
4944733
4944743
4944781
4944787
4944803
4944817
4944827
4944833
4944869
4944889
4944893
4944899
4944911
4944923
4944949
4944983
4944991
4945001
4945007
4945009
4945019
4945033
4945081
4945091
4945103
4945121
4945123
4945141
4945153
4945159
4945183
4945231
4945243
4945261
4945267
4945273
4945277
4945279
4945307
4945327
4945333
4945373
4945393
4945397
4945411
4945469
4945477
4945511
4945513
4945519
4945537
4945541
4945553
4945579
4945597
4945601
4945609
4945613
4945639
4945651
4945663
4945673
4945687
4945693
4945711
4945723
4945727
4945741
4945777
4945783
4945807
4945813
4945849
4945859
4945867
4945879
4945937
4945939
4945961
4945973
4945981
4945987
4946003
4946009
4946017
4946027
4946033
4946041
4946047
4946057
4946083
4946087
4946089
4946101
4946107
4946113
4946129
4946131
4946177
4946189
4946191
4946203
4946209
4946231
4946237
4946257
4946299
4946323
4946341
4946351
4946387
4946393
4946399
4946401
4946411
4946413
4946467
4946471
4946477
4946483
4946497
4946509
4946519
4946581
4946603
4946647
4946653
4946657
4946663
4946671
4946681
4946687
4946713
4946723
4946729
4946731
4946741
4946749
4946759
4946761
4946803
4946807
4946819
4946827
4946833
4946857
4946873
4946899
4946923
4946927
4946939
4946947
4946951
4946989
4947013
4947029
4947043
4947083
4947109
4947121
4947143
4947167
4947181
4947191
4947199
4947203
4947251
4947263
4947269
4947287
4947301
4947311
4947329
4947331
4947337
4947367
4947373
4947377
4947403
4947413
4947431
4947463
4947499
4947517
4947521
4947557
4947559
4947571
4947577
4947587
4947589
4947601
4947611
4947617
4947653
4947659
4947727
4947743
4947763
4947779
4947791
4947797
4947821
4947841
4947853
4947857
4947863
4947871
4947949
4947959
4947979
4947991
4948039
4948057
4948079
4948087
4948093
4948109
4948117
4948201
4948213
4948219
4948231
4948247
4948267
4948283
4948291
4948337
4948351
4948367
4948369
4948387
4948393
4948409
4948423
4948441
4948457
4948459
4948501
4948523
4948529
4948571
4948579
4948613
4948621
4948631
4948633
4948637
4948661
4948673
4948679
4948681
4948693
4948729
4948733
4948739
4948777
4948807
4948829
4948831
4948849
4948859
4948883
4948891
4948897
4948901
4948939
4948961
4948963
4948969
4949003
4949027
4949029
4949033
4949051
4949059
4949081
4949093
4949107
4949141
4949143
4949167
4949179
4949213
4949221
4949239
4949249
4949267
4949279
4949293
4949297
4949341
4949353
4949359
4949369
4949389
4949407
4949419
4949423
4949437
4949447
4949449
4949471
4949489
4949501
4949521
4949551
4949579
4949591
4949597
4949599
4949603
4949611
4949621
4949627
4949641
4949653
4949657
4949683
4949689
4949699
4949717
4949719
4949741
4949743
4949753
4949779
4949797
4949827
4949837
4949843
4949881
4949891
4949921
4949939
4949951
4949963
4949977
4949983
4950067
4950103
4950107
4950109
4950131
4950133
4950137
4950139
4950151
4950157
4950199
4950259
4950287
4950307
4950311
4950331
4950343
4950353
4950373
4950389
4950397
4950401
4950403
4950409
4950419
4950427
4950433
4950467
4950479
4950487
4950493
4950499
4950509
4950511
4950521
4950527
4950541
4950559
4950581
4950593
4950599
4950611
4950613
4950623
4950629
4950661
4950683
4950703
4950707
4950713
4950733
4950739
4950779
4950797
4950817
4950833
4950853
4950857
4950871
4950923
4950931
4950937
4950941
4950971
4950991
4951013
4951019
4951021
4951057
4951073
4951091
4951109
4951127
4951151
4951157
4951183
4951189
4951213
4951217
4951231
4951253
4951259
4951277
4951333
4951357
4951361
4951379
4951393
4951399
4951409
4951421
4951439
4951459
4951511
4951549
4951561
4951567
4951589
4951613
4951621
4951627
4951633
4951637
4951643
4951649
4951657
4951679
4951691
4951703
4951729
4951733
4951741
4951757
4951783
4951787
4951789
4951813
4951819
4951823
4951829
4951861
4951867
4951883
4951897
4951901
4951907
4951943
4951963
4951987
4951997
4952023
4952071
4952081
4952089
4952093
4952113
4952119
4952147
4952149
4952173
4952177
4952183
4952201
4952203
4952209
4952231
4952239
4952257
4952261
4952279
4952317
4952323
4952327
4952351
4952357
4952371
4952377
4952399
4952443
4952447
4952449
4952461
4952477
4952489
4952501
4952503
4952543
4952551
4952569
4952587
4952609
4952639
4952663
4952669
4952671
4952681
4952683
4952699
4952713
4952743
4952767
4952771
4952807
4952809
4952819
4952833
4952837
4952861
4952887
4952891
4952897
4952921
4952929
4952947
4952953
4952957
4952971
4952989
4952993
4953023
4953043
4953049
4953059
4953061
4953077
4953083
4953089
4953101
4953121
4953133
4953199
4953209
4953233
4953259
4953271
4953293
4953313
4953317
4953331
4953353
4953391
4953413
4953439
4953451
4953479
4953491
4953493
4953527
4953541
4953551
4953569
4953587
4953593
4953601
4953607
4953617
4953629
4953631
4953667
4953673
4953677
4953679
4953701
4953709
4953713
4953719
4953761
4953787
4953791
4953797
4953811
4953827
4953833
4953869
4953877
4953899
4953911
4953917
4953929
4953931
4953943
4953961
4953973
4953979
4953997
4954013
4954031
4954049
4954051
4954063
4954067
4954087
4954091
4954109
4954121
4954127
4954139
4954199
4954211
4954219
4954241
4954247
4954249
4954253
4954267
4954277
4954303
4954321
4954333
4954351
4954409
4954423
4954457
4954471
4954487
4954507
4954511
4954549
4954553
4954561
4954577
4954597
4954601
4954613
4954619
4954627
4954639
4954661
4954669
4954721
4954751
4954771
4954777
4954793
4954799
4954841
4954843
4954883
4954903
4954909
4954919
4954921
4954927
4954931
4954951
4954967
4954979
4954981
4954987
4955011
4955033
4955039
4955059
4955081
4955087
4955089
4955099
4955101
4955107
4955123
4955131
4955147
4955179
4955221
4955263
4955297
4955311
4955323
4955329
4955339
4955359
4955393
4955399
4955407
4955417
4955429
4955437
4955441
4955473
4955477
4955479
4955497
4955519
4955537
4955563
4955581
4955593
4955597
4955611
4955627
4955641
4955647
4955693
4955719
4955737
4955747
4955761
4955771
4955773
4955791
4955801
4955803
4955809
4955831
4955851
4955869
4955887
4955893
4955911
4955917
4955933
4955947
4955953
4955963
4955981
4955987
4955989
4955999
4956011
4956023
4956073
4956097
4956139
4956151
4956157
4956173
4956181
4956221
4956227
4956233
4956241
4956251
4956253
4956269
4956313
4956337
4956349
4956353
4956379
4956383
4956389
4956437
4956443
4956451
4956461
4956467
4956487
4956491
4956509
4956521
4956529
4956533
4956541
4956547
4956563
4956577
4956599
4956607
4956617
4956629
4956643
4956691
4956703
4956733
4956781
4956793
4956803
4956811
4956817
4956821
4956823
4956827
4956829
4956857
4956871
4956893
4956899
4956901
4956943
4956947
4956977
4957019
4957021
4957031
4957039
4957049
4957063
4957087
4957091
4957093
4957097
4957103
4957109
4957123
4957153
4957159
4957177
4957207
4957219
4957229
4957243
4957247
4957261
4957283
4957301
4957307
4957321
4957327
4957333
4957349
4957361
4957363
4957373
4957391
4957399
4957411
4957441
4957457
4957471
4957483
4957529
4957549
4957553
4957559
4957583
4957609
4957633
4957639
4957663
4957691
4957703
4957709
4957721
4957723
4957739
4957747
4957751
4957759
4957769
4957781
4957789
4957801
4957817
4957819
4957837
4957847
4957871
4957873
4957891
4957913
4957919
4957921
4957937
4957969
4957987
4958011
4958017
4958021
4958131
4958189
4958209
4958227
4958231
4958251
4958257
4958299
4958311
4958321
4958323
4958329
4958347
4958351
4958377
4958381
4958383
4958399
4958413
4958423
4958467
4958491
4958497
4958539
4958549
4958561
4958567
4958579
4958587
4958617
4958633
4958647
4958651
4958659
4958693
4958719
4958761
4958771
4958801
4958819
4958843
4958861
4958879
4958893
4958903
4958911
4958957
4958983
4959013
4959037
4959041
4959043
4959047
4959049
4959079
4959083
4959113
4959151
4959161
4959181
4959197
4959277
4959289
4959313
4959341
4959371
4959379
4959389
4959397
4959413
4959419
4959431
4959463
4959469
4959497
4959503
4959511
4959523
4959527
4959533
4959569
4959583
4959587
4959593
4959637
4959641
4959653
4959673
4959679
4959701
4959719
4959751
4959761
4959833
4959853
4959883
4959919
4959923
4959947
4959949
4959959
4959991
4960001
4960013
4960027
4960037
4960049
4960097
4960117
4960127
4960129
4960133
4960147
4960169
4960181
4960187
4960201
4960213
4960223
4960231
4960259
4960283
4960297
4960301
4960309
4960313
4960327
4960339
4960343
4960367
4960391
4960393
4960451
4960453
4960457
4960471
4960477
4960499
4960507
4960511
4960519
4960531
4960561
4960567
4960591
4960601
4960603
4960607
4960639
4960673
4960687
4960693
4960717
4960727
4960741
4960751
4960757
4960763
4960807
4960811
4960829
4960831
4960859
4960883
4960903
4960909
4960913
4960927
4960931
4960933
4960937
4960951
4960973
4960979
4960981
4960987
4961017
4961027
4961053
4961057
4961063
4961083
4961087
4961107
4961113
4961119
4961129
4961141
4961183
4961207
4961213
4961237
4961249
4961311
4961317
4961321
4961323
4961329
4961339
4961351
4961371
4961377
4961389
4961443
4961449
4961459
4961471
4961477
4961479
4961497
4961503
4961507
4961513
4961521
4961531
4961543
4961549
4961563
4961587
4961599
4961609
4961633
4961659
4961669
4961689
4961699
4961707
4961713
4961741
4961777
4961783
4961791
4961797
4961809
4961821
4961833
4961851
4961863
4961897
4961903
4961917
4961921
4961927
4961939
4961941
4961947
4961963
4961969
4962037
4962047
4962049
4962053
4962073
4962091
4962109
4962131
4962137
4962143
4962151
4962163
4962187
4962193
4962239
4962257
4962259
4962301
4962311
4962323
4962341
4962343
4962359
4962361
4962367
4962389
4962407
4962409
4962421
4962427
4962469
4962491
4962493
4962527
4962539
4962557
4962569
4962571
4962577
4962583
4962611
4962619
4962631
4962637
4962647
4962649
4962677
4962703
4962707
4962709
4962719
4962721
4962731
4962751
4962787
4962791
4962803
4962833
4962863
4962869
4962877
4962911
4962949
4962953
4962967
4962977
4962983
4962989
4963001
4963003
4963019
4963027
4963037
4963043
4963061
4963067
4963093
4963109
4963121
4963157
4963163
4963171
4963181
4963183
4963207
4963213
4963243
4963253
4963267
4963279
4963307
4963327
4963349
4963363
4963369
4963391
4963403
4963411
4963417
4963421
4963429
4963451
4963463
4963471
4963481
4963487
4963499
4963523
4963547
4963559
4963571
4963573
4963589
4963597
4963603
4963613
4963633
4963639
4963663
4963667
4963687
4963697
4963723
4963771
4963787
4963801
4963853
4963859
4963891
4963897
4963909
4963943
4963961
4963967
4964009
4964041
4964053
4964059
4964087
4964101
4964129
4964171
4964173
4964189
4964209
4964227
4964243
4964261
4964273
4964279
4964293
4964317
4964341
4964369
4964381
4964383
4964387
4964411
4964413
4964417
4964447
4964461
4964467
4964471
4964473
4964483
4964489
4964503
4964543
4964569
4964579
4964591
4964599
4964621
4964627
4964639
4964647
4964699
4964741
4964753
4964761
4964777
4964779
4964789
4964797
4964801
4964819
4964821
4964831
4964837
4964863
4964873
4964879
4964891
4964893
4964899
4964903
4964951
4964957
4965001
4965007
4965013
4965019
4965029
4965047
4965049
4965083
4965089
4965091
4965131
4965151
4965157
4965161
4965179
4965187
4965193
4965197
4965203
4965209
4965227
4965269
4965271
4965283
4965287
4965299
4965307
4965347
4965349
4965353
4965361
4965371
4965379
4965383
4965391
4965397
4965413
4965419
4965421
4965449
4965451
4965481
4965509
4965523
4965557
4965563
4965589
4965599
4965601
4965607
4965613
4965629
4965637
4965643
4965661
4965671
4965689
4965731
4965739
4965743
4965761
4965767
4965773
4965781
4965787
4965791
4965799
4965803
4965833
4965841
4965847
4965869
4965893
4965899
4965911
4965923
4965943
4965959
4965967
4965979
4965991
4966001
4966007
4966033
4966051
4966061
4966099
4966123
4966127
4966147
4966151
4966189
4966243
4966267
4966301
4966343
4966373
4966393
4966411
4966421
4966441
4966483
4966501
4966513
4966519
4966523
4966529
4966531
4966553
4966571
4966579
4966613
4966639
4966649
4966667
4966673
4966697
4966711
4966723
4966783
4966799
4966807
4966811
4966813
4966817
4966831
4966837
4966849
4966853
4966889
4966891
4966901
4966903
4966909
4966937
4966939
4966963
4966979
4967023
4967041
4967051
4967069
4967087
4967093
4967117
4967143
4967147
4967153
4967167
4967177
4967197
4967201
4967203
4967219
4967233
4967243
4967257
4967267
4967279
4967293
4967297
4967309
4967311
4967321
4967329
4967353
4967377
4967401
4967407
4967411
4967419
4967423
4967449
4967453
4967461
4967491
4967513
4967537
4967549
4967579
4967617
4967629
4967647
4967653
4967659
4967681
4967687
4967737
4967761
4967773
4967777
4967783
4967801
4967803
4967813
4967821
4967827
4967857
4967861
4967867
4967881
4967899
4967909
4967917
4967923
4967933
4967969
4967971
4967981
4967993
4968017
4968037
4968059
4968109
4968121
4968127
4968133
4968149
4968151
4968157
4968169
4968179
4968203
4968209
4968239
4968241
4968283
4968287
4968289
4968317
4968319
4968343
4968347
4968371
4968373
4968407
4968409
4968427
There are 1765 prime numbers in S371.
