S373(4995217~5022072)
4995227
4995241
4995253
4995281
4995283
4995299
4995311
4995323
4995349
4995373
4995377
4995379
4995383
4995421
4995427
4995449
4995457
4995479
4995493
4995503
4995517
4995527
4995539
4995541
4995547
4995553
4995581
4995607
4995643
4995647
4995649
4995667
4995673
4995691
4995701
4995709
4995713
4995719
4995779
4995827
4995863
4995871
4995877
4995883
4995889
4995911
4995919
4995923
4995931
4995941
4995953
4995983
4995997
4996003
4996049
4996051
4996081
4996087
4996097
4996099
4996111
4996141
4996169
4996223
4996247
4996273
4996279
4996289
4996291
4996309
4996319
4996333
4996349
4996361
4996367
4996399
4996421
4996423
4996441
4996457
4996463
4996477
4996493
4996501
4996507
4996531
4996553
4996559
4996573
4996609
4996619
4996627
4996637
4996679
4996687
4996697
4996703
4996709
4996723
4996757
4996841
4996879
4996883
4996891
4996913
4996919
4996933
4996949
4996967
4996991
4997011
4997017
4997029
4997033
4997063
4997093
4997101
4997119
4997173
4997191
4997219
4997227
4997243
4997273
4997281
4997287
4997297
4997327
4997339
4997353
4997381
4997383
4997387
4997389
4997393
4997401
4997471
4997491
4997521
4997533
4997539
4997549
4997563
4997567
4997569
4997579
4997593
4997611
4997621
4997659
4997683
4997687
4997689
4997717
4997747
4997753
4997771
4997801
4997843
4997887
4997891
4997899
4997917
4997921
4997929
4997981
4997989
4998001
4998013
4998031
4998073
4998089
4998101
4998109
4998113
4998131
4998137
4998181
4998211
4998229
4998233
4998241
4998319
4998341
4998359
4998361
4998373
4998407
4998419
4998437
4998439
4998467
4998479
4998541
4998547
4998557
4998559
4998563
4998569
4998571
4998583
4998599
4998601
4998611
4998619
4998641
4998647
4998667
4998671
4998673
4998683
4998689
4998713
4998733
4998739
4998743
4998757
4998769
4998787
4998823
4998839
4998853
4998859
4998869
4998887
4998911
4998913
4998941
4998943
4998947
4998971
4998979
4998989
4998997
4999021
4999031
4999081
4999087
4999097
4999103
4999117
4999121
4999151
4999177
4999187
4999201
4999217
4999231
4999237
4999243
4999273
4999297
4999301
4999307
4999321
4999327
4999363
4999387
4999391
4999409
4999427
4999439
4999447
4999453
4999457
4999469
4999493
4999507
4999523
4999529
4999537
4999559
4999591
4999597
4999613
4999627
4999633
4999637
4999639
4999651
4999661
4999667
4999681
4999693
4999703
4999727
4999733
4999759
4999769
4999781
4999783
4999801
4999823
4999849
4999867
4999871
4999879
4999889
4999913
4999933
4999949
4999957
4999961
4999963
4999999
5000011
5000077
5000081
5000087
5000101
5000111
5000113
5000153
5000161
5000167
5000197
5000201
5000213
5000251
5000257
5000263
5000299
5000311
5000321
5000339
5000381
5000389
5000399
5000423
5000473
5000491
5000503
5000519
5000539
5000543
5000549
5000551
5000563
5000581
5000623
5000627
5000651
5000657
5000687
5000689
5000701
5000713
5000741
5000747
5000759
5000761
5000777
5000783
5000791
5000797
5000851
5000861
5000881
5000903
5000917
5000923
5000927
5000929
5000939
5000977
5000981
5000987
5000993
5001001
5001019
5001023
5001049
5001053
5001067
5001071
5001083
5001089
5001119
5001121
5001127
5001163
5001167
5001173
5001193
5001197
5001203
5001233
5001251
5001277
5001289
5001299
5001301
5001307
5001319
5001343
5001361
5001379
5001391
5001397
5001407
5001413
5001421
5001431
5001433
5001443
5001461
5001481
5001487
5001523
5001539
5001547
5001559
5001593
5001629
5001643
5001653
5001671
5001679
5001691
5001701
5001707
5001739
5001743
5001749
5001761
5001767
5001779
5001809
5001907
5001911
5001923
5001967
5001979
5002001
5002003
5002051
5002057
5002093
5002103
5002133
5002157
5002189
5002211
5002219
5002223
5002229
5002237
5002241
5002259
5002273
5002313
5002321
5002331
5002373
5002379
5002391
5002457
5002463
5002489
5002499
5002507
5002519
5002537
5002541
5002553
5002561
5002579
5002583
5002637
5002639
5002649
5002651
5002691
5002721
5002729
5002741
5002747
5002771
5002801
5002817
5002841
5002843
5002847
5002859
5002883
5002889
5002901
5002903
5002927
5002939
5002979
5003003
5003039
5003071
5003077
5003081
5003101
5003111
5003113
5003123
5003143
5003191
5003203
5003227
5003231
5003239
5003249
5003261
5003263
5003267
5003303
5003309
5003329
5003371
5003387
5003407
5003429
5003459
5003477
5003483
5003503
5003507
5003513
5003519
5003539
5003543
5003549
5003591
5003597
5003633
5003653
5003657
5003659
5003671
5003699
5003701
5003711
5003717
5003737
5003743
5003749
5003759
5003771
5003773
5003809
5003813
5003819
5003827
5003837
5003839
5003881
5003893
5003909
5003923
5003951
5003959
5003963
5003969
5003981
5003983
5003993
5004007
5004017
5004019
5004031
5004053
5004059
5004067
5004071
5004073
5004089
5004119
5004121
5004127
5004143
5004149
5004157
5004193
5004217
5004221
5004227
5004281
5004323
5004359
5004367
5004401
5004403
5004437
5004451
5004457
5004491
5004539
5004553
5004569
5004599
5004611
5004653
5004677
5004679
5004697
5004707
5004721
5004739
5004751
5004757
5004767
5004799
5004803
5004821
5004827
5004841
5004859
5004871
5004877
5004893
5004929
5004931
5004941
5004971
5004977
5004991
5005001
5005031
5005057
5005067
5005087
5005127
5005129
5005141
5005159
5005177
5005199
5005201
5005213
5005219
5005223
5005261
5005289
5005307
5005309
5005337
5005339
5005367
5005381
5005411
5005423
5005433
5005439
5005489
5005523
5005549
5005613
5005621
5005639
5005643
5005669
5005687
5005703
5005709
5005757
5005783
5005799
5005817
5005823
5005859
5005867
5005877
5005883
5005907
5005909
5005921
5005933
5005961
5005969
5005981
5005991
5006003
5006011
5006021
5006047
5006069
5006077
5006081
5006083
5006119
5006123
5006129
5006147
5006149
5006153
5006171
5006179
5006191
5006207
5006231
5006233
5006237
5006269
5006273
5006297
5006317
5006369
5006377
5006383
5006399
5006401
5006411
5006429
5006431
5006437
5006459
5006489
5006497
5006501
5006503
5006509
5006513
5006527
5006537
5006543
5006579
5006587
5006591
5006597
5006609
5006611
5006621
5006623
5006657
5006669
5006693
5006711
5006719
5006737
5006741
5006753
5006761
5006767
5006773
5006831
5006839
5006867
5006909
5006923
5006929
5006971
5006983
5007001
5007007
5007011
5007017
5007047
5007059
5007071
5007097
5007109
5007113
5007137
5007157
5007179
5007181
5007187
5007193
5007209
5007251
5007253
5007263
5007283
5007313
5007319
5007323
5007341
5007347
5007377
5007383
5007391
5007397
5007413
5007421
5007433
5007439
5007449
5007463
5007467
5007481
5007529
5007533
5007539
5007553
5007577
5007589
5007593
5007601
5007619
5007623
5007637
5007643
5007661
5007671
5007679
5007689
5007703
5007713
5007719
5007733
5007791
5007797
5007817
5007841
5007851
5007853
5007881
5007907
5007929
5007943
5007949
5007967
5007983
5008007
5008009
5008021
5008057
5008063
5008079
5008099
5008103
5008111
5008117
5008121
5008123
5008139
5008147
5008151
5008187
5008193
5008219
5008231
5008259
5008277
5008279
5008291
5008369
5008379
5008417
5008429
5008433
5008481
5008483
5008513
5008517
5008529
5008537
5008541
5008559
5008567
5008573
5008607
5008657
5008681
5008697
5008699
5008709
5008711
5008721
5008739
5008741
5008807
5008811
5008819
5008841
5008859
5008867
5008873
5008901
5008919
5008973
5009003
5009021
5009051
5009057
5009063
5009077
5009087
5009089
5009099
5009107
5009117
5009129
5009149
5009167
5009233
5009269
5009281
5009287
5009317
5009327
5009341
5009359
5009413
5009443
5009449
5009453
5009471
5009491
5009497
5009519
5009527
5009539
5009549
5009573
5009579
5009581
5009591
5009593
5009603
5009617
5009621
5009623
5009651
5009659
5009677
5009707
5009717
5009723
5009729
5009737
5009761
5009783
5009803
5009821
5009839
5009857
5009881
5009891
5009897
5009909
5009947
5009957
5009959
5009969
5009971
5009987
5009989
5009993
5010013
5010017
5010041
5010043
5010073
5010079
5010107
5010119
5010163
5010169
5010217
5010233
5010263
5010283
5010287
5010289
5010293
5010329
5010337
5010349
5010353
5010361
5010367
5010373
5010407
5010409
5010419
5010431
5010449
5010451
5010463
5010491
5010493
5010497
5010517
5010539
5010557
5010559
5010581
5010589
5010613
5010637
5010667
5010671
5010679
5010689
5010701
5010727
5010751
5010763
5010769
5010781
5010787
5010791
5010827
5010877
5010883
5010893
5010931
5010949
5010953
5010977
5011001
5011007
5011031
5011043
5011051
5011063
5011099
5011121
5011129
5011133
5011147
5011151
5011189
5011199
5011213
5011249
5011261
5011271
5011273
5011301
5011313
5011319
5011327
5011337
5011339
5011343
5011351
5011361
5011381
5011387
5011439
5011451
5011507
5011529
5011537
5011543
5011561
5011579
5011609
5011619
5011621
5011639
5011661
5011729
5011759
5011771
5011781
5011807
5011817
5011829
5011843
5011847
5011849
5011859
5011879
5011901
5011927
5011931
5011967
5011969
5011973
5012003
5012011
5012023
5012027
5012039
5012047
5012053
5012101
5012113
5012129
5012141
5012153
5012159
5012167
5012177
5012239
5012243
5012251
5012261
5012299
5012303
5012323
5012347
5012377
5012383
5012407
5012411
5012417
5012429
5012473
5012489
5012507
5012519
5012521
5012531
5012533
5012543
5012549
5012573
5012587
5012591
5012627
5012633
5012647
5012653
5012659
5012663
5012719
5012729
5012741
5012743
5012767
5012803
5012831
5012849
5012857
5012867
5012881
5012923
5012927
5012929
5012939
5012957
5012971
5012981
5012993
5012999
5013023
5013037
5013083
5013089
5013101
5013119
5013133
5013137
5013139
5013179
5013191
5013199
5013209
5013221
5013247
5013257
5013269
5013277
5013293
5013301
5013311
5013331
5013341
5013343
5013347
5013377
5013383
5013427
5013451
5013457
5013479
5013527
5013551
5013581
5013629
5013647
5013649
5013667
5013683
5013719
5013737
5013751
5013769
5013779
5013787
5013797
5013817
5013829
5013851
5013857
5013871
5013917
5013919
5013961
5013979
5013991
5014003
5014019
5014039
5014049
5014057
5014073
5014103
5014111
5014117
5014123
5014169
5014181
5014183
5014189
5014193
5014199
5014237
5014249
5014267
5014291
5014301
5014357
5014363
5014379
5014381
5014403
5014409
5014417
5014421
5014433
5014441
5014447
5014463
5014501
5014547
5014553
5014561
5014577
5014579
5014663
5014673
5014687
5014693
5014699
5014717
5014739
5014747
5014771
5014783
5014799
5014819
5014829
5014831
5014873
5014903
5014921
5014927
5014931
5014939
5014951
5014957
5014973
5014979
5015033
5015039
5015063
5015077
5015083
5015089
5015099
5015117
5015123
5015137
5015141
5015167
5015189
5015201
5015207
5015209
5015233
5015249
5015251
5015261
5015267
5015287
5015291
5015293
5015299
5015317
5015321
5015371
5015383
5015389
5015399
5015429
5015431
5015453
5015467
5015471
5015501
5015503
5015509
5015513
5015519
5015557
5015581
5015599
5015617
5015623
5015627
5015657
5015669
5015711
5015713
5015719
5015723
5015729
5015737
5015741
5015743
5015749
5015783
5015797
5015807
5015809
5015827
5015873
5015897
5015911
5015917
5015921
5015953
5015971
5015977
5015987
5016013
5016023
5016029
5016031
5016059
5016061
5016083
5016097
5016113
5016149
5016163
5016181
5016197
5016229
5016269
5016281
5016283
5016287
5016299
5016301
5016311
5016313
5016317
5016331
5016353
5016379
5016413
5016433
5016439
5016443
5016467
5016469
5016499
5016521
5016533
5016541
5016559
5016563
5016601
5016607
5016611
5016631
5016643
5016653
5016659
5016667
5016679
5016689
5016707
5016721
5016727
5016731
5016757
5016773
5016787
5016799
5016811
5016839
5016857
5016859
5016863
5016901
5016923
5016929
5016953
5016959
5016961
5016983
5017003
5017021
5017031
5017037
5017043
5017049
5017069
5017079
5017093
5017097
5017099
5017127
5017141
5017231
5017241
5017253
5017279
5017321
5017343
5017361
5017399
5017417
5017423
5017447
5017451
5017471
5017477
5017487
5017489
5017511
5017513
5017559
5017583
5017589
5017603
5017613
5017633
5017637
5017679
5017687
5017699
5017709
5017721
5017739
5017769
5017811
5017819
5017871
5017879
5017889
5017913
5017927
5017951
5017981
5017993
5017997
5018003
5018017
5018023
5018047
5018081
5018119
5018129
5018137
5018141
5018149
5018161
5018177
5018197
5018201
5018203
5018207
5018219
5018269
5018297
5018309
5018323
5018327
5018333
5018341
5018357
5018369
5018371
5018381
5018399
5018437
5018467
5018491
5018513
5018521
5018539
5018543
5018551
5018567
5018591
5018593
5018597
5018609
5018617
5018627
5018639
5018647
5018693
5018701
5018731
5018737
5018749
5018753
5018789
5018803
5018813
5018821
5018833
5018837
5018843
5018861
5018863
5018879
5018887
5018891
5018911
5018929
5018947
5018957
5018971
5018987
5018999
5019017
5019023
5019031
5019041
5019043
5019067
5019103
5019139
5019163
5019169
5019181
5019187
5019193
5019227
5019251
5019253
5019257
5019277
5019281
5019299
5019319
5019331
5019353
5019361
5019373
5019389
5019431
5019463
5019473
5019481
5019491
5019529
5019541
5019557
5019563
5019569
5019587
5019593
5019601
5019617
5019631
5019649
5019659
5019701
5019713
5019719
5019767
5019787
5019793
5019797
5019803
5019821
5019869
5019877
5019899
5019919
5019943
5019961
5019967
5019977
5019979
5019983
5019997
5020007
5020019
5020021
5020031
5020033
5020061
5020063
5020069
5020079
5020087
5020097
5020111
5020129
5020139
5020159
5020177
5020189
5020201
5020217
5020229
5020231
5020247
5020259
5020261
5020291
5020307
5020331
5020343
5020349
5020373
5020381
5020387
5020391
5020403
5020441
5020447
5020453
5020469
5020471
5020489
5020507
5020513
5020517
5020537
5020553
5020577
5020583
5020591
5020619
5020621
5020643
5020651
5020657
5020669
5020711
5020781
5020783
5020787
5020793
5020861
5020871
5020891
5020903
5020909
5020943
5020949
5020957
5020987
5020993
5020999
5021033
5021087
5021117
5021119
5021143
5021173
5021183
5021197
5021201
5021207
5021209
5021213
5021221
5021227
5021231
5021243
5021257
5021279
5021299
5021327
5021329
5021347
5021351
5021363
5021369
5021407
5021447
5021479
5021503
5021507
5021509
5021519
5021531
5021537
5021543
5021551
5021561
5021573
5021587
5021609
5021633
5021641
5021657
5021663
5021683
5021693
5021701
5021729
5021771
5021773
5021777
5021789
5021791
5021801
5021827
5021837
5021869
5021879
5021881
5021893
5021917
5021923
5021977
5021983
5021999
5022019
5022029
5022041
5022067
There are 1722 prime numbers in S373.
