S374(5022073~5049000)
5022079
5022097
5022167
5022169
5022179
5022187
5022221
5022233
5022301
5022317
5022319
5022323
5022331
5022389
5022421
5022449
5022461
5022503
5022509
5022547
5022571
5022607
5022613
5022617
5022637
5022643
5022649
5022653
5022659
5022673
5022683
5022691
5022733
5022739
5022779
5022791
5022811
5022817
5022833
5022881
5022883
5022889
5022917
5022943
5022971
5022991
5023013
5023019
5023069
5023079
5023091
5023097
5023099
5023111
5023121
5023127
5023133
5023141
5023153
5023159
5023169
5023199
5023229
5023253
5023259
5023261
5023267
5023297
5023301
5023307
5023309
5023331
5023363
5023367
5023397
5023399
5023471
5023481
5023489
5023493
5023507
5023511
5023537
5023547
5023553
5023559
5023567
5023589
5023609
5023631
5023633
5023651
5023663
5023679
5023693
5023703
5023709
5023717
5023751
5023769
5023831
5023849
5023859
5023871
5023901
5023903
5023951
5023957
5023969
5023973
5023979
5023987
5024009
5024011
5024023
5024039
5024053
5024057
5024059
5024081
5024083
5024101
5024111
5024141
5024147
5024161
5024171
5024177
5024183
5024203
5024207
5024219
5024233
5024251
5024269
5024273
5024287
5024293
5024311
5024323
5024329
5024359
5024363
5024389
5024407
5024473
5024477
5024483
5024491
5024519
5024527
5024533
5024549
5024567
5024581
5024587
5024623
5024633
5024641
5024647
5024659
5024671
5024687
5024693
5024717
5024731
5024777
5024779
5024783
5024807
5024819
5024849
5024857
5024861
5024867
5024869
5024881
5024893
5024897
5024951
5024959
5024963
5024969
5024977
5025037
5025049
5025071
5025073
5025077
5025079
5025107
5025113
5025133
5025143
5025151
5025157
5025173
5025187
5025199
5025203
5025211
5025221
5025239
5025257
5025277
5025299
5025311
5025313
5025337
5025373
5025389
5025403
5025409
5025437
5025467
5025479
5025487
5025509
5025521
5025529
5025533
5025541
5025547
5025589
5025617
5025637
5025649
5025653
5025677
5025697
5025701
5025703
5025719
5025721
5025731
5025749
5025781
5025791
5025817
5025847
5025857
5025859
5025869
5025893
5025907
5025929
5025941
5025947
5025953
5025959
5025967
5025971
5025989
5025997
5026001
5026003
5026027
5026031
5026037
5026057
5026069
5026093
5026103
5026129
5026157
5026159
5026171
5026183
5026187
5026207
5026211
5026223
5026243
5026253
5026261
5026289
5026349
5026369
5026381
5026391
5026403
5026421
5026423
5026429
5026447
5026451
5026457
5026493
5026501
5026519
5026523
5026531
5026589
5026597
5026613
5026633
5026649
5026661
5026687
5026711
5026717
5026733
5026739
5026751
5026759
5026771
5026789
5026793
5026807
5026817
5026823
5026837
5026841
5026843
5026873
5026877
5026907
5026909
5026937
5026961
5026981
5026993
5027003
5027017
5027021
5027023
5027059
5027069
5027081
5027101
5027107
5027117
5027119
5027123
5027131
5027137
5027147
5027149
5027159
5027171
5027203
5027221
5027233
5027251
5027263
5027287
5027293
5027299
5027329
5027339
5027357
5027383
5027443
5027467
5027471
5027509
5027537
5027557
5027569
5027579
5027591
5027621
5027629
5027651
5027653
5027657
5027663
5027669
5027677
5027713
5027741
5027773
5027783
5027791
5027807
5027821
5027833
5027851
5027873
5027887
5027909
5027917
5027923
5027929
5027941
5027959
5027963
5027969
5027977
5027987
5027993
5028011
5028017
5028059
5028071
5028091
5028097
5028109
5028131
5028181
5028197
5028241
5028259
5028299
5028301
5028307
5028319
5028323
5028343
5028347
5028349
5028367
5028391
5028409
5028431
5028437
5028449
5028461
5028473
5028509
5028523
5028533
5028539
5028547
5028557
5028581
5028593
5028599
5028607
5028623
5028631
5028641
5028649
5028703
5028733
5028739
5028757
5028761
5028791
5028811
5028817
5028827
5028841
5028847
5028857
5028869
5028911
5028917
5028931
5028943
5028949
5028997
5029007
5029009
5029027
5029033
5029067
5029081
5029103
5029109
5029121
5029139
5029163
5029169
5029187
5029201
5029207
5029217
5029247
5029253
5029259
5029261
5029273
5029289
5029303
5029307
5029309
5029333
5029351
5029361
5029393
5029397
5029403
5029411
5029417
5029457
5029459
5029463
5029469
5029477
5029487
5029513
5029523
5029529
5029537
5029559
5029561
5029567
5029579
5029589
5029601
5029643
5029649
5029679
5029697
5029727
5029729
5029751
5029763
5029811
5029819
5029823
5029831
5029837
5029907
5029933
5029951
5029957
5029991
5030027
5030033
5030063
5030087
5030099
5030101
5030107
5030111
5030131
5030143
5030173
5030197
5030203
5030219
5030227
5030239
5030251
5030257
5030273
5030287
5030299
5030303
5030309
5030327
5030329
5030341
5030359
5030371
5030411
5030423
5030429
5030449
5030461
5030471
5030477
5030479
5030489
5030567
5030581
5030591
5030593
5030621
5030639
5030653
5030671
5030681
5030689
5030693
5030719
5030723
5030747
5030761
5030771
5030791
5030797
5030807
5030821
5030917
5030923
5030939
5030969
5030981
5031011
5031017
5031023
5031041
5031071
5031101
5031121
5031127
5031139
5031157
5031161
5031193
5031199
5031217
5031251
5031253
5031281
5031287
5031329
5031353
5031361
5031373
5031401
5031407
5031419
5031427
5031443
5031451
5031469
5031493
5031497
5031547
5031553
5031563
5031569
5031583
5031601
5031623
5031659
5031673
5031683
5031701
5031721
5031727
5031737
5031749
5031769
5031781
5031791
5031799
5031809
5031811
5031821
5031823
5031833
5031857
5031863
5031899
5031907
5031911
5031919
5031931
5031959
5031967
5031991
5031997
5032019
5032031
5032033
5032039
5032043
5032057
5032061
5032067
5032081
5032087
5032099
5032127
5032129
5032133
5032151
5032189
5032201
5032219
5032249
5032253
5032319
5032361
5032367
5032369
5032387
5032411
5032427
5032453
5032471
5032487
5032501
5032507
5032513
5032519
5032529
5032543
5032579
5032583
5032603
5032613
5032649
5032661
5032667
5032669
5032691
5032711
5032717
5032723
5032771
5032823
5032843
5032847
5032897
5032919
5032939
5032957
5032961
5032987
5032997
5033023
5033047
5033053
5033057
5033059
5033069
5033087
5033099
5033111
5033117
5033143
5033167
5033177
5033179
5033219
5033227
5033291
5033299
5033317
5033321
5033339
5033341
5033351
5033383
5033393
5033401
5033407
5033417
5033437
5033449
5033453
5033459
5033473
5033477
5033503
5033531
5033543
5033549
5033593
5033599
5033629
5033641
5033647
5033663
5033669
5033671
5033681
5033723
5033731
5033737
5033741
5033759
5033761
5033771
5033789
5033807
5033837
5033839
5033843
5033863
5033869
5033893
5033909
5033923
5033927
5033933
5033957
5033969
5033981
5033999
5034061
5034077
5034089
5034097
5034131
5034149
5034181
5034191
5034209
5034229
5034233
5034247
5034283
5034301
5034317
5034343
5034347
5034353
5034361
5034377
5034389
5034413
5034427
5034451
5034467
5034503
5034509
5034521
5034541
5034559
5034571
5034583
5034587
5034607
5034683
5034691
5034707
5034709
5034721
5034751
5034761
5034763
5034767
5034773
5034787
5034797
5034811
5034817
5034847
5034851
5034871
5034881
5034889
5034901
5034917
5034919
5034929
5034937
5034959
5034961
5034971
5034973
5035003
5035021
5035027
5035031
5035033
5035039
5035049
5035073
5035103
5035109
5035139
5035181
5035187
5035189
5035207
5035243
5035253
5035267
5035273
5035307
5035309
5035319
5035339
5035351
5035369
5035379
5035403
5035421
5035427
5035447
5035453
5035463
5035469
5035483
5035493
5035507
5035529
5035543
5035549
5035571
5035573
5035577
5035631
5035633
5035637
5035651
5035673
5035711
5035717
5035729
5035739
5035747
5035777
5035819
5035841
5035843
5035853
5035861
5035897
5035903
5035913
5035951
5035957
5035973
5035999
5036039
5036041
5036047
5036069
5036077
5036081
5036147
5036173
5036183
5036201
5036209
5036231
5036237
5036261
5036263
5036281
5036293
5036309
5036347
5036351
5036371
5036389
5036393
5036413
5036453
5036503
5036509
5036513
5036519
5036533
5036543
5036569
5036617
5036621
5036623
5036627
5036639
5036651
5036657
5036671
5036683
5036711
5036723
5036741
5036753
5036783
5036789
5036821
5036851
5036869
5036873
5036893
5036897
5036939
5036959
5036987
5036989
5037001
5037017
5037029
5037091
5037101
5037157
5037167
5037181
5037191
5037199
5037211
5037229
5037233
5037247
5037269
5037281
5037293
5037317
5037341
5037349
5037359
5037371
5037377
5037419
5037433
5037449
5037463
5037467
5037497
5037509
5037517
5037523
5037569
5037581
5037607
5037611
5037631
5037647
5037673
5037689
5037691
5037701
5037707
5037731
5037733
5037737
5037743
5037749
5037757
5037761
5037817
5037827
5037829
5037853
5037859
5037863
5037887
5037911
5037913
5037917
5037919
5037953
5037961
5037997
5038003
5038013
5038037
5038043
5038057
5038063
5038073
5038079
5038091
5038109
5038123
5038133
5038147
5038153
5038157
5038169
5038207
5038237
5038289
5038321
5038343
5038351
5038381
5038421
5038427
5038433
5038441
5038457
5038499
5038507
5038529
5038559
5038567
5038571
5038573
5038577
5038597
5038609
5038637
5038643
5038673
5038739
5038753
5038757
5038769
5038793
5038801
5038807
5038811
5038841
5038849
5038853
5038861
5038867
5038871
5038883
5038903
5038921
5038927
5038931
5038939
5038963
5038967
5038973
5038981
5039017
5039051
5039059
5039071
5039077
5039087
5039101
5039107
5039113
5039119
5039129
5039147
5039159
5039171
5039183
5039189
5039197
5039207
5039219
5039227
5039239
5039273
5039291
5039297
5039303
5039311
5039347
5039357
5039371
5039383
5039407
5039459
5039467
5039477
5039501
5039519
5039521
5039527
5039537
5039549
5039561
5039569
5039581
5039621
5039623
5039641
5039653
5039681
5039711
5039719
5039743
5039747
5039767
5039773
5039779
5039789
5039813
5039821
5039831
5039849
5039863
5039891
5039911
5039933
5039953
5039971
5039977
5039999
5040031
5040037
5040043
5040047
5040053
5040067
5040071
5040127
5040131
5040163
5040179
5040181
5040221
5040241
5040257
5040317
5040359
5040379
5040389
5040391
5040397
5040401
5040407
5040433
5040439
5040443
5040467
5040481
5040493
5040523
5040527
5040533
5040571
5040583
5040593
5040599
5040601
5040647
5040649
5040661
5040667
5040683
5040689
5040697
5040713
5040727
5040731
5040767
5040773
5040779
5040781
5040793
5040803
5040829
5040851
5040853
5040899
5040913
5040943
5040949
5040953
5040961
5041007
5041009
5041067
5041081
5041087
5041103
5041109
5041111
5041121
5041133
5041151
5041181
5041199
5041207
5041219
5041241
5041243
5041259
5041261
5041271
5041291
5041303
5041321
5041343
5041369
5041409
5041411
5041417
5041433
5041451
5041457
5041459
5041481
5041489
5041493
5041501
5041513
5041523
5041529
5041559
5041567
5041573
5041601
5041627
5041633
5041637
5041649
5041661
5041667
5041681
5041691
5041693
5041697
5041703
5041709
5041723
5041759
5041801
5041823
5041847
5041849
5041889
5041901
5041903
5041913
5041919
5041921
5041931
5041937
5041999
5042029
5042033
5042039
5042053
5042099
5042111
5042131
5042171
5042179
5042189
5042203
5042273
5042287
5042291
5042299
5042311
5042327
5042341
5042357
5042363
5042371
5042381
5042383
5042393
5042407
5042413
5042419
5042423
5042437
5042459
5042483
5042507
5042539
5042551
5042563
5042573
5042599
5042603
5042617
5042629
5042641
5042647
5042707
5042711
5042717
5042729
5042749
5042753
5042783
5042797
5042827
5042837
5042857
5042861
5042867
5042881
5042887
5042893
5042903
5042927
5042929
5042953
5042963
5042969
5042971
5042977
5043001
5043011
5043019
5043079
5043121
5043149
5043161
5043167
5043193
5043209
5043217
5043223
5043239
5043251
5043253
5043263
5043277
5043293
5043299
5043301
5043307
5043317
5043319
5043323
5043331
5043347
5043349
5043413
5043431
5043443
5043449
5043457
5043461
5043491
5043517
5043527
5043547
5043553
5043587
5043613
5043629
5043641
5043653
5043667
5043673
5043691
5043707
5043761
5043809
5043811
5043817
5043821
5043833
5043847
5043869
5043881
5043919
5043947
5043953
5043959
5043967
5043971
5044003
5044007
5044009
5044021
5044027
5044031
5044049
5044069
5044073
5044093
5044129
5044133
5044141
5044147
5044187
5044211
5044261
5044267
5044297
5044307
5044343
5044357
5044379
5044397
5044409
5044423
5044439
5044453
5044489
5044499
5044511
5044513
5044531
5044541
5044547
5044561
5044577
5044583
5044591
5044607
5044619
5044643
5044649
5044667
5044673
5044769
5044783
5044789
5044807
5044817
5044829
5044859
5044877
5044891
5044901
5044939
5044951
5044967
5044969
5044979
5044997
5044999
5045003
5045011
5045023
5045057
5045059
5045063
5045071
5045077
5045081
5045083
5045087
5045113
5045137
5045191
5045251
5045263
5045269
5045273
5045291
5045297
5045347
5045407
5045423
5045437
5045459
5045461
5045471
5045477
5045479
5045483
5045531
5045539
5045543
5045567
5045581
5045609
5045611
5045669
5045683
5045693
5045701
5045707
5045741
5045743
5045771
5045791
5045827
5045861
5045879
5045881
5045893
5045897
5045903
5045933
5045939
5045941
5045951
5045959
5045977
5045987
5046011
5046031
5046047
5046049
5046053
5046071
5046079
5046089
5046101
5046113
5046133
5046163
5046187
5046199
5046233
5046247
5046253
5046259
5046277
5046281
5046313
5046341
5046359
5046367
5046383
5046401
5046409
5046449
5046491
5046511
5046529
5046539
5046553
5046557
5046577
5046589
5046611
5046623
5046653
5046659
5046697
5046703
5046721
5046733
5046737
5046787
5046817
5046851
5046859
5046863
5046883
5046901
5046949
5046961
5046967
5046971
5046973
5046983
5046991
5046997
5047033
5047057
5047067
5047087
5047093
5047111
5047117
5047121
5047123
5047127
5047129
5047139
5047151
5047157
5047171
5047187
5047193
5047213
5047261
5047267
5047271
5047277
5047291
5047303
5047333
5047379
5047397
5047403
5047411
5047417
5047423
5047447
5047499
5047501
5047517
5047519
5047531
5047543
5047571
5047573
5047607
5047631
5047639
5047643
5047661
5047663
5047697
5047703
5047709
5047717
5047733
5047739
5047747
5047789
5047807
5047817
5047831
5047837
5047843
5047849
5047883
5047891
5047897
5047907
5047921
5047937
5047951
5047993
5048003
5048011
5048047
5048077
5048083
5048093
5048101
5048119
5048137
5048149
5048221
5048231
5048237
5048261
5048279
5048297
5048353
5048359
5048369
5048387
5048399
5048401
5048413
5048423
5048441
5048467
5048489
5048513
5048557
5048573
5048579
5048591
5048627
5048647
5048663
5048669
5048671
5048713
5048717
5048723
5048731
5048741
5048749
5048767
5048773
5048777
5048783
5048801
5048809
5048821
5048839
5048843
5048867
5048903
5048917
5048921
5048933
5048951
5048977
5048999
There are 1727 prime numbers in S374.
