S375(5049001~5076000)
5049007
5049047
5049049
5049061
5049067
5049071
5049097
5049169
5049173
5049203
5049211
5049217
5049241
5049263
5049283
5049287
5049313
5049329
5049347
5049349
5049371
5049377
5049403
5049431
5049463
5049481
5049487
5049503
5049511
5049521
5049523
5049557
5049571
5049607
5049613
5049623
5049659
5049677
5049689
5049713
5049721
5049739
5049749
5049761
5049773
5049823
5049827
5049841
5049853
5049881
5049883
5049887
5049907
5049911
5049959
5049977
5049983
5049997
5050013
5050021
5050033
5050039
5050051
5050063
5050091
5050099
5050109
5050121
5050141
5050151
5050163
5050187
5050189
5050217
5050249
5050261
5050267
5050273
5050277
5050289
5050327
5050349
5050361
5050369
5050403
5050417
5050433
5050453
5050471
5050477
5050511
5050517
5050543
5050559
5050567
5050571
5050583
5050597
5050601
5050607
5050609
5050631
5050657
5050679
5050681
5050687
5050691
5050697
5050699
5050709
5050711
5050723
5050763
5050781
5050783
5050817
5050841
5050849
5050891
5050897
5050919
5050937
5050939
5050963
5050993
5050999
5051009
5051029
5051041
5051069
5051087
5051107
5051113
5051117
5051141
5051143
5051147
5051209
5051219
5051243
5051251
5051257
5051269
5051281
5051287
5051303
5051309
5051341
5051369
5051383
5051393
5051401
5051407
5051411
5051413
5051443
5051447
5051503
5051509
5051531
5051581
5051603
5051609
5051611
5051617
5051621
5051633
5051653
5051681
5051687
5051689
5051693
5051707
5051723
5051741
5051747
5051749
5051797
5051803
5051807
5051821
5051843
5051861
5051903
5051911
5051939
5051947
5051951
5051953
5051957
5051987
5051989
5051999
5052031
5052037
5052049
5052059
5052071
5052079
5052097
5052109
5052167
5052169
5052181
5052197
5052209
5052217
5052227
5052241
5052283
5052301
5052317
5052337
5052353
5052361
5052373
5052391
5052401
5052407
5052469
5052491
5052497
5052503
5052521
5052527
5052529
5052533
5052557
5052559
5052563
5052577
5052589
5052599
5052623
5052637
5052643
5052653
5052673
5052679
5052713
5052737
5052743
5052763
5052767
5052769
5052781
5052787
5052821
5052823
5052833
5052851
5052863
5052869
5052889
5052911
5052947
5052997
5053039
5053051
5053117
5053121
5053151
5053159
5053187
5053189
5053193
5053211
5053219
5053229
5053249
5053271
5053273
5053277
5053303
5053309
5053313
5053351
5053357
5053379
5053381
5053387
5053397
5053417
5053421
5053429
5053441
5053459
5053469
5053493
5053501
5053507
5053523
5053541
5053547
5053549
5053553
5053561
5053577
5053579
5053591
5053597
5053613
5053637
5053649
5053663
5053681
5053691
5053693
5053723
5053739
5053751
5053771
5053781
5053817
5053843
5053883
5053889
5053891
5053897
5053903
5053927
5053933
5053949
5053967
5053973
5054017
5054047
5054053
5054059
5054069
5054087
5054099
5054113
5054129
5054131
5054143
5054167
5054173
5054197
5054213
5054233
5054243
5054249
5054251
5054261
5054267
5054281
5054293
5054299
5054303
5054317
5054327
5054339
5054351
5054363
5054369
5054383
5054417
5054431
5054443
5054449
5054453
5054479
5054507
5054531
5054537
5054633
5054639
5054669
5054677
5054713
5054719
5054737
5054743
5054771
5054773
5054789
5054801
5054807
5054809
5054813
5054821
5054839
5054843
5054851
5054857
5054867
5054869
5054921
5054939
5054957
5054983
5054989
5054999
5055023
5055047
5055053
5055059
5055067
5055107
5055109
5055133
5055143
5055157
5055173
5055181
5055191
5055203
5055221
5055223
5055241
5055247
5055277
5055283
5055287
5055293
5055319
5055359
5055361
5055383
5055389
5055397
5055403
5055431
5055439
5055473
5055487
5055493
5055503
5055509
5055521
5055551
5055559
5055563
5055571
5055581
5055593
5055601
5055623
5055629
5055641
5055667
5055671
5055679
5055707
5055709
5055781
5055793
5055803
5055859
5055877
5055901
5055913
5055917
5055923
5055937
5055943
5055949
5055977
5055979
5055991
5056027
5056031
5056039
5056043
5056049
5056057
5056133
5056151
5056153
5056169
5056171
5056187
5056201
5056211
5056217
5056231
5056267
5056273
5056279
5056283
5056291
5056321
5056339
5056349
5056369
5056397
5056417
5056427
5056433
5056439
5056453
5056459
5056487
5056501
5056517
5056529
5056543
5056559
5056561
5056567
5056577
5056591
5056607
5056621
5056651
5056657
5056663
5056669
5056673
5056697
5056699
5056721
5056729
5056739
5056741
5056763
5056771
5056781
5056811
5056819
5056823
5056829
5056859
5056861
5056867
5056873
5056913
5056921
5056951
5056957
5056979
5057009
5057023
5057029
5057047
5057051
5057053
5057071
5057077
5057099
5057111
5057113
5057119
5057137
5057147
5057149
5057159
5057161
5057167
5057191
5057203
5057219
5057243
5057251
5057291
5057293
5057323
5057329
5057369
5057387
5057407
5057413
5057453
5057461
5057467
5057471
5057497
5057509
5057519
5057527
5057561
5057573
5057579
5057587
5057593
5057597
5057621
5057639
5057651
5057669
5057671
5057707
5057711
5057747
5057797
5057831
5057837
5057839
5057851
5057869
5057879
5057911
5057917
5057947
5057963
5057981
5057989
5058013
5058023
5058037
5058073
5058083
5058089
5058101
5058107
5058113
5058127
5058139
5058143
5058169
5058173
5058191
5058203
5058217
5058257
5058271
5058289
5058311
5058323
5058329
5058341
5058359
5058397
5058409
5058419
5058421
5058437
5058461
5058467
5058491
5058497
5058509
5058511
5058517
5058523
5058527
5058569
5058577
5058583
5058589
5058593
5058619
5058623
5058629
5058631
5058637
5058653
5058659
5058667
5058709
5058721
5058733
5058737
5058743
5058749
5058761
5058793
5058803
5058829
5058857
5058881
5058887
5058917
5058929
5058947
5058961
5059001
5059007
5059063
5059091
5059097
5059133
5059139
5059151
5059163
5059181
5059189
5059199
5059207
5059211
5059213
5059259
5059261
5059283
5059289
5059291
5059303
5059321
5059363
5059367
5059403
5059451
5059459
5059499
5059507
5059511
5059519
5059573
5059619
5059627
5059633
5059651
5059657
5059661
5059679
5059697
5059711
5059721
5059729
5059741
5059759
5059771
5059783
5059799
5059837
5059867
5059877
5059903
5059919
5059927
5059937
5059961
5059979
5059987
5059993
5060021
5060039
5060047
5060051
5060053
5060063
5060071
5060087
5060113
5060119
5060129
5060131
5060149
5060171
5060173
5060177
5060221
5060233
5060243
5060249
5060257
5060269
5060317
5060329
5060333
5060357
5060381
5060401
5060431
5060449
5060459
5060467
5060477
5060521
5060551
5060591
5060597
5060603
5060609
5060617
5060623
5060639
5060663
5060677
5060681
5060687
5060701
5060717
5060723
5060767
5060771
5060777
5060791
5060801
5060813
5060827
5060833
5060837
5060857
5060863
5060873
5060899
5060921
5060953
5060959
5060981
5060983
5061013
5061031
5061047
5061061
5061073
5061103
5061107
5061137
5061139
5061181
5061187
5061253
5061263
5061281
5061299
5061323
5061347
5061349
5061367
5061379
5061389
5061439
5061443
5061473
5061493
5061499
5061517
5061527
5061533
5061599
5061607
5061613
5061629
5061643
5061673
5061677
5061731
5061743
5061757
5061761
5061799
5061821
5061827
5061829
5061857
5061883
5061887
5061907
5061911
5061919
5061943
5061949
5061989
5062033
5062049
5062091
5062097
5062103
5062133
5062157
5062163
5062171
5062177
5062181
5062199
5062201
5062217
5062219
5062237
5062247
5062249
5062279
5062283
5062289
5062297
5062301
5062307
5062313
5062349
5062357
5062367
5062381
5062397
5062403
5062411
5062429
5062457
5062459
5062469
5062483
5062489
5062529
5062543
5062567
5062591
5062597
5062609
5062619
5062621
5062633
5062637
5062649
5062661
5062663
5062669
5062693
5062697
5062711
5062727
5062741
5062819
5062847
5062853
5062859
5062861
5062867
5062891
5062901
5062903
5062909
5062913
5062927
5062963
5062973
5062997
5062999
5063021
5063027
5063033
5063039
5063087
5063089
5063099
5063111
5063119
5063129
5063141
5063147
5063167
5063173
5063209
5063237
5063239
5063251
5063287
5063309
5063327
5063369
5063389
5063431
5063437
5063449
5063453
5063479
5063489
5063503
5063533
5063563
5063587
5063593
5063621
5063629
5063647
5063677
5063699
5063713
5063717
5063743
5063753
5063759
5063761
5063797
5063801
5063803
5063843
5063867
5063879
5063939
5063957
5063959
5063999
5064019
5064023
5064043
5064047
5064053
5064077
5064091
5064119
5064121
5064131
5064139
5064149
5064151
5064167
5064173
5064193
5064223
5064251
5064259
5064263
5064277
5064287
5064307
5064331
5064337
5064341
5064343
5064373
5064401
5064421
5064461
5064503
5064509
5064511
5064517
5064533
5064539
5064551
5064557
5064559
5064571
5064581
5064599
5064601
5064629
5064677
5064679
5064701
5064713
5064727
5064739
5064779
5064781
5064791
5064809
5064817
5064823
5064833
5064859
5064877
5064881
5064883
5064889
5064907
5064919
5064949
5064971
5064979
5064989
5065003
5065019
5065033
5065057
5065061
5065063
5065103
5065139
5065199
5065217
5065253
5065259
5065283
5065289
5065297
5065351
5065373
5065391
5065393
5065409
5065421
5065429
5065433
5065471
5065481
5065531
5065537
5065547
5065561
5065583
5065601
5065603
5065607
5065651
5065661
5065663
5065693
5065699
5065703
5065729
5065747
5065751
5065759
5065769
5065777
5065783
5065789
5065817
5065831
5065843
5065861
5065871
5065883
5065889
5065897
5065909
5065939
5065961
5065979
5065987
5065997
5066011
5066021
5066029
5066041
5066069
5066081
5066099
5066107
5066137
5066143
5066161
5066183
5066207
5066219
5066231
5066239
5066251
5066267
5066287
5066291
5066297
5066309
5066311
5066333
5066351
5066353
5066363
5066381
5066401
5066431
5066441
5066449
5066461
5066471
5066491
5066497
5066513
5066519
5066539
5066563
5066573
5066587
5066603
5066623
5066639
5066653
5066683
5066713
5066717
5066723
5066729
5066753
5066777
5066791
5066797
5066801
5066813
5066837
5066839
5066869
5066881
5066921
5066927
5066933
5066951
5066987
5066993
5067047
5067079
5067089
5067109
5067119
5067121
5067133
5067151
5067197
5067217
5067247
5067253
5067263
5067287
5067289
5067299
5067317
5067329
5067371
5067389
5067401
5067407
5067443
5067449
5067463
5067467
5067481
5067511
5067527
5067533
5067551
5067553
5067583
5067589
5067599
5067607
5067617
5067619
5067637
5067653
5067707
5067709
5067739
5067757
5067761
5067763
5067781
5067793
5067809
5067817
5067823
5067827
5067847
5067857
5067859
5067871
5067883
5067899
5067901
5067943
5067961
5067967
5067977
5067991
5068031
5068043
5068061
5068067
5068093
5068103
5068111
5068157
5068169
5068177
5068201
5068213
5068249
5068253
5068267
5068279
5068289
5068291
5068313
5068319
5068333
5068361
5068411
5068423
5068439
5068447
5068451
5068489
5068493
5068501
5068507
5068517
5068523
5068529
5068537
5068559
5068571
5068597
5068627
5068633
5068691
5068709
5068747
5068757
5068781
5068787
5068793
5068807
5068829
5068849
5068859
5068879
5068891
5068909
5068927
5068933
5068937
5068957
5068961
5068967
5068979
5068981
5069003
5069011
5069017
5069023
5069033
5069063
5069081
5069083
5069093
5069107
5069159
5069189
5069201
5069203
5069231
5069243
5069297
5069299
5069321
5069327
5069353
5069357
5069359
5069369
5069413
5069423
5069431
5069437
5069473
5069483
5069497
5069507
5069513
5069539
5069543
5069549
5069551
5069563
5069567
5069573
5069579
5069627
5069633
5069639
5069641
5069663
5069671
5069681
5069759
5069761
5069783
5069797
5069803
5069807
5069819
5069849
5069861
5069863
5069873
5069879
5069881
5069887
5069891
5069921
5069947
5069951
5069963
5069989
5070007
5070049
5070061
5070071
5070089
5070113
5070133
5070151
5070167
5070179
5070187
5070193
5070209
5070217
5070223
5070227
5070239
5070251
5070253
5070257
5070269
5070277
5070293
5070311
5070341
5070343
5070379
5070413
5070421
5070433
5070449
5070469
5070479
5070497
5070509
5070521
5070523
5070529
5070547
5070551
5070599
5070601
5070613
5070631
5070643
5070647
5070661
5070671
5070673
5070683
5070691
5070697
5070707
5070721
5070727
5070733
5070809
5070817
5070823
5070827
5070829
5070841
5070847
5070851
5070883
5070899
5070937
5070959
5070973
5071009
5071013
5071019
5071057
5071061
5071067
5071097
5071103
5071111
5071127
5071133
5071139
5071147
5071169
5071177
5071181
5071189
5071193
5071211
5071229
5071267
5071273
5071277
5071301
5071343
5071351
5071361
5071369
5071373
5071379
5071453
5071471
5071481
5071483
5071501
5071511
5071519
5071543
5071567
5071579
5071589
5071597
5071609
5071639
5071657
5071667
5071669
5071673
5071679
5071687
5071697
5071709
5071747
5071751
5071771
5071777
5071783
5071789
5071793
5071813
5071837
5071873
5071883
5071889
5071901
5071903
5071909
5071919
5071921
5071931
5071943
5071949
5071951
5071973
5072057
5072063
5072117
5072141
5072143
5072161
5072173
5072191
5072201
5072261
5072269
5072299
5072329
5072359
5072363
5072371
5072393
5072399
5072429
5072497
5072519
5072531
5072537
5072539
5072603
5072621
5072633
5072653
5072659
5072671
5072687
5072689
5072693
5072707
5072729
5072731
5072741
5072773
5072777
5072779
5072797
5072801
5072803
5072813
5072831
5072863
5072869
5072891
5072897
5072939
5072983
5072993
5073017
5073031
5073067
5073077
5073139
5073149
5073161
5073169
5073221
5073241
5073287
5073311
5073337
5073353
5073371
5073373
5073377
5073379
5073389
5073401
5073421
5073443
5073451
5073457
5073493
5073511
5073517
5073529
5073539
5073557
5073559
5073583
5073631
5073643
5073647
5073659
5073661
5073683
5073689
5073721
5073737
5073749
5073763
5073767
5073781
5073787
5073821
5073839
5073851
5073857
5073877
5073889
5073923
5073949
5073967
5073989
5073997
5074001
5074009
5074033
5074051
5074063
5074067
5074079
5074081
5074087
5074093
5074103
5074123
5074127
5074133
5074141
5074151
5074183
5074187
5074189
5074207
5074213
5074229
5074231
5074247
5074259
5074271
5074337
5074351
5074357
5074369
5074373
5074393
5074417
5074423
5074429
5074451
5074453
5074457
5074469
5074481
5074567
5074571
5074603
5074627
5074633
5074639
5074673
5074709
5074733
5074747
5074753
5074777
5074787
5074801
5074807
5074819
5074831
5074841
5074847
5074859
5074871
5074873
5074877
5074879
5074897
5074907
5074933
5074961
5074967
5074981
5074987
5074991
5074997
5074999
5075011
5075023
5075051
5075069
5075099
5075101
5075113
5075123
5075143
5075153
5075159
5075167
5075171
5075173
5075177
5075207
5075221
5075233
5075237
5075251
5075263
5075269
5075309
5075359
5075381
5075407
5075423
5075437
5075453
5075459
5075491
5075501
5075509
5075519
5075561
5075573
5075579
5075597
5075611
5075633
5075659
5075669
5075683
5075687
5075689
5075747
5075767
5075779
5075797
5075821
5075827
5075867
5075879
5075881
5075891
5075897
5075927
5075929
5075933
5075951
5075989
5075999
There are 1753 prime numbers in S375.
