S376(5076001~5103072)
5076017
5076037
5076041
5076053
5076083
5076089
5076091
5076109
5076133
5076139
5076151
5076161
5076179
5076199
5076209
5076221
5076223
5076229
5076241
5076283
5076349
5076377
5076391
5076397
5076403
5076413
5076427
5076431
5076433
5076443
5076473
5076503
5076509
5076527
5076541
5076551
5076559
5076569
5076581
5076587
5076593
5076601
5076607
5076613
5076637
5076671
5076677
5076679
5076683
5076691
5076703
5076719
5076763
5076787
5076793
5076803
5076821
5076833
5076853
5076899
5076913
5076941
5076947
5076949
5076959
5076979
5076983
5076991
5077013
5077021
5077057
5077063
5077097
5077099
5077129
5077151
5077157
5077201
5077207
5077217
5077229
5077243
5077249
5077277
5077279
5077283
5077297
5077321
5077367
5077379
5077393
5077417
5077421
5077447
5077451
5077477
5077489
5077493
5077507
5077517
5077519
5077529
5077561
5077607
5077609
5077619
5077627
5077643
5077673
5077711
5077753
5077757
5077759
5077777
5077783
5077789
5077811
5077817
5077819
5077829
5077847
5077873
5077889
5077901
5077907
5077931
5077957
5077967
5077993
5078011
5078039
5078057
5078077
5078081
5078083
5078119
5078123
5078167
5078191
5078207
5078237
5078243
5078261
5078273
5078279
5078309
5078321
5078329
5078347
5078351
5078363
5078369
5078387
5078401
5078431
5078443
5078449
5078459
5078501
5078503
5078519
5078531
5078539
5078551
5078573
5078581
5078599
5078609
5078617
5078651
5078659
5078663
5078729
5078737
5078743
5078747
5078753
5078771
5078783
5078789
5078797
5078807
5078809
5078813
5078839
5078849
5078851
5078861
5078863
5078873
5078891
5078893
5078911
5078933
5078939
5078951
5078959
5078977
5078993
5079037
5079047
5079049
5079059
5079079
5079083
5079097
5079103
5079143
5079157
5079163
5079169
5079197
5079223
5079227
5079233
5079241
5079247
5079253
5079259
5079299
5079307
5079341
5079359
5079377
5079401
5079407
5079419
5079433
5079493
5079499
5079511
5079533
5079539
5079577
5079587
5079589
5079623
5079661
5079667
5079673
5079703
5079709
5079731
5079743
5079749
5079751
5079773
5079817
5079827
5079829
5079839
5079869
5079871
5079883
5079911
5079913
5079917
5079947
5079961
5079967
5080003
5080013
5080021
5080037
5080043
5080051
5080067
5080069
5080073
5080081
5080091
5080109
5080123
5080129
5080139
5080151
5080169
5080177
5080193
5080213
5080219
5080223
5080237
5080241
5080259
5080267
5080279
5080301
5080333
5080357
5080403
5080451
5080463
5080483
5080529
5080541
5080553
5080561
5080567
5080571
5080577
5080583
5080591
5080627
5080639
5080643
5080651
5080661
5080687
5080703
5080709
5080711
5080717
5080721
5080741
5080793
5080799
5080813
5080849
5080853
5080879
5080883
5080937
5080939
5080963
5080967
5080981
5080997
5081017
5081023
5081033
5081047
5081051
5081077
5081081
5081101
5081149
5081159
5081161
5081191
5081231
5081287
5081291
5081339
5081369
5081381
5081387
5081393
5081407
5081437
5081441
5081477
5081491
5081519
5081561
5081563
5081567
5081579
5081591
5081599
5081627
5081647
5081669
5081677
5081707
5081717
5081719
5081731
5081743
5081761
5081767
5081773
5081777
5081779
5081801
5081803
5081807
5081819
5081821
5081837
5081893
5081897
5081899
5081903
5081939
5081941
5081953
5081959
5081981
5081983
5082001
5082013
5082029
5082037
5082043
5082053
5082059
5082067
5082071
5082079
5082089
5082097
5082131
5082137
5082169
5082191
5082193
5082199
5082211
5082227
5082271
5082277
5082281
5082293
5082313
5082317
5082323
5082331
5082353
5082359
5082373
5082377
5082409
5082433
5082463
5082491
5082521
5082529
5082551
5082577
5082587
5082589
5082593
5082601
5082613
5082617
5082619
5082629
5082631
5082641
5082691
5082697
5082713
5082731
5082739
5082751
5082761
5082767
5082773
5082787
5082809
5082817
5082827
5082887
5082907
5082911
5082919
5082929
5082967
5082991
5083019
5083021
5083031
5083049
5083061
5083087
5083121
5083123
5083151
5083157
5083213
5083217
5083219
5083231
5083237
5083297
5083301
5083307
5083321
5083339
5083343
5083363
5083367
5083399
5083423
5083451
5083453
5083471
5083487
5083489
5083511
5083513
5083517
5083523
5083537
5083579
5083619
5083643
5083649
5083657
5083669
5083681
5083691
5083693
5083699
5083709
5083711
5083723
5083733
5083753
5083823
5083879
5083889
5083909
5083913
5083927
5083931
5083957
5083973
5083993
5084017
5084033
5084069
5084099
5084111
5084113
5084117
5084129
5084141
5084147
5084171
5084179
5084197
5084213
5084221
5084243
5084249
5084263
5084269
5084333
5084371
5084383
5084393
5084399
5084407
5084423
5084437
5084447
5084461
5084473
5084477
5084489
5084501
5084509
5084531
5084537
5084543
5084549
5084551
5084557
5084567
5084593
5084617
5084627
5084641
5084671
5084689
5084693
5084711
5084731
5084743
5084749
5084753
5084803
5084809
5084813
5084843
5084851
5084867
5084869
5084897
5084903
5084917
5084927
5084929
5084939
5084957
5084969
5084987
5084999
5085011
5085013
5085019
5085049
5085079
5085083
5085089
5085131
5085133
5085149
5085167
5085187
5085239
5085251
5085263
5085299
5085313
5085319
5085337
5085343
5085347
5085349
5085359
5085361
5085383
5085401
5085413
5085427
5085433
5085439
5085449
5085463
5085473
5085491
5085497
5085523
5085547
5085571
5085583
5085589
5085607
5085611
5085629
5085637
5085649
5085677
5085679
5085683
5085709
5085713
5085719
5085779
5085797
5085803
5085809
5085841
5085853
5085869
5085881
5085887
5085889
5085893
5085929
5085947
5085973
5085989
5086007
5086021
5086033
5086051
5086063
5086079
5086087
5086093
5086117
5086121
5086141
5086153
5086163
5086177
5086189
5086219
5086229
5086271
5086297
5086303
5086309
5086313
5086321
5086327
5086351
5086379
5086409
5086423
5086429
5086441
5086447
5086483
5086493
5086507
5086517
5086531
5086541
5086561
5086579
5086589
5086591
5086597
5086603
5086619
5086633
5086681
5086691
5086709
5086717
5086751
5086769
5086793
5086799
5086811
5086817
5086847
5086849
5086891
5086897
5086909
5086931
5086967
5086997
5087011
5087021
5087051
5087053
5087057
5087087
5087107
5087111
5087119
5087129
5087141
5087143
5087149
5087161
5087179
5087183
5087191
5087197
5087213
5087219
5087227
5087237
5087263
5087279
5087281
5087293
5087309
5087323
5087351
5087353
5087399
5087413
5087419
5087431
5087447
5087449
5087473
5087501
5087527
5087543
5087549
5087569
5087581
5087587
5087591
5087603
5087633
5087639
5087653
5087657
5087681
5087699
5087701
5087707
5087711
5087713
5087741
5087749
5087767
5087773
5087783
5087791
5087809
5087821
5087851
5087861
5087869
5087893
5087897
5087921
5087923
5087933
5087939
5087959
5087969
5088007
5088023
5088089
5088113
5088119
5088121
5088157
5088169
5088179
5088199
5088217
5088227
5088241
5088263
5088269
5088283
5088301
5088331
5088341
5088353
5088379
5088383
5088401
5088407
5088439
5088443
5088467
5088511
5088521
5088529
5088539
5088541
5088569
5088613
5088617
5088631
5088649
5088653
5088679
5088701
5088709
5088731
5088739
5088761
5088793
5088821
5088823
5088859
5088871
5088877
5088887
5088907
5088913
5088917
5088947
5088971
5088973
5088989
5089013
5089031
5089057
5089061
5089079
5089081
5089121
5089129
5089151
5089159
5089199
5089213
5089223
5089229
5089237
5089243
5089261
5089277
5089339
5089361
5089373
5089391
5089411
5089423
5089429
5089439
5089451
5089459
5089499
5089501
5089519
5089541
5089547
5089559
5089561
5089571
5089573
5089597
5089607
5089619
5089631
5089697
5089709
5089729
5089741
5089751
5089769
5089793
5089807
5089811
5089829
5089837
5089849
5089873
5089879
5089897
5089913
5089927
5089933
5089939
5089943
5089957
5089963
5090003
5090009
5090017
5090077
5090087
5090093
5090117
5090131
5090149
5090171
5090209
5090219
5090227
5090237
5090243
5090249
5090251
5090257
5090303
5090317
5090339
5090369
5090377
5090381
5090387
5090401
5090419
5090447
5090467
5090471
5090483
5090489
5090507
5090539
5090543
5090549
5090551
5090557
5090563
5090587
5090609
5090621
5090623
5090669
5090671
5090693
5090699
5090713
5090737
5090741
5090749
5090753
5090773
5090777
5090779
5090807
5090819
5090831
5090849
5090857
5090881
5090903
5090923
5090927
5090951
5090963
5090977
5091001
5091013
5091019
5091061
5091091
5091101
5091113
5091173
5091193
5091199
5091227
5091241
5091253
5091271
5091301
5091323
5091341
5091343
5091367
5091371
5091377
5091379
5091407
5091413
5091451
5091467
5091473
5091491
5091509
5091521
5091529
5091547
5091553
5091589
5091613
5091637
5091643
5091649
5091659
5091661
5091689
5091703
5091707
5091743
5091761
5091767
5091769
5091797
5091803
5091817
5091833
5091841
5091847
5091881
5091883
5091887
5091899
5091923
5091929
5091937
5091949
5091953
5091973
5091991
5092007
5092069
5092079
5092111
5092127
5092141
5092147
5092169
5092181
5092183
5092193
5092229
5092271
5092279
5092289
5092303
5092327
5092337
5092343
5092357
5092369
5092379
5092387
5092391
5092393
5092397
5092411
5092441
5092481
5092489
5092501
5092517
5092519
5092523
5092541
5092561
5092567
5092579
5092613
5092657
5092693
5092709
5092721
5092727
5092757
5092771
5092783
5092793
5092799
5092811
5092819
5092831
5092849
5092853
5092861
5092883
5092889
5092891
5092909
5092921
5092933
5092937
5092943
5092949
5092961
5092973
5092981
5092987
5092993
5093003
5093017
5093027
5093029
5093059
5093063
5093069
5093089
5093107
5093111
5093167
5093173
5093191
5093201
5093213
5093227
5093233
5093279
5093303
5093321
5093323
5093339
5093351
5093359
5093423
5093447
5093467
5093503
5093507
5093509
5093513
5093519
5093527
5093537
5093549
5093573
5093609
5093623
5093657
5093663
5093677
5093681
5093689
5093713
5093731
5093743
5093747
5093749
5093771
5093773
5093789
5093791
5093801
5093819
5093839
5093857
5093887
5093899
5093917
5093923
5093929
5093939
5093941
5093947
5093983
5093993
5094007
5094029
5094043
5094059
5094083
5094091
5094113
5094121
5094151
5094181
5094191
5094233
5094241
5094259
5094263
5094269
5094281
5094301
5094311
5094329
5094359
5094361
5094371
5094403
5094409
5094433
5094437
5094487
5094533
5094539
5094553
5094559
5094601
5094629
5094647
5094653
5094667
5094673
5094703
5094773
5094779
5094787
5094797
5094821
5094829
5094833
5094839
5094841
5094853
5094857
5094871
5094899
5094919
5094931
5094949
5094953
5094961
5094967
5094979
5095009
5095037
5095073
5095081
5095091
5095117
5095127
5095133
5095151
5095157
5095163
5095169
5095171
5095183
5095187
5095201
5095219
5095229
5095231
5095243
5095267
5095273
5095319
5095333
5095361
5095379
5095399
5095403
5095429
5095471
5095483
5095523
5095537
5095547
5095549
5095567
5095633
5095637
5095639
5095663
5095669
5095681
5095697
5095709
5095711
5095721
5095723
5095729
5095759
5095837
5095841
5095847
5095877
5095919
5095921
5095927
5095939
5095957
5095991
5096011
5096023
5096029
5096093
5096111
5096137
5096153
5096159
5096171
5096173
5096207
5096213
5096239
5096249
5096251
5096279
5096281
5096291
5096323
5096327
5096347
5096381
5096387
5096393
5096411
5096437
5096461
5096467
5096471
5096473
5096519
5096563
5096569
5096573
5096621
5096627
5096647
5096653
5096657
5096683
5096687
5096701
5096711
5096717
5096737
5096759
5096771
5096783
5096789
5096797
5096809
5096813
5096827
5096849
5096857
5096863
5096867
5096873
5096879
5096887
5096893
5096911
5096929
5096939
5096969
5096983
5096999
5097013
5097017
5097023
5097031
5097041
5097049
5097089
5097097
5097109
5097137
5097139
5097143
5097151
5097163
5097179
5097193
5097199
5097223
5097227
5097233
5097241
5097247
5097251
5097259
5097289
5097353
5097401
5097403
5097409
5097419
5097431
5097457
5097461
5097473
5097511
5097523
5097539
5097551
5097553
5097563
5097577
5097581
5097583
5097613
5097619
5097629
5097647
5097683
5097751
5097767
5097787
5097793
5097797
5097803
5097811
5097839
5097847
5097863
5097887
5097893
5097901
5097923
5097931
5097941
5097959
5097979
5097991
5098007
5098031
5098033
5098069
5098081
5098087
5098091
5098117
5098129
5098133
5098139
5098141
5098153
5098169
5098189
5098201
5098207
5098211
5098237
5098241
5098253
5098259
5098277
5098279
5098307
5098337
5098369
5098399
5098421
5098427
5098463
5098469
5098501
5098523
5098529
5098531
5098549
5098559
5098567
5098573
5098627
5098649
5098661
5098679
5098697
5098733
5098741
5098747
5098763
5098771
5098789
5098799
5098813
5098823
5098853
5098903
5098909
5098927
5098943
5098967
5098969
5098979
5098981
5098987
5098993
5099009
5099021
5099023
5099033
5099053
5099057
5099063
5099071
5099089
5099093
5099113
5099131
5099141
5099153
5099191
5099197
5099219
5099233
5099243
5099251
5099257
5099267
5099309
5099317
5099329
5099333
5099357
5099383
5099411
5099443
5099459
5099519
5099527
5099533
5099557
5099569
5099587
5099597
5099617
5099623
5099669
5099683
5099701
5099729
5099741
5099749
5099753
5099777
5099797
5099807
5099827
5099849
5099851
5099873
5099879
5099893
5099933
5099959
5099977
5099981
5099987
5099989
5099993
5100071
5100077
5100079
5100083
5100097
5100127
5100157
5100167
5100169
5100211
5100229
5100239
5100253
5100257
5100269
5100287
5100311
5100331
5100343
5100353
5100367
5100371
5100397
5100409
5100467
5100479
5100521
5100541
5100587
5100593
5100611
5100619
5100631
5100649
5100653
5100659
5100661
5100671
5100673
5100691
5100713
5100737
5100749
5100751
5100757
5100763
5100791
5100811
5100817
5100827
5100829
5100841
5100859
5100877
5100889
5100899
5100913
5100929
5100941
5100943
5100959
5100971
5100973
5100989
5101007
5101043
5101049
5101067
5101093
5101099
5101127
5101141
5101157
5101171
5101181
5101189
5101211
5101223
5101231
5101237
5101249
5101259
5101273
5101289
5101297
5101307
5101351
5101357
5101363
5101373
5101379
5101381
5101387
5101399
5101403
5101417
5101441
5101451
5101471
5101493
5101501
5101511
5101517
5101529
5101531
5101541
5101549
5101559
5101567
5101573
5101609
5101627
5101631
5101643
5101661
5101669
5101673
5101687
5101697
5101711
5101739
5101757
5101771
5101781
5101783
5101787
5101807
5101841
5101879
5101913
5101961
5101969
5101997
5102059
5102087
5102107
5102129
5102137
5102177
5102219
5102239
5102243
5102249
5102269
5102303
5102309
5102323
5102333
5102353
5102359
5102369
5102371
5102381
5102407
5102429
5102437
5102443
5102453
5102473
5102501
5102543
5102561
5102563
5102593
5102599
5102611
5102623
5102639
5102651
5102663
5102683
5102717
5102719
5102731
5102759
5102761
5102777
5102789
5102821
5102827
5102831
5102861
5102863
5102953
5103029
5103031
5103037
5103047
5103061
5103067
5103071
There are 1752 prime numbers in S376.
