S377(5103073~5130216)
5103083
5103097
5103103
5103121
5103139
5103143
5103149
5103157
5103169
5103173
5103209
5103221
5103223
5103233
5103239
5103257
5103269
5103277
5103289
5103331
5103337
5103377
5103379
5103389
5103403
5103407
5103431
5103433
5103467
5103473
5103481
5103487
5103509
5103517
5103523
5103577
5103601
5103607
5103611
5103613
5103619
5103653
5103671
5103691
5103701
5103727
5103733
5103751
5103773
5103779
5103781
5103811
5103829
5103863
5103877
5103881
5103887
5103929
5103937
5103947
5103949
5103983
5103991
5103997
5104009
5104013
5104051
5104067
5104081
5104109
5104117
5104123
5104129
5104147
5104163
5104189
5104193
5104201
5104207
5104249
5104259
5104289
5104291
5104303
5104313
5104327
5104339
5104343
5104349
5104357
5104373
5104387
5104391
5104397
5104399
5104423
5104433
5104447
5104453
5104457
5104469
5104513
5104523
5104537
5104571
5104601
5104613
5104633
5104661
5104669
5104679
5104691
5104699
5104741
5104747
5104753
5104769
5104837
5104849
5104859
5104867
5104877
5104909
5104921
5104933
5104937
5104943
5104949
5104961
5104973
5104991
5104993
5105021
5105047
5105063
5105101
5105123
5105141
5105143
5105161
5105171
5105179
5105183
5105203
5105231
5105237
5105267
5105299
5105327
5105341
5105377
5105381
5105393
5105407
5105431
5105473
5105497
5105531
5105561
5105587
5105629
5105641
5105671
5105707
5105753
5105759
5105791
5105809
5105833
5105843
5105857
5105879
5105897
5105921
5105923
5105951
5105957
5105981
5105993
5105999
5106011
5106029
5106047
5106053
5106083
5106089
5106091
5106097
5106109
5106113
5106133
5106139
5106149
5106151
5106163
5106173
5106203
5106217
5106229
5106247
5106251
5106287
5106317
5106319
5106347
5106373
5106397
5106419
5106433
5106469
5106473
5106487
5106527
5106547
5106557
5106559
5106571
5106589
5106601
5106617
5106631
5106641
5106643
5106653
5106679
5106701
5106707
5106719
5106757
5106781
5106793
5106821
5106823
5106841
5106869
5106901
5106947
5106961
5106967
5106979
5107009
5107013
5107019
5107043
5107061
5107079
5107111
5107117
5107129
5107139
5107163
5107177
5107189
5107199
5107213
5107231
5107237
5107241
5107253
5107303
5107307
5107309
5107313
5107331
5107337
5107351
5107373
5107379
5107381
5107391
5107423
5107433
5107439
5107457
5107481
5107483
5107499
5107507
5107511
5107549
5107601
5107607
5107643
5107649
5107651
5107691
5107693
5107699
5107703
5107709
5107717
5107721
5107747
5107757
5107759
5107787
5107793
5107801
5107829
5107831
5107891
5107897
5107919
5107933
5107937
5107951
5107967
5107997
5108003
5108009
5108011
5108021
5108023
5108027
5108039
5108053
5108057
5108107
5108113
5108119
5108137
5108153
5108189
5108197
5108203
5108209
5108221
5108227
5108239
5108251
5108267
5108269
5108291
5108293
5108297
5108317
5108351
5108353
5108387
5108393
5108399
5108413
5108423
5108429
5108447
5108497
5108533
5108539
5108557
5108561
5108569
5108573
5108581
5108591
5108639
5108647
5108657
5108659
5108713
5108717
5108731
5108749
5108767
5108771
5108773
5108813
5108821
5108827
5108879
5108897
5108941
5108963
5108977
5108989
5109019
5109023
5109029
5109037
5109047
5109067
5109107
5109113
5109121
5109149
5109161
5109173
5109179
5109193
5109199
5109211
5109239
5109241
5109259
5109283
5109311
5109317
5109329
5109331
5109371
5109383
5109407
5109409
5109413
5109431
5109439
5109443
5109463
5109479
5109491
5109497
5109509
5109529
5109541
5109547
5109551
5109553
5109557
5109569
5109583
5109617
5109631
5109661
5109683
5109697
5109719
5109721
5109739
5109751
5109773
5109791
5109821
5109847
5109857
5109859
5109883
5109899
5109919
5109961
5109967
5109971
5109989
5110019
5110037
5110043
5110093
5110097
5110103
5110123
5110129
5110141
5110159
5110211
5110223
5110229
5110241
5110243
5110267
5110283
5110289
5110307
5110327
5110331
5110337
5110361
5110379
5110423
5110433
5110459
5110471
5110481
5110493
5110513
5110517
5110529
5110541
5110549
5110561
5110579
5110597
5110603
5110619
5110627
5110643
5110661
5110709
5110711
5110717
5110723
5110739
5110741
5110751
5110759
5110769
5110783
5110801
5110811
5110813
5110817
5110823
5110871
5110883
5110907
5110909
5110913
5110933
5110951
5110957
5110979
5110997
5111011
5111017
5111039
5111089
5111123
5111131
5111137
5111149
5111153
5111159
5111177
5111179
5111189
5111201
5111231
5111233
5111261
5111287
5111299
5111303
5111317
5111341
5111377
5111401
5111413
5111419
5111423
5111459
5111461
5111467
5111471
5111521
5111527
5111563
5111567
5111599
5111641
5111647
5111651
5111693
5111699
5111707
5111719
5111723
5111749
5111753
5111759
5111761
5111791
5111833
5111837
5111879
5111891
5111923
5111927
5111933
5111941
5111963
5111999
5112001
5112017
5112047
5112059
5112067
5112073
5112089
5112097
5112101
5112103
5112109
5112113
5112119
5112127
5112137
5112181
5112193
5112271
5112277
5112293
5112299
5112307
5112329
5112361
5112379
5112383
5112389
5112403
5112421
5112451
5112467
5112469
5112473
5112479
5112487
5112491
5112511
5112517
5112533
5112553
5112581
5112587
5112629
5112649
5112661
5112673
5112683
5112713
5112727
5112749
5112769
5112791
5112803
5112827
5112841
5112851
5112859
5112871
5112889
5112901
5112917
5112929
5112949
5112973
5112979
5112997
5113007
5113021
5113037
5113051
5113063
5113093
5113099
5113103
5113111
5113123
5113127
5113133
5113169
5113187
5113189
5113201
5113211
5113217
5113219
5113231
5113247
5113267
5113279
5113307
5113319
5113321
5113331
5113343
5113351
5113369
5113391
5113399
5113403
5113417
5113441
5113477
5113487
5113513
5113519
5113573
5113579
5113597
5113601
5113607
5113609
5113631
5113639
5113649
5113681
5113687
5113709
5113721
5113747
5113769
5113777
5113781
5113783
5113789
5113819
5113837
5113859
5113877
5113891
5113931
5113939
5113963
5113967
5113993
5114003
5114047
5114051
5114077
5114089
5114099
5114111
5114143
5114149
5114159
5114167
5114191
5114233
5114269
5114273
5114293
5114309
5114321
5114323
5114327
5114339
5114357
5114359
5114387
5114393
5114413
5114419
5114437
5114443
5114449
5114471
5114479
5114489
5114491
5114503
5114507
5114509
5114513
5114581
5114609
5114623
5114639
5114647
5114653
5114663
5114687
5114689
5114699
5114731
5114737
5114749
5114771
5114779
5114801
5114803
5114821
5114827
5114831
5114833
5114881
5114899
5114929
5114939
5114957
5114959
5114983
5114999
5115023
5115067
5115073
5115133
5115137
5115167
5115193
5115203
5115211
5115233
5115239
5115247
5115251
5115259
5115301
5115343
5115353
5115367
5115371
5115379
5115413
5115421
5115431
5115449
5115469
5115491
5115493
5115497
5115511
5115533
5115559
5115569
5115577
5115599
5115601
5115619
5115647
5115653
5115659
5115661
5115673
5115679
5115703
5115709
5115727
5115743
5115749
5115779
5115787
5115797
5115823
5115833
5115841
5115853
5115863
5115881
5115911
5115917
5115923
5115937
5115947
5116039
5116043
5116049
5116057
5116061
5116123
5116127
5116141
5116169
5116171
5116193
5116211
5116229
5116291
5116297
5116361
5116367
5116381
5116393
5116411
5116417
5116427
5116429
5116469
5116477
5116483
5116493
5116537
5116543
5116571
5116577
5116583
5116597
5116607
5116621
5116627
5116667
5116669
5116679
5116687
5116691
5116717
5116721
5116739
5116763
5116823
5116831
5116849
5116861
5116873
5116889
5116897
5116901
5116907
5116921
5116927
5116967
5116973
5116981
5116987
5117003
5117027
5117039
5117053
5117069
5117071
5117083
5117089
5117111
5117113
5117117
5117131
5117141
5117149
5117173
5117197
5117207
5117269
5117297
5117317
5117341
5117347
5117363
5117377
5117389
5117401
5117419
5117471
5117491
5117503
5117509
5117533
5117551
5117557
5117587
5117597
5117599
5117603
5117611
5117621
5117633
5117653
5117687
5117701
5117713
5117737
5117741
5117747
5117773
5117779
5117797
5117807
5117809
5117813
5117851
5117869
5117899
5117923
5117927
5117941
5117947
5117953
5117977
5117993
5117999
5118013
5118017
5118023
5118031
5118059
5118067
5118079
5118089
5118101
5118107
5118143
5118149
5118187
5118199
5118203
5118209
5118251
5118283
5118287
5118293
5118307
5118341
5118349
5118359
5118367
5118371
5118389
5118403
5118409
5118431
5118433
5118439
5118517
5118557
5118569
5118577
5118583
5118613
5118637
5118653
5118661
5118667
5118697
5118709
5118713
5118767
5118779
5118821
5118829
5118871
5118881
5118889
5118901
5118907
5118917
5118929
5118931
5118943
5118947
5118959
5119007
5119019
5119027
5119043
5119063
5119067
5119069
5119097
5119117
5119129
5119139
5119157
5119199
5119207
5119229
5119267
5119273
5119277
5119297
5119307
5119319
5119321
5119327
5119333
5119337
5119343
5119351
5119423
5119427
5119447
5119459
5119463
5119469
5119507
5119529
5119549
5119571
5119603
5119633
5119637
5119643
5119649
5119661
5119679
5119687
5119693
5119717
5119733
5119769
5119783
5119811
5119813
5119819
5119841
5119847
5119859
5119861
5119871
5119879
5119897
5119901
5119909
5119931
5119963
5119969
5119973
5119997
5120029
5120033
5120047
5120051
5120113
5120117
5120119
5120123
5120131
5120183
5120189
5120201
5120221
5120231
5120249
5120251
5120257
5120263
5120267
5120273
5120287
5120299
5120333
5120351
5120359
5120371
5120399
5120411
5120413
5120419
5120441
5120459
5120461
5120477
5120491
5120503
5120537
5120539
5120567
5120573
5120597
5120629
5120657
5120677
5120681
5120707
5120719
5120729
5120737
5120809
5120813
5120831
5120833
5120839
5120879
5120887
5120891
5120939
5120957
5120959
5120963
5121007
5121031
5121037
5121041
5121071
5121113
5121119
5121143
5121161
5121173
5121191
5121209
5121211
5121223
5121227
5121247
5121251
5121271
5121287
5121289
5121323
5121329
5121331
5121353
5121359
5121367
5121379
5121383
5121419
5121421
5121439
5121463
5121481
5121511
5121521
5121527
5121533
5121551
5121553
5121559
5121581
5121593
5121631
5121643
5121653
5121667
5121673
5121689
5121691
5121703
5121713
5121737
5121749
5121751
5121763
5121791
5121793
5121797
5121821
5121833
5121839
5121841
5121871
5121877
5121889
5121901
5121911
5121917
5121923
5121929
5121931
5121937
5121943
5121953
5121959
5121971
5121979
5121989
5122069
5122081
5122111
5122121
5122127
5122141
5122147
5122163
5122181
5122189
5122193
5122211
5122213
5122259
5122277
5122297
5122301
5122303
5122331
5122339
5122361
5122363
5122367
5122379
5122387
5122393
5122421
5122427
5122433
5122463
5122477
5122489
5122517
5122529
5122541
5122631
5122639
5122643
5122651
5122669
5122679
5122681
5122697
5122699
5122717
5122727
5122739
5122757
5122759
5122771
5122783
5122787
5122807
5122847
5122849
5122853
5122867
5122877
5122883
5122889
5122903
5122907
5122919
5122939
5122961
5122969
5122973
5122981
5122987
5123003
5123011
5123051
5123077
5123099
5123119
5123143
5123177
5123189
5123191
5123197
5123201
5123203
5123219
5123221
5123231
5123257
5123263
5123269
5123281
5123299
5123303
5123311
5123317
5123357
5123399
5123429
5123441
5123449
5123453
5123467
5123471
5123479
5123491
5123509
5123527
5123537
5123551
5123603
5123621
5123623
5123627
5123639
5123683
5123693
5123707
5123719
5123743
5123747
5123753
5123761
5123771
5123777
5123791
5123821
5123849
5123869
5123873
5123879
5123887
5123891
5123927
5123933
5123947
5123969
5123983
5124001
5124011
5124013
5124017
5124023
5124037
5124043
5124047
5124059
5124107
5124121
5124127
5124131
5124143
5124151
5124169
5124173
5124179
5124187
5124247
5124253
5124263
5124289
5124299
5124307
5124349
5124373
5124397
5124401
5124407
5124409
5124419
5124443
5124451
5124479
5124491
5124499
5124521
5124523
5124529
5124541
5124569
5124571
5124583
5124593
5124617
5124643
5124649
5124659
5124683
5124761
5124781
5124797
5124811
5124817
5124829
5124839
5124859
5124943
5124961
5124991
5124997
5125009
5125019
5125027
5125039
5125049
5125051
5125061
5125073
5125093
5125139
5125151
5125157
5125163
5125171
5125187
5125201
5125223
5125247
5125273
5125319
5125321
5125327
5125363
5125391
5125399
5125411
5125427
5125429
5125453
5125487
5125493
5125511
5125513
5125529
5125531
5125541
5125543
5125553
5125559
5125583
5125597
5125609
5125639
5125651
5125661
5125669
5125693
5125699
5125709
5125723
5125733
5125753
5125759
5125781
5125787
5125807
5125811
5125843
5125871
5125907
5125919
5125921
5125927
5125931
5125933
5125949
5125951
5125963
5125999
5126003
5126021
5126057
5126059
5126063
5126081
5126083
5126089
5126113
5126117
5126123
5126131
5126141
5126153
5126167
5126179
5126183
5126221
5126267
5126269
5126291
5126323
5126339
5126347
5126351
5126357
5126369
5126393
5126411
5126419
5126437
5126449
5126479
5126483
5126491
5126497
5126543
5126549
5126551
5126557
5126567
5126579
5126581
5126587
5126603
5126617
5126629
5126647
5126651
5126657
5126669
5126689
5126701
5126711
5126747
5126753
5126767
5126777
5126783
5126791
5126813
5126819
5126833
5126851
5126897
5126899
5126909
5126917
5126929
5126959
5126963
5126971
5126977
5126983
5126987
5127007
5127011
5127037
5127043
5127071
5127103
5127107
5127139
5127181
5127197
5127203
5127247
5127257
5127289
5127299
5127313
5127341
5127347
5127427
5127433
5127481
5127487
5127503
5127527
5127533
5127541
5127553
5127569
5127611
5127613
5127641
5127673
5127709
5127737
5127743
5127763
5127767
5127769
5127779
5127797
5127839
5127869
5127877
5127901
5127917
5127943
5127949
5127961
5127971
5127973
5127977
5128007
5128021
5128027
5128037
5128063
5128153
5128213
5128219
5128229
5128231
5128261
5128283
5128297
5128303
5128307
5128327
5128337
5128349
5128351
5128363
5128369
5128391
5128393
5128399
5128421
5128427
5128433
5128463
5128489
5128493
5128507
5128511
5128523
5128549
5128553
5128573
5128583
5128603
5128633
5128637
5128639
5128657
5128661
5128667
5128691
5128723
5128751
5128771
5128789
5128817
5128847
5128859
5128861
5128867
5128873
5128889
5128891
5128897
5128901
5128909
5128943
5128967
5128973
5128987
5128999
5129011
5129021
5129039
5129041
5129057
5129077
5129081
5129099
5129101
5129129
5129147
5129153
5129171
5129177
5129197
5129227
5129249
5129261
5129279
5129303
5129309
5129321
5129329
5129339
5129351
5129357
5129363
5129381
5129389
5129407
5129419
5129459
5129479
5129489
5129557
5129581
5129617
5129647
5129659
5129671
5129681
5129731
5129737
5129749
5129779
5129807
5129809
5129819
5129827
5129833
5129837
5129863
5129893
5129933
5129947
5129953
5129959
5129983
5129987
5130001
5130017
5130067
5130079
5130089
5130101
5130113
5130119
5130143
5130157
5130163
5130179
There are 1749 prime numbers in S377.
