S378(5130217~5157432)
5130253
5130259
5130263
5130269
5130271
5130299
5130331
5130343
5130397
5130409
5130421
5130443
5130467
5130487
5130493
5130509
5130511
5130529
5130547
5130553
5130557
5130571
5130577
5130607
5130623
5130641
5130647
5130683
5130689
5130701
5130707
5130721
5130731
5130733
5130743
5130773
5130791
5130809
5130823
5130847
5130857
5130869
5130913
5130919
5130947
5130949
5130959
5130989
5130997
5131013
5131019
5131039
5131043
5131067
5131069
5131079
5131081
5131111
5131141
5131157
5131163
5131177
5131183
5131199
5131201
5131207
5131211
5131219
5131223
5131237
5131249
5131253
5131267
5131283
5131307
5131333
5131339
5131351
5131363
5131367
5131417
5131421
5131439
5131447
5131457
5131459
5131481
5131517
5131541
5131543
5131571
5131627
5131631
5131649
5131657
5131673
5131697
5131757
5131759
5131781
5131787
5131799
5131801
5131813
5131823
5131849
5131853
5131871
5131877
5131891
5131897
5131961
5131963
5131969
5131981
5131993
5132009
5132051
5132053
5132069
5132087
5132111
5132117
5132123
5132131
5132137
5132161
5132167
5132177
5132189
5132191
5132201
5132207
5132209
5132213
5132219
5132221
5132227
5132273
5132279
5132287
5132311
5132321
5132327
5132341
5132359
5132417
5132429
5132443
5132459
5132461
5132497
5132513
5132531
5132537
5132539
5132549
5132563
5132581
5132591
5132597
5132599
5132629
5132653
5132671
5132689
5132741
5132747
5132753
5132767
5132773
5132821
5132833
5132837
5132839
5132843
5132851
5132857
5132873
5132893
5132903
5132909
5132923
5132927
5132947
5132957
5132989
5132993
5132999
5133001
5133013
5133017
5133043
5133049
5133053
5133091
5133101
5133109
5133113
5133119
5133127
5133157
5133179
5133187
5133239
5133263
5133277
5133299
5133307
5133311
5133313
5133353
5133361
5133379
5133389
5133391
5133397
5133407
5133437
5133451
5133461
5133463
5133503
5133509
5133511
5133517
5133523
5133529
5133559
5133571
5133581
5133593
5133613
5133617
5133619
5133637
5133659
5133671
5133673
5133697
5133701
5133719
5133749
5133757
5133773
5133809
5133839
5133851
5133859
5133883
5133907
5133911
5133913
5133917
5133923
5133937
5133977
5134013
5134039
5134043
5134049
5134067
5134069
5134079
5134091
5134097
5134099
5134109
5134117
5134147
5134159
5134169
5134183
5134193
5134201
5134219
5134249
5134253
5134273
5134279
5134301
5134303
5134331
5134333
5134361
5134369
5134373
5134417
5134429
5134457
5134477
5134487
5134511
5134517
5134567
5134573
5134643
5134667
5134669
5134687
5134691
5134699
5134709
5134721
5134729
5134733
5134751
5134757
5134771
5134781
5134783
5134793
5134841
5134847
5134853
5134861
5134903
5134907
5134939
5134949
5134951
5134979
5134981
5134993
5135023
5135027
5135029
5135063
5135093
5135113
5135129
5135131
5135147
5135153
5135161
5135167
5135177
5135191
5135197
5135201
5135219
5135231
5135257
5135281
5135297
5135321
5135323
5135327
5135357
5135363
5135381
5135387
5135401
5135413
5135423
5135437
5135441
5135443
5135503
5135521
5135527
5135531
5135539
5135569
5135573
5135579
5135591
5135597
5135609
5135621
5135653
5135657
5135659
5135671
5135687
5135707
5135723
5135731
5135743
5135747
5135759
5135761
5135789
5135807
5135839
5135873
5135899
5135917
5135953
5135959
5135983
5136011
5136013
5136031
5136037
5136041
5136067
5136073
5136083
5136119
5136121
5136143
5136163
5136239
5136269
5136281
5136311
5136323
5136331
5136347
5136361
5136367
5136371
5136401
5136427
5136437
5136449
5136463
5136473
5136491
5136493
5136511
5136529
5136553
5136559
5136577
5136581
5136611
5136623
5136629
5136661
5136667
5136701
5136709
5136721
5136727
5136743
5136757
5136773
5136809
5136811
5136841
5136847
5136853
5136863
5136881
5136893
5136947
5136977
5137001
5137003
5137019
5137021
5137037
5137039
5137051
5137057
5137123
5137127
5137141
5137183
5137193
5137199
5137207
5137219
5137243
5137267
5137273
5137283
5137309
5137357
5137361
5137367
5137373
5137381
5137387
5137393
5137399
5137403
5137453
5137459
5137469
5137477
5137499
5137507
5137513
5137529
5137547
5137651
5137663
5137673
5137681
5137721
5137739
5137747
5137777
5137787
5137789
5137793
5137801
5137829
5137831
5137849
5137861
5137871
5137903
5137919
5137921
5137939
5137943
5137963
5137973
5137987
5138009
5138041
5138053
5138069
5138071
5138083
5138093
5138099
5138101
5138117
5138137
5138149
5138167
5138171
5138179
5138183
5138207
5138257
5138279
5138291
5138311
5138317
5138321
5138333
5138347
5138359
5138363
5138377
5138383
5138387
5138443
5138477
5138479
5138491
5138503
5138513
5138519
5138533
5138537
5138561
5138603
5138611
5138633
5138657
5138663
5138677
5138687
5138717
5138719
5138747
5138753
5138789
5138803
5138807
5138831
5138849
5138857
5138863
5138869
5138891
5138923
5138929
5138941
5138953
5138957
5138977
5139019
5139047
5139073
5139089
5139109
5139131
5139137
5139161
5139179
5139203
5139221
5139223
5139257
5139259
5139271
5139301
5139319
5139341
5139347
5139349
5139359
5139371
5139377
5139383
5139401
5139413
5139427
5139451
5139461
5139479
5139493
5139509
5139517
5139527
5139539
5139551
5139581
5139601
5139611
5139613
5139623
5139643
5139647
5139653
5139679
5139683
5139691
5139697
5139713
5139721
5139731
5139737
5139751
5139767
5139791
5139793
5139811
5139821
5139859
5139863
5139877
5139881
5139907
5139913
5139917
5139923
5139949
5139973
5139983
5140007
5140027
5140049
5140067
5140073
5140087
5140117
5140123
5140133
5140147
5140153
5140181
5140183
5140189
5140207
5140217
5140237
5140253
5140259
5140271
5140277
5140283
5140297
5140357
5140361
5140367
5140381
5140397
5140403
5140411
5140459
5140463
5140481
5140489
5140501
5140517
5140543
5140547
5140561
5140573
5140589
5140591
5140633
5140643
5140657
5140673
5140687
5140691
5140727
5140741
5140747
5140763
5140769
5140777
5140781
5140829
5140853
5140871
5140873
5140901
5140909
5140913
5140921
5140931
5140939
5140957
5140969
5140973
5140979
5140991
5140997
5140999
5141011
5141023
5141027
5141051
5141063
5141093
5141099
5141117
5141137
5141177
5141179
5141219
5141237
5141249
5141251
5141273
5141309
5141321
5141347
5141363
5141369
5141393
5141401
5141407
5141431
5141449
5141453
5141491
5141501
5141519
5141527
5141537
5141573
5141579
5141603
5141621
5141663
5141677
5141681
5141693
5141699
5141743
5141771
5141789
5141813
5141819
5141831
5141833
5141867
5141869
5141921
5141947
5141953
5141959
5141963
5141971
5141977
5141987
5141993
5141999
5142013
5142017
5142043
5142061
5142083
5142089
5142091
5142101
5142107
5142119
5142121
5142131
5142173
5142197
5142199
5142227
5142229
5142257
5142259
5142289
5142323
5142329
5142337
5142349
5142353
5142383
5142419
5142421
5142461
5142463
5142469
5142493
5142503
5142523
5142539
5142587
5142623
5142637
5142647
5142661
5142677
5142679
5142689
5142713
5142733
5142751
5142779
5142793
5142799
5142811
5142817
5142829
5142847
5142877
5142883
5142899
5142911
5142913
5142919
5142937
5142953
5142967
5142989
5143013
5143031
5143051
5143087
5143097
5143109
5143133
5143147
5143153
5143183
5143189
5143217
5143249
5143253
5143267
5143277
5143291
5143301
5143321
5143339
5143343
5143349
5143363
5143381
5143403
5143423
5143429
5143447
5143451
5143483
5143487
5143493
5143499
5143543
5143583
5143591
5143603
5143609
5143637
5143667
5143669
5143687
5143693
5143709
5143711
5143729
5143751
5143753
5143757
5143771
5143781
5143783
5143793
5143807
5143837
5143847
5143849
5143871
5143891
5143903
5143907
5143913
5143921
5143967
5143987
5144011
5144023
5144053
5144077
5144093
5144119
5144137
5144141
5144143
5144177
5144189
5144263
5144273
5144287
5144303
5144309
5144317
5144323
5144351
5144371
5144411
5144413
5144437
5144441
5144471
5144483
5144519
5144521
5144533
5144537
5144539
5144549
5144561
5144567
5144569
5144597
5144599
5144603
5144621
5144647
5144653
5144669
5144677
5144681
5144701
5144707
5144719
5144743
5144749
5144753
5144759
5144809
5144827
5144831
5144837
5144849
5144851
5144879
5144899
5144903
5144911
5144917
5144929
5144933
5144941
5144947
5144957
5144959
5144963
5144981
5144983
5144989
5145011
5145017
5145037
5145053
5145059
5145061
5145071
5145083
5145139
5145149
5145197
5145211
5145233
5145263
5145269
5145311
5145313
5145317
5145323
5145347
5145389
5145403
5145433
5145463
5145493
5145521
5145529
5145589
5145593
5145601
5145619
5145631
5145643
5145661
5145671
5145677
5145689
5145703
5145719
5145727
5145733
5145743
5145757
5145761
5145769
5145773
5145779
5145809
5145817
5145821
5145841
5145851
5145871
5145887
5145901
5145937
5145949
5145967
5145971
5145977
5145991
5146003
5146061
5146091
5146103
5146109
5146147
5146153
5146159
5146177
5146199
5146213
5146237
5146243
5146261
5146289
5146301
5146307
5146343
5146381
5146391
5146409
5146417
5146451
5146469
5146481
5146483
5146487
5146489
5146513
5146517
5146523
5146567
5146579
5146591
5146619
5146621
5146633
5146637
5146639
5146649
5146667
5146681
5146711
5146721
5146727
5146741
5146751
5146763
5146769
5146783
5146789
5146793
5146819
5146831
5146847
5146879
5146901
5146919
5146927
5146943
5146951
5146957
5147041
5147047
5147059
5147069
5147159
5147161
5147167
5147179
5147213
5147249
5147251
5147267
5147273
5147279
5147281
5147291
5147293
5147323
5147339
5147353
5147357
5147369
5147371
5147399
5147419
5147431
5147479
5147497
5147507
5147531
5147539
5147563
5147603
5147609
5147621
5147627
5147629
5147633
5147647
5147657
5147687
5147707
5147711
5147749
5147789
5147797
5147827
5147839
5147843
5147867
5147881
5147893
5147897
5147939
5147951
5147959
5147963
5147981
5148007
5148041
5148047
5148119
5148131
5148151
5148173
5148181
5148191
5148197
5148203
5148233
5148257
5148271
5148277
5148287
5148289
5148293
5148301
5148313
5148337
5148359
5148371
5148379
5148463
5148497
5148499
5148503
5148523
5148541
5148547
5148551
5148553
5148557
5148581
5148589
5148623
5148659
5148701
5148713
5148719
5148721
5148761
5148779
5148799
5148817
5148823
5148851
5148853
5148859
5148893
5148937
5148959
5148967
5148971
5148973
5149009
5149013
5149021
5149049
5149061
5149063
5149093
5149097
5149099
5149103
5149139
5149159
5149187
5149189
5149219
5149223
5149229
5149259
5149267
5149289
5149301
5149303
5149307
5149337
5149349
5149393
5149409
5149411
5149421
5149423
5149429
5149471
5149483
5149517
5149519
5149531
5149537
5149567
5149577
5149583
5149597
5149601
5149619
5149621
5149643
5149667
5149673
5149679
5149699
5149709
5149717
5149721
5149747
5149763
5149783
5149801
5149829
5149841
5149847
5149853
5149867
5149891
5149913
5149927
5149943
5149951
5149961
5149973
5149979
5149987
5150027
5150059
5150069
5150107
5150129
5150143
5150147
5150149
5150161
5150177
5150191
5150203
5150207
5150209
5150219
5150221
5150237
5150251
5150267
5150279
5150333
5150347
5150351
5150377
5150389
5150407
5150419
5150423
5150441
5150443
5150477
5150489
5150513
5150549
5150567
5150581
5150599
5150617
5150633
5150671
5150693
5150701
5150713
5150723
5150737
5150741
5150773
5150819
5150833
5150839
5150851
5150869
5150909
5150917
5150921
5150939
5150941
5150947
5150969
5150987
5151001
5151007
5151019
5151031
5151043
5151049
5151061
5151131
5151137
5151151
5151163
5151169
5151191
5151193
5151197
5151203
5151217
5151227
5151253
5151257
5151269
5151277
5151317
5151319
5151343
5151347
5151359
5151361
5151371
5151373
5151407
5151431
5151437
5151457
5151463
5151469
5151481
5151491
5151521
5151533
5151539
5151541
5151551
5151577
5151581
5151583
5151593
5151599
5151607
5151617
5151637
5151659
5151661
5151677
5151737
5151739
5151779
5151781
5151791
5151823
5151841
5151847
5151851
5151871
5151889
5151899
5151919
5151929
5151947
5151953
5151967
5151989
5151997
5152001
5152027
5152031
5152039
5152051
5152087
5152109
5152127
5152151
5152153
5152177
5152181
5152237
5152247
5152261
5152297
5152319
5152327
5152331
5152333
5152351
5152379
5152387
5152397
5152403
5152421
5152423
5152447
5152453
5152457
5152463
5152471
5152481
5152493
5152507
5152519
5152531
5152549
5152571
5152579
5152613
5152639
5152643
5152669
5152681
5152699
5152711
5152739
5152747
5152753
5152783
5152801
5152811
5152813
5152837
5152841
5152843
5152859
5152877
5152909
5152937
5152949
5152957
5152993
5153017
5153021
5153041
5153063
5153089
5153111
5153117
5153129
5153149
5153153
5153179
5153191
5153201
5153207
5153209
5153257
5153299
5153321
5153327
5153353
5153359
5153381
5153383
5153437
5153443
5153459
5153483
5153509
5153521
5153531
5153537
5153539
5153543
5153549
5153569
5153623
5153639
5153641
5153647
5153651
5153663
5153689
5153699
5153711
5153747
5153749
5153777
5153779
5153831
5153833
5153849
5153867
5153887
5153891
5153899
5153903
5153917
5153923
5153927
5153957
5153963
5153971
5153983
5154007
5154013
5154049
5154089
5154101
5154133
5154143
5154157
5154167
5154173
5154209
5154221
5154229
5154239
5154271
5154287
5154293
5154307
5154313
5154343
5154353
5154361
5154371
5154379
5154389
5154419
5154421
5154427
5154469
5154473
5154493
5154497
5154509
5154533
5154551
5154557
5154559
5154563
5154577
5154593
5154619
5154629
5154641
5154673
5154701
5154703
5154707
5154713
5154733
5154739
5154761
5154763
5154767
5154769
5154811
5154817
5154823
5154827
5154839
5154857
5154869
5154887
5154901
5154907
5154911
5154917
5154923
5154973
5154979
5154983
5154997
5155001
5155027
5155037
5155043
5155067
5155103
5155109
5155133
5155159
5155193
5155219
5155229
5155237
5155261
5155277
5155279
5155307
5155309
5155351
5155387
5155433
5155439
5155481
5155483
5155489
5155499
5155511
5155547
5155561
5155567
5155603
5155639
5155643
5155673
5155679
5155697
5155699
5155727
5155729
5155753
5155769
5155789
5155817
5155849
5155861
5155907
5155957
5155961
5155993
5156017
5156023
5156033
5156051
5156059
5156089
5156101
5156111
5156141
5156153
5156159
5156161
5156183
5156189
5156213
5156227
5156231
5156237
5156243
5156267
5156273
5156279
5156297
5156299
5156309
5156339
5156341
5156363
5156383
5156399
5156413
5156419
5156441
5156449
5156471
5156477
5156479
5156497
5156527
5156533
5156537
5156539
5156549
5156551
5156561
5156563
5156573
5156587
5156609
5156663
5156719
5156731
5156737
5156743
5156747
5156773
5156779
5156783
5156803
5156813
5156839
5156849
5156891
5156897
5156911
5156917
5156929
5156941
5156951
5156969
5156971
5156993
5157007
5157017
5157029
5157049
5157073
5157101
5157133
5157143
5157179
5157197
5157203
5157241
5157247
5157277
5157281
5157287
5157323
5157329
5157403
5157407
5157419
5157421
There are 1761 prime numbers in S378.
