S379(5157433~5184720)
5157457
5157479
5157487
5157491
5157499
5157517
5157533
5157547
5157557
5157571
5157577
5157599
5157617
5157619
5157623
5157629
5157661
5157709
5157731
5157739
5157743
5157787
5157791
5157793
5157821
5157829
5157847
5157857
5157877
5157883
5157917
5157941
5157947
5157967
5157983
5157991
5158001
5158007
5158019
5158031
5158033
5158037
5158039
5158057
5158061
5158067
5158073
5158081
5158103
5158117
5158189
5158199
5158211
5158261
5158267
5158271
5158273
5158277
5158289
5158303
5158313
5158339
5158357
5158379
5158381
5158393
5158411
5158423
5158427
5158441
5158451
5158453
5158457
5158469
5158477
5158487
5158499
5158501
5158511
5158523
5158537
5158591
5158597
5158603
5158663
5158669
5158711
5158721
5158733
5158759
5158763
5158793
5158801
5158817
5158841
5158843
5158847
5158883
5158903
5158913
5158921
5158987
5158991
5158999
5159023
5159039
5159047
5159053
5159057
5159059
5159081
5159093
5159111
5159117
5159149
5159159
5159171
5159207
5159213
5159227
5159239
5159249
5159251
5159257
5159261
5159281
5159321
5159351
5159377
5159389
5159443
5159447
5159461
5159489
5159509
5159513
5159533
5159549
5159573
5159611
5159617
5159633
5159639
5159657
5159663
5159669
5159677
5159681
5159683
5159701
5159711
5159717
5159723
5159729
5159731
5159741
5159743
5159779
5159813
5159827
5159839
5159879
5159881
5159893
5159897
5159899
5159911
5159927
5159969
5159977
5160007
5160011
5160037
5160041
5160047
5160049
5160079
5160101
5160143
5160149
5160157
5160161
5160179
5160187
5160217
5160223
5160283
5160293
5160307
5160313
5160319
5160329
5160361
5160373
5160377
5160409
5160413
5160439
5160461
5160479
5160499
5160509
5160511
5160523
5160527
5160563
5160569
5160581
5160583
5160587
5160593
5160607
5160613
5160643
5160677
5160679
5160719
5160721
5160733
5160737
5160767
5160773
5160781
5160791
5160803
5160821
5160829
5160839
5160851
5160887
5160893
5160917
5160923
5160941
5160959
5160971
5160983
5160997
5161003
5161031
5161063
5161073
5161099
5161111
5161129
5161133
5161139
5161181
5161187
5161229
5161231
5161243
5161249
5161253
5161267
5161291
5161309
5161327
5161337
5161339
5161349
5161357
5161363
5161381
5161411
5161417
5161423
5161427
5161439
5161451
5161517
5161529
5161549
5161553
5161561
5161567
5161571
5161579
5161609
5161619
5161631
5161643
5161669
5161679
5161697
5161699
5161703
5161789
5161799
5161811
5161813
5161831
5161837
5161843
5161847
5161873
5161879
5161909
5161921
5161927
5161943
5161967
5161993
5161997
5162011
5162063
5162071
5162077
5162081
5162083
5162093
5162099
5162123
5162141
5162159
5162177
5162219
5162221
5162231
5162233
5162291
5162293
5162299
5162303
5162329
5162371
5162383
5162387
5162389
5162393
5162447
5162459
5162467
5162473
5162477
5162483
5162489
5162497
5162501
5162513
5162561
5162569
5162587
5162593
5162617
5162627
5162653
5162671
5162681
5162711
5162719
5162743
5162749
5162753
5162767
5162777
5162789
5162803
5162827
5162831
5162837
5162863
5162891
5162893
5162909
5162923
5162933
5162947
5162981
5162987
5163001
5163023
5163061
5163077
5163097
5163113
5163127
5163163
5163167
5163199
5163229
5163233
5163241
5163283
5163289
5163317
5163343
5163349
5163371
5163377
5163409
5163437
5163443
5163451
5163469
5163481
5163491
5163511
5163517
5163527
5163547
5163583
5163593
5163607
5163629
5163659
5163671
5163727
5163751
5163773
5163787
5163791
5163793
5163797
5163817
5163859
5163871
5163883
5163911
5163919
5163923
5163959
5163973
5163997
5164007
5164009
5164013
5164021
5164069
5164079
5164087
5164091
5164097
5164123
5164129
5164139
5164147
5164157
5164169
5164189
5164193
5164207
5164217
5164241
5164253
5164261
5164273
5164283
5164303
5164331
5164361
5164363
5164381
5164387
5164417
5164441
5164451
5164463
5164517
5164519
5164541
5164543
5164547
5164567
5164589
5164591
5164597
5164603
5164609
5164619
5164657
5164669
5164699
5164703
5164717
5164723
5164739
5164741
5164769
5164771
5164781
5164799
5164807
5164849
5164853
5164897
5164921
5164961
5164993
5165021
5165051
5165063
5165077
5165107
5165113
5165119
5165123
5165137
5165191
5165201
5165227
5165243
5165267
5165269
5165299
5165309
5165323
5165333
5165387
5165389
5165411
5165417
5165423
5165429
5165431
5165453
5165483
5165497
5165513
5165519
5165527
5165543
5165551
5165557
5165579
5165581
5165591
5165597
5165621
5165647
5165653
5165659
5165687
5165689
5165707
5165711
5165717
5165729
5165749
5165753
5165779
5165791
5165801
5165803
5165813
5165821
5165833
5165887
5165899
5165939
5165947
5165969
5165983
5165987
5165999
5166001
5166013
5166017
5166019
5166023
5166037
5166061
5166071
5166101
5166103
5166107
5166121
5166131
5166143
5166179
5166197
5166209
5166211
5166221
5166223
5166253
5166257
5166289
5166311
5166323
5166331
5166353
5166373
5166383
5166389
5166391
5166401
5166443
5166449
5166481
5166527
5166541
5166563
5166619
5166631
5166647
5166649
5166653
5166661
5166671
5166673
5166701
5166703
5166737
5166787
5166817
5166829
5166869
5166871
5166877
5166893
5166919
5166961
5166971
5166983
5167003
5167021
5167051
5167061
5167067
5167079
5167081
5167103
5167109
5167121
5167139
5167163
5167187
5167199
5167207
5167213
5167223
5167231
5167247
5167291
5167301
5167333
5167339
5167343
5167367
5167399
5167403
5167427
5167441
5167471
5167489
5167501
5167511
5167523
5167529
5167549
5167559
5167577
5167583
5167619
5167621
5167637
5167649
5167651
5167661
5167667
5167691
5167693
5167703
5167733
5167739
5167741
5167769
5167781
5167787
5167807
5167817
5167823
5167837
5167853
5167861
5167879
5167891
5167907
5167913
5167919
5167933
5167937
5167957
5167973
5167991
5168021
5168047
5168071
5168087
5168089
5168113
5168117
5168129
5168147
5168201
5168237
5168239
5168249
5168263
5168279
5168287
5168291
5168309
5168311
5168329
5168333
5168369
5168377
5168381
5168389
5168393
5168407
5168411
5168431
5168441
5168477
5168479
5168539
5168573
5168621
5168623
5168677
5168687
5168707
5168711
5168717
5168743
5168749
5168753
5168777
5168791
5168803
5168837
5168851
5168857
5168861
5168869
5168879
5168887
5168897
5168921
5168923
5168927
5168929
5168939
5168941
5168953
5168963
5168981
5169019
5169023
5169053
5169061
5169091
5169103
5169113
5169137
5169149
5169187
5169191
5169211
5169247
5169253
5169299
5169301
5169317
5169347
5169361
5169379
5169383
5169397
5169401
5169419
5169427
5169431
5169433
5169443
5169449
5169469
5169481
5169487
5169497
5169509
5169551
5169559
5169583
5169599
5169601
5169607
5169613
5169617
5169623
5169631
5169643
5169667
5169679
5169713
5169721
5169727
5169763
5169781
5169793
5169799
5169817
5169823
5169833
5169841
5169893
5169907
5169943
5169947
5169949
5169961
5169971
5170001
5170013
5170027
5170031
5170049
5170063
5170073
5170129
5170163
5170181
5170183
5170201
5170213
5170237
5170241
5170247
5170271
5170279
5170283
5170289
5170303
5170307
5170339
5170351
5170357
5170369
5170393
5170411
5170427
5170463
5170483
5170513
5170519
5170531
5170553
5170559
5170577
5170579
5170609
5170619
5170637
5170643
5170657
5170667
5170673
5170687
5170691
5170709
5170727
5170741
5170751
5170777
5170813
5170829
5170853
5170871
5170889
5170927
5170933
5170967
5170999
5171011
5171029
5171039
5171041
5171057
5171063
5171071
5171087
5171093
5171119
5171123
5171129
5171161
5171171
5171183
5171189
5171191
5171197
5171209
5171237
5171239
5171279
5171293
5171311
5171317
5171323
5171329
5171333
5171347
5171357
5171359
5171381
5171407
5171429
5171437
5171449
5171459
5171461
5171473
5171521
5171531
5171533
5171549
5171557
5171561
5171597
5171609
5171623
5171627
5171633
5171659
5171681
5171693
5171729
5171753
5171779
5171783
5171801
5171807
5171809
5171839
5171843
5171891
5171909
5171917
5171923
5171951
5171953
5171963
5171981
5171983
5171989
5171993
5172001
5172017
5172019
5172043
5172049
5172053
5172061
5172073
5172077
5172107
5172127
5172149
5172151
5172163
5172187
5172197
5172221
5172227
5172239
5172253
5172259
5172283
5172287
5172289
5172317
5172337
5172347
5172361
5172371
5172379
5172383
5172407
5172449
5172451
5172457
5172463
5172473
5172481
5172521
5172523
5172547
5172551
5172553
5172569
5172571
5172647
5172653
5172659
5172697
5172703
5172733
5172749
5172751
5172767
5172787
5172793
5172803
5172821
5172823
5172829
5172851
5172889
5172899
5172901
5172919
5172941
5172949
5172977
5173013
5173019
5173039
5173057
5173067
5173079
5173097
5173193
5173211
5173213
5173237
5173241
5173247
5173261
5173283
5173309
5173313
5173319
5173331
5173379
5173387
5173409
5173439
5173477
5173499
5173537
5173541
5173543
5173561
5173579
5173589
5173591
5173603
5173607
5173613
5173657
5173703
5173711
5173723
5173741
5173759
5173787
5173799
5173813
5173829
5173843
5173849
5173859
5173867
5173877
5173879
5173891
5173897
5173907
5173937
5173939
5173943
5173951
5173957
5173963
5173979
5173981
5173991
5174003
5174017
5174033
5174047
5174063
5174119
5174177
5174189
5174219
5174237
5174243
5174261
5174291
5174293
5174347
5174363
5174387
5174399
5174401
5174419
5174423
5174431
5174461
5174467
5174473
5174483
5174501
5174503
5174509
5174527
5174531
5174537
5174567
5174573
5174581
5174591
5174633
5174639
5174657
5174671
5174677
5174699
5174723
5174759
5174773
5174777
5174791
5174803
5174809
5174833
5174843
5174849
5174863
5174881
5174887
5174891
5174903
5174927
5174929
5174933
5174941
5174947
5174957
5174959
5174989
5174999
5175019
5175031
5175041
5175059
5175097
5175101
5175103
5175187
5175193
5175199
5175229
5175251
5175271
5175283
5175323
5175329
5175337
5175343
5175347
5175383
5175407
5175409
5175431
5175433
5175461
5175473
5175491
5175493
5175509
5175517
5175551
5175557
5175563
5175571
5175587
5175637
5175661
5175673
5175691
5175719
5175721
5175727
5175757
5175763
5175767
5175811
5175839
5175857
5175869
5175887
5175899
5175913
5175917
5175931
5175991
5176009
5176027
5176051
5176069
5176079
5176091
5176097
5176141
5176169
5176183
5176187
5176217
5176229
5176243
5176253
5176273
5176289
5176307
5176309
5176319
5176321
5176343
5176387
5176429
5176433
5176459
5176477
5176489
5176511
5176543
5176547
5176571
5176573
5176579
5176583
5176603
5176631
5176637
5176663
5176667
5176693
5176709
5176711
5176723
5176729
5176739
5176747
5176757
5176763
5176799
5176807
5176811
5176841
5176849
5176861
5176879
5176903
5176933
5176937
5176943
5176961
5176973
5177033
5177059
5177069
5177099
5177113
5177119
5177147
5177149
5177203
5177209
5177239
5177261
5177273
5177281
5177287
5177327
5177339
5177351
5177363
5177387
5177413
5177441
5177449
5177453
5177467
5177477
5177479
5177489
5177509
5177551
5177591
5177593
5177597
5177617
5177621
5177647
5177657
5177659
5177687
5177701
5177719
5177723
5177761
5177771
5177791
5177797
5177801
5177803
5177807
5177813
5177869
5177881
5177903
5177923
5177929
5177947
5177969
5177971
5177983
5177989
5178001
5178007
5178029
5178031
5178049
5178053
5178067
5178073
5178077
5178083
5178091
5178133
5178137
5178139
5178143
5178161
5178163
5178181
5178191
5178193
5178301
5178311
5178337
5178379
5178389
5178391
5178403
5178419
5178487
5178499
5178517
5178521
5178541
5178553
5178571
5178599
5178623
5178629
5178647
5178653
5178661
5178689
5178709
5178731
5178739
5178743
5178781
5178787
5178809
5178827
5178857
5178869
5178871
5178889
5178893
5178919
5178923
5178941
5178947
5178949
5178967
5178973
5178983
5178989
5178991
5179019
5179021
5179051
5179061
5179063
5179073
5179093
5179099
5179103
5179123
5179127
5179133
5179151
5179159
5179199
5179219
5179231
5179241
5179249
5179289
5179303
5179337
5179351
5179367
5179403
5179411
5179481
5179507
5179513
5179523
5179547
5179567
5179579
5179589
5179591
5179597
5179613
5179619
5179627
5179633
5179639
5179649
5179709
5179739
5179831
5179841
5179843
5179859
5179891
5179903
5179907
5179919
5179931
5179939
5179943
5179961
5179969
5179997
5180003
5180017
5180029
5180041
5180047
5180051
5180057
5180099
5180101
5180117
5180137
5180143
5180159
5180171
5180213
5180233
5180237
5180243
5180281
5180297
5180321
5180323
5180341
5180347
5180353
5180419
5180437
5180447
5180449
5180459
5180467
5180471
5180477
5180489
5180501
5180537
5180569
5180573
5180579
5180587
5180599
5180603
5180621
5180653
5180677
5180687
5180713
5180717
5180743
5180759
5180761
5180771
5180807
5180809
5180827
5180839
5180887
5180897
5180921
5180927
5180933
5180953
5180963
5180969
5180983
5180993
5181013
5181017
5181019
5181023
5181067
5181079
5181101
5181103
5181133
5181151
5181173
5181191
5181217
5181223
5181251
5181269
5181283
5181287
5181299
5181301
5181307
5181317
5181347
5181349
5181353
5181383
5181391
5181431
5181469
5181497
5181499
5181511
5181529
5181541
5181551
5181559
5181563
5181569
5181581
5181587
5181599
5181611
5181637
5181641
5181653
5181667
5181677
5181679
5181697
5181721
5181733
5181769
5181779
5181811
5181817
5181829
5181859
5181881
5181893
5181899
5181901
5181907
5181919
5181941
5181947
5181971
5181977
5181983
5181989
5181997
5182027
5182057
5182063
5182091
5182103
5182139
5182141
5182157
5182171
5182189
5182201
5182207
5182217
5182253
5182313
5182319
5182339
5182349
5182367
5182379
5182417
5182427
5182447
5182451
5182453
5182469
5182477
5182531
5182537
5182543
5182571
5182601
5182609
5182631
5182663
5182669
5182691
5182699
5182717
5182721
5182757
5182777
5182799
5182811
5182813
5182819
5182829
5182867
5182871
5182897
5182913
5182939
5182949
5182951
5182963
5182979
5182993
5183033
5183047
5183051
5183077
5183089
5183131
5183137
5183153
5183159
5183183
5183201
5183221
5183279
5183281
5183291
5183309
5183323
5183329
5183357
5183363
5183369
5183383
5183393
5183411
5183459
5183461
5183471
5183473
5183483
5183527
5183531
5183537
5183557
5183567
5183569
5183587
5183609
5183611
5183641
5183683
5183687
5183699
5183701
5183707
5183729
5183747
5183749
5183813
5183819
5183821
5183831
5183839
5183863
5183869
5183879
5183881
5183891
5183897
5183909
5183933
5183939
5183957
5183977
5183987
5184001
5184007
5184029
5184061
5184073
5184103
5184121
5184139
5184143
5184187
5184191
5184197
5184199
5184227
5184233
5184247
5184253
5184281
5184293
5184307
5184317
5184323
5184343
5184373
5184391
5184401
5184419
5184427
5184433
5184457
5184479
5184493
5184497
5184539
5184563
5184577
5184581
5184593
5184607
5184623
5184631
5184689
5184703
There are 1746 prime numbers in S379.
