S380(5184721~5212080)
5184721
5184727
5184733
5184757
5184763
5184769
5184787
5184791
5184793
5184797
5184799
5184833
5184841
5184857
5184859
5184863
5184871
5184877
5184889
5184911
5184919
5184931
5184943
5184947
5184953
5184961
5185001
5185003
5185009
5185027
5185057
5185067
5185121
5185127
5185129
5185139
5185199
5185211
5185223
5185253
5185261
5185267
5185307
5185321
5185337
5185351
5185379
5185381
5185399
5185417
5185421
5185429
5185447
5185483
5185487
5185507
5185529
5185559
5185567
5185589
5185619
5185633
5185667
5185669
5185681
5185699
5185703
5185709
5185729
5185753
5185781
5185801
5185811
5185813
5185823
5185837
5185849
5185853
5185877
5185889
5185913
5185919
5185927
5185931
5185937
5185949
5185979
5185981
5185987
5185991
5186009
5186033
5186039
5186059
5186081
5186087
5186123
5186141
5186149
5186161
5186177
5186191
5186197
5186219
5186261
5186263
5186267
5186287
5186303
5186317
5186333
5186341
5186351
5186353
5186371
5186381
5186383
5186387
5186407
5186443
5186453
5186471
5186483
5186491
5186501
5186509
5186521
5186543
5186551
5186557
5186603
5186627
5186651
5186659
5186663
5186681
5186689
5186729
5186759
5186761
5186773
5186777
5186803
5186821
5186833
5186837
5186849
5186851
5186861
5186879
5186899
5186927
5186933
5186941
5186947
5186953
5186963
5187011
5187089
5187109
5187113
5187131
5187139
5187151
5187173
5187181
5187233
5187239
5187271
5187277
5187283
5187293
5187313
5187353
5187359
5187367
5187383
5187401
5187449
5187487
5187503
5187517
5187527
5187529
5187547
5187577
5187593
5187617
5187629
5187667
5187671
5187683
5187691
5187697
5187739
5187761
5187769
5187797
5187803
5187827
5187841
5187859
5187863
5187869
5187883
5187887
5187901
5187911
5187913
5187937
5187961
5187971
5187977
5187979
5187991
5188019
5188021
5188061
5188069
5188091
5188123
5188147
5188163
5188171
5188193
5188207
5188219
5188229
5188231
5188241
5188243
5188259
5188277
5188289
5188297
5188301
5188319
5188333
5188343
5188411
5188429
5188441
5188457
5188459
5188481
5188499
5188507
5188531
5188543
5188549
5188571
5188619
5188633
5188643
5188649
5188661
5188669
5188679
5188697
5188717
5188739
5188763
5188793
5188801
5188817
5188819
5188829
5188849
5188867
5188877
5188879
5188901
5188933
5188943
5188951
5188969
5188979
5189027
5189039
5189047
5189069
5189081
5189113
5189117
5189141
5189153
5189159
5189161
5189167
5189201
5189207
5189251
5189263
5189269
5189291
5189293
5189309
5189311
5189333
5189339
5189357
5189363
5189377
5189399
5189441
5189473
5189479
5189491
5189507
5189519
5189531
5189533
5189537
5189543
5189551
5189557
5189563
5189567
5189621
5189623
5189629
5189633
5189659
5189669
5189677
5189687
5189711
5189759
5189761
5189783
5189797
5189809
5189839
5189851
5189893
5189917
5189923
5189929
5189939
5189957
5189993
5190001
5190007
5190011
5190023
5190037
5190041
5190047
5190061
5190071
5190077
5190091
5190103
5190127
5190139
5190167
5190169
5190181
5190191
5190197
5190247
5190259
5190277
5190281
5190293
5190301
5190319
5190331
5190347
5190377
5190403
5190413
5190421
5190431
5190443
5190467
5190511
5190583
5190587
5190599
5190607
5190611
5190637
5190649
5190701
5190707
5190719
5190721
5190769
5190791
5190817
5190839
5190851
5190859
5190863
5190869
5190877
5190929
5190947
5190953
5190973
5191013
5191019
5191027
5191033
5191049
5191057
5191091
5191099
5191129
5191139
5191141
5191177
5191181
5191187
5191213
5191231
5191243
5191247
5191253
5191259
5191267
5191271
5191279
5191289
5191301
5191331
5191337
5191339
5191349
5191363
5191367
5191369
5191391
5191393
5191397
5191411
5191421
5191429
5191441
5191447
5191451
5191453
5191457
5191481
5191489
5191513
5191597
5191603
5191651
5191673
5191699
5191709
5191723
5191727
5191741
5191751
5191793
5191799
5191819
5191831
5191843
5191853
5191861
5191867
5191873
5191909
5191931
5191943
5191981
5191999
5192009
5192023
5192029
5192041
5192051
5192071
5192081
5192087
5192113
5192129
5192153
5192167
5192179
5192183
5192219
5192233
5192267
5192269
5192287
5192311
5192323
5192351
5192353
5192359
5192371
5192387
5192393
5192399
5192441
5192449
5192477
5192483
5192519
5192521
5192587
5192597
5192639
5192647
5192657
5192659
5192669
5192699
5192743
5192783
5192797
5192801
5192813
5192819
5192821
5192879
5192893
5192899
5192927
5192959
5192977
5192989
5193037
5193043
5193047
5193049
5193053
5193091
5193107
5193127
5193131
5193163
5193169
5193187
5193191
5193197
5193203
5193217
5193229
5193257
5193271
5193277
5193281
5193299
5193301
5193317
5193329
5193341
5193361
5193401
5193421
5193427
5193443
5193451
5193493
5193499
5193509
5193527
5193553
5193557
5193563
5193571
5193613
5193623
5193637
5193649
5193667
5193677
5193679
5193691
5193703
5193719
5193733
5193737
5193739
5193743
5193751
5193763
5193767
5193781
5193817
5193847
5193869
5193889
5193901
5193931
5193977
5193983
5193989
5193997
5194001
5194009
5194037
5194069
5194073
5194093
5194109
5194117
5194193
5194199
5194207
5194213
5194229
5194237
5194261
5194279
5194283
5194303
5194337
5194349
5194351
5194361
5194369
5194379
5194381
5194403
5194411
5194417
5194421
5194433
5194439
5194457
5194459
5194489
5194493
5194499
5194507
5194549
5194559
5194561
5194601
5194603
5194643
5194649
5194661
5194669
5194691
5194697
5194703
5194727
5194729
5194751
5194781
5194789
5194793
5194807
5194811
5194817
5194879
5194883
5194907
5194913
5194921
5194927
5194933
5194939
5194951
5194963
5194967
5194991
5194993
5194997
5195027
5195063
5195077
5195083
5195123
5195129
5195153
5195161
5195173
5195213
5195221
5195249
5195269
5195317
5195327
5195357
5195369
5195413
5195419
5195441
5195459
5195467
5195471
5195497
5195501
5195543
5195549
5195573
5195579
5195587
5195609
5195639
5195653
5195657
5195737
5195741
5195747
5195777
5195789
5195791
5195809
5195831
5195837
5195849
5195857
5195887
5195891
5195899
5195903
5195923
5195929
5195963
5195969
5195977
5195989
5196001
5196007
5196011
5196013
5196029
5196043
5196047
5196073
5196097
5196119
5196131
5196151
5196157
5196167
5196181
5196187
5196197
5196199
5196209
5196211
5196221
5196223
5196227
5196259
5196281
5196287
5196293
5196311
5196337
5196341
5196343
5196361
5196371
5196379
5196397
5196427
5196431
5196439
5196449
5196467
5196473
5196479
5196497
5196511
5196517
5196523
5196553
5196563
5196601
5196619
5196629
5196641
5196647
5196701
5196707
5196731
5196733
5196749
5196767
5196769
5196803
5196817
5196839
5196859
5196881
5196913
5196923
5196949
5196953
5196973
5196979
5197063
5197067
5197081
5197091
5197099
5197111
5197117
5197147
5197151
5197169
5197183
5197187
5197193
5197217
5197249
5197253
5197259
5197289
5197303
5197319
5197327
5197337
5197343
5197363
5197397
5197403
5197417
5197421
5197459
5197463
5197477
5197481
5197513
5197519
5197537
5197573
5197601
5197603
5197607
5197637
5197639
5197663
5197691
5197721
5197727
5197769
5197771
5197781
5197783
5197789
5197823
5197831
5197847
5197853
5197877
5197879
5197889
5197897
5197909
5197943
5197957
5197967
5198003
5198027
5198029
5198033
5198057
5198119
5198143
5198147
5198159
5198189
5198197
5198201
5198203
5198213
5198251
5198261
5198269
5198273
5198287
5198309
5198317
5198321
5198357
5198363
5198371
5198377
5198387
5198423
5198429
5198441
5198443
5198449
5198467
5198471
5198497
5198503
5198507
5198509
5198519
5198551
5198563
5198573
5198581
5198591
5198629
5198639
5198653
5198663
5198671
5198681
5198689
5198693
5198729
5198737
5198747
5198749
5198789
5198797
5198803
5198807
5198813
5198819
5198827
5198839
5198849
5198861
5198867
5198873
5198881
5198887
5198927
5198939
5198959
5198983
5199011
5199043
5199049
5199079
5199083
5199109
5199119
5199137
5199157
5199163
5199167
5199197
5199221
5199239
5199241
5199269
5199301
5199307
5199319
5199329
5199391
5199427
5199437
5199461
5199463
5199473
5199479
5199503
5199529
5199533
5199539
5199547
5199553
5199577
5199583
5199589
5199629
5199631
5199641
5199643
5199697
5199703
5199707
5199713
5199731
5199757
5199769
5199781
5199793
5199797
5199809
5199811
5199829
5199853
5199877
5199911
5199917
5199959
5199973
5199983
5200007
5200021
5200049
5200051
5200061
5200081
5200099
5200103
5200123
5200133
5200141
5200159
5200163
5200171
5200177
5200211
5200229
5200297
5200331
5200337
5200379
5200397
5200421
5200423
5200427
5200439
5200441
5200451
5200477
5200493
5200511
5200561
5200567
5200579
5200627
5200631
5200651
5200667
5200669
5200681
5200687
5200703
5200711
5200729
5200751
5200753
5200781
5200787
5200801
5200843
5200847
5200859
5200883
5200903
5200913
5200919
5200933
5200957
5200969
5200981
5200991
5200999
5201023
5201033
5201039
5201057
5201069
5201081
5201083
5201089
5201101
5201107
5201111
5201113
5201129
5201159
5201171
5201173
5201213
5201267
5201291
5201293
5201297
5201299
5201309
5201311
5201327
5201341
5201359
5201387
5201393
5201401
5201437
5201467
5201477
5201509
5201513
5201533
5201563
5201569
5201593
5201621
5201627
5201633
5201639
5201641
5201659
5201663
5201671
5201681
5201683
5201689
5201699
5201717
5201723
5201731
5201741
5201767
5201773
5201827
5201837
5201849
5201851
5201857
5201863
5201873
5201909
5201923
5201939
5201951
5201969
5201981
5201993
5202023
5202073
5202077
5202091
5202103
5202133
5202137
5202151
5202157
5202167
5202247
5202251
5202259
5202271
5202293
5202299
5202331
5202341
5202343
5202359
5202361
5202377
5202413
5202433
5202437
5202469
5202473
5202479
5202481
5202487
5202497
5202499
5202503
5202511
5202521
5202541
5202553
5202559
5202569
5202619
5202641
5202643
5202647
5202653
5202671
5202709
5202727
5202733
5202737
5202739
5202749
5202767
5202773
5202779
5202781
5202787
5202793
5202811
5202863
5202877
5202887
5202893
5202907
5202913
5202917
5202971
5202973
5203001
5203039
5203057
5203061
5203069
5203097
5203111
5203141
5203147
5203157
5203171
5203181
5203183
5203201
5203213
5203243
5203249
5203271
5203279
5203337
5203339
5203349
5203357
5203369
5203379
5203391
5203399
5203409
5203423
5203439
5203453
5203477
5203529
5203531
5203577
5203579
5203591
5203603
5203607
5203609
5203619
5203631
5203637
5203669
5203687
5203697
5203703
5203711
5203721
5203729
5203733
5203771
5203787
5203813
5203831
5203837
5203841
5203867
5203871
5203873
5203883
5203889
5203897
5203901
5203907
5203909
5203927
5203937
5203943
5203949
5203969
5203997
5204009
5204011
5204027
5204039
5204041
5204047
5204077
5204083
5204107
5204113
5204117
5204131
5204167
5204179
5204191
5204197
5204207
5204209
5204231
5204239
5204257
5204267
5204321
5204323
5204327
5204377
5204387
5204411
5204413
5204443
5204467
5204471
5204473
5204477
5204489
5204491
5204501
5204503
5204519
5204527
5204557
5204603
5204611
5204629
5204687
5204701
5204713
5204741
5204743
5204747
5204779
5204789
5204791
5204813
5204821
5204867
5204887
5204897
5204911
5204933
5204951
5204957
5204959
5204977
5204981
5204999
5205001
5205019
5205037
5205047
5205071
5205089
5205103
5205113
5205127
5205139
5205149
5205169
5205173
5205227
5205251
5205253
5205269
5205283
5205307
5205329
5205341
5205367
5205371
5205377
5205407
5205433
5205437
5205461
5205463
5205467
5205469
5205479
5205481
5205491
5205523
5205527
5205539
5205583
5205593
5205617
5205619
5205653
5205667
5205671
5205701
5205719
5205721
5205727
5205749
5205763
5205769
5205773
5205787
5205793
5205817
5205839
5205853
5205883
5205887
5205901
5205913
5205917
5205931
5205953
5205971
5205979
5205989
5205997
5206007
5206013
5206037
5206081
5206121
5206127
5206147
5206151
5206153
5206163
5206169
5206177
5206193
5206207
5206213
5206231
5206241
5206259
5206261
5206273
5206291
5206297
5206309
5206319
5206321
5206339
5206343
5206363
5206367
5206373
5206379
5206387
5206391
5206393
5206417
5206423
5206427
5206447
5206459
5206477
5206489
5206511
5206541
5206567
5206571
5206609
5206633
5206639
5206657
5206661
5206679
5206681
5206687
5206711
5206739
5206783
5206787
5206793
5206819
5206823
5206829
5206837
5206841
5206849
5206867
5206889
5206891
5206897
5206937
5206939
5206963
5206967
5206991
5206997
5207003
5207009
5207011
5207023
5207071
5207089
5207113
5207129
5207149
5207161
5207179
5207183
5207201
5207203
5207207
5207221
5207239
5207243
5207249
5207261
5207291
5207329
5207339
5207341
5207347
5207383
5207413
5207467
5207471
5207513
5207519
5207549
5207557
5207563
5207567
5207569
5207599
5207611
5207633
5207677
5207681
5207707
5207711
5207723
5207731
5207737
5207743
5207749
5207771
5207777
5207801
5207803
5207827
5207879
5207887
5207897
5207941
5207947
5207953
5207963
5207971
5207981
5208041
5208043
5208059
5208079
5208131
5208149
5208169
5208173
5208179
5208193
5208209
5208227
5208253
5208263
5208277
5208293
5208367
5208383
5208389
5208407
5208421
5208433
5208457
5208473
5208479
5208481
5208521
5208523
5208529
5208551
5208559
5208569
5208583
5208617
5208659
5208673
5208683
5208689
5208701
5208727
5208739
5208751
5208779
5208799
5208809
5208821
5208829
5208859
5208871
5208881
5208887
5208911
5208913
5208923
5208937
5208941
5208967
5208979
5208989
5209013
5209027
5209031
5209069
5209093
5209111
5209117
5209129
5209177
5209279
5209283
5209291
5209297
5209301
5209307
5209313
5209319
5209381
5209387
5209397
5209403
5209409
5209411
5209441
5209453
5209471
5209481
5209507
5209513
5209517
5209537
5209541
5209543
5209559
5209573
5209577
5209601
5209619
5209627
5209657
5209669
5209679
5209709
5209717
5209727
5209777
5209783
5209817
5209823
5209849
5209861
5209889
5209901
5209913
5209943
5209951
5209957
5209999
5210003
5210017
5210027
5210033
5210039
5210057
5210063
5210087
5210099
5210119
5210131
5210141
5210189
5210197
5210203
5210207
5210209
5210243
5210269
5210273
5210281
5210297
5210311
5210323
5210329
5210339
5210363
5210369
5210393
5210399
5210411
5210423
5210473
5210479
5210497
5210507
5210519
5210531
5210537
5210539
5210563
5210591
5210609
5210629
5210651
5210669
5210677
5210729
5210753
5210767
5210771
5210773
5210827
5210837
5210839
5210851
5210867
5210911
5210929
5210941
5210951
5210957
5210999
5211023
5211071
5211083
5211091
5211109
5211209
5211211
5211229
5211233
5211247
5211257
5211259
5211277
5211289
5211307
5211347
5211359
5211373
5211383
5211389
5211391
5211421
5211431
5211443
5211449
5211457
5211467
5211473
5211497
5211509
5211523
5211539
5211541
5211581
5211587
5211589
5211607
5211623
5211631
5211637
5211641
5211659
5211667
5211671
5211683
5211721
5211727
5211743
5211749
5211761
5211781
5211803
5211827
5211839
5211841
5211853
5211881
5211919
5211949
5211959
5212003
5212019
5212027
5212033
5212037
5212057
5212069
There are 1778 prime numbers in S380.
