S381(5212081~5239512)
5212087
5212091
5212093
5212111
5212133
5212139
5212157
5212171
5212201
5212219
5212231
5212241
5212303
5212313
5212343
5212357
5212367
5212381
5212393
5212409
5212447
5212451
5212457
5212469
5212477
5212507
5212541
5212549
5212561
5212573
5212579
5212583
5212637
5212673
5212703
5212717
5212729
5212733
5212759
5212769
5212777
5212787
5212793
5212799
5212807
5212811
5212813
5212841
5212843
5212853
5212861
5212873
5212901
5212937
5212939
5212943
5212979
5212993
5213023
5213057
5213059
5213077
5213081
5213083
5213093
5213113
5213119
5213129
5213137
5213141
5213161
5213171
5213179
5213183
5213207
5213209
5213213
5213231
5213233
5213251
5213267
5213269
5213279
5213291
5213297
5213309
5213311
5213321
5213323
5213333
5213347
5213357
5213371
5213389
5213399
5213413
5213419
5213423
5213431
5213491
5213501
5213539
5213561
5213563
5213567
5213597
5213603
5213627
5213629
5213639
5213671
5213693
5213717
5213737
5213773
5213777
5213821
5213827
5213833
5213839
5213861
5213867
5213891
5213899
5213909
5213927
5213941
5213947
5213959
5213993
5214017
5214043
5214049
5214059
5214061
5214071
5214103
5214119
5214161
5214179
5214191
5214197
5214199
5214211
5214221
5214259
5214269
5214271
5214277
5214283
5214289
5214301
5214323
5214329
5214331
5214337
5214367
5214383
5214413
5214437
5214439
5214467
5214487
5214497
5214499
5214527
5214571
5214593
5214613
5214637
5214659
5214679
5214691
5214701
5214719
5214761
5214763
5214779
5214793
5214821
5214823
5214857
5214883
5214889
5214899
5214917
5214919
5214929
5214941
5214947
5214953
5214959
5214961
5214991
5215003
5215013
5215033
5215051
5215057
5215061
5215081
5215097
5215121
5215127
5215151
5215183
5215201
5215207
5215211
5215229
5215247
5215267
5215271
5215279
5215297
5215303
5215313
5215321
5215333
5215349
5215361
5215363
5215369
5215381
5215387
5215393
5215403
5215417
5215421
5215429
5215433
5215451
5215459
5215477
5215499
5215517
5215537
5215547
5215559
5215579
5215597
5215619
5215643
5215649
5215663
5215669
5215673
5215699
5215703
5215729
5215739
5215751
5215789
5215799
5215801
5215811
5215841
5215849
5215867
5215891
5215901
5215907
5215913
5215921
5215939
5215961
5215997
5215999
5216021
5216039
5216053
5216083
5216111
5216119
5216129
5216137
5216173
5216191
5216209
5216213
5216219
5216221
5216227
5216231
5216243
5216251
5216269
5216273
5216303
5216311
5216327
5216333
5216353
5216381
5216411
5216443
5216461
5216473
5216509
5216521
5216567
5216573
5216581
5216591
5216599
5216623
5216663
5216681
5216683
5216689
5216693
5216747
5216749
5216753
5216759
5216767
5216777
5216797
5216801
5216833
5216873
5216917
5216921
5216933
5216941
5216947
5216971
5216993
5217007
5217019
5217029
5217031
5217049
5217059
5217101
5217133
5217139
5217143
5217169
5217203
5217221
5217253
5217257
5217263
5217271
5217299
5217341
5217349
5217353
5217367
5217379
5217403
5217413
5217431
5217439
5217449
5217461
5217469
5217493
5217523
5217557
5217587
5217601
5217607
5217631
5217649
5217661
5217673
5217677
5217689
5217697
5217731
5217733
5217743
5217763
5217781
5217787
5217809
5217841
5217847
5217859
5217869
5217881
5217887
5217907
5217911
5217917
5217923
5217931
5217937
5217943
5217991
5218021
5218051
5218061
5218067
5218091
5218121
5218139
5218151
5218181
5218189
5218207
5218211
5218229
5218243
5218247
5218271
5218277
5218307
5218313
5218319
5218321
5218349
5218361
5218391
5218397
5218417
5218441
5218471
5218481
5218487
5218511
5218519
5218529
5218531
5218537
5218547
5218553
5218567
5218573
5218589
5218601
5218607
5218613
5218627
5218639
5218651
5218657
5218667
5218669
5218691
5218721
5218729
5218793
5218817
5218823
5218853
5218879
5218883
5218919
5218933
5218937
5218951
5218987
5218991
5219003
5219009
5219047
5219057
5219063
5219077
5219083
5219089
5219111
5219117
5219143
5219219
5219261
5219267
5219273
5219287
5219309
5219327
5219339
5219351
5219363
5219371
5219381
5219393
5219441
5219443
5219447
5219453
5219477
5219503
5219531
5219537
5219549
5219569
5219603
5219611
5219639
5219651
5219653
5219657
5219717
5219723
5219729
5219743
5219759
5219771
5219777
5219783
5219791
5219801
5219803
5219807
5219843
5219857
5219881
5219887
5219891
5219897
5219911
5219933
5219941
5219947
5219959
5220001
5220013
5220031
5220043
5220049
5220053
5220073
5220077
5220091
5220097
5220101
5220107
5220113
5220151
5220167
5220199
5220211
5220217
5220223
5220227
5220233
5220239
5220247
5220251
5220277
5220283
5220323
5220331
5220353
5220359
5220361
5220389
5220403
5220409
5220427
5220463
5220469
5220491
5220511
5220521
5220529
5220533
5220539
5220541
5220569
5220599
5220601
5220613
5220641
5220647
5220661
5220689
5220731
5220749
5220767
5220797
5220799
5220823
5220847
5220869
5220883
5220889
5220907
5220911
5220923
5220961
5220973
5220983
5220997
5221001
5221003
5221009
5221019
5221039
5221049
5221079
5221093
5221123
5221129
5221133
5221157
5221169
5221171
5221187
5221199
5221211
5221217
5221231
5221283
5221291
5221301
5221303
5221319
5221327
5221331
5221343
5221369
5221373
5221387
5221399
5221451
5221457
5221459
5221501
5221543
5221549
5221577
5221583
5221591
5221597
5221603
5221631
5221639
5221649
5221651
5221673
5221691
5221693
5221709
5221717
5221721
5221729
5221757
5221781
5221787
5221793
5221817
5221819
5221829
5221849
5221889
5221891
5221927
5221933
5221939
5221949
5221969
5221973
5221987
5222011
5222023
5222051
5222057
5222071
5222083
5222099
5222141
5222153
5222159
5222171
5222183
5222197
5222237
5222251
5222297
5222309
5222323
5222333
5222339
5222341
5222363
5222401
5222411
5222423
5222429
5222447
5222501
5222507
5222509
5222533
5222573
5222579
5222597
5222627
5222629
5222641
5222653
5222671
5222699
5222713
5222719
5222729
5222731
5222753
5222761
5222797
5222801
5222807
5222837
5222843
5222869
5222873
5222879
5222887
5222923
5222933
5222963
5222977
5222981
5222993
5223007
5223017
5223037
5223067
5223079
5223083
5223109
5223121
5223181
5223187
5223191
5223227
5223263
5223287
5223293
5223299
5223343
5223349
5223367
5223371
5223377
5223397
5223409
5223431
5223457
5223467
5223473
5223503
5223557
5223571
5223577
5223583
5223601
5223611
5223629
5223643
5223649
5223671
5223679
5223703
5223707
5223731
5223763
5223773
5223781
5223793
5223853
5223859
5223863
5223871
5223899
5223901
5223929
5223961
5223971
5223983
5223997
5224001
5224073
5224111
5224127
5224133
5224169
5224171
5224187
5224201
5224217
5224229
5224231
5224237
5224277
5224279
5224291
5224309
5224319
5224327
5224333
5224339
5224361
5224367
5224421
5224433
5224441
5224447
5224451
5224481
5224501
5224529
5224547
5224561
5224573
5224577
5224579
5224591
5224603
5224607
5224613
5224619
5224631
5224643
5224649
5224663
5224691
5224693
5224699
5224717
5224721
5224757
5224759
5224783
5224789
5224811
5224837
5224847
5224853
5224873
5224883
5224889
5224897
5224903
5224913
5224931
5224937
5224939
5224963
5224969
5224987
5224991
5224997
5225027
5225039
5225041
5225047
5225083
5225107
5225123
5225141
5225147
5225153
5225159
5225167
5225173
5225179
5225183
5225201
5225219
5225237
5225243
5225261
5225287
5225309
5225333
5225369
5225371
5225377
5225383
5225401
5225419
5225461
5225471
5225501
5225503
5225509
5225527
5225533
5225537
5225567
5225587
5225593
5225599
5225609
5225629
5225653
5225677
5225683
5225699
5225707
5225719
5225723
5225729
5225743
5225777
5225791
5225797
5225821
5225839
5225867
5225897
5225921
5225971
5225993
5225999
5226017
5226019
5226029
5226049
5226077
5226079
5226101
5226107
5226113
5226127
5226163
5226203
5226211
5226227
5226251
5226257
5226271
5226281
5226283
5226301
5226307
5226317
5226343
5226367
5226371
5226391
5226421
5226433
5226437
5226439
5226461
5226479
5226491
5226511
5226517
5226547
5226553
5226587
5226619
5226643
5226647
5226671
5226707
5226733
5226763
5226791
5226797
5226799
5226811
5226829
5226833
5226839
5226841
5226847
5226853
5226857
5226883
5226887
5226899
5226901
5226929
5226943
5226959
5226983
5226997
5227009
5227021
5227063
5227067
5227073
5227081
5227093
5227111
5227121
5227153
5227171
5227219
5227241
5227253
5227283
5227291
5227297
5227301
5227303
5227331
5227333
5227349
5227361
5227363
5227379
5227393
5227433
5227441
5227487
5227501
5227507
5227513
5227529
5227591
5227613
5227631
5227643
5227657
5227661
5227681
5227697
5227709
5227723
5227727
5227741
5227753
5227757
5227759
5227769
5227777
5227829
5227853
5227889
5227909
5227919
5227961
5227979
5227987
5227991
5227997
5228017
5228029
5228071
5228081
5228089
5228101
5228123
5228131
5228143
5228147
5228159
5228161
5228189
5228213
5228219
5228239
5228263
5228273
5228297
5228309
5228317
5228329
5228339
5228347
5228351
5228389
5228393
5228417
5228423
5228437
5228441
5228449
5228453
5228473
5228501
5228513
5228527
5228533
5228539
5228543
5228593
5228611
5228617
5228633
5228651
5228683
5228687
5228723
5228731
5228749
5228761
5228777
5228779
5228789
5228813
5228827
5228833
5228837
5228851
5228869
5228893
5228921
5228941
5228953
5228959
5228963
5228969
5229011
5229023
5229031
5229043
5229053
5229061
5229071
5229109
5229113
5229143
5229151
5229157
5229223
5229233
5229253
5229269
5229293
5229299
5229317
5229331
5229337
5229377
5229391
5229401
5229403
5229407
5229409
5229431
5229437
5229439
5229443
5229461
5229463
5229481
5229491
5229517
5229547
5229569
5229577
5229589
5229593
5229611
5229613
5229649
5229661
5229683
5229689
5229709
5229739
5229767
5229781
5229787
5229797
5229799
5229803
5229817
5229823
5229857
5229871
5229899
5229911
5229923
5229943
5229967
5229971
5229989
5230003
5230007
5230013
5230021
5230091
5230097
5230109
5230129
5230157
5230163
5230171
5230189
5230193
5230213
5230217
5230229
5230259
5230261
5230279
5230297
5230321
5230327
5230349
5230363
5230367
5230387
5230397
5230399
5230403
5230417
5230427
5230429
5230439
5230447
5230457
5230471
5230513
5230553
5230573
5230597
5230601
5230609
5230613
5230627
5230633
5230651
5230663
5230691
5230703
5230717
5230733
5230741
5230751
5230789
5230829
5230831
5230837
5230843
5230873
5230877
5230889
5230921
5230937
5230957
5230963
5230969
5230997
5231011
5231021
5231027
5231029
5231041
5231059
5231069
5231077
5231089
5231101
5231111
5231119
5231129
5231131
5231141
5231173
5231197
5231203
5231207
5231263
5231287
5231297
5231309
5231311
5231329
5231341
5231371
5231389
5231411
5231417
5231431
5231453
5231483
5231491
5231503
5231521
5231531
5231533
5231537
5231579
5231581
5231599
5231623
5231647
5231657
5231663
5231671
5231701
5231713
5231717
5231753
5231773
5231797
5231827
5231843
5231857
5231881
5231917
5231923
5231929
5231951
5231957
5231981
5231987
5232023
5232041
5232047
5232067
5232077
5232079
5232089
5232113
5232119
5232121
5232127
5232131
5232173
5232187
5232223
5232229
5232251
5232257
5232287
5232299
5232317
5232323
5232329
5232341
5232401
5232419
5232443
5232449
5232457
5232497
5232511
5232547
5232553
5232559
5232571
5232607
5232613
5232659
5232671
5232677
5232679
5232683
5232697
5232701
5232727
5232737
5232749
5232761
5232793
5232803
5232823
5232841
5232863
5232869
5232959
5232973
5232977
5232979
5233003
5233043
5233051
5233069
5233073
5233087
5233091
5233133
5233139
5233147
5233153
5233157
5233171
5233177
5233183
5233219
5233223
5233231
5233237
5233271
5233301
5233307
5233313
5233321
5233343
5233367
5233381
5233387
5233409
5233411
5233439
5233447
5233469
5233499
5233511
5233523
5233549
5233559
5233567
5233577
5233619
5233621
5233639
5233649
5233667
5233681
5233693
5233703
5233727
5233741
5233751
5233763
5233771
5233777
5233783
5233793
5233817
5233847
5233849
5233867
5233871
5233883
5233889
5233919
5233927
5233951
5233957
5233961
5233979
5233981
5233997
5234017
5234029
5234039
5234081
5234111
5234143
5234149
5234153
5234167
5234189
5234213
5234219
5234233
5234237
5234263
5234267
5234269
5234287
5234321
5234389
5234399
5234401
5234417
5234431
5234447
5234473
5234477
5234483
5234491
5234513
5234543
5234549
5234569
5234573
5234591
5234597
5234599
5234609
5234627
5234641
5234653
5234659
5234681
5234683
5234687
5234689
5234693
5234741
5234743
5234767
5234771
5234809
5234821
5234843
5234849
5234857
5234909
5234917
5234923
5234927
5234987
5234989
5235017
5235029
5235037
5235073
5235077
5235079
5235091
5235137
5235143
5235149
5235151
5235193
5235199
5235229
5235233
5235253
5235259
5235281
5235299
5235319
5235323
5235353
5235359
5235361
5235367
5235383
5235401
5235437
5235481
5235509
5235523
5235539
5235553
5235563
5235599
5235613
5235619
5235641
5235647
5235649
5235661
5235667
5235673
5235679
5235721
5235731
5235733
5235749
5235751
5235757
5235761
5235803
5235827
5235851
5235871
5235877
5235913
5235917
5235943
5235947
5236013
5236027
5236031
5236043
5236061
5236087
5236093
5236097
5236109
5236123
5236139
5236141
5236159
5236163
5236183
5236193
5236213
5236237
5236247
5236261
5236271
5236279
5236291
5236313
5236331
5236333
5236367
5236369
5236373
5236379
5236393
5236409
5236447
5236481
5236487
5236541
5236579
5236597
5236601
5236607
5236631
5236633
5236661
5236691
5236717
5236727
5236741
5236753
5236811
5236823
5236843
5236853
5236879
5236897
5236909
5236919
5236937
5236949
5236961
5236967
5236981
5236991
5236999
5237009
5237039
5237041
5237059
5237129
5237131
5237137
5237143
5237191
5237209
5237227
5237237
5237251
5237263
5237269
5237273
5237279
5237291
5237303
5237311
5237327
5237333
5237347
5237389
5237417
5237423
5237467
5237473
5237501
5237503
5237509
5237527
5237563
5237567
5237569
5237579
5237593
5237623
5237641
5237651
5237671
5237681
5237689
5237693
5237707
5237723
5237731
5237747
5237753
5237761
5237789
5237809
5237833
5237839
5237849
5237851
5237867
5237899
5237909
5237923
5237929
5237933
5237941
5237983
5237987
5238007
5238011
5238019
5238029
5238031
5238041
5238049
5238059
5238061
5238071
5238083
5238113
5238137
5238139
5238143
5238151
5238161
5238179
5238187
5238199
5238203
5238209
5238221
5238229
5238251
5238257
5238293
5238301
5238307
5238313
5238323
5238353
5238367
5238371
5238377
5238383
5238403
5238419
5238421
5238437
5238439
5238449
5238461
5238487
5238523
5238577
5238581
5238671
5238677
5238689
5238713
5238731
5238773
5238791
5238799
5238809
5238811
5238817
5238829
5238847
5238853
5238869
5238899
5238911
5238913
5238923
5238929
5238943
5238953
5238967
5238973
5238977
5238979
5239007
5239033
5239051
5239061
5239063
5239081
5239097
5239139
5239153
5239159
5239177
5239181
5239183
5239187
5239189
5239207
5239211
5239271
5239277
5239319
5239337
5239357
5239369
5239373
5239391
5239393
5239397
5239411
5239427
5239433
5239447
5239463
5239477
5239483
5239499
5239501
5239511
There are 1789 prime numbers in S381.
