S382(5239513~5267016)
5239523
5239529
5239543
5239547
5239567
5239571
5239583
5239603
5239627
5239631
5239657
5239669
5239673
5239753
5239777
5239783
5239789
5239811
5239813
5239879
5239891
5239901
5239907
5239909
5239931
5239943
5239987
5240017
5240033
5240069
5240089
5240093
5240099
5240101
5240107
5240117
5240141
5240177
5240197
5240201
5240227
5240239
5240243
5240299
5240303
5240309
5240317
5240351
5240357
5240377
5240381
5240383
5240399
5240413
5240423
5240441
5240461
5240483
5240491
5240507
5240509
5240533
5240549
5240551
5240591
5240593
5240603
5240617
5240621
5240639
5240647
5240663
5240681
5240707
5240731
5240737
5240747
5240761
5240771
5240773
5240779
5240783
5240819
5240821
5240831
5240839
5240843
5240857
5240863
5240867
5240881
5240887
5240897
5240899
5240929
5240951
5240957
5240959
5240993
5241037
5241043
5241101
5241107
5241113
5241143
5241157
5241167
5241239
5241241
5241251
5241277
5241281
5241289
5241293
5241311
5241319
5241331
5241349
5241403
5241407
5241409
5241419
5241421
5241427
5241437
5241463
5241469
5241479
5241497
5241517
5241521
5241529
5241557
5241569
5241583
5241601
5241617
5241667
5241673
5241689
5241707
5241751
5241787
5241793
5241839
5241857
5241877
5241881
5241889
5241893
5241931
5241937
5241959
5241961
5241983
5241989
5242021
5242067
5242079
5242117
5242141
5242163
5242169
5242199
5242201
5242213
5242217
5242231
5242241
5242249
5242291
5242313
5242319
5242357
5242381
5242399
5242411
5242421
5242439
5242451
5242469
5242483
5242487
5242513
5242561
5242571
5242577
5242583
5242609
5242619
5242661
5242667
5242669
5242673
5242693
5242697
5242703
5242729
5242763
5242771
5242777
5242801
5242807
5242819
5242837
5242843
5242847
5242849
5242859
5242877
5242883
5242891
5242903
5242907
5242921
5242927
5242931
5242949
5242961
5242967
5242969
5242981
5243003
5243023
5243059
5243071
5243081
5243083
5243093
5243099
5243101
5243143
5243167
5243177
5243201
5243207
5243239
5243243
5243263
5243267
5243269
5243281
5243317
5243323
5243339
5243341
5243363
5243369
5243387
5243393
5243417
5243419
5243423
5243443
5243453
5243477
5243479
5243489
5243501
5243503
5243509
5243521
5243527
5243543
5243551
5243569
5243573
5243587
5243591
5243593
5243597
5243611
5243629
5243647
5243669
5243683
5243687
5243699
5243717
5243729
5243737
5243759
5243761
5243801
5243813
5243827
5243831
5243869
5243879
5243891
5243897
5243911
5243923
5243947
5243971
5243993
5244011
5244013
5244017
5244037
5244049
5244059
5244067
5244073
5244077
5244103
5244139
5244167
5244179
5244203
5244251
5244259
5244263
5244277
5244293
5244311
5244319
5244341
5244367
5244373
5244383
5244427
5244431
5244439
5244457
5244467
5244469
5244493
5244511
5244527
5244553
5244583
5244587
5244601
5244637
5244641
5244643
5244647
5244661
5244671
5244691
5244709
5244727
5244739
5244751
5244763
5244773
5244791
5244803
5244809
5244881
5244901
5244913
5244917
5244919
5244937
5244947
5245003
5245013
5245021
5245049
5245067
5245073
5245091
5245099
5245103
5245111
5245133
5245139
5245151
5245193
5245211
5245223
5245241
5245243
5245271
5245283
5245297
5245301
5245309
5245313
5245321
5245391
5245397
5245411
5245421
5245423
5245439
5245459
5245483
5245489
5245511
5245523
5245543
5245553
5245609
5245619
5245651
5245657
5245711
5245733
5245759
5245763
5245783
5245813
5245831
5245861
5245873
5245883
5245901
5245907
5245921
5245931
5245937
5245943
5245963
5245967
5245969
5245973
5245997
5246009
5246011
5246023
5246027
5246029
5246053
5246057
5246069
5246083
5246089
5246107
5246113
5246173
5246179
5246191
5246203
5246249
5246257
5246287
5246309
5246321
5246333
5246363
5246389
5246393
5246399
5246407
5246411
5246429
5246431
5246441
5246447
5246453
5246459
5246491
5246503
5246509
5246519
5246539
5246561
5246567
5246573
5246581
5246609
5246611
5246617
5246621
5246623
5246663
5246677
5246707
5246713
5246723
5246743
5246771
5246777
5246779
5246789
5246809
5246821
5246851
5246867
5246873
5246909
5246911
5246953
5246957
5246977
5246981
5246993
5247001
5247019
5247031
5247041
5247043
5247071
5247083
5247107
5247119
5247131
5247157
5247163
5247191
5247199
5247217
5247223
5247227
5247233
5247241
5247257
5247269
5247299
5247311
5247323
5247349
5247353
5247379
5247391
5247421
5247433
5247443
5247449
5247461
5247469
5247479
5247491
5247499
5247533
5247581
5247589
5247653
5247659
5247661
5247701
5247709
5247757
5247761
5247787
5247791
5247793
5247871
5247881
5247889
5247899
5247911
5247919
5247937
5247941
5247947
5247961
5247967
5247997
5248003
5248037
5248057
5248069
5248073
5248079
5248081
5248091
5248093
5248097
5248099
5248127
5248129
5248141
5248151
5248153
5248157
5248169
5248181
5248183
5248231
5248247
5248259
5248261
5248273
5248283
5248289
5248297
5248303
5248343
5248363
5248381
5248421
5248423
5248429
5248433
5248447
5248469
5248471
5248493
5248499
5248513
5248519
5248543
5248547
5248549
5248553
5248559
5248567
5248583
5248589
5248601
5248603
5248637
5248687
5248723
5248741
5248759
5248787
5248811
5248829
5248843
5248877
5248879
5248891
5248907
5248927
5248933
5248949
5248973
5248987
5249009
5249011
5249017
5249033
5249051
5249063
5249077
5249081
5249093
5249143
5249147
5249159
5249161
5249183
5249191
5249207
5249219
5249239
5249269
5249287
5249297
5249303
5249333
5249341
5249347
5249371
5249381
5249389
5249399
5249401
5249411
5249417
5249423
5249437
5249441
5249473
5249479
5249507
5249513
5249537
5249539
5249557
5249579
5249581
5249591
5249611
5249627
5249639
5249653
5249659
5249663
5249683
5249687
5249693
5249701
5249707
5249729
5249731
5249771
5249791
5249801
5249813
5249831
5249851
5249857
5249861
5249869
5249873
5249887
5249897
5249903
5249921
5249929
5249939
5249983
5249987
5249989
5250029
5250043
5250071
5250079
5250107
5250109
5250121
5250143
5250149
5250151
5250181
5250211
5250227
5250277
5250281
5250299
5250317
5250341
5250353
5250359
5250361
5250367
5250373
5250391
5250407
5250409
5250437
5250449
5250451
5250461
5250491
5250493
5250503
5250523
5250527
5250529
5250533
5250541
5250571
5250617
5250643
5250649
5250659
5250673
5250677
5250683
5250689
5250691
5250701
5250703
5250709
5250727
5250731
5250743
5250757
5250761
5250779
5250787
5250803
5250809
5250851
5250871
5250899
5250913
5250919
5250953
5250961
5250967
5251007
5251009
5251019
5251027
5251039
5251097
5251123
5251139
5251189
5251193
5251217
5251229
5251237
5251241
5251247
5251261
5251271
5251273
5251331
5251333
5251361
5251409
5251417
5251423
5251457
5251459
5251469
5251481
5251507
5251513
5251529
5251537
5251541
5251549
5251573
5251591
5251601
5251607
5251627
5251663
5251711
5251769
5251781
5251783
5251787
5251789
5251819
5251859
5251877
5251879
5251903
5251919
5251933
5251949
5251951
5252011
5252017
5252021
5252029
5252033
5252041
5252047
5252057
5252069
5252081
5252087
5252089
5252111
5252123
5252129
5252147
5252153
5252179
5252209
5252231
5252249
5252263
5252281
5252311
5252327
5252329
5252333
5252347
5252363
5252369
5252381
5252389
5252411
5252413
5252419
5252447
5252449
5252461
5252477
5252491
5252497
5252501
5252537
5252543
5252549
5252563
5252581
5252587
5252591
5252603
5252617
5252623
5252627
5252641
5252657
5252669
5252693
5252701
5252713
5252719
5252729
5252743
5252747
5252761
5252773
5252783
5252791
5252803
5252831
5252839
5252887
5252917
5252921
5252939
5252957
5252963
5252971
5252977
5252999
5253013
5253019
5253023
5253029
5253041
5253071
5253091
5253097
5253109
5253121
5253151
5253161
5253169
5253173
5253203
5253217
5253277
5253317
5253343
5253349
5253359
5253383
5253397
5253431
5253433
5253449
5253463
5253467
5253487
5253509
5253511
5253529
5253587
5253607
5253623
5253631
5253643
5253649
5253679
5253713
5253719
5253739
5253751
5253757
5253761
5253763
5253767
5253769
5253779
5253791
5253803
5253827
5253847
5253881
5253893
5253907
5253961
5253967
5254001
5254019
5254031
5254033
5254063
5254069
5254079
5254091
5254141
5254153
5254157
5254163
5254169
5254201
5254229
5254231
5254247
5254253
5254297
5254313
5254349
5254351
5254397
5254421
5254427
5254429
5254439
5254453
5254463
5254489
5254493
5254499
5254537
5254559
5254567
5254591
5254607
5254619
5254637
5254651
5254661
5254673
5254687
5254693
5254699
5254709
5254721
5254757
5254763
5254789
5254793
5254801
5254817
5254831
5254859
5254861
5254889
5254891
5254927
5254937
5254943
5255009
5255021
5255053
5255059
5255069
5255083
5255099
5255101
5255113
5255123
5255137
5255141
5255149
5255161
5255167
5255179
5255203
5255209
5255219
5255233
5255251
5255281
5255297
5255303
5255357
5255359
5255407
5255423
5255429
5255449
5255479
5255507
5255527
5255531
5255561
5255573
5255603
5255617
5255623
5255629
5255651
5255659
5255671
5255683
5255687
5255693
5255711
5255713
5255741
5255773
5255777
5255797
5255801
5255819
5255843
5255863
5255867
5255879
5255903
5255911
5255953
5255959
5255993
5256001
5256037
5256049
5256061
5256071
5256131
5256137
5256197
5256233
5256239
5256253
5256263
5256269
5256271
5256283
5256287
5256299
5256311
5256313
5256319
5256341
5256347
5256353
5256359
5256367
5256371
5256379
5256389
5256401
5256413
5256463
5256467
5256469
5256481
5256509
5256547
5256583
5256599
5256613
5256623
5256649
5256653
5256661
5256679
5256683
5256697
5256737
5256751
5256773
5256781
5256817
5256821
5256829
5256847
5256851
5256883
5256929
5256931
5256941
5256943
5256967
5256989
5257003
5257009
5257013
5257037
5257079
5257103
5257111
5257117
5257121
5257157
5257159
5257169
5257171
5257201
5257253
5257261
5257277
5257331
5257349
5257361
5257379
5257391
5257393
5257451
5257453
5257463
5257489
5257493
5257517
5257519
5257531
5257541
5257559
5257583
5257591
5257597
5257619
5257627
5257711
5257723
5257727
5257741
5257771
5257781
5257783
5257789
5257793
5257807
5257829
5257877
5257883
5257907
5257933
5257943
5257949
5257951
5257957
5257991
5257999
5258023
5258027
5258059
5258063
5258081
5258089
5258167
5258171
5258173
5258179
5258221
5258233
5258249
5258293
5258303
5258317
5258327
5258333
5258369
5258371
5258377
5258381
5258399
5258413
5258419
5258431
5258443
5258447
5258489
5258503
5258531
5258549
5258557
5258567
5258569
5258579
5258633
5258639
5258647
5258677
5258683
5258707
5258723
5258731
5258741
5258761
5258777
5258779
5258791
5258807
5258821
5258863
5258867
5258873
5258917
5258959
5258977
5258987
5258999
5259011
5259013
5259047
5259053
5259071
5259073
5259091
5259127
5259151
5259161
5259167
5259169
5259173
5259209
5259223
5259227
5259229
5259251
5259263
5259269
5259301
5259311
5259313
5259323
5259329
5259337
5259361
5259379
5259389
5259391
5259407
5259413
5259421
5259427
5259473
5259487
5259503
5259517
5259533
5259547
5259563
5259581
5259593
5259601
5259619
5259623
5259641
5259671
5259689
5259721
5259731
5259733
5259743
5259763
5259823
5259833
5259857
5259887
5259913
5259923
5259929
5259967
5259973
5259977
5259983
5259997
5260001
5260007
5260009
5260051
5260081
5260117
5260127
5260133
5260139
5260159
5260163
5260183
5260187
5260219
5260243
5260247
5260267
5260279
5260289
5260337
5260349
5260357
5260363
5260369
5260379
5260391
5260417
5260433
5260439
5260459
5260469
5260481
5260487
5260501
5260529
5260559
5260561
5260573
5260589
5260597
5260613
5260627
5260643
5260649
5260657
5260679
5260681
5260691
5260693
5260699
5260711
5260747
5260763
5260799
5260807
5260811
5260819
5260873
5260883
5260889
5260897
5260901
5260903
5260909
5260943
5260949
5260999
5261021
5261023
5261027
5261033
5261051
5261063
5261071
5261077
5261099
5261101
5261111
5261117
5261129
5261147
5261153
5261173
5261203
5261251
5261261
5261317
5261323
5261341
5261357
5261359
5261387
5261419
5261429
5261471
5261497
5261519
5261527
5261563
5261569
5261573
5261587
5261611
5261617
5261623
5261629
5261647
5261671
5261693
5261699
5261701
5261717
5261719
5261741
5261743
5261747
5261749
5261761
5261771
5261777
5261783
5261801
5261813
5261821
5261827
5261833
5261869
5261887
5261923
5261933
5261941
5261957
5261983
5261989
5262001
5262013
5262017
5262041
5262053
5262077
5262091
5262097
5262109
5262121
5262133
5262143
5262149
5262181
5262203
5262209
5262217
5262223
5262263
5262277
5262289
5262319
5262329
5262349
5262359
5262371
5262379
5262437
5262443
5262451
5262457
5262463
5262511
5262533
5262539
5262553
5262557
5262559
5262583
5262599
5262611
5262617
5262619
5262661
5262667
5262683
5262689
5262701
5262703
5262721
5262737
5262757
5262767
5262793
5262799
5262811
5262821
5262823
5262827
5262841
5262853
5262857
5262863
5262869
5262871
5262923
5262931
5262997
5263003
5263031
5263033
5263061
5263109
5263169
5263177
5263189
5263229
5263241
5263253
5263259
5263267
5263309
5263327
5263333
5263337
5263393
5263417
5263429
5263439
5263441
5263451
5263463
5263477
5263493
5263499
5263541
5263547
5263561
5263571
5263579
5263597
5263607
5263613
5263631
5263637
5263639
5263649
5263667
5263669
5263679
5263697
5263729
5263733
5263747
5263771
5263787
5263789
5263793
5263813
5263861
5263883
5263891
5263901
5263913
5263919
5263933
5263939
5263961
5263963
5263991
5263997
5264003
5264009
5264029
5264041
5264057
5264059
5264071
5264081
5264087
5264089
5264099
5264107
5264111
5264137
5264143
5264173
5264177
5264179
5264191
5264213
5264251
5264267
5264269
5264279
5264291
5264299
5264333
5264351
5264353
5264377
5264381
5264383
5264417
5264429
5264443
5264449
5264473
5264477
5264489
5264521
5264537
5264549
5264593
5264603
5264621
5264627
5264641
5264647
5264657
5264663
5264671
5264683
5264711
5264741
5264771
5264789
5264801
5264813
5264821
5264837
5264839
5264867
5264873
5264887
5264891
5264899
5264911
5264923
5264929
5264969
5264977
5265023
5265059
5265067
5265077
5265079
5265103
5265107
5265119
5265131
5265167
5265187
5265193
5265203
5265209
5265241
5265263
5265277
5265287
5265311
5265313
5265331
5265347
5265353
5265371
5265373
5265383
5265401
5265419
5265439
5265473
5265487
5265499
5265517
5265539
5265571
5265583
5265593
5265607
5265649
5265653
5265683
5265697
5265707
5265721
5265727
5265761
5265763
5265773
5265787
5265829
5265847
5265851
5265853
5265859
5265881
5265889
5265901
5265929
5265943
5265961
5265973
5265979
5266013
5266031
5266043
5266067
5266109
5266123
5266127
5266153
5266159
5266169
5266181
5266189
5266193
5266199
5266201
5266207
5266237
5266271
5266273
5266291
5266297
5266301
5266307
5266319
5266337
5266351
5266361
5266381
5266423
5266441
5266453
5266463
5266483
5266507
5266519
5266531
5266537
5266577
5266589
5266619
5266631
5266649
5266673
5266711
5266727
5266739
5266741
5266757
5266799
5266823
5266831
5266841
5266873
5266883
5266897
5266903
5266907
5266909
5266927
5266967
5266969
5266979
5266997
There are 1791 prime numbers in S382.
