S386(5349961~5377752)
5349983
5349989
5349991
5349997
5350021
5350031
5350067
5350139
5350157
5350159
5350183
5350187
5350193
5350199
5350201
5350217
5350231
5350253
5350271
5350277
5350309
5350333
5350337
5350349
5350357
5350363
5350391
5350399
5350417
5350463
5350481
5350487
5350511
5350517
5350523
5350531
5350537
5350561
5350573
5350601
5350603
5350613
5350633
5350649
5350673
5350691
5350729
5350753
5350757
5350781
5350831
5350843
5350861
5350871
5350883
5350897
5350901
5350931
5350967
5350979
5351009
5351011
5351041
5351053
5351077
5351113
5351131
5351147
5351153
5351173
5351201
5351237
5351239
5351257
5351263
5351267
5351287
5351299
5351321
5351329
5351351
5351383
5351389
5351419
5351429
5351441
5351459
5351461
5351503
5351509
5351513
5351519
5351527
5351531
5351543
5351551
5351579
5351581
5351603
5351609
5351611
5351657
5351669
5351677
5351681
5351683
5351693
5351699
5351701
5351729
5351741
5351761
5351783
5351803
5351807
5351839
5351851
5351861
5351869
5351873
5351881
5351891
5351947
5351953
5351963
5351971
5352001
5352007
5352023
5352029
5352041
5352043
5352049
5352071
5352097
5352107
5352121
5352131
5352133
5352157
5352163
5352187
5352197
5352199
5352203
5352209
5352239
5352257
5352271
5352283
5352289
5352299
5352301
5352317
5352337
5352341
5352343
5352349
5352359
5352401
5352409
5352419
5352439
5352449
5352463
5352481
5352533
5352541
5352551
5352593
5352643
5352647
5352649
5352653
5352691
5352701
5352703
5352707
5352731
5352779
5352821
5352833
5352847
5352869
5352911
5352913
5352937
5352953
5352959
5352967
5352973
5352979
5352989
5353021
5353031
5353037
5353067
5353069
5353087
5353091
5353093
5353097
5353109
5353121
5353151
5353207
5353211
5353213
5353223
5353259
5353267
5353279
5353291
5353321
5353339
5353343
5353357
5353363
5353393
5353399
5353423
5353433
5353463
5353499
5353529
5353541
5353553
5353559
5353571
5353597
5353609
5353633
5353637
5353639
5353643
5353651
5353681
5353693
5353717
5353727
5353729
5353757
5353811
5353819
5353841
5353847
5353849
5353883
5353889
5353913
5353927
5353949
5353969
5353981
5353987
5353993
5354003
5354023
5354047
5354051
5354057
5354071
5354087
5354093
5354117
5354119
5354123
5354131
5354179
5354203
5354207
5354213
5354221
5354243
5354291
5354311
5354341
5354353
5354359
5354369
5354411
5354429
5354443
5354449
5354467
5354471
5354501
5354509
5354513
5354533
5354543
5354551
5354563
5354567
5354581
5354597
5354617
5354633
5354639
5354651
5354659
5354681
5354683
5354719
5354729
5354737
5354743
5354759
5354773
5354777
5354803
5354807
5354809
5354849
5354861
5354873
5354917
5354927
5354933
5354953
5354963
5354977
5354981
5354989
5355011
5355019
5355023
5355059
5355071
5355083
5355101
5355107
5355139
5355151
5355167
5355179
5355197
5355199
5355211
5355257
5355271
5355277
5355299
5355307
5355319
5355341
5355367
5355407
5355419
5355421
5355431
5355433
5355439
5355443
5355451
5355479
5355487
5355503
5355551
5355563
5355569
5355577
5355589
5355593
5355613
5355643
5355667
5355683
5355689
5355709
5355733
5355737
5355761
5355793
5355797
5355811
5355817
5355827
5355829
5355841
5355851
5355863
5355869
5355877
5355881
5355887
5355893
5355899
5355919
5355947
5355949
5355991
5356007
5356019
5356051
5356061
5356063
5356067
5356093
5356111
5356129
5356133
5356147
5356159
5356163
5356187
5356189
5356193
5356201
5356223
5356249
5356259
5356283
5356301
5356303
5356321
5356327
5356331
5356357
5356399
5356409
5356427
5356451
5356469
5356487
5356489
5356501
5356511
5356517
5356529
5356531
5356541
5356567
5356577
5356579
5356607
5356621
5356661
5356693
5356697
5356709
5356711
5356739
5356783
5356789
5356817
5356847
5356849
5356867
5356873
5356877
5356889
5356913
5356943
5356951
5356963
5356979
5357003
5357039
5357041
5357059
5357063
5357071
5357087
5357123
5357147
5357167
5357171
5357173
5357197
5357207
5357237
5357239
5357249
5357299
5357309
5357351
5357353
5357371
5357381
5357423
5357437
5357441
5357467
5357479
5357503
5357519
5357531
5357537
5357557
5357581
5357587
5357603
5357609
5357629
5357633
5357641
5357657
5357683
5357687
5357707
5357713
5357719
5357767
5357777
5357831
5357851
5357857
5357879
5357887
5357893
5357903
5357909
5357959
5357969
5357971
5357977
5357993
5357999
5358013
5358029
5358037
5358053
5358061
5358083
5358109
5358131
5358137
5358139
5358169
5358173
5358181
5358217
5358263
5358271
5358289
5358307
5358317
5358341
5358343
5358391
5358401
5358403
5358407
5358421
5358433
5358449
5358469
5358497
5358499
5358503
5358523
5358539
5358541
5358569
5358581
5358607
5358631
5358641
5358643
5358679
5358697
5358709
5358713
5358733
5358737
5358739
5358751
5358763
5358797
5358809
5358811
5358827
5358833
5358851
5358869
5358889
5358917
5358929
5358937
5358943
5358953
5358967
5358973
5359027
5359037
5359051
5359087
5359139
5359157
5359163
5359183
5359217
5359223
5359231
5359247
5359271
5359279
5359283
5359327
5359351
5359357
5359379
5359427
5359433
5359447
5359451
5359469
5359481
5359489
5359493
5359507
5359537
5359547
5359553
5359583
5359589
5359609
5359633
5359657
5359663
5359681
5359721
5359727
5359741
5359747
5359763
5359769
5359771
5359789
5359793
5359801
5359813
5359817
5359819
5359831
5359841
5359853
5359859
5359873
5359877
5359901
5359903
5359909
5359961
5359987
5360023
5360027
5360029
5360039
5360051
5360077
5360101
5360111
5360119
5360129
5360143
5360161
5360177
5360183
5360191
5360213
5360221
5360231
5360233
5360239
5360263
5360269
5360281
5360339
5360351
5360353
5360359
5360393
5360401
5360419
5360431
5360437
5360461
5360479
5360503
5360507
5360519
5360521
5360557
5360561
5360591
5360599
5360617
5360623
5360639
5360653
5360657
5360669
5360687
5360689
5360701
5360711
5360723
5360731
5360753
5360759
5360783
5360801
5360821
5360827
5360837
5360843
5360857
5360879
5360881
5360903
5360921
5360941
5360963
5360977
5360981
5360987
5361007
5361017
5361023
5361029
5361043
5361049
5361061
5361073
5361121
5361127
5361131
5361157
5361203
5361217
5361227
5361241
5361247
5361269
5361289
5361311
5361319
5361331
5361353
5361359
5361361
5361373
5361379
5361397
5361403
5361413
5361451
5361457
5361463
5361479
5361539
5361547
5361569
5361571
5361593
5361623
5361637
5361641
5361659
5361661
5361673
5361677
5361701
5361703
5361709
5361739
5361751
5361757
5361767
5361773
5361779
5361793
5361803
5361821
5361827
5361833
5361847
5361887
5361893
5361899
5361907
5361913
5361931
5361947
5361959
5361973
5361997
5362033
5362051
5362073
5362079
5362087
5362109
5362111
5362117
5362121
5362141
5362153
5362177
5362207
5362213
5362219
5362271
5362297
5362309
5362337
5362363
5362391
5362403
5362433
5362439
5362457
5362501
5362523
5362529
5362543
5362549
5362583
5362601
5362607
5362619
5362627
5362639
5362663
5362697
5362711
5362727
5362729
5362751
5362771
5362789
5362793
5362823
5362853
5362859
5362897
5362919
5362943
5362949
5362967
5362991
5362993
5363011
5363027
5363047
5363063
5363069
5363077
5363081
5363131
5363147
5363167
5363179
5363207
5363213
5363219
5363221
5363243
5363257
5363273
5363291
5363297
5363321
5363357
5363387
5363429
5363431
5363437
5363443
5363459
5363461
5363473
5363503
5363507
5363509
5363549
5363569
5363587
5363621
5363627
5363629
5363639
5363641
5363693
5363707
5363711
5363723
5363731
5363737
5363741
5363767
5363773
5363797
5363801
5363843
5363849
5363861
5363887
5363923
5363933
5363977
5363983
5364013
5364019
5364031
5364067
5364089
5364091
5364097
5364109
5364127
5364143
5364169
5364173
5364181
5364193
5364199
5364239
5364241
5364257
5364269
5364301
5364329
5364341
5364377
5364383
5364389
5364397
5364407
5364421
5364431
5364433
5364461
5364473
5364487
5364511
5364521
5364553
5364559
5364613
5364629
5364647
5364649
5364679
5364683
5364701
5364719
5364731
5364761
5364769
5364791
5364823
5364839
5364851
5364881
5364883
5364893
5364899
5364923
5364941
5364943
5364949
5364959
5364977
5364991
5365001
5365007
5365027
5365033
5365039
5365051
5365079
5365091
5365093
5365103
5365109
5365121
5365147
5365169
5365189
5365193
5365223
5365229
5365231
5365237
5365253
5365267
5365289
5365309
5365343
5365351
5365357
5365403
5365433
5365441
5365453
5365487
5365513
5365517
5365531
5365553
5365559
5365631
5365643
5365649
5365651
5365673
5365681
5365691
5365741
5365751
5365769
5365799
5365807
5365813
5365819
5365823
5365837
5365853
5365889
5365901
5365909
5365949
5365951
5365981
5366003
5366017
5366021
5366027
5366047
5366063
5366089
5366093
5366143
5366149
5366159
5366161
5366167
5366177
5366183
5366191
5366209
5366219
5366243
5366269
5366279
5366299
5366311
5366323
5366327
5366359
5366377
5366399
5366401
5366411
5366419
5366437
5366447
5366453
5366461
5366467
5366497
5366513
5366539
5366561
5366587
5366593
5366623
5366657
5366663
5366671
5366681
5366723
5366729
5366737
5366743
5366749
5366761
5366771
5366773
5366791
5366807
5366839
5366857
5366861
5366869
5366891
5366903
5366969
5366983
5366989
5367017
5367031
5367067
5367077
5367091
5367157
5367163
5367191
5367199
5367203
5367221
5367239
5367251
5367277
5367287
5367293
5367317
5367319
5367337
5367347
5367379
5367403
5367413
5367419
5367421
5367431
5367491
5367493
5367511
5367521
5367539
5367569
5367577
5367587
5367601
5367623
5367641
5367667
5367683
5367707
5367721
5367727
5367731
5367737
5367749
5367751
5367773
5367779
5367781
5367821
5367829
5367841
5367851
5367853
5367877
5367889
5367907
5367911
5367931
5367949
5367961
5367977
5367979
5368001
5368003
5368019
5368021
5368037
5368043
5368063
5368067
5368081
5368091
5368123
5368133
5368147
5368151
5368169
5368189
5368193
5368217
5368229
5368261
5368267
5368289
5368309
5368327
5368331
5368333
5368339
5368369
5368373
5368397
5368399
5368403
5368409
5368411
5368439
5368457
5368459
5368471
5368477
5368483
5368541
5368547
5368579
5368607
5368609
5368633
5368661
5368703
5368739
5368751
5368771
5368813
5368817
5368829
5368861
5368871
5368877
5368879
5368897
5368901
5368903
5368907
5368927
5368933
5368981
5368997
5368999
5369009
5369017
5369041
5369053
5369069
5369071
5369083
5369087
5369101
5369129
5369137
5369149
5369183
5369197
5369207
5369209
5369249
5369251
5369279
5369291
5369311
5369339
5369341
5369347
5369387
5369423
5369443
5369461
5369471
5369473
5369489
5369491
5369503
5369527
5369537
5369543
5369549
5369561
5369579
5369593
5369597
5369599
5369621
5369627
5369681
5369713
5369719
5369731
5369743
5369753
5369759
5369779
5369783
5369809
5369857
5369863
5369869
5369887
5369911
5369929
5369939
5369957
5369963
5369981
5369999
5370019
5370041
5370049
5370059
5370061
5370073
5370077
5370107
5370137
5370163
5370187
5370241
5370259
5370269
5370289
5370301
5370319
5370329
5370353
5370359
5370367
5370371
5370389
5370403
5370433
5370461
5370503
5370517
5370557
5370577
5370581
5370613
5370619
5370637
5370667
5370671
5370679
5370689
5370721
5370731
5370733
5370751
5370773
5370779
5370797
5370803
5370817
5370851
5370857
5370881
5370889
5370899
5370913
5370941
5370961
5370971
5370991
5371007
5371021
5371033
5371039
5371081
5371097
5371109
5371117
5371139
5371159
5371169
5371187
5371199
5371217
5371231
5371237
5371273
5371279
5371283
5371291
5371297
5371321
5371367
5371403
5371423
5371453
5371469
5371519
5371529
5371543
5371571
5371631
5371657
5371669
5371679
5371687
5371693
5371727
5371739
5371747
5371753
5371777
5371781
5371783
5371801
5371819
5371831
5371837
5371841
5371853
5371879
5371909
5371913
5371937
5371963
5371967
5371979
5371981
5372011
5372023
5372039
5372063
5372077
5372099
5372113
5372123
5372137
5372173
5372177
5372183
5372203
5372233
5372243
5372249
5372267
5372273
5372299
5372303
5372309
5372321
5372329
5372333
5372347
5372351
5372371
5372399
5372401
5372413
5372417
5372443
5372449
5372467
5372473
5372483
5372491
5372503
5372509
5372519
5372537
5372551
5372567
5372597
5372603
5372621
5372651
5372657
5372677
5372699
5372723
5372753
5372761
5372771
5372803
5372813
5372821
5372831
5372879
5372929
5372933
5372947
5372957
5372963
5372971
5372977
5372987
5373031
5373059
5373061
5373101
5373113
5373119
5373127
5373131
5373133
5373163
5373167
5373169
5373211
5373217
5373229
5373233
5373239
5373253
5373259
5373281
5373287
5373289
5373293
5373331
5373341
5373383
5373391
5373397
5373413
5373427
5373443
5373449
5373451
5373469
5373491
5373499
5373517
5373521
5373527
5373587
5373593
5373607
5373611
5373653
5373689
5373691
5373701
5373707
5373721
5373727
5373733
5373737
5373761
5373773
5373791
5373793
5373803
5373821
5373833
5373847
5373857
5373859
5373883
5373889
5373923
5373931
5373971
5373997
5374007
5374009
5374021
5374043
5374063
5374069
5374073
5374079
5374123
5374141
5374151
5374153
5374163
5374177
5374181
5374199
5374211
5374217
5374219
5374277
5374279
5374297
5374301
5374307
5374319
5374331
5374337
5374339
5374349
5374379
5374409
5374427
5374429
5374451
5374459
5374489
5374507
5374517
5374519
5374529
5374547
5374553
5374559
5374573
5374597
5374609
5374637
5374651
5374661
5374693
5374697
5374727
5374741
5374757
5374769
5374781
5374793
5374819
5374861
5374883
5374903
5374909
5374927
5374951
5374973
5374987
5375003
5375011
5375017
5375033
5375039
5375047
5375053
5375099
5375107
5375113
5375143
5375171
5375173
5375177
5375203
5375219
5375221
5375257
5375267
5375273
5375287
5375291
5375299
5375327
5375371
5375389
5375393
5375401
5375407
5375413
5375429
5375441
5375443
5375453
5375459
5375479
5375483
5375497
5375507
5375521
5375533
5375567
5375581
5375597
5375599
5375603
5375609
5375639
5375641
5375653
5375659
5375663
5375681
5375683
5375687
5375707
5375717
5375729
5375753
5375761
5375779
5375807
5375809
5375831
5375857
5375891
5375899
5375911
5375941
5375947
5375957
5375971
5375977
5375999
5376011
5376023
5376047
5376073
5376083
5376101
5376127
5376143
5376157
5376167
5376179
5376193
5376197
5376209
5376251
5376253
5376263
5376269
5376271
5376277
5376311
5376313
5376323
5376337
5376341
5376353
5376379
5376389
5376391
5376407
5376421
5376443
5376461
5376473
5376499
5376517
5376521
5376529
5376541
5376551
5376557
5376559
5376577
5376583
5376589
5376593
5376599
5376619
5376647
5376649
5376673
5376689
5376713
5376719
5376727
5376739
5376769
5376773
5376793
5376809
5376827
5376853
5376869
5376883
5376893
5376907
5376923
5376929
5376953
5376979
5376983
5376997
5377003
5377007
5377037
5377039
5377051
5377061
5377067
5377081
5377087
5377103
5377111
5377121
5377153
5377159
5377181
5377187
5377231
5377237
5377243
5377289
5377301
5377303
5377313
5377343
5377357
5377363
5377367
5377369
5377373
5377381
5377391
5377397
5377417
5377439
5377529
5377549
5377591
5377597
5377613
5377637
5377643
5377657
5377667
5377679
5377711
5377727
5377747
There are 1797 prime numbers in S386.
