S39(53353~56160)
53353
53359
53377
53381
53401
53407
53411
53419
53437
53441
53453
53479
53503
53507
53527
53549
53551
53569
53591
53593
53597
53609
53611
53617
53623
53629
53633
53639
53653
53657
53681
53693
53699
53717
53719
53731
53759
53773
53777
53783
53791
53813
53819
53831
53849
53857
53861
53881
53887
53891
53897
53899
53917
53923
53927
53939
53951
53959
53987
53993
54001
54011
54013
54037
54049
54059
54083
54091
54101
54121
54133
54139
54151
54163
54167
54181
54193
54217
54251
54269
54277
54287
54293
54311
54319
54323
54331
54347
54361
54367
54371
54377
54401
54403
54409
54413
54419
54421
54437
54443
54449
54469
54493
54497
54499
54503
54517
54521
54539
54541
54547
54559
54563
54577
54581
54583
54601
54617
54623
54629
54631
54647
54667
54673
54679
54709
54713
54721
54727
54751
54767
54773
54779
54787
54799
54829
54833
54851
54869
54877
54881
54907
54917
54919
54941
54949
54959
54973
54979
54983
55001
55009
55021
55049
55051
55057
55061
55073
55079
55103
55109
55117
55127
55147
55163
55171
55201
55207
55213
55217
55219
55229
55243
55249
55259
55291
55313
55331
55333
55337
55339
55343
55351
55373
55381
55399
55411
55439
55441
55457
55469
55487
55501
55511
55529
55541
55547
55579
55589
55603
55609
55619
55621
55631
55633
55639
55661
55663
55667
55673
55681
55691
55697
55711
55717
55721
55733
55763
55787
55793
55799
55807
55813
55817
55819
55823
55829
55837
55843
55849
55871
55889
55897
55901
55903
55921
55927
55931
55933
55949
55967
55987
55997
56003
56009
56039
56041
56053
56081
56087
56093
56099
56101
56113
56123
56131
56149
There are 257 prime numbers in S39.
