S391(5489641~5517792)
5489683
5489699
5489711
5489717
5489719
5489723
5489747
5489749
5489807
5489831
5489837
5489843
5489867
5489873
5489881
5489921
5489927
5489959
5489971
5489977
5489983
5489987
5489989
5489999
5490011
5490013
5490041
5490053
5490059
5490073
5490101
5490137
5490151
5490161
5490227
5490229
5490241
5490293
5490299
5490301
5490311
5490313
5490343
5490377
5490383
5490389
5490391
5490409
5490413
5490451
5490517
5490539
5490553
5490571
5490593
5490607
5490613
5490631
5490647
5490649
5490673
5490697
5490701
5490739
5490743
5490769
5490781
5490787
5490803
5490809
5490811
5490833
5490839
5490857
5490871
5490883
5490913
5490923
5490931
5490941
5490967
5490973
5491001
5491039
5491081
5491091
5491117
5491139
5491141
5491163
5491217
5491219
5491223
5491231
5491259
5491261
5491271
5491301
5491303
5491313
5491349
5491351
5491373
5491393
5491439
5491477
5491481
5491483
5491501
5491511
5491523
5491531
5491547
5491553
5491559
5491579
5491597
5491609
5491613
5491631
5491639
5491657
5491709
5491723
5491727
5491729
5491753
5491763
5491771
5491777
5491781
5491793
5491813
5491819
5491841
5491847
5491859
5491883
5491907
5491939
5491943
5491951
5491957
5491961
5491973
5491979
5491999
5492033
5492051
5492059
5492087
5492093
5492099
5492111
5492117
5492141
5492143
5492153
5492161
5492167
5492171
5492189
5492209
5492219
5492287
5492293
5492297
5492299
5492351
5492371
5492381
5492393
5492407
5492413
5492471
5492477
5492491
5492507
5492527
5492551
5492563
5492567
5492573
5492579
5492609
5492621
5492639
5492657
5492677
5492701
5492731
5492737
5492771
5492779
5492783
5492789
5492801
5492821
5492827
5492833
5492869
5492891
5492897
5492917
5492939
5492953
5493001
5493011
5493041
5493049
5493053
5493073
5493097
5493101
5493119
5493127
5493133
5493157
5493167
5493179
5493181
5493197
5493203
5493211
5493217
5493239
5493253
5493277
5493283
5493287
5493307
5493317
5493349
5493361
5493377
5493391
5493403
5493409
5493421
5493443
5493473
5493493
5493497
5493511
5493529
5493539
5493559
5493583
5493611
5493647
5493661
5493707
5493743
5493749
5493751
5493773
5493781
5493791
5493811
5493823
5493827
5493857
5493863
5493883
5493899
5493911
5493923
5493931
5493937
5493949
5493967
5493977
5493989
5493991
5493997
5494003
5494007
5494031
5494057
5494061
5494063
5494091
5494103
5494109
5494121
5494127
5494157
5494163
5494169
5494183
5494187
5494189
5494207
5494219
5494243
5494261
5494267
5494273
5494277
5494283
5494289
5494297
5494301
5494339
5494361
5494367
5494381
5494387
5494429
5494459
5494481
5494483
5494487
5494507
5494513
5494547
5494549
5494571
5494579
5494597
5494607
5494613
5494633
5494639
5494649
5494661
5494679
5494681
5494693
5494711
5494747
5494777
5494787
5494789
5494793
5494807
5494813
5494823
5494829
5494837
5494883
5494897
5494913
5494969
5494991
5494997
5495027
5495033
5495051
5495053
5495069
5495081
5495111
5495117
5495141
5495159
5495167
5495173
5495177
5495179
5495227
5495249
5495263
5495279
5495291
5495299
5495323
5495333
5495363
5495383
5495387
5495419
5495447
5495449
5495473
5495489
5495509
5495521
5495527
5495531
5495543
5495549
5495557
5495561
5495563
5495591
5495603
5495629
5495639
5495653
5495657
5495669
5495687
5495717
5495719
5495723
5495741
5495747
5495753
5495759
5495767
5495779
5495797
5495813
5495821
5495887
5495891
5495929
5495933
5495969
5495983
5495989
5495999
5496013
5496031
5496041
5496059
5496089
5496121
5496157
5496191
5496193
5496203
5496223
5496247
5496251
5496277
5496299
5496307
5496317
5496329
5496347
5496349
5496353
5496371
5496397
5496409
5496431
5496443
5496451
5496467
5496473
5496481
5496493
5496571
5496581
5496587
5496599
5496611
5496619
5496653
5496677
5496679
5496713
5496731
5496737
5496779
5496781
5496787
5496809
5496823
5496857
5496859
5496913
5496919
5496923
5496937
5496943
5496949
5496961
5496983
5497003
5497021
5497027
5497031
5497039
5497043
5497081
5497091
5497117
5497123
5497133
5497147
5497159
5497181
5497223
5497229
5497231
5497237
5497241
5497243
5497267
5497277
5497279
5497291
5497301
5497343
5497351
5497361
5497397
5497433
5497463
5497469
5497493
5497519
5497523
5497573
5497577
5497643
5497651
5497663
5497691
5497693
5497697
5497711
5497721
5497753
5497763
5497771
5497799
5497823
5497829
5497861
5497871
5497873
5497879
5497883
5497889
5497901
5497909
5497927
5497931
5497949
5497963
5497969
5497979
5497993
5498039
5498047
5498083
5498099
5498117
5498131
5498149
5498161
5498177
5498179
5498189
5498203
5498209
5498257
5498261
5498279
5498291
5498303
5498309
5498329
5498333
5498341
5498351
5498359
5498399
5498401
5498411
5498413
5498417
5498431
5498443
5498447
5498461
5498473
5498477
5498491
5498527
5498557
5498561
5498573
5498609
5498617
5498627
5498641
5498651
5498653
5498663
5498707
5498729
5498747
5498767
5498783
5498789
5498807
5498819
5498827
5498839
5498849
5498851
5498887
5498917
5498921
5498929
5498947
5498963
5498981
5498993
5499019
5499023
5499031
5499049
5499061
5499071
5499073
5499077
5499079
5499101
5499103
5499107
5499127
5499157
5499181
5499187
5499191
5499203
5499209
5499217
5499233
5499259
5499283
5499287
5499311
5499337
5499343
5499367
5499383
5499397
5499401
5499407
5499409
5499437
5499443
5499467
5499509
5499547
5499563
5499581
5499587
5499671
5499673
5499677
5499701
5499709
5499719
5499727
5499733
5499749
5499761
5499779
5499787
5499817
5499839
5499841
5499847
5499853
5499877
5499881
5499887
5499889
5499913
5499919
5499929
5499931
5499941
5499953
5499961
5499971
5499973
5499979
5500003
5500009
5500021
5500067
5500073
5500123
5500141
5500153
5500171
5500193
5500211
5500223
5500241
5500247
5500277
5500279
5500283
5500301
5500321
5500373
5500379
5500387
5500403
5500433
5500463
5500471
5500483
5500507
5500513
5500529
5500543
5500567
5500591
5500597
5500613
5500637
5500643
5500667
5500669
5500681
5500697
5500717
5500721
5500723
5500757
5500787
5500801
5500811
5500819
5500829
5500837
5500871
5500879
5500949
5500969
5500973
5500987
5500993
5501003
5501017
5501057
5501059
5501077
5501099
5501107
5501129
5501141
5501143
5501159
5501173
5501189
5501201
5501231
5501233
5501273
5501281
5501299
5501341
5501351
5501359
5501371
5501381
5501389
5501399
5501401
5501411
5501423
5501443
5501449
5501467
5501473
5501501
5501519
5501533
5501537
5501543
5501563
5501569
5501579
5501593
5501609
5501647
5501653
5501681
5501687
5501701
5501707
5501723
5501729
5501731
5501777
5501779
5501801
5501813
5501819
5501827
5501843
5501879
5501921
5501933
5501939
5501941
5501953
5501959
5501971
5501981
5501989
5502041
5502043
5502059
5502071
5502103
5502109
5502127
5502179
5502181
5502187
5502193
5502197
5502209
5502239
5502251
5502269
5502293
5502311
5502349
5502353
5502377
5502389
5502397
5502401
5502403
5502437
5502439
5502449
5502461
5502463
5502479
5502481
5502493
5502499
5502527
5502551
5502557
5502559
5502583
5502617
5502649
5502659
5502671
5502691
5502709
5502743
5502793
5502811
5502821
5502851
5502857
5502859
5502863
5502877
5502881
5502919
5502929
5502949
5502961
5502967
5503021
5503031
5503033
5503039
5503051
5503063
5503067
5503081
5503093
5503109
5503123
5503129
5503133
5503177
5503181
5503193
5503207
5503229
5503241
5503249
5503259
5503271
5503273
5503297
5503319
5503339
5503349
5503363
5503373
5503391
5503403
5503409
5503411
5503429
5503451
5503457
5503469
5503499
5503507
5503517
5503541
5503549
5503567
5503571
5503577
5503609
5503621
5503657
5503661
5503721
5503723
5503727
5503741
5503753
5503763
5503769
5503783
5503789
5503807
5503811
5503837
5503843
5503853
5503859
5503867
5503873
5503889
5503907
5503919
5503921
5503951
5503987
5503999
5504017
5504033
5504041
5504063
5504077
5504089
5504099
5504111
5504131
5504201
5504207
5504237
5504269
5504293
5504321
5504333
5504339
5504351
5504353
5504363
5504371
5504381
5504407
5504431
5504441
5504449
5504497
5504501
5504503
5504557
5504563
5504581
5504647
5504657
5504663
5504669
5504671
5504713
5504717
5504743
5504761
5504773
5504789
5504791
5504839
5504869
5504881
5504893
5504899
5504959
5504987
5505001
5505023
5505037
5505053
5505061
5505083
5505089
5505109
5505121
5505133
5505139
5505151
5505167
5505179
5505187
5505191
5505209
5505217
5505223
5505239
5505287
5505289
5505293
5505299
5505301
5505317
5505337
5505343
5505347
5505359
5505361
5505371
5505377
5505391
5505397
5505403
5505413
5505427
5505449
5505527
5505541
5505547
5505551
5505593
5505601
5505613
5505641
5505653
5505667
5505673
5505683
5505691
5505697
5505707
5505713
5505719
5505727
5505743
5505749
5505751
5505769
5505779
5505781
5505793
5505803
5505811
5505869
5505881
5505883
5505889
5505919
5505923
5505949
5505959
5505961
5505967
5505989
5506001
5506019
5506037
5506049
5506051
5506073
5506091
5506099
5506103
5506129
5506139
5506141
5506159
5506169
5506199
5506231
5506271
5506273
5506297
5506301
5506307
5506309
5506337
5506343
5506363
5506381
5506387
5506421
5506427
5506429
5506439
5506471
5506477
5506481
5506507
5506511
5506513
5506559
5506573
5506583
5506597
5506601
5506619
5506651
5506679
5506681
5506687
5506717
5506727
5506733
5506769
5506771
5506777
5506807
5506811
5506817
5506843
5506873
5506909
5506937
5506939
5506951
5506961
5506999
5507009
5507023
5507027
5507039
5507069
5507077
5507081
5507087
5507107
5507111
5507123
5507137
5507147
5507171
5507179
5507209
5507219
5507233
5507239
5507261
5507267
5507291
5507297
5507309
5507317
5507323
5507353
5507363
5507377
5507393
5507401
5507417
5507441
5507449
5507459
5507461
5507471
5507497
5507503
5507519
5507531
5507539
5507543
5507617
5507639
5507647
5507657
5507659
5507669
5507699
5507729
5507731
5507737
5507753
5507759
5507771
5507773
5507791
5507807
5507809
5507837
5507849
5507893
5507903
5507917
5507969
5507989
5507993
5508001
5508023
5508047
5508059
5508073
5508077
5508101
5508103
5508127
5508143
5508149
5508163
5508169
5508179
5508203
5508229
5508241
5508263
5508277
5508287
5508319
5508341
5508379
5508383
5508397
5508401
5508469
5508497
5508511
5508551
5508553
5508563
5508571
5508583
5508589
5508599
5508649
5508667
5508683
5508703
5508721
5508733
5508739
5508757
5508761
5508779
5508787
5508791
5508827
5508847
5508857
5508871
5508887
5508913
5508929
5508931
5508947
5508949
5508953
5508991
5509001
5509027
5509033
5509039
5509051
5509057
5509067
5509073
5509079
5509081
5509087
5509099
5509111
5509151
5509177
5509201
5509219
5509249
5509267
5509277
5509307
5509313
5509327
5509331
5509349
5509363
5509379
5509393
5509409
5509417
5509423
5509429
5509433
5509451
5509453
5509549
5509561
5509577
5509589
5509619
5509631
5509643
5509657
5509687
5509709
5509711
5509741
5509759
5509769
5509783
5509859
5509873
5509883
5509897
5509919
5509939
5509979
5509997
5510009
5510017
5510027
5510047
5510051
5510083
5510093
5510101
5510117
5510119
5510123
5510137
5510143
5510173
5510177
5510189
5510207
5510237
5510249
5510303
5510311
5510339
5510341
5510347
5510353
5510369
5510371
5510383
5510389
5510413
5510429
5510471
5510489
5510507
5510537
5510539
5510563
5510573
5510581
5510587
5510597
5510611
5510629
5510633
5510647
5510651
5510693
5510699
5510711
5510719
5510753
5510759
5510761
5510773
5510849
5510881
5510903
5510909
5510917
5510959
5510971
5510977
5511001
5511017
5511019
5511029
5511041
5511049
5511061
5511071
5511133
5511137
5511151
5511157
5511161
5511169
5511203
5511223
5511227
5511251
5511263
5511271
5511287
5511293
5511299
5511307
5511313
5511347
5511377
5511403
5511431
5511433
5511461
5511491
5511497
5511509
5511511
5511529
5511547
5511581
5511599
5511601
5511613
5511641
5511683
5511713
5511731
5511739
5511749
5511761
5511763
5511773
5511809
5511811
5511817
5511829
5511833
5511851
5511871
5511901
5511907
5511929
5511931
5511937
5511941
5511949
5511967
5511971
5511977
5511983
5511997
5512007
5512009
5512043
5512049
5512051
5512099
5512103
5512121
5512123
5512183
5512187
5512189
5512229
5512231
5512237
5512271
5512307
5512321
5512343
5512357
5512361
5512391
5512399
5512421
5512447
5512459
5512483
5512531
5512537
5512561
5512579
5512589
5512609
5512613
5512621
5512627
5512649
5512657
5512669
5512687
5512691
5512721
5512723
5512733
5512739
5512763
5512781
5512877
5512909
5512919
5512951
5512957
5512967
5512999
5513003
5513029
5513063
5513089
5513093
5513107
5513129
5513143
5513191
5513201
5513203
5513227
5513237
5513239
5513243
5513267
5513273
5513293
5513303
5513317
5513323
5513341
5513351
5513359
5513371
5513377
5513419
5513437
5513449
5513513
5513527
5513531
5513533
5513539
5513549
5513551
5513569
5513579
5513587
5513611
5513623
5513663
5513671
5513681
5513687
5513723
5513731
5513779
5513821
5513843
5513863
5513873
5513887
5513891
5513917
5513923
5513927
5513929
5513941
5513947
5513953
5513987
5514007
5514013
5514023
5514053
5514077
5514079
5514083
5514097
5514107
5514133
5514139
5514149
5514163
5514193
5514209
5514211
5514241
5514247
5514251
5514253
5514281
5514293
5514323
5514329
5514337
5514343
5514349
5514367
5514371
5514391
5514401
5514403
5514433
5514451
5514469
5514473
5514521
5514533
5514539
5514563
5514571
5514577
5514581
5514601
5514643
5514653
5514659
5514667
5514689
5514697
5514709
5514713
5514737
5514757
5514763
5514781
5514797
5514823
5514833
5514863
5514881
5514893
5514913
5514941
5514947
5514979
5514983
5514989
5514991
5515001
5515019
5515031
5515039
5515043
5515061
5515079
5515087
5515091
5515093
5515099
5515141
5515151
5515163
5515177
5515189
5515199
5515207
5515217
5515219
5515243
5515271
5515273
5515313
5515319
5515333
5515357
5515397
5515399
5515421
5515439
5515441
5515451
5515457
5515501
5515513
5515541
5515579
5515589
5515603
5515619
5515621
5515637
5515649
5515651
5515669
5515673
5515691
5515693
5515703
5515709
5515717
5515721
5515723
5515729
5515787
5515789
5515801
5515813
5515817
5515819
5515823
5515841
5515877
5515897
5515903
5515921
5515927
5515943
5515949
5515963
5515981
5516009
5516011
5516029
5516053
5516057
5516059
5516089
5516107
5516123
5516149
5516167
5516179
5516209
5516221
5516237
5516261
5516267
5516281
5516393
5516417
5516453
5516461
5516471
5516473
5516477
5516501
5516507
5516521
5516549
5516561
5516587
5516603
5516617
5516627
5516633
5516639
5516647
5516659
5516689
5516701
5516723
5516759
5516767
5516801
5516809
5516827
5516879
5516893
5516899
5516909
5516911
5516933
5516939
5516957
5516963
5516983
5517013
5517053
5517059
5517067
5517073
5517077
5517089
5517091
5517131
5517133
5517139
5517151
5517167
5517173
5517191
5517209
5517227
5517257
5517269
5517271
5517293
5517307
5517311
5517313
5517319
5517371
5517397
5517409
5517419
5517427
5517431
5517433
5517437
5517461
5517497
5517509
5517521
5517527
5517553
5517557
5517587
5517599
5517637
5517641
5517643
5517649
5517653
5517661
5517667
5517679
5517683
5517697
5517727
5517749
5517751
5517763
5517767
5517779
There are 1816 prime numbers in S391.
