S392(5517793~5546016)
5517823
5517833
5517839
5517871
5517887
5517893
5517901
5517929
5517931
5517943
5517947
5517959
5517971
5517973
5517977
5517991
5518001
5518021
5518043
5518099
5518109
5518111
5518127
5518133
5518141
5518157
5518159
5518171
5518241
5518259
5518273
5518297
5518301
5518339
5518351
5518397
5518399
5518423
5518433
5518453
5518463
5518501
5518507
5518511
5518517
5518537
5518543
5518547
5518549
5518553
5518567
5518627
5518633
5518673
5518687
5518817
5518819
5518831
5518841
5518847
5518859
5518913
5518927
5518937
5518951
5518967
5519029
5519047
5519081
5519083
5519117
5519119
5519123
5519131
5519153
5519159
5519191
5519197
5519207
5519243
5519249
5519263
5519279
5519299
5519303
5519321
5519359
5519363
5519387
5519389
5519429
5519447
5519453
5519477
5519489
5519531
5519567
5519597
5519617
5519629
5519639
5519641
5519653
5519659
5519677
5519693
5519699
5519719
5519737
5519783
5519797
5519803
5519819
5519879
5519881
5519887
5519893
5519903
5519909
5519933
5519989
5520001
5520007
5520017
5520029
5520049
5520059
5520071
5520083
5520101
5520113
5520131
5520157
5520169
5520191
5520233
5520259
5520269
5520271
5520287
5520293
5520323
5520329
5520337
5520371
5520373
5520377
5520401
5520421
5520457
5520467
5520499
5520509
5520521
5520551
5520553
5520569
5520577
5520589
5520607
5520623
5520629
5520637
5520649
5520653
5520673
5520677
5520703
5520707
5520709
5520721
5520751
5520763
5520769
5520791
5520797
5520799
5520803
5520839
5520859
5520863
5520877
5520901
5520913
5520919
5520923
5520929
5520947
5520953
5520967
5521003
5521051
5521057
5521097
5521099
5521111
5521121
5521129
5521133
5521147
5521181
5521199
5521207
5521211
5521213
5521249
5521253
5521259
5521261
5521283
5521289
5521297
5521301
5521309
5521361
5521363
5521391
5521393
5521427
5521463
5521489
5521499
5521543
5521553
5521559
5521561
5521567
5521573
5521589
5521591
5521597
5521603
5521631
5521643
5521657
5521661
5521667
5521669
5521693
5521697
5521709
5521721
5521729
5521783
5521801
5521807
5521819
5521891
5521927
5521963
5521981
5521993
5522029
5522039
5522057
5522063
5522071
5522117
5522119
5522131
5522137
5522173
5522177
5522191
5522203
5522219
5522233
5522243
5522261
5522273
5522281
5522291
5522299
5522303
5522311
5522327
5522339
5522347
5522351
5522353
5522389
5522393
5522411
5522417
5522431
5522443
5522471
5522479
5522519
5522527
5522563
5522611
5522617
5522677
5522707
5522761
5522779
5522801
5522809
5522819
5522821
5522827
5522833
5522837
5522851
5522861
5522873
5522893
5522897
5522899
5522911
5522917
5522927
5522941
5522947
5522999
5523029
5523031
5523061
5523097
5523109
5523131
5523157
5523173
5523211
5523223
5523227
5523229
5523247
5523257
5523269
5523293
5523313
5523341
5523359
5523361
5523373
5523383
5523407
5523409
5523437
5523457
5523481
5523491
5523493
5523499
5523503
5523517
5523527
5523541
5523559
5523563
5523569
5523571
5523599
5523629
5523631
5523641
5523647
5523653
5523689
5523719
5523751
5523773
5523799
5523803
5523809
5523811
5523821
5523839
5523857
5523883
5523901
5523913
5523919
5523943
5523967
5524027
5524039
5524049
5524061
5524067
5524069
5524073
5524087
5524091
5524093
5524147
5524157
5524159
5524171
5524187
5524213
5524219
5524237
5524249
5524261
5524271
5524273
5524279
5524283
5524313
5524331
5524357
5524361
5524367
5524369
5524399
5524403
5524423
5524469
5524481
5524483
5524489
5524501
5524513
5524523
5524543
5524553
5524601
5524633
5524639
5524681
5524691
5524697
5524699
5524747
5524759
5524777
5524781
5524793
5524811
5524823
5524843
5524867
5524889
5524891
5524901
5524903
5524907
5524919
5524933
5524943
5524957
5524973
5524999
5525041
5525053
5525059
5525071
5525081
5525087
5525089
5525131
5525137
5525141
5525147
5525171
5525183
5525189
5525203
5525213
5525231
5525239
5525251
5525269
5525279
5525287
5525293
5525327
5525329
5525363
5525417
5525453
5525467
5525473
5525477
5525479
5525491
5525501
5525519
5525549
5525581
5525591
5525603
5525623
5525651
5525659
5525669
5525671
5525701
5525753
5525771
5525777
5525791
5525797
5525803
5525809
5525831
5525869
5525917
5525953
5525981
5526019
5526041
5526043
5526077
5526083
5526089
5526097
5526107
5526109
5526113
5526121
5526127
5526133
5526137
5526161
5526179
5526193
5526217
5526239
5526251
5526263
5526281
5526289
5526331
5526337
5526347
5526383
5526407
5526413
5526421
5526439
5526481
5526487
5526529
5526533
5526551
5526553
5526583
5526593
5526607
5526613
5526623
5526643
5526679
5526691
5526743
5526767
5526799
5526823
5526839
5526869
5526881
5526883
5526901
5526931
5526947
5526977
5526979
5527001
5527003
5527007
5527009
5527013
5527019
5527069
5527079
5527099
5527103
5527117
5527121
5527147
5527163
5527189
5527213
5527237
5527241
5527243
5527253
5527259
5527307
5527339
5527367
5527391
5527399
5527411
5527439
5527441
5527447
5527451
5527463
5527469
5527477
5527481
5527531
5527547
5527549
5527573
5527589
5527591
5527597
5527609
5527619
5527631
5527649
5527663
5527667
5527673
5527721
5527733
5527747
5527787
5527801
5527829
5527849
5527853
5527861
5527877
5527901
5527909
5527913
5527919
5527927
5527931
5527939
5527957
5527961
5527967
5527979
5527987
5528011
5528023
5528041
5528051
5528053
5528063
5528101
5528141
5528147
5528161
5528167
5528177
5528189
5528227
5528231
5528251
5528267
5528279
5528287
5528387
5528389
5528401
5528407
5528431
5528443
5528461
5528489
5528513
5528527
5528543
5528581
5528603
5528609
5528623
5528641
5528659
5528669
5528681
5528687
5528701
5528707
5528711
5528737
5528741
5528759
5528767
5528771
5528779
5528827
5528837
5528849
5528851
5528863
5528899
5528917
5528921
5528923
5528933
5528969
5528989
5529001
5529023
5529037
5529047
5529061
5529077
5529079
5529089
5529091
5529109
5529113
5529149
5529179
5529187
5529193
5529229
5529283
5529287
5529319
5529341
5529347
5529367
5529427
5529451
5529463
5529473
5529497
5529509
5529521
5529523
5529529
5529541
5529571
5529581
5529611
5529617
5529619
5529631
5529647
5529661
5529673
5529701
5529739
5529767
5529787
5529791
5529803
5529809
5529827
5529841
5529857
5529859
5529863
5529877
5529883
5529889
5529899
5529911
5529919
5529941
5529949
5529971
5530001
5530027
5530033
5530043
5530061
5530069
5530087
5530123
5530141
5530163
5530169
5530181
5530201
5530211
5530241
5530243
5530277
5530303
5530309
5530331
5530339
5530351
5530363
5530429
5530439
5530477
5530487
5530489
5530517
5530519
5530529
5530541
5530543
5530571
5530573
5530589
5530621
5530663
5530667
5530673
5530697
5530739
5530751
5530781
5530799
5530813
5530823
5530841
5530849
5530853
5530867
5530891
5530901
5530939
5530963
5530981
5530999
5531021
5531039
5531041
5531059
5531081
5531087
5531089
5531107
5531117
5531129
5531131
5531143
5531159
5531161
5531173
5531209
5531221
5531243
5531263
5531291
5531311
5531321
5531347
5531353
5531359
5531363
5531371
5531437
5531441
5531459
5531473
5531483
5531497
5531507
5531509
5531521
5531531
5531549
5531593
5531599
5531621
5531623
5531627
5531633
5531639
5531651
5531657
5531677
5531693
5531711
5531719
5531723
5531777
5531797
5531809
5531819
5531849
5531861
5531873
5531887
5531893
5531927
5532019
5532031
5532049
5532053
5532067
5532071
5532083
5532091
5532103
5532113
5532143
5532161
5532169
5532179
5532181
5532223
5532227
5532239
5532269
5532271
5532281
5532283
5532311
5532313
5532341
5532343
5532349
5532377
5532389
5532403
5532409
5532421
5532427
5532433
5532437
5532467
5532469
5532487
5532491
5532551
5532557
5532559
5532563
5532577
5532587
5532613
5532619
5532623
5532641
5532643
5532661
5532677
5532689
5532691
5532727
5532739
5532757
5532763
5532833
5532841
5532847
5532859
5532907
5532937
5532941
5532979
5533013
5533037
5533039
5533043
5533049
5533063
5533067
5533103
5533141
5533163
5533183
5533189
5533193
5533207
5533217
5533223
5533261
5533273
5533277
5533289
5533301
5533303
5533331
5533337
5533343
5533349
5533373
5533391
5533393
5533421
5533439
5533441
5533447
5533459
5533471
5533477
5533511
5533523
5533529
5533537
5533543
5533553
5533573
5533589
5533613
5533621
5533631
5533637
5533651
5533657
5533663
5533673
5533679
5533681
5533691
5533709
5533739
5533741
5533763
5533793
5533817
5533819
5533837
5533849
5533861
5533901
5533909
5533919
5533937
5533939
5533943
5533951
5533963
5533973
5534003
5534017
5534051
5534059
5534063
5534069
5534077
5534107
5534117
5534131
5534159
5534167
5534171
5534209
5534227
5534251
5534261
5534281
5534311
5534317
5534323
5534341
5534351
5534359
5534363
5534381
5534383
5534387
5534393
5534411
5534413
5534429
5534483
5534489
5534519
5534527
5534539
5534569
5534587
5534593
5534597
5534611
5534623
5534629
5534653
5534671
5534677
5534729
5534759
5534761
5534773
5534783
5534797
5534807
5534813
5534827
5534839
5534863
5534869
5534873
5534891
5534897
5534899
5534923
5534929
5534939
5534951
5534953
5534993
5535007
5535011
5535017
5535031
5535037
5535053
5535059
5535067
5535073
5535077
5535091
5535097
5535121
5535133
5535139
5535151
5535169
5535181
5535191
5535193
5535199
5535221
5535223
5535239
5535241
5535247
5535253
5535269
5535281
5535301
5535307
5535337
5535367
5535377
5535379
5535389
5535401
5535427
5535437
5535443
5535449
5535457
5535463
5535469
5535493
5535511
5535521
5535539
5535547
5535559
5535589
5535599
5535611
5535619
5535623
5535637
5535653
5535661
5535683
5535703
5535713
5535731
5535743
5535749
5535769
5535773
5535787
5535791
5535841
5535853
5535857
5535869
5535877
5535913
5535917
5535919
5535923
5535947
5535967
5535991
5536019
5536043
5536061
5536079
5536103
5536109
5536117
5536151
5536159
5536213
5536249
5536253
5536301
5536309
5536319
5536331
5536337
5536343
5536357
5536369
5536381
5536387
5536397
5536403
5536409
5536417
5536463
5536471
5536481
5536483
5536499
5536511
5536513
5536523
5536529
5536541
5536547
5536549
5536567
5536579
5536589
5536603
5536613
5536627
5536639
5536669
5536673
5536711
5536753
5536789
5536807
5536829
5536837
5536871
5536877
5536889
5536897
5536901
5536903
5536907
5536931
5536933
5536943
5537011
5537027
5537029
5537033
5537083
5537093
5537101
5537111
5537131
5537149
5537159
5537201
5537221
5537243
5537249
5537261
5537263
5537267
5537297
5537317
5537351
5537353
5537369
5537377
5537381
5537401
5537423
5537431
5537443
5537447
5537453
5537471
5537479
5537489
5537509
5537533
5537551
5537593
5537603
5537611
5537629
5537639
5537647
5537657
5537689
5537713
5537731
5537737
5537743
5537761
5537771
5537783
5537789
5537837
5537839
5537849
5537863
5537879
5537881
5537891
5537893
5537897
5537941
5537947
5537953
5537957
5537981
5538011
5538031
5538037
5538041
5538053
5538059
5538079
5538083
5538097
5538103
5538109
5538131
5538149
5538161
5538167
5538179
5538191
5538199
5538223
5538233
5538241
5538257
5538259
5538263
5538283
5538289
5538301
5538317
5538359
5538361
5538371
5538431
5538451
5538473
5538487
5538509
5538523
5538541
5538551
5538569
5538571
5538581
5538647
5538661
5538667
5538679
5538683
5538691
5538703
5538707
5538721
5538727
5538749
5538763
5538853
5538857
5538859
5538877
5538887
5538893
5538901
5538919
5538931
5538943
5538947
5538989
5539019
5539033
5539057
5539063
5539081
5539123
5539129
5539181
5539187
5539199
5539211
5539231
5539249
5539253
5539267
5539273
5539277
5539309
5539327
5539361
5539363
5539367
5539397
5539403
5539409
5539427
5539439
5539477
5539531
5539537
5539553
5539571
5539577
5539579
5539591
5539601
5539631
5539657
5539661
5539663
5539673
5539727
5539753
5539799
5539801
5539817
5539829
5539847
5539861
5539873
5539883
5539889
5539901
5539903
5539907
5539913
5539921
5539927
5539949
5539967
5539981
5539997
5539999
5540023
5540027
5540057
5540063
5540069
5540083
5540099
5540107
5540111
5540137
5540141
5540173
5540177
5540179
5540221
5540237
5540239
5540243
5540251
5540257
5540273
5540279
5540281
5540287
5540299
5540321
5540347
5540357
5540377
5540387
5540393
5540411
5540441
5540443
5540449
5540459
5540471
5540489
5540497
5540519
5540531
5540573
5540581
5540597
5540603
5540611
5540641
5540659
5540683
5540701
5540707
5540741
5540753
5540767
5540771
5540789
5540791
5540803
5540807
5540819
5540839
5540849
5540869
5540879
5540891
5540921
5540933
5540939
5540993
5541013
5541037
5541077
5541079
5541121
5541127
5541143
5541149
5541187
5541251
5541287
5541299
5541311
5541317
5541353
5541373
5541377
5541383
5541397
5541421
5541427
5541433
5541443
5541449
5541461
5541469
5541499
5541517
5541533
5541577
5541583
5541587
5541607
5541611
5541617
5541619
5541631
5541671
5541713
5541719
5541721
5541737
5541793
5541799
5541841
5541853
5541857
5541869
5541931
5541947
5541959
5541973
5541979
5542001
5542003
5542013
5542021
5542027
5542063
5542079
5542109
5542127
5542139
5542151
5542169
5542177
5542223
5542237
5542249
5542259
5542309
5542321
5542351
5542367
5542387
5542409
5542417
5542423
5542429
5542447
5542457
5542477
5542499
5542507
5542513
5542529
5542531
5542549
5542553
5542597
5542619
5542627
5542633
5542673
5542679
5542703
5542717
5542721
5542723
5542729
5542753
5542777
5542783
5542787
5542811
5542819
5542853
5542907
5542909
5542937
5542939
5542961
5542967
5542993
5543029
5543033
5543051
5543053
5543063
5543099
5543101
5543107
5543119
5543129
5543143
5543149
5543171
5543191
5543201
5543221
5543243
5543249
5543261
5543297
5543333
5543339
5543387
5543399
5543407
5543443
5543449
5543477
5543491
5543507
5543533
5543537
5543579
5543591
5543597
5543617
5543623
5543701
5543711
5543719
5543729
5543749
5543753
5543771
5543779
5543831
5543833
5543873
5543903
5543917
5543927
5543929
5543939
5543963
5543971
5543977
5543981
5544001
5544031
5544047
5544079
5544101
5544103
5544109
5544137
5544139
5544163
5544179
5544221
5544223
5544239
5544241
5544247
5544281
5544283
5544337
5544347
5544349
5544353
5544361
5544373
5544401
5544421
5544437
5544479
5544493
5544509
5544521
5544529
5544547
5544557
5544559
5544577
5544607
5544613
5544619
5544631
5544641
5544653
5544659
5544667
5544673
5544677
5544683
5544689
5544743
5544757
5544767
5544779
5544793
5544809
5544821
5544859
5544911
5544923
5544949
5544953
5544971
5544977
5544983
5544989
5545021
5545027
5545037
5545049
5545069
5545073
5545081
5545087
5545091
5545109
5545117
5545123
5545193
5545219
5545223
5545229
5545273
5545339
5545357
5545367
5545399
5545403
5545411
5545433
5545439
5545447
5545453
5545459
5545481
5545487
5545493
5545499
5545513
5545531
5545543
5545567
5545609
5545627
5545637
5545643
5545649
5545681
5545697
5545733
5545741
5545751
5545759
5545789
5545801
5545831
5545843
5545849
5545871
5545877
5545889
5545901
5545909
5545913
5545933
5545987
5545997
5545999
There are 1787 prime numbers in S392.
