S395(5602681~5631120)
5602693
5602697
5602703
5602711
5602721
5602747
5602769
5602781
5602783
5602811
5602813
5602819
5602871
5602897
5602901
5602931
5602939
5602973
5602991
5602999
5603023
5603027
5603051
5603063
5603069
5603077
5603083
5603111
5603131
5603159
5603161
5603189
5603203
5603207
5603209
5603231
5603239
5603267
5603291
5603341
5603383
5603419
5603441
5603447
5603449
5603497
5603501
5603503
5603519
5603551
5603567
5603569
5603597
5603599
5603603
5603617
5603623
5603627
5603629
5603657
5603677
5603701
5603713
5603729
5603737
5603747
5603753
5603771
5603779
5603791
5603831
5603861
5603867
5603869
5603891
5603903
5603929
5603933
5603957
5603971
5604007
5604013
5604029
5604037
5604043
5604073
5604091
5604097
5604113
5604119
5604121
5604143
5604173
5604199
5604223
5604229
5604239
5604251
5604281
5604289
5604301
5604307
5604329
5604359
5604367
5604451
5604481
5604493
5604499
5604517
5604523
5604559
5604589
5604607
5604623
5604629
5604631
5604653
5604661
5604689
5604719
5604727
5604737
5604763
5604799
5604817
5604827
5604839
5604853
5604881
5604887
5604901
5604923
5604931
5604947
5604959
5604979
5604997
5605037
5605043
5605051
5605099
5605111
5605147
5605163
5605181
5605183
5605217
5605253
5605283
5605331
5605337
5605343
5605349
5605357
5605367
5605387
5605423
5605429
5605433
5605441
5605447
5605459
5605471
5605477
5605489
5605493
5605499
5605553
5605559
5605619
5605661
5605667
5605673
5605679
5605681
5605687
5605697
5605709
5605711
5605739
5605753
5605763
5605771
5605777
5605783
5605799
5605811
5605829
5605841
5605849
5605871
5605877
5605891
5605909
5605913
5605927
5605939
5605949
5605991
5606011
5606033
5606047
5606057
5606093
5606099
5606119
5606137
5606173
5606179
5606189
5606191
5606261
5606267
5606281
5606303
5606323
5606329
5606333
5606339
5606347
5606353
5606369
5606389
5606399
5606417
5606431
5606441
5606453
5606477
5606509
5606519
5606533
5606537
5606543
5606561
5606581
5606591
5606603
5606621
5606681
5606707
5606723
5606749
5606759
5606789
5606801
5606803
5606807
5606833
5606849
5606857
5606863
5606893
5606921
5606927
5606929
5606971
5606987
5606989
5607023
5607031
5607047
5607061
5607073
5607097
5607113
5607131
5607137
5607149
5607167
5607169
5607191
5607197
5607209
5607227
5607233
5607247
5607253
5607257
5607271
5607281
5607289
5607293
5607323
5607361
5607379
5607389
5607391
5607401
5607403
5607409
5607439
5607443
5607457
5607463
5607479
5607487
5607493
5607517
5607541
5607551
5607571
5607577
5607583
5607593
5607599
5607601
5607619
5607631
5607647
5607649
5607659
5607661
5607691
5607703
5607709
5607713
5607731
5607733
5607737
5607751
5607779
5607827
5607839
5607853
5607859
5607871
5607881
5607893
5607911
5607961
5607971
5608003
5608007
5608013
5608033
5608037
5608039
5608051
5608091
5608121
5608123
5608139
5608151
5608153
5608171
5608177
5608199
5608217
5608237
5608243
5608259
5608277
5608307
5608321
5608327
5608331
5608357
5608367
5608403
5608409
5608451
5608469
5608483
5608507
5608531
5608541
5608549
5608567
5608579
5608597
5608601
5608609
5608621
5608627
5608639
5608661
5608697
5608699
5608703
5608721
5608723
5608727
5608741
5608747
5608751
5608753
5608769
5608783
5608829
5608853
5608859
5608871
5608873
5608879
5608901
5608903
5608913
5608931
5608951
5608969
5609053
5609069
5609077
5609083
5609111
5609113
5609117
5609129
5609141
5609143
5609183
5609203
5609231
5609243
5609257
5609281
5609291
5609293
5609321
5609341
5609347
5609353
5609369
5609381
5609399
5609407
5609411
5609423
5609431
5609437
5609449
5609489
5609491
5609501
5609521
5609531
5609587
5609627
5609633
5609647
5609657
5609663
5609683
5609713
5609719
5609741
5609761
5609777
5609783
5609797
5609803
5609809
5609827
5609833
5609837
5609839
5609867
5609911
5609917
5609927
5609939
5609951
5609957
5609993
5610023
5610029
5610043
5610049
5610089
5610097
5610107
5610113
5610131
5610139
5610151
5610161
5610173
5610191
5610193
5610197
5610203
5610211
5610233
5610277
5610313
5610359
5610361
5610389
5610401
5610419
5610433
5610439
5610443
5610461
5610463
5610467
5610469
5610497
5610499
5610503
5610509
5610541
5610571
5610581
5610587
5610593
5610607
5610611
5610613
5610617
5610637
5610641
5610653
5610677
5610743
5610749
5610763
5610767
5610793
5610797
5610821
5610823
5610851
5610863
5610877
5610881
5610887
5610929
5610937
5610953
5610967
5610977
5610991
5611019
5611043
5611051
5611069
5611079
5611091
5611117
5611121
5611127
5611141
5611147
5611157
5611169
5611223
5611231
5611253
5611259
5611271
5611273
5611303
5611321
5611351
5611357
5611369
5611391
5611399
5611423
5611433
5611439
5611447
5611453
5611469
5611477
5611493
5611511
5611519
5611553
5611579
5611591
5611603
5611621
5611637
5611643
5611663
5611681
5611687
5611699
5611709
5611721
5611759
5611763
5611789
5611807
5611813
5611831
5611841
5611843
5611849
5611867
5611871
5611873
5611913
5611933
5611937
5611951
5611981
5611997
5612029
5612063
5612077
5612107
5612111
5612137
5612141
5612143
5612149
5612177
5612179
5612213
5612221
5612237
5612249
5612263
5612281
5612287
5612291
5612303
5612309
5612311
5612339
5612357
5612381
5612393
5612407
5612423
5612441
5612447
5612461
5612491
5612501
5612507
5612513
5612521
5612527
5612539
5612557
5612569
5612587
5612591
5612609
5612627
5612653
5612699
5612723
5612731
5612741
5612749
5612801
5612807
5612813
5612819
5612837
5612857
5612861
5612879
5612909
5612911
5612927
5612933
5612947
5612951
5612983
5612987
5613031
5613079
5613089
5613103
5613107
5613109
5613161
5613169
5613217
5613259
5613287
5613313
5613317
5613329
5613337
5613347
5613407
5613431
5613457
5613463
5613467
5613469
5613499
5613533
5613547
5613551
5613563
5613571
5613581
5613583
5613589
5613611
5613623
5613637
5613667
5613691
5613701
5613709
5613719
5613731
5613737
5613739
5613763
5613767
5613787
5613799
5613833
5613851
5613857
5613869
5613887
5613889
5613901
5613917
5613929
5613943
5613967
5613991
5614043
5614051
5614057
5614061
5614067
5614073
5614079
5614087
5614111
5614129
5614151
5614153
5614157
5614159
5614201
5614223
5614247
5614283
5614319
5614321
5614327
5614333
5614337
5614339
5614351
5614421
5614447
5614459
5614463
5614523
5614547
5614549
5614579
5614589
5614597
5614657
5614673
5614681
5614703
5614717
5614727
5614729
5614781
5614789
5614831
5614841
5614883
5614891
5614919
5614927
5614933
5614957
5614963
5614993
5615011
5615017
5615023
5615047
5615063
5615081
5615101
5615107
5615131
5615149
5615153
5615167
5615179
5615189
5615201
5615213
5615221
5615261
5615263
5615273
5615303
5615333
5615341
5615347
5615383
5615387
5615411
5615417
5615429
5615437
5615459
5615479
5615497
5615503
5615521
5615537
5615549
5615551
5615563
5615579
5615587
5615609
5615629
5615639
5615641
5615651
5615653
5615669
5615683
5615689
5615699
5615713
5615717
5615723
5615737
5615741
5615747
5615777
5615791
5615803
5615833
5615851
5615861
5615881
5615891
5615917
5615923
5615947
5615957
5615969
5615977
5616011
5616019
5616097
5616113
5616131
5616133
5616161
5616181
5616197
5616199
5616211
5616217
5616223
5616241
5616253
5616271
5616277
5616283
5616287
5616293
5616319
5616329
5616353
5616367
5616379
5616383
5616389
5616407
5616427
5616431
5616433
5616437
5616449
5616469
5616473
5616553
5616557
5616587
5616593
5616601
5616629
5616643
5616659
5616671
5616679
5616707
5616719
5616733
5616757
5616769
5616827
5616833
5616857
5616869
5616883
5616893
5616907
5616911
5616917
5616937
5616967
5616997
5617009
5617013
5617033
5617043
5617067
5617091
5617093
5617109
5617121
5617163
5617181
5617187
5617189
5617193
5617207
5617211
5617237
5617247
5617253
5617291
5617301
5617333
5617349
5617363
5617373
5617421
5617427
5617441
5617457
5617459
5617499
5617511
5617537
5617553
5617613
5617627
5617637
5617639
5617643
5617657
5617679
5617687
5617691
5617693
5617699
5617709
5617739
5617741
5617757
5617771
5617783
5617813
5617817
5617831
5617867
5617877
5617879
5617889
5617897
5617903
5617933
5617961
5617981
5617987
5617999
5618009
5618027
5618029
5618077
5618087
5618089
5618111
5618113
5618131
5618147
5618149
5618183
5618201
5618203
5618209
5618219
5618269
5618287
5618293
5618309
5618311
5618317
5618321
5618323
5618351
5618363
5618377
5618383
5618387
5618429
5618441
5618461
5618479
5618491
5618497
5618537
5618539
5618549
5618567
5618573
5618579
5618581
5618597
5618611
5618633
5618671
5618707
5618713
5618729
5618759
5618777
5618819
5618827
5618839
5618849
5618863
5618881
5618903
5618909
5618911
5618929
5618941
5618957
5618981
5619001
5619037
5619043
5619071
5619073
5619077
5619109
5619139
5619143
5619167
5619169
5619181
5619203
5619217
5619221
5619233
5619241
5619247
5619253
5619281
5619287
5619311
5619323
5619343
5619379
5619389
5619391
5619413
5619443
5619451
5619473
5619487
5619511
5619517
5619527
5619529
5619547
5619553
5619557
5619589
5619599
5619617
5619619
5619637
5619667
5619683
5619701
5619703
5619709
5619739
5619781
5619787
5619827
5619851
5619857
5619919
5619923
5619937
5619941
5619949
5619973
5619983
5620001
5620003
5620009
5620037
5620039
5620061
5620079
5620091
5620103
5620127
5620159
5620169
5620177
5620201
5620247
5620271
5620273
5620283
5620327
5620339
5620369
5620397
5620427
5620451
5620453
5620457
5620469
5620481
5620493
5620499
5620513
5620529
5620543
5620547
5620583
5620609
5620627
5620631
5620669
5620709
5620721
5620787
5620793
5620799
5620801
5620807
5620837
5620841
5620861
5620883
5620891
5620907
5620913
5620933
5620957
5620961
5620963
5620969
5620981
5620987
5620991
5620997
5621023
5621027
5621029
5621051
5621081
5621113
5621117
5621159
5621173
5621179
5621183
5621191
5621197
5621221
5621243
5621249
5621267
5621281
5621303
5621309
5621311
5621327
5621383
5621417
5621419
5621423
5621437
5621443
5621467
5621471
5621479
5621489
5621491
5621503
5621513
5621597
5621599
5621617
5621653
5621687
5621731
5621753
5621767
5621771
5621779
5621809
5621813
5621827
5621857
5621873
5621899
5621921
5621927
5621939
5621953
5621983
5621989
5622007
5622011
5622047
5622059
5622077
5622079
5622103
5622107
5622137
5622167
5622181
5622203
5622247
5622251
5622263
5622301
5622311
5622313
5622319
5622341
5622349
5622391
5622401
5622413
5622443
5622451
5622457
5622473
5622479
5622481
5622497
5622521
5622527
5622559
5622571
5622583
5622587
5622593
5622599
5622601
5622623
5622653
5622691
5622709
5622713
5622719
5622731
5622761
5622763
5622769
5622821
5622829
5622847
5622857
5622871
5622887
5622889
5622899
5622901
5622941
5622943
5622949
5622959
5622961
5622977
5623003
5623021
5623043
5623081
5623087
5623099
5623103
5623133
5623159
5623169
5623193
5623199
5623207
5623213
5623217
5623229
5623279
5623283
5623291
5623301
5623309
5623327
5623351
5623367
5623393
5623403
5623421
5623451
5623463
5623469
5623483
5623507
5623517
5623531
5623537
5623543
5623547
5623561
5623567
5623571
5623573
5623577
5623591
5623609
5623619
5623621
5623627
5623649
5623727
5623747
5623771
5623789
5623811
5623823
5623843
5623853
5623859
5623949
5623951
5623967
5623979
5624023
5624033
5624039
5624041
5624053
5624071
5624083
5624117
5624137
5624141
5624147
5624149
5624183
5624189
5624191
5624207
5624219
5624221
5624243
5624249
5624251
5624273
5624279
5624287
5624317
5624327
5624341
5624369
5624389
5624401
5624417
5624441
5624447
5624459
5624461
5624471
5624473
5624477
5624483
5624527
5624543
5624557
5624561
5624573
5624587
5624611
5624617
5624621
5624651
5624653
5624657
5624677
5624687
5624693
5624713
5624743
5624761
5624783
5624789
5624797
5624803
5624821
5624849
5624881
5624891
5624911
5624917
5624929
5624939
5624947
5624951
5624953
5624963
5624989
5625017
5625029
5625031
5625047
5625071
5625091
5625149
5625157
5625187
5625223
5625233
5625239
5625247
5625251
5625281
5625313
5625331
5625341
5625407
5625421
5625427
5625437
5625439
5625457
5625461
5625493
5625509
5625553
5625563
5625617
5625637
5625649
5625667
5625673
5625701
5625707
5625713
5625721
5625727
5625749
5625769
5625773
5625811
5625857
5625863
5625877
5625937
5625941
5625967
5626001
5626009
5626013
5626021
5626039
5626043
5626051
5626069
5626079
5626129
5626141
5626151
5626171
5626177
5626189
5626193
5626207
5626211
5626217
5626219
5626259
5626267
5626273
5626277
5626289
5626333
5626339
5626343
5626349
5626351
5626363
5626367
5626373
5626391
5626393
5626399
5626429
5626441
5626447
5626499
5626549
5626561
5626567
5626571
5626573
5626583
5626589
5626591
5626601
5626619
5626631
5626633
5626637
5626657
5626693
5626703
5626729
5626741
5626757
5626769
5626807
5626837
5626853
5626867
5626871
5626877
5626879
5626891
5626897
5626909
5626921
5626939
5626961
5626967
5626969
5626979
5626987
5626991
5627009
5627029
5627047
5627053
5627057
5627077
5627081
5627099
5627101
5627143
5627147
5627161
5627177
5627179
5627191
5627197
5627207
5627231
5627257
5627267
5627269
5627327
5627393
5627423
5627437
5627443
5627449
5627467
5627473
5627491
5627509
5627519
5627533
5627543
5627551
5627579
5627599
5627603
5627621
5627627
5627641
5627669
5627681
5627689
5627717
5627719
5627729
5627747
5627753
5627761
5627767
5627773
5627777
5627803
5627813
5627849
5627861
5627873
5627887
5627899
5627903
5627917
5627977
5627983
5627987
5627989
5628041
5628061
5628079
5628089
5628101
5628113
5628127
5628131
5628137
5628151
5628157
5628239
5628247
5628251
5628257
5628277
5628281
5628283
5628289
5628319
5628331
5628341
5628361
5628367
5628379
5628397
5628421
5628431
5628437
5628443
5628451
5628457
5628461
5628473
5628481
5628499
5628509
5628517
5628533
5628569
5628589
5628593
5628599
5628611
5628613
5628631
5628647
5628661
5628703
5628713
5628719
5628739
5628757
5628793
5628797
5628839
5628841
5628863
5628877
5628899
5628913
5628923
5628937
5628967
5628991
5629003
5629009
5629061
5629079
5629081
5629097
5629109
5629121
5629133
5629147
5629157
5629199
5629207
5629213
5629223
5629229
5629279
5629307
5629313
5629333
5629357
5629387
5629399
5629417
5629441
5629493
5629553
5629571
5629579
5629583
5629609
5629621
5629627
5629649
5629651
5629697
5629699
5629709
5629727
5629747
5629753
5629763
5629769
5629781
5629787
5629823
5629829
5629843
5629847
5629853
5629859
5629867
5629889
5629913
5629919
5629933
5629937
5629951
5629961
5629991
5629993
5630017
5630021
5630029
5630039
5630047
5630069
5630129
5630159
5630167
5630201
5630203
5630227
5630267
5630269
5630279
5630309
5630329
5630333
5630347
5630351
5630353
5630357
5630363
5630369
5630381
5630411
5630419
5630431
5630467
5630477
5630497
5630501
5630503
5630507
5630533
5630539
5630551
5630591
5630617
5630627
5630629
5630633
5630657
5630659
5630663
5630671
5630693
5630719
5630743
5630749
5630759
5630761
5630767
5630777
5630789
5630813
5630827
5630839
5630857
5630861
5630869
5630887
5630917
5630921
5630923
5630953
5630987
5631007
5631013
5631037
5631061
5631071
5631077
5631083
5631107
There are 1817 prime numbers in S395.
