S397(5659633~5688216)
5659651
5659673
5659721
5659723
5659729
5659751
5659781
5659783
5659813
5659837
5659847
5659859
5659873
5659877
5659879
5659883
5659897
5659919
5659921
5659931
5659937
5659943
5659957
5659987
5659993
5660003
5660033
5660059
5660071
5660087
5660101
5660147
5660153
5660177
5660189
5660203
5660209
5660243
5660273
5660279
5660293
5660299
5660327
5660341
5660359
5660363
5660381
5660393
5660411
5660443
5660449
5660471
5660491
5660503
5660513
5660521
5660527
5660531
5660561
5660579
5660581
5660591
5660623
5660653
5660657
5660663
5660717
5660723
5660731
5660749
5660761
5660789
5660797
5660801
5660807
5660833
5660843
5660867
5660869
5660899
5660923
5660927
5660929
5660933
5660951
5660971
5660987
5660989
5660999
5661001
5661041
5661067
5661083
5661113
5661121
5661143
5661163
5661167
5661169
5661179
5661191
5661203
5661209
5661217
5661247
5661277
5661281
5661283
5661287
5661311
5661317
5661319
5661343
5661367
5661389
5661401
5661419
5661421
5661451
5661457
5661497
5661503
5661517
5661521
5661529
5661547
5661559
5661587
5661589
5661613
5661631
5661637
5661647
5661653
5661659
5661673
5661683
5661713
5661727
5661739
5661743
5661779
5661781
5661797
5661811
5661823
5661839
5661893
5661899
5661907
5661911
5661923
5661941
5661961
5661973
5661991
5662039
5662049
5662051
5662087
5662093
5662109
5662121
5662123
5662159
5662169
5662201
5662211
5662229
5662249
5662253
5662273
5662277
5662297
5662313
5662331
5662351
5662357
5662373
5662381
5662409
5662421
5662451
5662471
5662477
5662487
5662499
5662523
5662529
5662561
5662567
5662597
5662609
5662619
5662637
5662663
5662681
5662697
5662729
5662733
5662757
5662759
5662781
5662793
5662823
5662831
5662843
5662847
5662849
5662861
5662873
5662883
5662897
5662903
5662913
5662919
5662927
5662933
5662963
5662967
5662973
5663011
5663017
5663027
5663039
5663051
5663059
5663069
5663071
5663081
5663089
5663093
5663101
5663107
5663123
5663131
5663153
5663201
5663219
5663239
5663263
5663269
5663293
5663303
5663321
5663327
5663347
5663353
5663369
5663377
5663389
5663393
5663407
5663417
5663419
5663429
5663459
5663467
5663477
5663491
5663503
5663513
5663519
5663521
5663549
5663561
5663569
5663579
5663591
5663597
5663611
5663657
5663689
5663759
5663783
5663803
5663807
5663821
5663887
5663893
5663897
5663909
5663929
5663953
5663969
5663989
5663993
5664011
5664013
5664031
5664053
5664067
5664083
5664091
5664101
5664107
5664151
5664157
5664173
5664199
5664203
5664209
5664257
5664271
5664287
5664301
5664311
5664313
5664359
5664377
5664397
5664401
5664419
5664427
5664431
5664443
5664467
5664479
5664493
5664497
5664499
5664511
5664523
5664563
5664611
5664623
5664629
5664653
5664671
5664697
5664707
5664719
5664731
5664779
5664797
5664809
5664817
5664823
5664829
5664851
5664931
5664941
5664943
5664977
5664979
5664991
5665013
5665027
5665039
5665043
5665069
5665073
5665081
5665109
5665123
5665151
5665159
5665183
5665189
5665193
5665213
5665217
5665243
5665259
5665273
5665277
5665313
5665349
5665351
5665367
5665381
5665399
5665417
5665433
5665441
5665447
5665459
5665463
5665483
5665507
5665519
5665531
5665537
5665549
5665559
5665571
5665579
5665601
5665609
5665631
5665661
5665687
5665691
5665703
5665733
5665747
5665783
5665787
5665789
5665837
5665853
5665883
5665903
5665937
5665949
5665967
5665969
5665993
5665997
5666021
5666051
5666053
5666093
5666131
5666189
5666191
5666197
5666203
5666209
5666233
5666249
5666251
5666261
5666263
5666267
5666279
5666317
5666341
5666347
5666377
5666383
5666387
5666393
5666407
5666417
5666431
5666443
5666447
5666467
5666483
5666489
5666501
5666519
5666527
5666539
5666561
5666599
5666621
5666623
5666641
5666677
5666681
5666701
5666711
5666737
5666767
5666777
5666783
5666789
5666819
5666821
5666833
5666849
5666873
5666887
5666911
5666939
5666951
5666953
5666963
5666971
5666981
5666987
5667029
5667047
5667071
5667089
5667091
5667097
5667113
5667133
5667173
5667197
5667199
5667217
5667241
5667247
5667281
5667283
5667287
5667293
5667313
5667317
5667359
5667367
5667371
5667373
5667379
5667421
5667427
5667437
5667461
5667503
5667517
5667523
5667547
5667593
5667601
5667611
5667631
5667667
5667679
5667689
5667691
5667703
5667709
5667737
5667769
5667773
5667803
5667841
5667853
5667863
5667869
5667901
5667911
5667917
5667931
5667941
5667971
5667973
5667983
5667989
5667997
5668027
5668037
5668049
5668063
5668073
5668129
5668139
5668151
5668163
5668177
5668211
5668237
5668241
5668249
5668279
5668283
5668301
5668309
5668339
5668343
5668357
5668387
5668433
5668447
5668451
5668469
5668471
5668477
5668483
5668489
5668493
5668513
5668519
5668549
5668571
5668573
5668577
5668591
5668609
5668627
5668639
5668673
5668681
5668687
5668699
5668727
5668757
5668759
5668771
5668801
5668813
5668823
5668829
5668867
5668903
5668909
5668919
5668951
5668963
5668997
5669021
5669023
5669051
5669089
5669099
5669129
5669159
5669189
5669203
5669207
5669221
5669243
5669263
5669267
5669273
5669291
5669309
5669317
5669327
5669333
5669371
5669387
5669423
5669437
5669441
5669479
5669501
5669513
5669537
5669539
5669561
5669579
5669611
5669617
5669623
5669627
5669639
5669659
5669663
5669681
5669693
5669711
5669717
5669731
5669749
5669759
5669773
5669777
5669791
5669801
5669803
5669821
5669827
5669831
5669861
5669863
5669879
5669893
5669903
5669929
5669933
5669947
5669953
5669969
5669971
5669977
5670031
5670053
5670059
5670089
5670097
5670103
5670149
5670157
5670173
5670193
5670199
5670209
5670229
5670257
5670263
5670307
5670323
5670331
5670337
5670349
5670359
5670373
5670391
5670403
5670419
5670433
5670439
5670451
5670461
5670473
5670479
5670481
5670487
5670491
5670527
5670529
5670547
5670593
5670611
5670619
5670641
5670649
5670653
5670661
5670671
5670697
5670701
5670703
5670757
5670779
5670787
5670803
5670823
5670827
5670829
5670839
5670851
5670853
5670869
5670887
5670937
5670941
5670961
5670989
5671019
5671031
5671033
5671091
5671093
5671097
5671111
5671117
5671147
5671181
5671199
5671207
5671213
5671241
5671261
5671277
5671279
5671361
5671381
5671403
5671411
5671417
5671427
5671429
5671451
5671499
5671507
5671511
5671513
5671517
5671553
5671573
5671579
5671609
5671613
5671621
5671649
5671669
5671681
5671697
5671717
5671739
5671741
5671753
5671763
5671769
5671789
5671793
5671801
5671807
5671811
5671837
5671859
5671871
5671877
5671921
5671927
5671949
5671957
5671969
5671979
5671987
5671993
5672011
5672021
5672057
5672071
5672111
5672123
5672131
5672141
5672159
5672167
5672179
5672189
5672231
5672239
5672263
5672267
5672291
5672299
5672311
5672321
5672327
5672333
5672341
5672351
5672353
5672363
5672369
5672377
5672389
5672399
5672413
5672423
5672449
5672453
5672461
5672501
5672531
5672533
5672539
5672549
5672551
5672561
5672591
5672599
5672609
5672627
5672629
5672633
5672663
5672669
5672671
5672677
5672707
5672731
5672767
5672809
5672813
5672827
5672831
5672833
5672837
5672857
5672869
5672873
5672879
5672923
5672929
5672959
5672977
5672983
5672993
5672999
5673011
5673013
5673023
5673029
5673037
5673043
5673079
5673089
5673097
5673149
5673163
5673179
5673181
5673233
5673259
5673281
5673287
5673319
5673329
5673361
5673373
5673383
5673401
5673407
5673413
5673431
5673443
5673449
5673557
5673587
5673601
5673623
5673637
5673643
5673649
5673653
5673659
5673673
5673677
5673683
5673719
5673727
5673737
5673739
5673743
5673757
5673781
5673827
5673851
5673883
5673901
5673907
5673911
5673929
5673947
5673953
5673959
5673973
5673991
5674033
5674049
5674091
5674093
5674117
5674133
5674177
5674181
5674183
5674199
5674219
5674223
5674231
5674241
5674247
5674259
5674267
5674289
5674309
5674337
5674351
5674381
5674411
5674421
5674439
5674453
5674463
5674489
5674507
5674511
5674547
5674589
5674601
5674607
5674621
5674631
5674661
5674663
5674693
5674703
5674717
5674723
5674759
5674783
5674819
5674831
5674847
5674873
5674897
5674909
5674913
5674927
5674931
5674937
5674961
5674969
5674987
5674993
5675017
5675027
5675029
5675063
5675069
5675071
5675083
5675107
5675119
5675141
5675143
5675147
5675149
5675177
5675191
5675207
5675221
5675233
5675237
5675279
5675287
5675311
5675317
5675333
5675339
5675347
5675359
5675363
5675377
5675381
5675389
5675401
5675407
5675419
5675429
5675443
5675447
5675473
5675489
5675491
5675513
5675519
5675539
5675543
5675557
5675563
5675587
5675591
5675599
5675633
5675639
5675653
5675711
5675713
5675723
5675729
5675731
5675749
5675801
5675827
5675833
5675843
5675849
5675869
5675881
5675893
5675903
5675933
5675959
5675981
5675983
5675987
5675993
5676001
5676017
5676031
5676037
5676053
5676067
5676089
5676107
5676109
5676127
5676137
5676157
5676179
5676191
5676211
5676217
5676271
5676277
5676313
5676367
5676371
5676401
5676403
5676427
5676439
5676467
5676493
5676499
5676523
5676551
5676557
5676563
5676569
5676571
5676617
5676641
5676647
5676659
5676661
5676667
5676679
5676719
5676733
5676739
5676757
5676761
5676767
5676787
5676823
5676833
5676841
5676851
5676857
5676863
5676887
5676889
5676893
5676917
5676919
5676941
5676943
5676961
5676973
5677003
5677013
5677037
5677057
5677073
5677079
5677081
5677097
5677121
5677129
5677163
5677187
5677193
5677207
5677211
5677213
5677223
5677249
5677253
5677261
5677279
5677289
5677327
5677339
5677349
5677363
5677367
5677403
5677423
5677457
5677489
5677517
5677537
5677543
5677549
5677559
5677571
5677583
5677589
5677601
5677603
5677621
5677663
5677667
5677673
5677699
5677703
5677709
5677723
5677729
5677739
5677753
5677801
5677807
5677817
5677843
5677853
5677873
5677891
5677897
5677913
5677937
5677957
5677963
5677981
5677993
5678003
5678039
5678041
5678069
5678077
5678129
5678143
5678149
5678173
5678191
5678203
5678209
5678227
5678243
5678269
5678273
5678293
5678327
5678329
5678339
5678341
5678347
5678411
5678419
5678423
5678437
5678471
5678483
5678489
5678507
5678521
5678531
5678581
5678593
5678609
5678627
5678641
5678669
5678713
5678737
5678767
5678773
5678779
5678789
5678807
5678821
5678831
5678839
5678843
5678851
5678873
5678899
5678903
5678923
5678941
5678947
5678957
5678989
5678993
5679013
5679017
5679029
5679031
5679101
5679103
5679127
5679131
5679143
5679199
5679211
5679217
5679221
5679251
5679259
5679263
5679269
5679299
5679319
5679337
5679341
5679371
5679383
5679391
5679407
5679419
5679431
5679449
5679451
5679467
5679481
5679511
5679521
5679539
5679559
5679571
5679577
5679589
5679593
5679601
5679617
5679623
5679637
5679673
5679677
5679691
5679701
5679721
5679749
5679769
5679829
5679847
5679899
5679923
5679941
5679943
5679953
5679967
5679977
5679979
5679983
5680001
5680007
5680009
5680019
5680049
5680067
5680079
5680097
5680111
5680133
5680151
5680153
5680163
5680177
5680187
5680189
5680211
5680229
5680231
5680237
5680243
5680249
5680253
5680289
5680319
5680357
5680361
5680369
5680393
5680403
5680453
5680459
5680483
5680489
5680501
5680559
5680613
5680621
5680627
5680643
5680667
5680679
5680681
5680691
5680709
5680733
5680739
5680751
5680783
5680789
5680799
5680813
5680823
5680841
5680847
5680861
5680877
5680891
5680901
5680921
5680963
5681003
5681033
5681059
5681089
5681119
5681141
5681167
5681177
5681191
5681201
5681227
5681231
5681237
5681243
5681279
5681293
5681297
5681309
5681311
5681317
5681327
5681369
5681381
5681413
5681447
5681449
5681453
5681471
5681497
5681503
5681509
5681521
5681531
5681561
5681567
5681579
5681603
5681617
5681623
5681629
5681647
5681693
5681699
5681707
5681717
5681729
5681737
5681743
5681761
5681777
5681803
5681861
5681869
5681899
5681911
5681933
5681939
5681947
5681981
5681983
5682011
5682023
5682031
5682041
5682049
5682073
5682091
5682109
5682119
5682137
5682143
5682151
5682161
5682167
5682217
5682221
5682223
5682239
5682251
5682293
5682319
5682329
5682353
5682371
5682373
5682379
5682401
5682409
5682419
5682451
5682461
5682503
5682529
5682553
5682569
5682581
5682631
5682643
5682647
5682659
5682661
5682667
5682671
5682673
5682689
5682697
5682701
5682731
5682763
5682773
5682779
5682791
5682797
5682829
5682839
5682841
5682851
5682893
5682899
5682907
5682931
5682953
5682961
5682973
5682979
5682983
5682997
5683003
5683037
5683061
5683063
5683081
5683087
5683121
5683127
5683129
5683189
5683213
5683283
5683289
5683291
5683303
5683313
5683319
5683343
5683351
5683357
5683361
5683367
5683387
5683421
5683427
5683453
5683463
5683471
5683481
5683487
5683499
5683501
5683537
5683547
5683549
5683577
5683583
5683609
5683619
5683637
5683651
5683673
5683687
5683703
5683721
5683751
5683753
5683771
5683781
5683801
5683817
5683823
5683841
5683859
5683889
5683901
5683949
5683957
5683961
5683963
5683981
5683987
5684011
5684017
5684033
5684057
5684071
5684083
5684099
5684101
5684111
5684113
5684123
5684131
5684141
5684149
5684167
5684183
5684209
5684233
5684257
5684269
5684279
5684311
5684323
5684353
5684383
5684387
5684389
5684411
5684417
5684423
5684431
5684449
5684479
5684489
5684521
5684533
5684537
5684561
5684593
5684617
5684633
5684639
5684641
5684659
5684663
5684669
5684671
5684699
5684713
5684737
5684741
5684747
5684759
5684771
5684837
5684839
5684849
5684863
5684867
5684881
5684891
5684909
5684927
5684929
5684941
5684947
5684963
5684969
5684981
5684983
5685023
5685037
5685049
5685061
5685067
5685083
5685103
5685137
5685149
5685179
5685203
5685221
5685227
5685241
5685283
5685287
5685311
5685319
5685341
5685343
5685349
5685371
5685373
5685377
5685397
5685403
5685413
5685451
5685481
5685487
5685499
5685523
5685529
5685539
5685557
5685569
5685601
5685607
5685613
5685619
5685643
5685649
5685661
5685677
5685683
5685689
5685697
5685733
5685739
5685763
5685773
5685781
5685791
5685809
5685829
5685833
5685857
5685859
5685863
5685877
5685887
5685961
5685971
5686033
5686063
5686067
5686091
5686099
5686127
5686133
5686139
5686141
5686147
5686151
5686157
5686159
5686169
5686181
5686193
5686217
5686229
5686253
5686259
5686297
5686309
5686333
5686397
5686399
5686403
5686411
5686427
5686433
5686441
5686487
5686501
5686507
5686519
5686531
5686537
5686573
5686591
5686601
5686607
5686613
5686631
5686633
5686649
5686669
5686673
5686691
5686693
5686711
5686717
5686739
5686763
5686777
5686783
5686817
5686829
5686843
5686853
5686861
5686867
5686873
5686921
5686931
5686949
5686963
5686979
5686991
5686997
5686999
5687021
5687053
5687063
5687081
5687089
5687093
5687107
5687111
5687119
5687179
5687191
5687237
5687239
5687249
5687261
5687267
5687273
5687303
5687317
5687369
5687387
5687389
5687413
5687419
5687431
5687449
5687453
5687459
5687471
5687491
5687497
5687501
5687531
5687551
5687599
5687609
5687651
5687657
5687687
5687699
5687711
5687743
5687761
5687767
5687771
5687791
5687813
5687827
5687833
5687837
5687839
5687861
5687863
5687867
5687873
5687887
5687917
5687951
5687959
5687977
5687993
5687999
5688037
5688041
5688043
5688071
5688077
5688091
5688127
5688139
5688143
5688167
5688191
There are 1823 prime numbers in S397.
