S398(5688217~5716872)
5688247
5688259
5688281
5688313
5688317
5688329
5688359
5688401
5688409
5688443
5688461
5688479
5688493
5688497
5688499
5688503
5688509
5688511
5688517
5688539
5688541
5688547
5688559
5688569
5688577
5688607
5688653
5688667
5688679
5688689
5688701
5688719
5688743
5688757
5688773
5688803
5688811
5688821
5688827
5688871
5688883
5688887
5688899
5688911
5688913
5688919
5688929
5688941
5688971
5688979
5688983
5688989
5688997
5689007
5689039
5689087
5689091
5689097
5689111
5689121
5689127
5689129
5689139
5689141
5689153
5689183
5689207
5689241
5689247
5689289
5689309
5689351
5689361
5689363
5689367
5689381
5689403
5689457
5689483
5689499
5689507
5689513
5689517
5689549
5689591
5689613
5689637
5689639
5689643
5689657
5689661
5689703
5689741
5689753
5689757
5689787
5689793
5689799
5689811
5689813
5689819
5689843
5689847
5689861
5689877
5689891
5689933
5689967
5689973
5689991
5690023
5690051
5690057
5690059
5690071
5690077
5690099
5690129
5690159
5690171
5690197
5690203
5690207
5690213
5690249
5690261
5690273
5690297
5690299
5690303
5690317
5690323
5690339
5690357
5690371
5690381
5690383
5690413
5690429
5690471
5690473
5690483
5690497
5690501
5690527
5690533
5690537
5690539
5690543
5690551
5690561
5690593
5690599
5690611
5690617
5690621
5690623
5690627
5690651
5690669
5690687
5690689
5690693
5690717
5690719
5690723
5690731
5690753
5690761
5690777
5690791
5690813
5690827
5690833
5690837
5690851
5690857
5690891
5690897
5690911
5690917
5690929
5690941
5690953
5690957
5690969
5690977
5690983
5690987
5691001
5691029
5691041
5691043
5691053
5691071
5691079
5691083
5691109
5691113
5691121
5691131
5691137
5691139
5691149
5691151
5691167
5691173
5691187
5691211
5691247
5691253
5691263
5691269
5691293
5691319
5691349
5691359
5691403
5691409
5691421
5691457
5691463
5691467
5691479
5691487
5691493
5691509
5691529
5691533
5691541
5691547
5691551
5691563
5691577
5691601
5691613
5691619
5691641
5691667
5691689
5691691
5691701
5691709
5691739
5691757
5691761
5691793
5691799
5691823
5691827
5691869
5691877
5691893
5691899
5691913
5691919
5691929
5691943
5691947
5691977
5692007
5692009
5692031
5692051
5692061
5692067
5692097
5692103
5692121
5692129
5692133
5692157
5692171
5692177
5692199
5692243
5692249
5692279
5692289
5692301
5692319
5692327
5692363
5692367
5692391
5692397
5692403
5692411
5692441
5692471
5692541
5692559
5692573
5692591
5692597
5692633
5692649
5692657
5692667
5692669
5692693
5692699
5692717
5692751
5692763
5692769
5692777
5692801
5692811
5692823
5692853
5692859
5692861
5692877
5692879
5692901
5692927
5692949
5692957
5692963
5693021
5693033
5693047
5693081
5693089
5693117
5693123
5693131
5693159
5693173
5693189
5693201
5693203
5693209
5693231
5693263
5693287
5693297
5693299
5693327
5693333
5693339
5693353
5693357
5693371
5693399
5693411
5693417
5693431
5693461
5693503
5693509
5693539
5693543
5693549
5693563
5693573
5693591
5693617
5693621
5693641
5693647
5693651
5693659
5693663
5693669
5693683
5693707
5693713
5693729
5693741
5693747
5693771
5693797
5693813
5693837
5693839
5693851
5693881
5693887
5693899
5693917
5693921
5693959
5693969
5693971
5693993
5693999
5694011
5694019
5694037
5694043
5694047
5694067
5694071
5694109
5694113
5694119
5694137
5694151
5694163
5694187
5694197
5694209
5694217
5694229
5694239
5694259
5694277
5694313
5694323
5694329
5694331
5694341
5694347
5694389
5694391
5694407
5694427
5694431
5694443
5694499
5694517
5694539
5694569
5694581
5694649
5694659
5694671
5694673
5694709
5694719
5694727
5694743
5694761
5694763
5694769
5694841
5694883
5694893
5694901
5694907
5694919
5694971
5694989
5695013
5695033
5695069
5695091
5695097
5695111
5695133
5695139
5695159
5695163
5695171
5695177
5695229
5695253
5695259
5695271
5695273
5695279
5695297
5695301
5695303
5695309
5695321
5695367
5695379
5695381
5695399
5695409
5695411
5695439
5695451
5695457
5695463
5695471
5695477
5695483
5695499
5695531
5695619
5695621
5695633
5695639
5695667
5695681
5695721
5695727
5695741
5695747
5695757
5695769
5695777
5695783
5695787
5695813
5695819
5695829
5695831
5695841
5695849
5695853
5695897
5695903
5695933
5695939
5695961
5695967
5695981
5696017
5696021
5696027
5696057
5696063
5696101
5696107
5696123
5696129
5696147
5696153
5696161
5696177
5696183
5696191
5696221
5696227
5696239
5696279
5696291
5696293
5696321
5696329
5696347
5696351
5696357
5696381
5696389
5696393
5696399
5696423
5696429
5696437
5696459
5696461
5696477
5696489
5696491
5696497
5696503
5696531
5696533
5696549
5696569
5696629
5696633
5696641
5696651
5696659
5696671
5696681
5696693
5696707
5696711
5696723
5696737
5696741
5696753
5696759
5696767
5696771
5696783
5696791
5696813
5696849
5696861
5696891
5696897
5696923
5696953
5696959
5696983
5696987
5697047
5697049
5697053
5697061
5697071
5697127
5697161
5697173
5697179
5697191
5697221
5697247
5697257
5697269
5697277
5697287
5697301
5697317
5697323
5697331
5697343
5697379
5697383
5697403
5697421
5697443
5697451
5697463
5697467
5697487
5697493
5697509
5697529
5697547
5697551
5697563
5697581
5697599
5697617
5697619
5697631
5697641
5697661
5697673
5697677
5697697
5697709
5697719
5697743
5697751
5697761
5697793
5697829
5697841
5697851
5697863
5697883
5697899
5697911
5697917
5697919
5697931
5697943
5697953
5697983
5698003
5698013
5698031
5698039
5698051
5698073
5698093
5698097
5698151
5698153
5698159
5698163
5698169
5698171
5698183
5698211
5698219
5698223
5698229
5698243
5698249
5698261
5698267
5698289
5698313
5698331
5698339
5698351
5698361
5698367
5698379
5698391
5698393
5698439
5698463
5698493
5698501
5698523
5698543
5698547
5698571
5698573
5698577
5698579
5698591
5698603
5698607
5698639
5698691
5698717
5698739
5698741
5698753
5698769
5698783
5698807
5698811
5698813
5698817
5698829
5698831
5698837
5698843
5698853
5698883
5698907
5698921
5698933
5698939
5698949
5698951
5698967
5698997
5699011
5699017
5699021
5699027
5699033
5699039
5699053
5699081
5699117
5699119
5699137
5699153
5699159
5699171
5699191
5699203
5699207
5699227
5699231
5699237
5699261
5699269
5699311
5699357
5699359
5699363
5699371
5699389
5699431
5699467
5699479
5699497
5699503
5699557
5699587
5699593
5699599
5699609
5699627
5699647
5699669
5699713
5699717
5699723
5699731
5699741
5699761
5699773
5699789
5699807
5699819
5699821
5699839
5699851
5699857
5699873
5699899
5699909
5699923
5699927
5699933
5699963
5699971
5699983
5699987
5699989
5700007
5700031
5700041
5700047
5700053
5700061
5700073
5700089
5700091
5700131
5700139
5700157
5700173
5700179
5700181
5700193
5700221
5700229
5700239
5700259
5700263
5700283
5700307
5700341
5700347
5700349
5700367
5700391
5700397
5700419
5700421
5700439
5700451
5700473
5700493
5700533
5700547
5700571
5700577
5700581
5700601
5700623
5700631
5700637
5700659
5700671
5700679
5700691
5700713
5700731
5700767
5700769
5700781
5700823
5700833
5700847
5700857
5700859
5700883
5700887
5700911
5700913
5700943
5700949
5700973
5700991
5701013
5701019
5701037
5701043
5701049
5701061
5701093
5701123
5701133
5701169
5701177
5701207
5701211
5701249
5701253
5701259
5701261
5701271
5701291
5701301
5701321
5701357
5701361
5701379
5701391
5701393
5701403
5701417
5701433
5701439
5701453
5701457
5701459
5701469
5701517
5701567
5701571
5701627
5701637
5701639
5701643
5701649
5701651
5701669
5701679
5701693
5701727
5701733
5701739
5701741
5701763
5701781
5701789
5701807
5701831
5701837
5701847
5701849
5701873
5701877
5701889
5701897
5701909
5701931
5701933
5701979
5701981
5701991
5702003
5702023
5702027
5702029
5702041
5702057
5702063
5702129
5702131
5702143
5702153
5702159
5702161
5702201
5702227
5702231
5702237
5702267
5702287
5702297
5702353
5702363
5702381
5702387
5702401
5702407
5702449
5702453
5702471
5702479
5702483
5702503
5702539
5702563
5702569
5702581
5702591
5702611
5702623
5702639
5702663
5702693
5702737
5702759
5702777
5702819
5702843
5702857
5702861
5702867
5702897
5702911
5702923
5702927
5702929
5702941
5702947
5702969
5702981
5703001
5703017
5703023
5703029
5703037
5703077
5703091
5703127
5703151
5703157
5703161
5703197
5703199
5703221
5703233
5703239
5703251
5703259
5703263
5703281
5703283
5703289
5703293
5703301
5703307
5703311
5703319
5703323
5703329
5703337
5703361
5703367
5703371
5703377
5703407
5703409
5703427
5703431
5703437
5703463
5703479
5703493
5703499
5703521
5703527
5703557
5703559
5703583
5703611
5703623
5703631
5703641
5703679
5703689
5703713
5703727
5703739
5703751
5703757
5703787
5703791
5703811
5703851
5703889
5703899
5703917
5703989
5703991
5704003
5704007
5704033
5704057
5704081
5704087
5704103
5704109
5704121
5704141
5704157
5704159
5704187
5704189
5704201
5704241
5704247
5704267
5704273
5704291
5704319
5704331
5704339
5704357
5704373
5704393
5704397
5704409
5704441
5704451
5704463
5704481
5704487
5704499
5704513
5704547
5704583
5704591
5704603
5704607
5704609
5704613
5704627
5704631
5704649
5704661
5704709
5704717
5704729
5704747
5704757
5704789
5704801
5704819
5704823
5704841
5704847
5704859
5704873
5704889
5704891
5704913
5704949
5704957
5704969
5704987
5704991
5704999
5705033
5705039
5705057
5705069
5705071
5705093
5705107
5705113
5705137
5705153
5705159
5705177
5705179
5705201
5705213
5705237
5705239
5705243
5705279
5705281
5705299
5705303
5705309
5705321
5705327
5705341
5705417
5705419
5705423
5705467
5705527
5705543
5705569
5705573
5705597
5705599
5705603
5705621
5705629
5705671
5705699
5705731
5705737
5705741
5705783
5705789
5705803
5705809
5705827
5705839
5705849
5705857
5705867
5705873
5705939
5705957
5705969
5705977
5705981
5706013
5706017
5706031
5706049
5706053
5706079
5706083
5706121
5706131
5706163
5706193
5706221
5706269
5706287
5706299
5706307
5706313
5706319
5706329
5706331
5706343
5706353
5706377
5706383
5706391
5706397
5706409
5706419
5706427
5706443
5706469
5706497
5706529
5706541
5706581
5706583
5706619
5706637
5706641
5706643
5706647
5706653
5706661
5706671
5706677
5706683
5706689
5706709
5706721
5706731
5706773
5706791
5706797
5706853
5706863
5706887
5706901
5706907
5706919
5706931
5706937
5706949
5706959
5706971
5706979
5707001
5707027
5707033
5707043
5707061
5707073
5707133
5707157
5707183
5707231
5707237
5707249
5707259
5707279
5707301
5707307
5707309
5707319
5707357
5707397
5707399
5707447
5707451
5707453
5707459
5707463
5707469
5707501
5707523
5707547
5707549
5707553
5707571
5707573
5707591
5707607
5707613
5707679
5707711
5707721
5707747
5707753
5707759
5707763
5707781
5707811
5707817
5707843
5707853
5707861
5707883
5707901
5707907
5707921
5707939
5707963
5707967
5707997
5708011
5708029
5708033
5708057
5708069
5708077
5708081
5708083
5708093
5708161
5708167
5708173
5708179
5708203
5708231
5708233
5708237
5708251
5708279
5708357
5708359
5708377
5708383
5708399
5708401
5708429
5708431
5708453
5708473
5708501
5708533
5708539
5708543
5708579
5708603
5708609
5708627
5708639
5708641
5708671
5708687
5708701
5708707
5708711
5708779
5708783
5708803
5708831
5708839
5708861
5708887
5708891
5708893
5708903
5708909
5708933
5708939
5708953
5708971
5708977
5708999
5709007
5709013
5709019
5709029
5709061
5709071
5709073
5709089
5709091
5709097
5709103
5709149
5709163
5709169
5709217
5709269
5709281
5709287
5709289
5709293
5709299
5709307
5709349
5709377
5709397
5709421
5709437
5709479
5709493
5709523
5709527
5709533
5709541
5709547
5709559
5709593
5709601
5709623
5709629
5709643
5709647
5709659
5709667
5709677
5709679
5709689
5709719
5709721
5709751
5709757
5709779
5709787
5709799
5709811
5709817
5709857
5709863
5709887
5709901
5709917
5709923
5709929
5709953
5710021
5710031
5710037
5710039
5710043
5710087
5710097
5710109
5710123
5710139
5710163
5710189
5710207
5710219
5710223
5710261
5710333
5710337
5710349
5710363
5710373
5710387
5710391
5710399
5710403
5710409
5710429
5710457
5710493
5710511
5710513
5710517
5710531
5710567
5710631
5710667
5710699
5710711
5710721
5710729
5710741
5710751
5710753
5710769
5710781
5710799
5710801
5710813
5710819
5710823
5710841
5710847
5710853
5710871
5710897
5710919
5710927
5710933
5710937
5710961
5710973
5710979
5710993
5711029
5711051
5711071
5711081
5711087
5711089
5711113
5711149
5711171
5711179
5711197
5711203
5711213
5711257
5711261
5711287
5711297
5711323
5711327
5711351
5711399
5711401
5711411
5711413
5711417
5711437
5711467
5711477
5711483
5711501
5711509
5711527
5711539
5711543
5711551
5711557
5711591
5711597
5711603
5711623
5711627
5711663
5711681
5711747
5711759
5711773
5711777
5711807
5711809
5711821
5711831
5711851
5711891
5711899
5711903
5711911
5711917
5711921
5711933
5711939
5711963
5711971
5711987
5712011
5712013
5712041
5712059
5712061
5712121
5712139
5712149
5712151
5712167
5712169
5712173
5712193
5712199
5712209
5712229
5712241
5712247
5712271
5712283
5712299
5712313
5712337
5712341
5712347
5712359
5712361
5712367
5712373
5712383
5712389
5712431
5712451
5712457
5712479
5712491
5712523
5712529
5712583
5712601
5712611
5712613
5712617
5712631
5712647
5712659
5712677
5712683
5712703
5712713
5712719
5712737
5712743
5712757
5712769
5712823
5712829
5712859
5712869
5712887
5712893
5712919
5712929
5712943
5712953
5712961
5712983
5712989
5713007
5713013
5713049
5713061
5713067
5713069
5713093
5713117
5713121
5713151
5713153
5713159
5713163
5713171
5713181
5713217
5713219
5713229
5713231
5713249
5713259
5713283
5713289
5713297
5713327
5713333
5713369
5713399
5713403
5713427
5713439
5713447
5713457
5713459
5713481
5713507
5713511
5713529
5713531
5713537
5713541
5713549
5713553
5713597
5713601
5713607
5713613
5713633
5713663
5713681
5713709
5713723
5713733
5713739
5713753
5713759
5713769
5713777
5713781
5713787
5713789
5713811
5713843
5713847
5713891
5713901
5713909
5713919
5713933
5713937
5713943
5713949
5713963
5713993
5714029
5714063
5714069
5714077
5714081
5714083
5714087
5714099
5714101
5714123
5714153
5714167
5714171
5714197
5714207
5714249
5714309
5714311
5714321
5714339
5714347
5714353
5714369
5714377
5714389
5714393
5714411
5714417
5714453
5714461
5714483
5714491
5714503
5714507
5714519
5714521
5714531
5714581
5714587
5714591
5714609
5714627
5714641
5714647
5714671
5714689
5714699
5714701
5714747
5714759
5714783
5714803
5714837
5714843
5714851
5714857
5714869
5714893
5714959
5714963
5714987
5715011
5715023
5715037
5715041
5715049
5715053
5715071
5715089
5715091
5715121
5715133
5715163
5715169
5715187
5715209
5715211
5715217
5715221
5715239
5715251
5715299
5715319
5715323
5715329
5715343
5715373
5715379
5715403
5715433
5715449
5715461
5715469
5715473
5715481
5715487
5715497
5715499
5715527
5715547
5715557
5715583
5715601
5715617
5715631
5715641
5715643
5715673
5715683
5715701
5715719
5715727
5715733
5715737
5715739
5715763
5715767
5715793
5715817
5715823
5715839
5715841
5715863
5715901
5715949
5715989
5715991
5716003
5716013
5716021
5716031
5716037
5716043
5716049
5716091
5716133
5716141
5716147
5716153
5716157
5716171
5716181
5716211
5716223
5716231
5716253
5716273
5716289
5716303
5716309
5716327
5716363
5716367
5716379
5716387
5716391
5716409
5716429
5716433
5716441
5716453
5716483
5716517
5716553
5716561
5716583
5716591
5716597
5716619
5716621
5716631
5716639
5716649
5716681
5716691
5716693
5716699
5716717
5716727
5716729
5716757
5716771
5716787
5716801
5716813
5716819
5716829
5716847
5716871
There are 1881 prime numbers in S398.
