S400(5745601~5774400)
5745629
5745631
5745647
5745659
5745671
5745673
5745679
5745689
5745697
5745713
5745731
5745743
5745787
5745823
5745827
5745869
5745871
5745877
5745893
5745911
5745931
5745941
5745947
5745953
5745967
5745977
5745979
5745997
5746001
5746033
5746057
5746087
5746093
5746123
5746127
5746157
5746199
5746217
5746231
5746249
5746271
5746283
5746291
5746309
5746319
5746337
5746373
5746397
5746409
5746421
5746427
5746441
5746451
5746453
5746457
5746471
5746511
5746537
5746567
5746583
5746591
5746603
5746613
5746639
5746651
5746673
5746691
5746693
5746703
5746753
5746771
5746787
5746789
5746801
5746817
5746889
5746903
5746913
5746927
5746957
5746963
5746973
5747023
5747029
5747051
5747057
5747069
5747083
5747089
5747107
5747111
5747117
5747123
5747129
5747141
5747143
5747149
5747179
5747201
5747221
5747227
5747239
5747279
5747281
5747303
5747323
5747333
5747341
5747351
5747383
5747387
5747389
5747393
5747407
5747419
5747449
5747459
5747477
5747491
5747537
5747549
5747551
5747563
5747593
5747611
5747629
5747647
5747657
5747669
5747699
5747701
5747737
5747743
5747759
5747773
5747783
5747813
5747837
5747843
5747849
5747857
5747879
5747881
5747909
5747923
5747977
5747983
5747993
5748007
5748019
5748031
5748037
5748047
5748049
5748059
5748073
5748079
5748097
5748103
5748107
5748139
5748143
5748167
5748173
5748187
5748199
5748217
5748233
5748251
5748269
5748287
5748313
5748341
5748349
5748371
5748377
5748403
5748427
5748437
5748451
5748461
5748473
5748481
5748503
5748517
5748529
5748553
5748557
5748559
5748563
5748571
5748577
5748619
5748661
5748679
5748683
5748707
5748719
5748731
5748763
5748767
5748803
5748817
5748851
5748859
5748863
5748877
5748881
5748889
5748893
5748913
5748923
5748929
5748937
5748947
5748959
5748961
5748973
5748983
5748997
5749013
5749027
5749033
5749091
5749127
5749141
5749157
5749169
5749193
5749201
5749231
5749243
5749253
5749259
5749273
5749283
5749297
5749351
5749361
5749397
5749409
5749411
5749421
5749427
5749441
5749501
5749507
5749529
5749531
5749547
5749561
5749577
5749589
5749603
5749607
5749619
5749631
5749633
5749637
5749649
5749661
5749691
5749693
5749703
5749729
5749759
5749771
5749781
5749817
5749819
5749841
5749847
5749867
5749871
5749879
5749883
5749897
5749901
5749903
5749907
5749943
5749949
5749957
5749967
5749981
5749987
5749993
5749999
5750047
5750051
5750057
5750071
5750083
5750093
5750099
5750113
5750117
5750119
5750153
5750167
5750191
5750197
5750203
5750237
5750249
5750263
5750279
5750333
5750351
5750359
5750363
5750377
5750389
5750399
5750441
5750443
5750449
5750509
5750527
5750561
5750581
5750603
5750617
5750623
5750639
5750669
5750681
5750707
5750737
5750747
5750791
5750807
5750809
5750827
5750837
5750861
5750869
5750881
5750887
5750893
5750911
5750917
5750933
5750957
5750993
5751001
5751007
5751023
5751037
5751043
5751047
5751059
5751073
5751101
5751103
5751107
5751113
5751149
5751157
5751197
5751199
5751203
5751209
5751217
5751223
5751247
5751259
5751271
5751283
5751301
5751307
5751329
5751341
5751349
5751359
5751373
5751377
5751407
5751413
5751419
5751443
5751463
5751467
5751479
5751503
5751517
5751527
5751553
5751607
5751611
5751617
5751631
5751643
5751653
5751659
5751673
5751677
5751701
5751727
5751791
5751799
5751841
5751853
5751857
5751859
5751871
5751877
5751881
5751887
5751901
5751913
5751919
5751929
5751937
5751943
5751961
5751971
5751989
5751997
5752031
5752091
5752099
5752111
5752127
5752129
5752141
5752147
5752157
5752163
5752169
5752199
5752223
5752247
5752261
5752301
5752303
5752319
5752321
5752339
5752343
5752363
5752379
5752381
5752387
5752403
5752489
5752499
5752519
5752531
5752547
5752561
5752589
5752601
5752609
5752631
5752661
5752667
5752679
5752697
5752699
5752711
5752739
5752757
5752771
5752781
5752787
5752823
5752853
5752883
5752907
5752937
5752939
5752961
5752993
5753009
5753051
5753053
5753063
5753087
5753113
5753117
5753119
5753131
5753141
5753179
5753183
5753207
5753213
5753221
5753249
5753273
5753291
5753299
5753323
5753329
5753351
5753353
5753369
5753387
5753399
5753401
5753413
5753417
5753431
5753441
5753453
5753467
5753479
5753483
5753509
5753533
5753549
5753551
5753557
5753563
5753591
5753603
5753609
5753617
5753639
5753647
5753659
5753663
5753669
5753677
5753681
5753717
5753719
5753723
5753731
5753743
5753747
5753767
5753777
5753801
5753819
5753821
5753831
5753843
5753851
5753897
5753927
5753929
5753953
5753971
5753983
5753999
5754013
5754031
5754043
5754059
5754061
5754097
5754103
5754107
5754113
5754149
5754167
5754187
5754197
5754233
5754241
5754247
5754289
5754311
5754317
5754341
5754349
5754373
5754377
5754379
5754407
5754409
5754431
5754443
5754451
5754457
5754467
5754481
5754491
5754493
5754503
5754523
5754547
5754571
5754589
5754607
5754613
5754629
5754631
5754641
5754643
5754659
5754689
5754691
5754709
5754757
5754767
5754769
5754773
5754779
5754799
5754803
5754811
5754817
5754863
5754887
5754893
5754901
5754907
5754911
5754937
5754979
5754989
5754997
5755019
5755031
5755033
5755049
5755051
5755069
5755073
5755133
5755147
5755151
5755153
5755159
5755171
5755187
5755207
5755219
5755237
5755261
5755297
5755307
5755319
5755349
5755357
5755361
5755381
5755433
5755441
5755459
5755483
5755489
5755517
5755531
5755559
5755567
5755577
5755579
5755583
5755649
5755657
5755663
5755691
5755709
5755733
5755753
5755787
5755811
5755817
5755823
5755859
5755907
5755909
5755921
5755931
5755933
5755951
5755973
5755999
5756011
5756017
5756027
5756059
5756063
5756083
5756087
5756089
5756119
5756131
5756147
5756161
5756189
5756197
5756203
5756207
5756209
5756213
5756227
5756237
5756243
5756263
5756287
5756321
5756341
5756347
5756351
5756357
5756363
5756369
5756389
5756447
5756459
5756477
5756501
5756521
5756579
5756581
5756593
5756599
5756623
5756627
5756633
5756717
5756741
5756743
5756749
5756789
5756801
5756833
5756837
5756843
5756857
5756887
5756903
5756939
5756951
5756953
5756957
5756977
5756987
5757001
5757023
5757029
5757049
5757071
5757079
5757091
5757121
5757127
5757131
5757137
5757139
5757173
5757181
5757217
5757221
5757223
5757229
5757239
5757251
5757253
5757259
5757263
5757277
5757281
5757287
5757293
5757317
5757331
5757379
5757403
5757421
5757449
5757467
5757469
5757473
5757481
5757491
5757497
5757523
5757529
5757539
5757541
5757553
5757559
5757569
5757593
5757617
5757623
5757701
5757721
5757727
5757733
5757737
5757767
5757809
5757811
5757821
5757827
5757901
5757907
5757919
5757929
5757943
5757949
5757967
5757989
5758003
5758031
5758061
5758069
5758097
5758099
5758117
5758133
5758139
5758169
5758177
5758229
5758237
5758243
5758253
5758267
5758279
5758283
5758297
5758321
5758381
5758411
5758433
5758439
5758447
5758451
5758469
5758477
5758481
5758513
5758523
5758537
5758549
5758589
5758601
5758607
5758619
5758637
5758639
5758667
5758679
5758681
5758721
5758723
5758741
5758757
5758771
5758811
5758817
5758829
5758853
5758867
5758873
5758889
5758913
5758933
5758943
5758981
5759003
5759009
5759011
5759059
5759077
5759093
5759099
5759111
5759123
5759191
5759203
5759213
5759219
5759249
5759251
5759263
5759267
5759317
5759321
5759339
5759353
5759357
5759359
5759381
5759399
5759401
5759417
5759423
5759431
5759441
5759473
5759477
5759483
5759491
5759503
5759519
5759539
5759543
5759581
5759587
5759597
5759599
5759629
5759647
5759687
5759693
5759713
5759759
5759771
5759779
5759783
5759791
5759797
5759801
5759833
5759837
5759839
5759843
5759851
5759857
5759903
5759911
5759927
5759933
5759953
5759981
5760011
5760071
5760091
5760101
5760103
5760107
5760109
5760121
5760133
5760137
5760163
5760193
5760217
5760233
5760247
5760259
5760269
5760277
5760289
5760311
5760343
5760371
5760383
5760427
5760431
5760437
5760497
5760509
5760523
5760527
5760529
5760551
5760571
5760611
5760613
5760619
5760631
5760659
5760661
5760679
5760691
5760707
5760719
5760749
5760767
5760803
5760817
5760827
5760829
5760877
5760883
5760899
5760907
5760913
5760949
5760959
5760961
5760967
5760973
5760983
5761001
5761003
5761027
5761043
5761057
5761061
5761069
5761081
5761127
5761139
5761157
5761163
5761187
5761193
5761219
5761229
5761253
5761271
5761277
5761289
5761297
5761321
5761331
5761337
5761367
5761373
5761387
5761403
5761417
5761421
5761423
5761433
5761439
5761447
5761451
5761463
5761489
5761493
5761499
5761501
5761507
5761537
5761543
5761559
5761601
5761619
5761621
5761643
5761649
5761673
5761687
5761729
5761741
5761783
5761801
5761813
5761837
5761841
5761867
5761879
5761901
5761909
5761913
5761919
5761927
5761991
5761993
5762011
5762027
5762033
5762041
5762077
5762087
5762089
5762123
5762131
5762137
5762143
5762161
5762173
5762177
5762179
5762203
5762219
5762221
5762231
5762233
5762261
5762287
5762293
5762299
5762321
5762333
5762347
5762359
5762381
5762411
5762413
5762429
5762437
5762459
5762461
5762501
5762513
5762521
5762557
5762597
5762611
5762641
5762651
5762657
5762663
5762689
5762723
5762741
5762749
5762759
5762777
5762831
5762843
5762863
5762891
5762917
5762927
5762941
5762969
5763011
5763013
5763019
5763047
5763059
5763067
5763071
5763073
5763077
5763089
5763143
5763151
5763181
5763229
5763253
5763293
5763299
5763319
5763343
5763347
5763349
5763361
5763371
5763413
5763421
5763467
5763481
5763491
5763497
5763503
5763521
5763529
5763553
5763557
5763577
5763587
5763617
5763619
5763647
5763649
5763673
5763679
5763683
5763689
5763691
5763733
5763743
5763773
5763781
5763787
5763817
5763827
5763839
5763853
5763871
5763889
5763893
5763917
5763929
5763931
5763937
5763959
5763991
5764009
5764013
5764019
5764027
5764061
5764063
5764079
5764081
5764091
5764097
5764103
5764111
5764117
5764133
5764147
5764151
5764217
5764229
5764249
5764259
5764271
5764289
5764303
5764349
5764351
5764379
5764387
5764397
5764399
5764459
5764471
5764501
5764511
5764523
5764531
5764541
5764567
5764579
5764589
5764607
5764609
5764621
5764643
5764663
5764687
5764699
5764721
5764739
5764741
5764763
5764783
5764793
5764799
5764817
5764841
5764873
5764877
5764897
5764903
5764907
5764909
5764943
5764951
5764963
5765003
5765009
5765033
5765041
5765063
5765069
5765077
5765083
5765087
5765093
5765143
5765167
5765191
5765209
5765213
5765231
5765233
5765237
5765269
5765273
5765317
5765323
5765327
5765351
5765401
5765407
5765423
5765449
5765453
5765471
5765491
5765497
5765503
5765521
5765561
5765563
5765579
5765603
5765611
5765623
5765647
5765653
5765671
5765681
5765699
5765701
5765729
5765731
5765779
5765791
5765831
5765833
5765843
5765849
5765857
5765861
5765863
5765869
5765887
5765891
5765933
5765951
5765957
5765959
5766017
5766023
5766037
5766053
5766071
5766083
5766091
5766107
5766109
5766113
5766119
5766121
5766133
5766143
5766161
5766203
5766239
5766287
5766301
5766311
5766317
5766323
5766361
5766373
5766379
5766421
5766433
5766457
5766463
5766469
5766473
5766493
5766499
5766581
5766599
5766611
5766613
5766619
5766641
5766659
5766667
5766701
5766703
5766707
5766727
5766743
5766749
5766779
5766799
5766811
5766829
5766851
5766913
5766919
5766973
5766977
5766989
5766991
5767007
5767039
5767049
5767057
5767061
5767087
5767093
5767109
5767129
5767169
5767171
5767187
5767189
5767207
5767213
5767217
5767247
5767253
5767283
5767297
5767303
5767313
5767331
5767339
5767351
5767357
5767379
5767381
5767397
5767409
5767423
5767439
5767441
5767453
5767477
5767481
5767483
5767493
5767499
5767501
5767529
5767577
5767589
5767603
5767631
5767637
5767649
5767669
5767673
5767681
5767721
5767739
5767789
5767841
5767847
5767873
5767877
5767903
5767943
5767961
5767997
5767999
5768011
5768033
5768047
5768057
5768069
5768089
5768093
5768123
5768137
5768141
5768143
5768159
5768173
5768183
5768197
5768207
5768233
5768317
5768327
5768369
5768383
5768393
5768401
5768443
5768471
5768473
5768479
5768507
5768513
5768519
5768527
5768531
5768549
5768551
5768557
5768569
5768591
5768599
5768629
5768641
5768663
5768669
5768671
5768677
5768689
5768701
5768731
5768747
5768753
5768779
5768783
5768801
5768803
5768809
5768857
5768863
5768869
5768887
5768897
5768909
5768911
5768957
5768977
5768981
5768993
5769017
5769037
5769041
5769047
5769053
5769073
5769089
5769121
5769143
5769149
5769161
5769199
5769241
5769287
5769311
5769329
5769359
5769367
5769383
5769403
5769419
5769457
5769461
5769469
5769493
5769499
5769541
5769553
5769557
5769581
5769583
5769587
5769649
5769653
5769677
5769691
5769703
5769713
5769719
5769721
5769769
5769791
5769809
5769821
5769823
5769833
5769853
5769857
5769871
5769877
5769887
5769899
5769917
5769943
5769949
5770001
5770003
5770013
5770027
5770031
5770073
5770097
5770103
5770109
5770111
5770117
5770147
5770153
5770183
5770249
5770253
5770267
5770273
5770277
5770279
5770291
5770321
5770343
5770367
5770379
5770393
5770399
5770411
5770439
5770459
5770469
5770477
5770487
5770489
5770511
5770517
5770529
5770537
5770543
5770553
5770559
5770573
5770579
5770601
5770607
5770649
5770651
5770657
5770673
5770697
5770703
5770717
5770727
5770747
5770757
5770759
5770771
5770789
5770811
5770819
5770829
5770841
5770859
5770879
5770903
5770931
5770949
5770979
5770981
5770993
5771057
5771063
5771081
5771089
5771111
5771131
5771167
5771173
5771237
5771251
5771257
5771263
5771267
5771281
5771287
5771291
5771299
5771303
5771309
5771323
5771327
5771351
5771357
5771369
5771387
5771401
5771411
5771461
5771501
5771527
5771543
5771567
5771569
5771587
5771603
5771617
5771627
5771639
5771641
5771663
5771671
5771677
5771681
5771683
5771707
5771723
5771743
5771747
5771749
5771767
5771771
5771833
5771837
5771851
5771861
5771863
5771869
5771879
5771893
5771897
5771951
5771981
5771989
5772007
5772043
5772047
5772059
5772077
5772079
5772097
5772101
5772113
5772119
5772121
5772139
5772157
5772161
5772167
5772187
5772199
5772203
5772209
5772227
5772233
5772269
5772281
5772289
5772301
5772307
5772311
5772317
5772337
5772341
5772343
5772353
5772359
5772391
5772397
5772413
5772427
5772433
5772443
5772457
5772461
5772463
5772467
5772497
5772499
5772509
5772511
5772527
5772539
5772551
5772553
5772581
5772589
5772617
5772631
5772643
5772661
5772709
5772719
5772721
5772731
5772763
5772773
5772799
5772803
5772817
5772829
5772847
5772859
5772863
5772889
5772953
5772961
5772983
5772989
5772997
5773003
5773021
5773049
5773063
5773067
5773109
5773121
5773127
5773129
5773133
5773139
5773199
5773213
5773219
5773249
5773259
5773267
5773279
5773331
5773363
5773367
5773373
5773379
5773393
5773423
5773429
5773447
5773451
5773477
5773501
5773513
5773541
5773543
5773553
5773561
5773577
5773583
5773597
5773631
5773679
5773687
5773709
5773741
5773751
5773763
5773769
5773771
5773793
5773811
5773819
5773837
5773849
5773861
5773877
5773879
5773883
5773913
5773919
5773939
5773969
5773991
5774017
5774023
5774047
5774051
5774059
5774099
5774113
5774117
5774123
5774129
5774141
5774143
5774147
5774149
5774159
5774177
5774179
5774207
5774273
5774287
5774291
5774299
5774323
5774369
5774371
5774387
There are 1837 prime numbers in S400.
