S402(5803273~5832216)
5803283
5803297
5803309
5803313
5803321
5803349
5803351
5803361
5803373
5803381
5803387
5803411
5803433
5803439
5803453
5803459
5803471
5803489
5803517
5803543
5803549
5803559
5803597
5803619
5803639
5803657
5803661
5803687
5803697
5803729
5803739
5803747
5803757
5803769
5803781
5803807
5803823
5803841
5803849
5803859
5803867
5803877
5803879
5803883
5803891
5803901
5803907
5803927
5803933
5803937
5803939
5803943
5803951
5803961
5803969
5803979
5803991
5803999
5804017
5804023
5804033
5804041
5804053
5804059
5804069
5804081
5804087
5804093
5804129
5804137
5804159
5804173
5804203
5804207
5804221
5804261
5804297
5804311
5804317
5804339
5804341
5804353
5804371
5804377
5804413
5804423
5804431
5804473
5804483
5804509
5804521
5804543
5804563
5804573
5804581
5804609
5804621
5804639
5804651
5804653
5804663
5804677
5804693
5804707
5804737
5804749
5804759
5804767
5804783
5804797
5804807
5804831
5804849
5804873
5804879
5804881
5804927
5804941
5804971
5804983
5804987
5804989
5805011
5805053
5805061
5805073
5805077
5805097
5805113
5805119
5805161
5805167
5805193
5805227
5805229
5805251
5805253
5805257
5805259
5805287
5805341
5805343
5805367
5805377
5805383
5805391
5805403
5805413
5805419
5805439
5805467
5805479
5805491
5805493
5805509
5805511
5805521
5805523
5805529
5805577
5805589
5805593
5805607
5805623
5805629
5805671
5805689
5805691
5805719
5805733
5805743
5805749
5805809
5805841
5805847
5805851
5805853
5805859
5805869
5805871
5805889
5805893
5805907
5805911
5805941
5805953
5805967
5805973
5805977
5805997
5806033
5806043
5806049
5806067
5806069
5806081
5806109
5806111
5806117
5806121
5806123
5806139
5806147
5806159
5806217
5806237
5806243
5806253
5806259
5806289
5806301
5806319
5806337
5806349
5806357
5806369
5806387
5806391
5806397
5806429
5806441
5806453
5806477
5806481
5806487
5806513
5806523
5806531
5806547
5806561
5806613
5806637
5806643
5806657
5806687
5806727
5806729
5806739
5806747
5806769
5806771
5806781
5806807
5806813
5806841
5806861
5806883
5806901
5806907
5806909
5806937
5806961
5806981
5806987
5806993
5807029
5807069
5807071
5807101
5807111
5807119
5807147
5807159
5807167
5807171
5807173
5807209
5807213
5807227
5807233
5807239
5807257
5807267
5807299
5807327
5807357
5807401
5807413
5807423
5807467
5807479
5807497
5807507
5807513
5807533
5807539
5807561
5807579
5807603
5807617
5807621
5807647
5807651
5807653
5807657
5807663
5807671
5807677
5807701
5807717
5807719
5807723
5807731
5807741
5807771
5807777
5807797
5807827
5807831
5807849
5807869
5807887
5807903
5807929
5807941
5807947
5807957
5807959
5807969
5807981
5808007
5808017
5808037
5808041
5808059
5808073
5808083
5808097
5808107
5808113
5808157
5808161
5808193
5808211
5808221
5808227
5808239
5808241
5808247
5808269
5808277
5808287
5808293
5808301
5808329
5808331
5808337
5808349
5808367
5808379
5808403
5808419
5808421
5808487
5808493
5808499
5808521
5808527
5808541
5808553
5808557
5808571
5808601
5808617
5808631
5808643
5808653
5808689
5808697
5808701
5808707
5808731
5808739
5808743
5808767
5808773
5808779
5808797
5808799
5808809
5808841
5808863
5808899
5808919
5808931
5808947
5808973
5808977
5808983
5808989
5809031
5809033
5809051
5809093
5809103
5809109
5809123
5809129
5809151
5809159
5809201
5809207
5809229
5809241
5809283
5809289
5809313
5809327
5809357
5809387
5809399
5809403
5809411
5809439
5809451
5809469
5809477
5809499
5809511
5809549
5809567
5809571
5809589
5809607
5809613
5809619
5809627
5809633
5809651
5809663
5809667
5809681
5809693
5809711
5809721
5809723
5809729
5809747
5809753
5809757
5809829
5809847
5809849
5809861
5809871
5809873
5809883
5809891
5809931
5809939
5809943
5809949
5810011
5810023
5810071
5810081
5810087
5810111
5810137
5810149
5810159
5810171
5810177
5810183
5810197
5810201
5810251
5810263
5810267
5810279
5810291
5810297
5810303
5810309
5810317
5810323
5810327
5810341
5810351
5810359
5810381
5810383
5810401
5810407
5810419
5810437
5810471
5810477
5810489
5810507
5810521
5810531
5810533
5810537
5810557
5810587
5810593
5810603
5810611
5810621
5810639
5810647
5810653
5810659
5810683
5810689
5810699
5810731
5810741
5810771
5810773
5810801
5810803
5810863
5810869
5810953
5810983
5810989
5810993
5811007
5811011
5811061
5811073
5811083
5811089
5811101
5811119
5811121
5811163
5811187
5811191
5811227
5811241
5811301
5811307
5811313
5811343
5811347
5811349
5811373
5811383
5811389
5811391
5811401
5811413
5811419
5811431
5811437
5811461
5811469
5811497
5811517
5811521
5811527
5811529
5811599
5811607
5811643
5811649
5811661
5811667
5811727
5811731
5811733
5811761
5811769
5811779
5811797
5811811
5811823
5811829
5811833
5811863
5811889
5811899
5811907
5811917
5811931
5811937
5811959
5811961
5811979
5812013
5812057
5812063
5812073
5812087
5812111
5812117
5812127
5812129
5812199
5812217
5812223
5812231
5812237
5812243
5812253
5812259
5812277
5812319
5812327
5812343
5812361
5812363
5812369
5812379
5812397
5812403
5812421
5812427
5812463
5812483
5812493
5812517
5812523
5812549
5812559
5812571
5812577
5812579
5812619
5812633
5812649
5812661
5812687
5812711
5812733
5812801
5812823
5812837
5812843
5812867
5812883
5812889
5812907
5812927
5812931
5812943
5812957
5812979
5812981
5812991
5812999
5813009
5813023
5813051
5813053
5813077
5813123
5813131
5813141
5813147
5813149
5813153
5813173
5813191
5813233
5813251
5813263
5813281
5813309
5813323
5813333
5813341
5813347
5813407
5813419
5813429
5813441
5813443
5813527
5813537
5813567
5813573
5813579
5813593
5813603
5813611
5813617
5813627
5813663
5813723
5813749
5813761
5813767
5813783
5813789
5813803
5813807
5813827
5813861
5813879
5813887
5813893
5813903
5813989
5813993
5814001
5814043
5814071
5814077
5814079
5814089
5814091
5814113
5814121
5814131
5814139
5814161
5814167
5814199
5814203
5814223
5814227
5814257
5814287
5814301
5814311
5814313
5814317
5814343
5814349
5814353
5814371
5814397
5814401
5814407
5814421
5814433
5814449
5814467
5814481
5814491
5814499
5814521
5814533
5814541
5814547
5814559
5814563
5814569
5814583
5814619
5814623
5814643
5814647
5814673
5814707
5814713
5814727
5814737
5814749
5814751
5814769
5814797
5814803
5814811
5814821
5814827
5814839
5814841
5814857
5814869
5814871
5814899
5814911
5814923
5814937
5814967
5814983
5815009
5815013
5815027
5815039
5815057
5815079
5815081
5815087
5815097
5815127
5815133
5815141
5815151
5815163
5815177
5815181
5815189
5815211
5815219
5815223
5815231
5815291
5815307
5815331
5815333
5815361
5815379
5815417
5815421
5815423
5815487
5815489
5815517
5815519
5815529
5815541
5815543
5815559
5815591
5815603
5815627
5815651
5815661
5815687
5815699
5815721
5815723
5815739
5815753
5815769
5815781
5815783
5815811
5815813
5815847
5815861
5815867
5815903
5815907
5815937
5815951
5815961
5815963
5815969
5815981
5816009
5816021
5816029
5816047
5816077
5816089
5816093
5816113
5816117
5816123
5816143
5816183
5816191
5816201
5816207
5816221
5816233
5816243
5816257
5816267
5816303
5816333
5816339
5816341
5816347
5816387
5816399
5816407
5816453
5816467
5816477
5816483
5816491
5816507
5816521
5816549
5816563
5816581
5816597
5816599
5816611
5816639
5816647
5816651
5816683
5816687
5816689
5816731
5816749
5816753
5816801
5816813
5816821
5816851
5816879
5816891
5816897
5816917
5816927
5816971
5816989
5817001
5817037
5817041
5817047
5817061
5817073
5817107
5817113
5817167
5817191
5817199
5817209
5817233
5817239
5817263
5817283
5817293
5817299
5817319
5817347
5817377
5817379
5817389
5817397
5817403
5817437
5817467
5817503
5817517
5817533
5817541
5817563
5817569
5817571
5817583
5817593
5817601
5817641
5817649
5817653
5817671
5817673
5817683
5817703
5817733
5817751
5817767
5817803
5817829
5817853
5817869
5817887
5817899
5817907
5817913
5817937
5817947
5817967
5818013
5818061
5818073
5818081
5818117
5818121
5818129
5818133
5818151
5818159
5818193
5818229
5818231
5818247
5818249
5818259
5818277
5818279
5818283
5818289
5818321
5818331
5818343
5818381
5818391
5818399
5818409
5818411
5818457
5818469
5818487
5818493
5818511
5818513
5818523
5818543
5818559
5818601
5818613
5818619
5818621
5818633
5818643
5818651
5818697
5818721
5818723
5818727
5818733
5818819
5818823
5818847
5818853
5818859
5818871
5818873
5818907
5818949
5818951
5818963
5818987
5818991
5818999
5819003
5819039
5819057
5819063
5819071
5819081
5819113
5819123
5819129
5819131
5819141
5819153
5819159
5819167
5819179
5819189
5819221
5819237
5819239
5819243
5819269
5819279
5819291
5819293
5819327
5819353
5819369
5819381
5819393
5819441
5819467
5819477
5819479
5819501
5819503
5819507
5819531
5819543
5819549
5819551
5819557
5819563
5819647
5819651
5819659
5819669
5819677
5819683
5819689
5819699
5819717
5819741
5819773
5819777
5819789
5819813
5819857
5819867
5819873
5819881
5819929
5819939
5819959
5819969
5819987
5819999
5820011
5820037
5820041
5820049
5820079
5820119
5820121
5820131
5820149
5820187
5820197
5820229
5820233
5820247
5820277
5820299
5820313
5820323
5820337
5820349
5820361
5820371
5820377
5820383
5820389
5820421
5820431
5820469
5820473
5820481
5820487
5820497
5820499
5820533
5820539
5820553
5820569
5820571
5820583
5820589
5820599
5820611
5820623
5820629
5820637
5820667
5820671
5820673
5820697
5820713
5820739
5820751
5820757
5820761
5820769
5820797
5820823
5820827
5820833
5820847
5820853
5820869
5820883
5820887
5820917
5820923
5820929
5820943
5820959
5820977
5821003
5821007
5821009
5821019
5821033
5821037
5821051
5821063
5821069
5821097
5821129
5821159
5821171
5821177
5821183
5821213
5821229
5821237
5821243
5821271
5821289
5821301
5821313
5821331
5821339
5821349
5821357
5821367
5821393
5821423
5821441
5821447
5821451
5821499
5821511
5821559
5821567
5821577
5821591
5821597
5821603
5821637
5821639
5821643
5821687
5821693
5821729
5821759
5821789
5821793
5821817
5821841
5821853
5821859
5821889
5821897
5821909
5821919
5821931
5821951
5821957
5821979
5822021
5822027
5822077
5822081
5822083
5822093
5822101
5822111
5822129
5822137
5822147
5822149
5822153
5822207
5822239
5822249
5822251
5822269
5822273
5822317
5822351
5822371
5822387
5822419
5822423
5822441
5822459
5822461
5822471
5822477
5822489
5822491
5822521
5822539
5822561
5822567
5822573
5822599
5822603
5822623
5822627
5822669
5822681
5822701
5822717
5822723
5822731
5822741
5822743
5822767
5822807
5822821
5822827
5822867
5822897
5822917
5822963
5822969
5822981
5822983
5822989
5823001
5823019
5823029
5823053
5823067
5823073
5823091
5823119
5823131
5823143
5823149
5823179
5823187
5823193
5823211
5823221
5823227
5823239
5823247
5823263
5823277
5823281
5823289
5823317
5823341
5823373
5823379
5823409
5823413
5823421
5823437
5823449
5823463
5823473
5823497
5823509
5823523
5823527
5823539
5823547
5823553
5823563
5823569
5823611
5823641
5823659
5823667
5823739
5823743
5823749
5823757
5823767
5823773
5823793
5823821
5823859
5823869
5823871
5823887
5823889
5823913
5823931
5823943
5823947
5823967
5823971
5823989
5824003
5824019
5824031
5824043
5824069
5824073
5824079
5824111
5824141
5824151
5824199
5824211
5824271
5824277
5824297
5824309
5824321
5824327
5824333
5824349
5824363
5824369
5824409
5824417
5824453
5824457
5824471
5824477
5824493
5824499
5824513
5824529
5824571
5824573
5824631
5824639
5824649
5824667
5824673
5824703
5824717
5824723
5824739
5824751
5824781
5824789
5824813
5824831
5824837
5824843
5824867
5824883
5824919
5824921
5824939
5824967
5824979
5825009
5825041
5825051
5825059
5825063
5825107
5825111
5825161
5825173
5825207
5825213
5825221
5825231
5825251
5825257
5825291
5825293
5825297
5825311
5825333
5825353
5825359
5825399
5825431
5825437
5825447
5825497
5825503
5825513
5825527
5825557
5825563
5825569
5825581
5825591
5825593
5825627
5825641
5825653
5825669
5825671
5825681
5825711
5825741
5825749
5825753
5825767
5825773
5825777
5825797
5825803
5825819
5825843
5825879
5825891
5825899
5825903
5825947
5825957
5825959
5825971
5825993
5825999
5826001
5826127
5826133
5826137
5826157
5826169
5826173
5826193
5826251
5826259
5826263
5826277
5826281
5826299
5826311
5826313
5826319
5826341
5826389
5826391
5826397
5826413
5826421
5826433
5826437
5826451
5826493
5826497
5826503
5826533
5826539
5826547
5826577
5826599
5826643
5826671
5826677
5826679
5826701
5826721
5826739
5826763
5826811
5826827
5826833
5826841
5826851
5826893
5826911
5826913
5826949
5826959
5826967
5826991
5827001
5827007
5827037
5827049
5827051
5827099
5827103
5827109
5827117
5827169
5827177
5827189
5827193
5827223
5827229
5827259
5827267
5827279
5827301
5827307
5827309
5827321
5827333
5827337
5827343
5827351
5827361
5827373
5827399
5827417
5827427
5827429
5827439
5827499
5827511
5827519
5827531
5827559
5827561
5827573
5827589
5827603
5827639
5827643
5827681
5827687
5827691
5827697
5827709
5827711
5827729
5827777
5827823
5827831
5827847
5827849
5827867
5827873
5827931
5827937
5827949
5827963
5827967
5827973
5827979
5827999
5828023
5828033
5828057
5828077
5828087
5828099
5828107
5828149
5828153
5828167
5828189
5828209
5828219
5828227
5828233
5828237
5828239
5828257
5828281
5828287
5828299
5828309
5828353
5828363
5828369
5828371
5828377
5828401
5828441
5828443
5828447
5828479
5828483
5828491
5828513
5828561
5828567
5828587
5828593
5828617
5828621
5828629
5828663
5828677
5828701
5828723
5828741
5828749
5828759
5828761
5828789
5828791
5828803
5828813
5828833
5828843
5828863
5828897
5828917
5828941
5828947
5828957
5828981
5828983
5828989
5829001
5829041
5829049
5829059
5829071
5829119
5829121
5829127
5829137
5829139
5829149
5829157
5829167
5829169
5829191
5829199
5829223
5829227
5829247
5829251
5829277
5829287
5829301
5829323
5829349
5829353
5829361
5829391
5829401
5829403
5829413
5829433
5829451
5829463
5829529
5829533
5829539
5829559
5829569
5829583
5829601
5829641
5829661
5829679
5829701
5829721
5829727
5829743
5829773
5829779
5829823
5829839
5829847
5829869
5829883
5829911
5829917
5829919
5829931
5829937
5829961
5829973
5830001
5830007
5830039
5830049
5830051
5830057
5830061
5830079
5830087
5830091
5830129
5830151
5830163
5830177
5830183
5830193
5830213
5830219
5830229
5830249
5830259
5830271
5830277
5830313
5830333
5830343
5830369
5830373
5830381
5830393
5830403
5830411
5830453
5830457
5830459
5830483
5830493
5830547
5830577
5830579
5830589
5830603
5830607
5830613
5830621
5830631
5830639
5830691
5830703
5830709
5830717
5830763
5830787
5830789
5830801
5830819
5830829
5830837
5830841
5830849
5830859
5830861
5830871
5830873
5830879
5830907
5830919
5830921
5830963
5830987
5831009
5831041
5831047
5831053
5831057
5831087
5831093
5831123
5831129
5831141
5831183
5831197
5831239
5831249
5831251
5831257
5831261
5831269
5831281
5831303
5831321
5831363
5831381
5831387
5831401
5831509
5831513
5831519
5831521
5831557
5831597
5831603
5831611
5831621
5831633
5831647
5831653
5831659
5831669
5831671
5831677
5831687
5831699
5831723
5831729
5831753
5831759
5831767
5831773
5831779
5831797
5831801
5831831
5831843
5831863
5831887
5831893
5831899
5831909
5831911
5831921
5831923
5831927
5831933
5831939
5831951
5831957
5831971
5831981
5831983
5832007
5832019
5832049
5832053
5832097
5832109
5832121
5832131
5832143
5832157
5832163
5832181
5832187
There are 1864 prime numbers in S402.
