S404(5861233~5890320)
5861239
5861249
5861267
5861279
5861299
5861309
5861321
5861347
5861351
5861371
5861381
5861407
5861411
5861437
5861461
5861467
5861497
5861501
5861507
5861539
5861579
5861593
5861621
5861623
5861663
5861677
5861701
5861707
5861731
5861749
5861761
5861767
5861773
5861777
5861789
5861813
5861837
5861851
5861881
5861929
5861951
5861963
5862011
5862023
5862029
5862053
5862083
5862113
5862121
5862133
5862137
5862149
5862167
5862173
5862179
5862187
5862211
5862239
5862253
5862287
5862293
5862313
5862349
5862361
5862371
5862377
5862397
5862419
5862421
5862443
5862449
5862473
5862497
5862509
5862517
5862529
5862547
5862559
5862599
5862601
5862617
5862667
5862673
5862679
5862691
5862709
5862743
5862757
5862763
5862767
5862799
5862821
5862833
5862847
5862929
5862931
5862973
5863009
5863027
5863043
5863049
5863051
5863073
5863097
5863111
5863129
5863139
5863199
5863211
5863213
5863217
5863261
5863271
5863303
5863313
5863327
5863331
5863349
5863373
5863379
5863411
5863421
5863441
5863469
5863499
5863511
5863513
5863519
5863531
5863541
5863567
5863573
5863577
5863591
5863601
5863621
5863631
5863633
5863651
5863667
5863679
5863699
5863703
5863709
5863727
5863729
5863733
5863751
5863763
5863769
5863789
5863801
5863807
5863811
5863817
5863831
5863841
5863843
5863853
5863859
5863877
5863889
5863903
5863927
5863939
5863981
5863987
5864009
5864021
5864029
5864063
5864071
5864077
5864081
5864101
5864129
5864153
5864171
5864197
5864203
5864207
5864213
5864233
5864263
5864279
5864281
5864311
5864317
5864321
5864347
5864401
5864413
5864429
5864431
5864437
5864449
5864459
5864489
5864497
5864501
5864513
5864533
5864557
5864561
5864567
5864569
5864603
5864623
5864627
5864629
5864633
5864657
5864669
5864687
5864713
5864731
5864737
5864753
5864773
5864783
5864791
5864819
5864849
5864857
5864861
5864867
5864869
5864891
5864909
5864917
5864933
5864993
5865019
5865031
5865043
5865059
5865061
5865103
5865121
5865133
5865137
5865143
5865151
5865179
5865191
5865193
5865199
5865227
5865257
5865259
5865283
5865347
5865389
5865397
5865403
5865407
5865413
5865439
5865467
5865473
5865487
5865533
5865551
5865571
5865599
5865611
5865641
5865653
5865679
5865703
5865707
5865709
5865719
5865733
5865751
5865757
5865773
5865779
5865803
5865809
5865817
5865823
5865841
5865863
5865887
5865919
5865941
5865947
5865961
5865967
5865971
5865973
5865983
5866001
5866013
5866019
5866031
5866039
5866043
5866057
5866067
5866073
5866097
5866109
5866123
5866129
5866141
5866151
5866177
5866213
5866243
5866247
5866249
5866261
5866277
5866291
5866327
5866351
5866363
5866369
5866373
5866379
5866417
5866423
5866451
5866457
5866519
5866537
5866591
5866607
5866631
5866661
5866691
5866699
5866709
5866711
5866723
5866727
5866747
5866759
5866769
5866793
5866799
5866807
5866811
5866823
5866837
5866841
5866849
5866867
5866871
5866891
5866897
5866951
5866957
5867003
5867009
5867011
5867027
5867033
5867063
5867087
5867089
5867101
5867107
5867111
5867119
5867129
5867149
5867161
5867179
5867207
5867237
5867249
5867293
5867297
5867311
5867317
5867321
5867327
5867347
5867357
5867377
5867399
5867417
5867419
5867429
5867443
5867467
5867473
5867489
5867509
5867531
5867539
5867549
5867557
5867569
5867581
5867591
5867593
5867597
5867623
5867647
5867671
5867707
5867717
5867731
5867747
5867749
5867761
5867767
5867777
5867791
5867803
5867857
5867861
5867891
5867893
5867899
5867929
5867933
5867951
5867957
5867969
5867971
5867989
5867993
5868019
5868053
5868073
5868101
5868103
5868127
5868133
5868143
5868193
5868211
5868217
5868223
5868241
5868257
5868263
5868271
5868277
5868293
5868301
5868307
5868347
5868361
5868377
5868461
5868479
5868487
5868509
5868521
5868523
5868529
5868539
5868557
5868581
5868593
5868601
5868613
5868619
5868623
5868649
5868677
5868721
5868761
5868767
5868803
5868809
5868833
5868869
5868883
5868899
5868901
5868953
5868959
5868971
5869001
5869007
5869033
5869067
5869069
5869079
5869091
5869093
5869099
5869103
5869111
5869121
5869139
5869151
5869153
5869159
5869169
5869181
5869229
5869243
5869277
5869289
5869319
5869337
5869343
5869349
5869351
5869361
5869363
5869399
5869411
5869417
5869427
5869429
5869433
5869441
5869453
5869469
5869477
5869489
5869517
5869561
5869579
5869597
5869609
5869627
5869657
5869663
5869667
5869673
5869679
5869691
5869739
5869741
5869751
5869763
5869769
5869781
5869837
5869859
5869891
5869933
5869949
5869951
5869961
5869987
5869999
5870017
5870021
5870023
5870027
5870041
5870057
5870077
5870089
5870099
5870101
5870113
5870141
5870143
5870167
5870171
5870197
5870201
5870243
5870251
5870273
5870299
5870303
5870311
5870327
5870329
5870357
5870363
5870393
5870407
5870419
5870429
5870437
5870467
5870471
5870477
5870509
5870533
5870549
5870561
5870573
5870581
5870591
5870603
5870611
5870617
5870621
5870633
5870659
5870693
5870713
5870719
5870737
5870759
5870779
5870783
5870801
5870803
5870807
5870857
5870881
5870923
5870927
5870939
5870959
5870987
5870993
5870999
5871013
5871017
5871023
5871037
5871071
5871109
5871113
5871139
5871161
5871163
5871167
5871179
5871211
5871223
5871259
5871301
5871319
5871343
5871353
5871373
5871377
5871391
5871403
5871407
5871421
5871451
5871457
5871461
5871469
5871479
5871529
5871533
5871539
5871557
5871559
5871563
5871571
5871577
5871581
5871599
5871611
5871631
5871661
5871673
5871707
5871709
5871713
5871727
5871731
5871743
5871763
5871769
5871781
5871797
5871823
5871829
5871841
5871871
5871881
5871907
5871911
5871917
5871959
5871961
5871973
5872003
5872019
5872033
5872067
5872079
5872091
5872103
5872109
5872117
5872127
5872147
5872151
5872177
5872187
5872213
5872249
5872253
5872261
5872289
5872303
5872313
5872319
5872331
5872343
5872357
5872369
5872379
5872397
5872403
5872417
5872421
5872439
5872441
5872457
5872459
5872507
5872511
5872513
5872523
5872543
5872549
5872561
5872571
5872579
5872583
5872589
5872597
5872627
5872651
5872661
5872663
5872673
5872681
5872687
5872693
5872709
5872739
5872787
5872793
5872807
5872813
5872817
5872829
5872849
5872873
5872879
5872891
5872903
5872913
5872921
5872927
5872931
5872943
5872961
5872969
5872987
5872991
5873003
5873009
5873011
5873039
5873057
5873081
5873083
5873107
5873111
5873129
5873159
5873173
5873201
5873207
5873227
5873239
5873243
5873249
5873267
5873281
5873293
5873297
5873311
5873323
5873359
5873419
5873423
5873437
5873471
5873473
5873479
5873501
5873503
5873519
5873521
5873561
5873587
5873591
5873611
5873677
5873711
5873719
5873741
5873753
5873761
5873767
5873801
5873807
5873837
5873851
5873897
5873899
5873941
5873951
5873953
5873971
5874007
5874017
5874023
5874041
5874049
5874103
5874133
5874137
5874139
5874151
5874161
5874179
5874199
5874227
5874229
5874251
5874263
5874277
5874293
5874301
5874331
5874347
5874371
5874397
5874403
5874419
5874431
5874481
5874497
5874509
5874563
5874607
5874641
5874643
5874647
5874653
5874709
5874721
5874731
5874751
5874769
5874787
5874793
5874829
5874833
5874839
5874853
5874863
5874871
5874881
5874889
5874899
5874917
5874923
5874937
5874941
5874977
5875003
5875021
5875031
5875033
5875063
5875087
5875109
5875117
5875159
5875169
5875171
5875187
5875211
5875231
5875249
5875273
5875291
5875301
5875333
5875343
5875349
5875361
5875367
5875369
5875403
5875409
5875417
5875433
5875439
5875451
5875469
5875501
5875531
5875547
5875549
5875553
5875577
5875589
5875609
5875613
5875619
5875621
5875627
5875631
5875643
5875657
5875663
5875687
5875721
5875729
5875757
5875763
5875781
5875811
5875813
5875817
5875847
5875861
5875867
5875901
5875913
5875937
5875939
5875943
5875973
5875979
5875981
5876011
5876021
5876023
5876029
5876041
5876051
5876053
5876071
5876077
5876083
5876089
5876107
5876131
5876137
5876147
5876153
5876177
5876179
5876197
5876207
5876219
5876231
5876239
5876249
5876309
5876323
5876327
5876371
5876383
5876389
5876393
5876399
5876401
5876443
5876447
5876501
5876513
5876579
5876593
5876597
5876609
5876621
5876627
5876641
5876677
5876683
5876687
5876699
5876729
5876743
5876797
5876807
5876809
5876839
5876867
5876869
5876881
5876903
5876911
5876929
5876933
5876957
5876963
5876971
5876977
5876989
5876993
5876999
5877013
5877031
5877041
5877103
5877127
5877143
5877149
5877161
5877181
5877187
5877211
5877229
5877233
5877239
5877247
5877253
5877269
5877299
5877301
5877323
5877331
5877341
5877349
5877353
5877367
5877371
5877407
5877419
5877439
5877481
5877499
5877503
5877511
5877523
5877527
5877551
5877559
5877583
5877587
5877601
5877629
5877659
5877661
5877671
5877689
5877701
5877737
5877763
5877769
5877779
5877791
5877793
5877797
5877829
5877841
5877853
5877871
5877881
5877913
5877917
5877929
5877947
5877953
5877959
5877967
5877979
5877983
5878007
5878009
5878027
5878051
5878063
5878069
5878091
5878109
5878121
5878123
5878139
5878219
5878241
5878247
5878289
5878333
5878343
5878349
5878399
5878403
5878417
5878421
5878451
5878463
5878489
5878493
5878507
5878511
5878517
5878529
5878541
5878553
5878559
5878571
5878591
5878603
5878633
5878637
5878661
5878673
5878679
5878681
5878693
5878709
5878721
5878723
5878739
5878751
5878799
5878811
5878837
5878849
5878877
5878927
5878963
5878969
5878981
5878993
5879009
5879011
5879017
5879021
5879023
5879033
5879039
5879077
5879087
5879123
5879177
5879197
5879207
5879213
5879231
5879233
5879239
5879273
5879333
5879339
5879353
5879369
5879381
5879383
5879387
5879407
5879413
5879437
5879473
5879479
5879483
5879507
5879521
5879537
5879539
5879557
5879593
5879597
5879611
5879617
5879623
5879647
5879659
5879669
5879681
5879693
5879711
5879749
5879761
5879791
5879813
5879821
5879831
5879833
5879857
5879869
5879957
5879959
5879983
5880023
5880031
5880037
5880041
5880047
5880053
5880059
5880067
5880073
5880103
5880109
5880137
5880143
5880163
5880169
5880187
5880209
5880229
5880233
5880241
5880263
5880269
5880271
5880307
5880323
5880349
5880361
5880377
5880397
5880401
5880409
5880437
5880449
5880463
5880493
5880503
5880529
5880541
5880547
5880587
5880601
5880619
5880629
5880631
5880643
5880653
5880697
5880713
5880727
5880737
5880739
5880751
5880757
5880767
5880769
5880773
5880811
5880821
5880829
5880841
5880851
5880857
5880863
5880883
5880887
5880907
5880911
5880913
5880923
5880947
5880967
5881003
5881009
5881019
5881021
5881033
5881037
5881069
5881079
5881087
5881093
5881097
5881111
5881159
5881177
5881189
5881217
5881219
5881231
5881237
5881247
5881277
5881319
5881339
5881349
5881367
5881373
5881397
5881417
5881423
5881429
5881441
5881457
5881459
5881487
5881501
5881511
5881517
5881523
5881543
5881567
5881597
5881607
5881633
5881637
5881639
5881649
5881657
5881699
5881703
5881709
5881717
5881727
5881739
5881747
5881783
5881793
5881801
5881807
5881823
5881831
5881873
5881879
5881913
5881919
5881969
5881973
5881979
5881991
5881999
5882011
5882027
5882053
5882057
5882059
5882083
5882101
5882113
5882141
5882143
5882159
5882171
5882179
5882189
5882197
5882203
5882207
5882213
5882231
5882237
5882243
5882249
5882257
5882263
5882287
5882309
5882321
5882329
5882333
5882339
5882347
5882351
5882353
5882363
5882377
5882407
5882423
5882431
5882449
5882479
5882489
5882501
5882509
5882531
5882537
5882579
5882581
5882587
5882603
5882623
5882627
5882651
5882659
5882677
5882689
5882717
5882729
5882743
5882749
5882771
5882783
5882797
5882819
5882827
5882857
5882861
5882879
5882881
5882887
5882923
5882927
5882939
5882941
5882971
5882977
5882983
5882993
5882999
5883001
5883019
5883029
5883077
5883083
5883089
5883091
5883107
5883109
5883113
5883121
5883127
5883133
5883151
5883169
5883221
5883233
5883271
5883277
5883281
5883301
5883323
5883347
5883359
5883379
5883391
5883401
5883403
5883419
5883431
5883439
5883443
5883457
5883467
5883473
5883487
5883503
5883509
5883569
5883587
5883593
5883599
5883641
5883643
5883659
5883667
5883671
5883677
5883679
5883719
5883721
5883737
5883803
5883821
5883827
5883847
5883881
5883919
5883947
5883961
5883967
5883971
5883973
5883979
5884001
5884003
5884027
5884049
5884051
5884061
5884063
5884069
5884097
5884103
5884133
5884139
5884169
5884171
5884181
5884189
5884201
5884217
5884237
5884253
5884271
5884289
5884309
5884313
5884321
5884331
5884337
5884349
5884379
5884393
5884427
5884429
5884453
5884469
5884511
5884523
5884531
5884559
5884577
5884589
5884633
5884639
5884649
5884663
5884673
5884687
5884691
5884717
5884721
5884727
5884741
5884751
5884759
5884777
5884787
5884793
5884807
5884817
5884819
5884829
5884841
5884861
5884867
5884871
5884877
5884891
5884909
5884919
5884939
5884943
5884951
5884969
5884973
5884993
5884997
5885029
5885051
5885059
5885081
5885083
5885093
5885123
5885129
5885137
5885141
5885147
5885177
5885189
5885203
5885207
5885227
5885233
5885239
5885249
5885267
5885311
5885323
5885353
5885359
5885377
5885389
5885431
5885449
5885483
5885501
5885507
5885513
5885531
5885533
5885543
5885599
5885623
5885647
5885653
5885713
5885717
5885731
5885741
5885743
5885777
5885783
5885807
5885821
5885827
5885833
5885843
5885879
5885881
5885897
5885903
5885909
5885911
5885933
5885981
5885983
5885993
5886007
5886011
5886019
5886031
5886037
5886059
5886061
5886121
5886149
5886157
5886169
5886191
5886239
5886241
5886259
5886263
5886269
5886271
5886281
5886289
5886341
5886359
5886383
5886407
5886427
5886451
5886457
5886469
5886473
5886481
5886487
5886499
5886521
5886533
5886541
5886547
5886581
5886611
5886613
5886631
5886649
5886653
5886659
5886667
5886677
5886679
5886691
5886701
5886719
5886721
5886757
5886761
5886767
5886787
5886799
5886851
5886857
5886871
5886887
5886889
5886901
5886911
5886929
5886943
5886953
5886967
5886973
5886989
5886997
5887003
5887031
5887039
5887043
5887051
5887061
5887069
5887097
5887109
5887121
5887127
5887129
5887153
5887157
5887163
5887183
5887213
5887229
5887243
5887279
5887289
5887307
5887327
5887351
5887367
5887381
5887393
5887421
5887447
5887451
5887459
5887463
5887487
5887507
5887513
5887529
5887543
5887573
5887577
5887589
5887591
5887597
5887601
5887621
5887631
5887649
5887691
5887711
5887733
5887741
5887751
5887753
5887757
5887769
5887801
5887807
5887811
5887867
5887877
5887879
5887909
5887927
5887939
5887963
5887993
5888009
5888021
5888039
5888053
5888059
5888083
5888087
5888089
5888093
5888117
5888167
5888173
5888177
5888203
5888219
5888221
5888227
5888231
5888261
5888263
5888287
5888321
5888359
5888369
5888383
5888411
5888431
5888453
5888471
5888497
5888501
5888521
5888539
5888557
5888573
5888593
5888611
5888627
5888633
5888639
5888657
5888693
5888717
5888719
5888737
5888741
5888873
5888881
5888887
5888899
5888903
5888923
5888929
5888951
5888963
5888969
5888999
5889011
5889017
5889019
5889029
5889043
5889049
5889073
5889077
5889097
5889109
5889113
5889119
5889131
5889139
5889167
5889187
5889211
5889239
5889251
5889263
5889269
5889271
5889277
5889283
5889313
5889319
5889341
5889347
5889383
5889419
5889451
5889461
5889467
5889469
5889491
5889517
5889539
5889547
5889551
5889553
5889577
5889607
5889619
5889649
5889661
5889671
5889683
5889703
5889707
5889727
5889739
5889787
5889809
5889811
5889833
5889853
5889857
5889869
5889881
5889887
5889889
5889893
5889913
5889953
5889959
5889971
5889979
5889991
5890013
5890051
5890061
5890081
5890111
5890117
5890121
5890123
5890189
5890193
5890207
5890223
5890237
5890267
5890301
5890303
5890307
There are 1882 prime numbers in S404.
