S405(5890321~5919480)
5890321
5890337
5890349
5890397
5890447
5890459
5890471
5890481
5890531
5890537
5890541
5890543
5890559
5890561
5890583
5890601
5890607
5890609
5890637
5890639
5890663
5890667
5890679
5890693
5890747
5890751
5890777
5890813
5890849
5890853
5890873
5890883
5890889
5890903
5890979
5890981
5890987
5891009
5891021
5891047
5891051
5891077
5891087
5891113
5891117
5891131
5891141
5891143
5891153
5891161
5891203
5891213
5891219
5891227
5891233
5891261
5891279
5891293
5891297
5891317
5891323
5891357
5891359
5891363
5891371
5891383
5891393
5891407
5891419
5891429
5891443
5891447
5891449
5891453
5891467
5891471
5891477
5891491
5891507
5891521
5891531
5891569
5891573
5891579
5891597
5891617
5891623
5891629
5891663
5891687
5891759
5891761
5891773
5891783
5891789
5891797
5891803
5891813
5891839
5891849
5891863
5891867
5891939
5891971
5891981
5891983
5891993
5891999
5892001
5892011
5892023
5892043
5892059
5892091
5892113
5892121
5892127
5892137
5892193
5892197
5892199
5892203
5892277
5892283
5892311
5892323
5892331
5892371
5892377
5892379
5892391
5892401
5892409
5892427
5892433
5892443
5892457
5892461
5892493
5892521
5892529
5892533
5892547
5892559
5892571
5892581
5892599
5892617
5892619
5892637
5892683
5892701
5892703
5892707
5892709
5892721
5892739
5892749
5892767
5892791
5892823
5892827
5892833
5892839
5892841
5892881
5892937
5892941
5892947
5892949
5892959
5892973
5892977
5892989
5893039
5893049
5893051
5893057
5893079
5893081
5893087
5893091
5893093
5893103
5893117
5893127
5893141
5893171
5893201
5893231
5893241
5893243
5893247
5893273
5893319
5893331
5893337
5893343
5893357
5893367
5893369
5893399
5893403
5893411
5893417
5893421
5893423
5893457
5893493
5893507
5893513
5893519
5893529
5893549
5893571
5893609
5893621
5893633
5893661
5893673
5893691
5893697
5893721
5893733
5893799
5893807
5893837
5893859
5893861
5893871
5893879
5893891
5893897
5893907
5893919
5893939
5893961
5893963
5893973
5893997
5894033
5894039
5894051
5894071
5894081
5894089
5894101
5894107
5894131
5894143
5894149
5894153
5894167
5894177
5894179
5894209
5894249
5894263
5894267
5894293
5894303
5894321
5894323
5894327
5894333
5894347
5894353
5894363
5894377
5894401
5894431
5894443
5894477
5894479
5894533
5894543
5894561
5894591
5894641
5894653
5894659
5894671
5894683
5894701
5894711
5894717
5894719
5894723
5894761
5894773
5894783
5894789
5894797
5894813
5894839
5894849
5894873
5894891
5894893
5894899
5894927
5894947
5894953
5894957
5894983
5895011
5895017
5895023
5895037
5895041
5895049
5895077
5895079
5895089
5895119
5895143
5895151
5895157
5895161
5895167
5895179
5895181
5895203
5895229
5895233
5895251
5895283
5895293
5895299
5895319
5895341
5895347
5895353
5895359
5895367
5895371
5895389
5895401
5895403
5895419
5895427
5895443
5895479
5895499
5895503
5895509
5895511
5895517
5895523
5895541
5895557
5895559
5895581
5895607
5895629
5895641
5895647
5895679
5895689
5895697
5895707
5895731
5895733
5895737
5895761
5895763
5895767
5895793
5895809
5895817
5895853
5895863
5895893
5895899
5895907
5895931
5895941
5895943
5895949
5895959
5895971
5896003
5896043
5896049
5896057
5896123
5896129
5896133
5896139
5896141
5896151
5896181
5896183
5896207
5896217
5896243
5896259
5896271
5896277
5896301
5896307
5896313
5896379
5896391
5896421
5896427
5896459
5896463
5896493
5896507
5896523
5896537
5896567
5896591
5896601
5896609
5896613
5896691
5896699
5896711
5896747
5896769
5896771
5896777
5896811
5896819
5896823
5896829
5896837
5896843
5896927
5896951
5896963
5896981
5896987
5897033
5897041
5897057
5897069
5897081
5897093
5897107
5897117
5897119
5897123
5897167
5897173
5897183
5897197
5897209
5897219
5897251
5897261
5897267
5897279
5897291
5897299
5897303
5897327
5897329
5897341
5897377
5897387
5897389
5897413
5897417
5897443
5897447
5897449
5897477
5897497
5897531
5897537
5897539
5897561
5897599
5897609
5897611
5897621
5897627
5897641
5897653
5897669
5897707
5897711
5897761
5897767
5897807
5897813
5897819
5897831
5897833
5897839
5897849
5897851
5897869
5897917
5897921
5897953
5897977
5897981
5897989
5898001
5898023
5898043
5898047
5898071
5898121
5898131
5898163
5898169
5898197
5898199
5898209
5898253
5898257
5898259
5898283
5898287
5898293
5898307
5898311
5898313
5898323
5898329
5898331
5898349
5898367
5898413
5898421
5898433
5898437
5898443
5898457
5898469
5898509
5898521
5898533
5898539
5898593
5898601
5898617
5898623
5898637
5898689
5898691
5898733
5898749
5898757
5898817
5898821
5898839
5898853
5898859
5898931
5898967
5898973
5898979
5898989
5899013
5899043
5899073
5899079
5899081
5899087
5899099
5899163
5899171
5899181
5899183
5899193
5899199
5899211
5899217
5899241
5899259
5899261
5899273
5899279
5899307
5899321
5899337
5899343
5899363
5899373
5899379
5899381
5899409
5899427
5899429
5899451
5899457
5899489
5899501
5899507
5899529
5899541
5899547
5899549
5899567
5899573
5899591
5899601
5899627
5899639
5899651
5899657
5899669
5899681
5899693
5899711
5899739
5899759
5899763
5899783
5899807
5899813
5899837
5899849
5899853
5899877
5899919
5899931
5899967
5899973
5899979
5899991
5899997
5900047
5900093
5900099
5900101
5900107
5900113
5900123
5900129
5900161
5900189
5900197
5900227
5900231
5900243
5900263
5900281
5900287
5900291
5900299
5900303
5900329
5900381
5900383
5900399
5900407
5900423
5900441
5900459
5900467
5900473
5900519
5900539
5900551
5900567
5900569
5900579
5900593
5900617
5900639
5900641
5900677
5900681
5900701
5900707
5900711
5900731
5900743
5900753
5900771
5900779
5900813
5900827
5900831
5900863
5900879
5900893
5900911
5900941
5900953
5900959
5900969
5900971
5900981
5900987
5901031
5901043
5901047
5901061
5901083
5901097
5901109
5901113
5901131
5901163
5901173
5901187
5901209
5901223
5901251
5901257
5901263
5901289
5901299
5901331
5901341
5901347
5901349
5901353
5901359
5901403
5901407
5901421
5901433
5901437
5901481
5901487
5901503
5901509
5901521
5901527
5901541
5901551
5901557
5901569
5901607
5901617
5901619
5901629
5901631
5901653
5901659
5901667
5901671
5901677
5901697
5901739
5901751
5901757
5901767
5901781
5901821
5901851
5901859
5901871
5901887
5901893
5901901
5901919
5901971
5902019
5902021
5902031
5902033
5902037
5902063
5902081
5902087
5902093
5902139
5902147
5902151
5902157
5902181
5902187
5902201
5902219
5902249
5902261
5902289
5902291
5902321
5902333
5902363
5902367
5902373
5902387
5902397
5902411
5902423
5902433
5902447
5902471
5902487
5902489
5902517
5902549
5902571
5902601
5902607
5902609
5902613
5902619
5902627
5902639
5902649
5902661
5902669
5902693
5902703
5902733
5902753
5902759
5902783
5902807
5902823
5902829
5902837
5902843
5902861
5902879
5902903
5902907
5902931
5902987
5903021
5903039
5903041
5903081
5903099
5903119
5903137
5903141
5903143
5903159
5903171
5903173
5903189
5903197
5903201
5903251
5903257
5903263
5903311
5903321
5903329
5903333
5903351
5903353
5903389
5903393
5903399
5903411
5903413
5903419
5903431
5903441
5903449
5903453
5903473
5903483
5903489
5903503
5903507
5903533
5903537
5903543
5903563
5903567
5903587
5903593
5903603
5903621
5903627
5903629
5903633
5903687
5903693
5903761
5903789
5903809
5903837
5903867
5903869
5903897
5903899
5903921
5903941
5903969
5903977
5904013
5904089
5904097
5904121
5904133
5904149
5904161
5904163
5904179
5904209
5904211
5904221
5904233
5904247
5904257
5904263
5904271
5904319
5904323
5904329
5904337
5904341
5904347
5904361
5904377
5904391
5904397
5904403
5904407
5904419
5904427
5904433
5904439
5904461
5904463
5904499
5904511
5904517
5904541
5904557
5904607
5904623
5904683
5904707
5904727
5904737
5904749
5904761
5904781
5904791
5904827
5904853
5904863
5904901
5904907
5904917
5904923
5904929
5904931
5904937
5904959
5904961
5904979
5905007
5905021
5905027
5905037
5905049
5905051
5905057
5905063
5905073
5905091
5905099
5905117
5905121
5905153
5905177
5905187
5905213
5905217
5905243
5905247
5905253
5905279
5905297
5905301
5905309
5905331
5905351
5905381
5905387
5905391
5905399
5905423
5905433
5905439
5905441
5905463
5905483
5905499
5905507
5905513
5905519
5905547
5905553
5905573
5905609
5905619
5905643
5905657
5905667
5905673
5905703
5905727
5905769
5905771
5905787
5905793
5905813
5905831
5905847
5905877
5905883
5905891
5905897
5905931
5905943
5905967
5905981
5906003
5906011
5906029
5906041
5906071
5906083
5906099
5906113
5906137
5906141
5906143
5906167
5906189
5906221
5906231
5906237
5906261
5906269
5906279
5906291
5906297
5906309
5906311
5906323
5906371
5906441
5906449
5906489
5906539
5906557
5906603
5906611
5906629
5906683
5906687
5906707
5906711
5906713
5906723
5906731
5906737
5906743
5906753
5906759
5906773
5906779
5906801
5906809
5906839
5906843
5906851
5906869
5906881
5906893
5906899
5906933
5906951
5906959
5906977
5907001
5907017
5907023
5907049
5907061
5907071
5907073
5907089
5907103
5907107
5907127
5907133
5907137
5907163
5907169
5907191
5907199
5907217
5907227
5907259
5907263
5907277
5907281
5907287
5907299
5907311
5907331
5907337
5907353
5907371
5907373
5907401
5907409
5907427
5907437
5907443
5907467
5907479
5907497
5907521
5907533
5907547
5907557
5907563
5907581
5907589
5907607
5907617
5907631
5907673
5907683
5907703
5907739
5907749
5907761
5907767
5907773
5907779
5907799
5907809
5907829
5907871
5907877
5907883
5907907
5907943
5907953
5907961
5907973
5907983
5907989
5907991
5908003
5908037
5908043
5908051
5908081
5908093
5908121
5908151
5908159
5908169
5908187
5908207
5908213
5908237
5908241
5908247
5908249
5908303
5908327
5908337
5908339
5908351
5908361
5908379
5908393
5908403
5908423
5908439
5908451
5908453
5908457
5908459
5908471
5908477
5908499
5908517
5908519
5908559
5908577
5908589
5908603
5908607
5908619
5908649
5908667
5908697
5908703
5908711
5908717
5908733
5908739
5908783
5908787
5908807
5908841
5908849
5908871
5908873
5908891
5908897
5908901
5908921
5908927
5908933
5908957
5908993
5909021
5909039
5909041
5909053
5909087
5909089
5909093
5909119
5909147
5909153
5909173
5909179
5909231
5909237
5909249
5909261
5909273
5909287
5909297
5909303
5909317
5909383
5909389
5909411
5909429
5909473
5909479
5909483
5909509
5909549
5909567
5909581
5909587
5909599
5909621
5909647
5909663
5909669
5909671
5909681
5909737
5909749
5909759
5909767
5909777
5909789
5909797
5909807
5909819
5909821
5909833
5909837
5909843
5909879
5909887
5909903
5909909
5909927
5909957
5909983
5909987
5909993
5910029
5910041
5910053
5910059
5910097
5910127
5910133
5910143
5910161
5910173
5910251
5910277
5910283
5910293
5910301
5910313
5910319
5910323
5910337
5910341
5910353
5910361
5910371
5910389
5910397
5910413
5910427
5910433
5910467
5910469
5910493
5910521
5910523
5910529
5910533
5910547
5910551
5910559
5910581
5910599
5910607
5910617
5910623
5910637
5910647
5910659
5910703
5910721
5910727
5910731
5910733
5910761
5910769
5910803
5910811
5910829
5910841
5910857
5910901
5910907
5910911
5910913
5910943
5910953
5910967
5910973
5910991
5910997
5911027
5911039
5911051
5911057
5911063
5911079
5911091
5911097
5911123
5911127
5911153
5911163
5911181
5911183
5911193
5911201
5911211
5911229
5911267
5911289
5911309
5911313
5911319
5911351
5911357
5911361
5911417
5911439
5911463
5911481
5911487
5911501
5911513
5911523
5911537
5911541
5911547
5911553
5911559
5911579
5911589
5911651
5911657
5911663
5911681
5911709
5911721
5911729
5911739
5911747
5911751
5911757
5911777
5911781
5911811
5911817
5911819
5911837
5911849
5911877
5911883
5911901
5911921
5911931
5911933
5911951
5911963
5911973
5911981
5911987
5911993
5912017
5912029
5912033
5912057
5912089
5912111
5912117
5912183
5912189
5912239
5912251
5912261
5912279
5912293
5912321
5912327
5912329
5912353
5912369
5912377
5912381
5912393
5912429
5912437
5912461
5912483
5912507
5912527
5912531
5912539
5912579
5912581
5912593
5912603
5912609
5912657
5912659
5912663
5912681
5912689
5912693
5912701
5912717
5912747
5912749
5912761
5912773
5912813
5912827
5912831
5912833
5912861
5912867
5912873
5912899
5912903
5912917
5912939
5912983
5912987
5912989
5912999
5913031
5913041
5913049
5913067
5913097
5913109
5913121
5913133
5913163
5913179
5913181
5913191
5913197
5913203
5913221
5913223
5913233
5913241
5913251
5913253
5913269
5913283
5913289
5913293
5913319
5913329
5913337
5913367
5913371
5913373
5913379
5913409
5913421
5913431
5913437
5913443
5913463
5913473
5913497
5913499
5913517
5913521
5913527
5913533
5913559
5913563
5913571
5913601
5913631
5913643
5913679
5913689
5913707
5913727
5913757
5913763
5913797
5913823
5913857
5913863
5913893
5913907
5913911
5913913
5913917
5913923
5913931
5913937
5913953
5913979
5914003
5914021
5914039
5914049
5914061
5914063
5914067
5914093
5914121
5914123
5914141
5914159
5914163
5914171
5914189
5914193
5914199
5914201
5914247
5914261
5914267
5914277
5914303
5914309
5914327
5914333
5914343
5914357
5914369
5914393
5914409
5914411
5914421
5914423
5914451
5914457
5914471
5914477
5914483
5914501
5914511
5914553
5914591
5914609
5914627
5914717
5914723
5914739
5914751
5914763
5914787
5914789
5914801
5914807
5914813
5914817
5914819
5914873
5914879
5914889
5914897
5914919
5914921
5914991
5914999
5915003
5915033
5915047
5915051
5915057
5915069
5915083
5915087
5915093
5915113
5915131
5915149
5915183
5915191
5915197
5915219
5915233
5915237
5915293
5915297
5915323
5915339
5915341
5915359
5915401
5915417
5915419
5915431
5915443
5915447
5915453
5915477
5915491
5915501
5915509
5915519
5915543
5915551
5915557
5915573
5915587
5915621
5915683
5915717
5915731
5915737
5915743
5915773
5915803
5915809
5915831
5915839
5915851
5915857
5915863
5915867
5915869
5915887
5915891
5915911
5915929
5915939
5915951
5915957
5915969
5915977
5915999
5916007
5916023
5916047
5916061
5916077
5916089
5916101
5916109
5916143
5916149
5916151
5916161
5916173
5916179
5916191
5916199
5916227
5916233
5916247
5916269
5916271
5916299
5916307
5916311
5916349
5916367
5916401
5916419
5916433
5916437
5916439
5916457
5916481
5916503
5916511
5916517
5916529
5916539
5916557
5916583
5916593
5916601
5916613
5916623
5916637
5916649
5916661
5916683
5916719
5916721
5916739
5916763
5916767
5916769
5916797
5916839
5916851
5916853
5916871
5916881
5916907
5916919
5916931
5916941
5916943
5916949
5916959
5916979
5916991
5917007
5917013
5917039
5917099
5917103
5917117
5917123
5917127
5917157
5917181
5917201
5917213
5917229
5917231
5917259
5917267
5917271
5917277
5917297
5917313
5917321
5917349
5917361
5917367
5917381
5917393
5917403
5917423
5917451
5917459
5917477
5917481
5917511
5917517
5917519
5917543
5917567
5917577
5917619
5917627
5917631
5917633
5917661
5917673
5917687
5917727
5917729
5917741
5917757
5917771
5917781
5917783
5917823
5917829
5917837
5917843
5917859
5917861
5917871
5917883
5917897
5917903
5917907
5917913
5917963
5918009
5918021
5918027
5918051
5918053
5918083
5918093
5918111
5918119
5918123
5918147
5918161
5918167
5918173
5918189
5918191
5918201
5918207
5918221
5918239
5918243
5918251
5918273
5918279
5918293
5918299
5918317
5918321
5918323
5918371
5918377
5918387
5918389
5918399
5918401
5918413
5918417
5918441
5918447
5918461
5918501
5918509
5918527
5918531
5918573
5918599
5918603
5918623
5918657
5918681
5918683
5918687
5918699
5918723
5918741
5918753
5918777
5918789
5918863
5918867
5918879
5918909
5918921
5918933
5918947
5918953
5918977
5918999
5919031
5919041
5919061
5919071
5919091
5919097
5919107
5919131
5919139
5919157
5919181
5919191
5919197
5919229
5919253
5919269
5919271
5919283
5919289
5919367
5919373
5919377
5919427
5919437
5919449
5919467
There are 1907 prime numbers in S405.
