S406(5919481~5948712)
5919491
5919493
5919499
5919547
5919559
5919577
5919581
5919607
5919611
5919629
5919631
5919673
5919679
5919691
5919713
5919721
5919733
5919737
5919743
5919751
5919761
5919779
5919787
5919817
5919829
5919833
5919863
5919869
5919877
5919911
5919923
5919929
5919931
5919937
5919959
5919971
5920003
5920043
5920049
5920069
5920091
5920099
5920121
5920127
5920139
5920151
5920157
5920169
5920171
5920207
5920219
5920241
5920247
5920249
5920253
5920273
5920279
5920289
5920303
5920309
5920319
5920351
5920357
5920363
5920367
5920391
5920399
5920423
5920429
5920433
5920463
5920469
5920483
5920487
5920489
5920501
5920511
5920513
5920529
5920549
5920561
5920567
5920633
5920657
5920667
5920679
5920693
5920711
5920741
5920757
5920787
5920801
5920829
5920853
5920877
5920891
5920897
5920909
5920921
5920931
5920939
5920949
5920961
5920979
5920997
5921009
5921011
5921039
5921089
5921101
5921119
5921131
5921159
5921173
5921177
5921231
5921233
5921239
5921257
5921263
5921269
5921291
5921297
5921309
5921317
5921351
5921353
5921359
5921371
5921411
5921413
5921431
5921459
5921473
5921477
5921479
5921501
5921533
5921543
5921549
5921561
5921599
5921639
5921677
5921681
5921683
5921689
5921717
5921737
5921759
5921789
5921791
5921807
5921809
5921869
5921891
5921893
5921957
5921959
5921989
5922013
5922019
5922029
5922031
5922067
5922071
5922073
5922083
5922097
5922107
5922113
5922127
5922143
5922151
5922157
5922173
5922179
5922187
5922221
5922223
5922227
5922229
5922251
5922253
5922269
5922283
5922289
5922311
5922317
5922349
5922353
5922359
5922383
5922419
5922421
5922437
5922451
5922461
5922463
5922473
5922481
5922487
5922493
5922503
5922533
5922541
5922577
5922593
5922617
5922619
5922629
5922649
5922667
5922671
5922677
5922713
5922743
5922751
5922773
5922779
5922781
5922793
5922811
5922823
5922827
5922841
5922853
5922857
5922859
5922877
5922881
5922883
5922887
5922911
5922913
5922941
5922971
5922979
5922991
5923009
5923019
5923031
5923051
5923061
5923067
5923087
5923097
5923133
5923189
5923223
5923237
5923241
5923243
5923261
5923271
5923297
5923319
5923321
5923331
5923343
5923369
5923433
5923471
5923493
5923501
5923507
5923513
5923517
5923523
5923529
5923553
5923571
5923591
5923597
5923609
5923669
5923679
5923681
5923691
5923699
5923711
5923727
5923733
5923741
5923783
5923787
5923829
5923843
5923847
5923849
5923889
5923901
5923913
5923919
5923933
5923937
5923961
5923979
5923997
5923999
5924011
5924053
5924063
5924111
5924117
5924119
5924129
5924141
5924159
5924161
5924173
5924189
5924203
5924221
5924231
5924263
5924267
5924293
5924297
5924309
5924327
5924339
5924351
5924383
5924407
5924417
5924437
5924467
5924489
5924507
5924509
5924519
5924531
5924537
5924539
5924573
5924587
5924617
5924647
5924657
5924683
5924693
5924707
5924717
5924719
5924749
5924759
5924767
5924771
5924783
5924791
5924833
5924843
5924851
5924881
5924939
5924953
5924969
5924977
5924981
5924983
5924987
5925001
5925041
5925043
5925083
5925097
5925107
5925109
5925119
5925133
5925137
5925151
5925167
5925173
5925181
5925203
5925209
5925211
5925223
5925229
5925239
5925253
5925277
5925289
5925313
5925317
5925319
5925331
5925341
5925343
5925373
5925377
5925383
5925389
5925419
5925427
5925449
5925461
5925463
5925497
5925499
5925509
5925551
5925583
5925593
5925611
5925613
5925641
5925643
5925659
5925677
5925683
5925691
5925727
5925749
5925757
5925761
5925797
5925817
5925823
5925839
5925841
5925847
5925863
5925943
5925961
5925971
5925989
5926007
5926033
5926049
5926051
5926057
5926069
5926073
5926079
5926087
5926093
5926097
5926103
5926127
5926133
5926139
5926147
5926169
5926171
5926187
5926189
5926199
5926223
5926229
5926231
5926247
5926259
5926273
5926307
5926313
5926337
5926381
5926397
5926399
5926429
5926447
5926457
5926463
5926477
5926519
5926541
5926567
5926601
5926607
5926621
5926637
5926639
5926649
5926703
5926721
5926729
5926741
5926751
5926763
5926769
5926783
5926793
5926853
5926873
5926889
5926891
5926903
5926927
5926951
5926967
5926979
5927003
5927017
5927027
5927039
5927057
5927059
5927087
5927137
5927143
5927147
5927177
5927179
5927213
5927239
5927263
5927267
5927269
5927321
5927323
5927333
5927351
5927371
5927393
5927401
5927413
5927419
5927443
5927447
5927473
5927477
5927483
5927501
5927503
5927531
5927539
5927549
5927561
5927567
5927587
5927591
5927617
5927627
5927633
5927681
5927689
5927699
5927707
5927711
5927717
5927723
5927729
5927731
5927741
5927743
5927749
5927759
5927773
5927809
5927833
5927837
5927893
5927897
5927921
5927941
5927989
5928031
5928047
5928049
5928059
5928061
5928071
5928073
5928079
5928107
5928119
5928173
5928187
5928193
5928199
5928229
5928253
5928259
5928271
5928277
5928289
5928311
5928331
5928337
5928341
5928343
5928353
5928389
5928413
5928451
5928479
5928493
5928523
5928553
5928617
5928623
5928647
5928653
5928683
5928701
5928707
5928709
5928751
5928757
5928761
5928787
5928803
5928821
5928823
5928827
5928829
5928833
5928899
5928907
5928911
5928919
5928959
5928961
5928973
5928983
5929019
5929037
5929043
5929061
5929067
5929117
5929127
5929129
5929169
5929171
5929177
5929181
5929201
5929207
5929211
5929283
5929289
5929291
5929303
5929307
5929309
5929321
5929327
5929333
5929393
5929403
5929409
5929411
5929421
5929439
5929457
5929459
5929477
5929487
5929489
5929493
5929523
5929529
5929531
5929537
5929579
5929591
5929597
5929613
5929621
5929631
5929633
5929639
5929643
5929663
5929667
5929687
5929697
5929723
5929747
5929817
5929841
5929853
5929873
5929907
5929909
5929933
5929939
5929951
5929961
5929967
5929999
5930017
5930039
5930053
5930063
5930069
5930077
5930081
5930143
5930167
5930179
5930201
5930203
5930227
5930231
5930233
5930279
5930303
5930317
5930333
5930339
5930347
5930369
5930381
5930383
5930401
5930423
5930437
5930443
5930479
5930497
5930513
5930521
5930531
5930537
5930539
5930591
5930597
5930623
5930629
5930633
5930651
5930653
5930657
5930663
5930669
5930681
5930707
5930719
5930731
5930737
5930747
5930759
5930777
5930791
5930809
5930833
5930839
5930887
5930893
5930917
5930921
5930923
5930927
5930929
5930957
5930963
5931043
5931047
5931077
5931089
5931139
5931143
5931157
5931169
5931179
5931193
5931203
5931223
5931293
5931301
5931307
5931311
5931313
5931319
5931337
5931349
5931371
5931379
5931383
5931391
5931449
5931467
5931491
5931503
5931517
5931529
5931533
5931559
5931637
5931641
5931649
5931661
5931697
5931713
5931749
5931763
5931797
5931799
5931829
5931833
5931847
5931859
5931869
5931899
5931901
5931923
5931941
5931949
5931967
5931977
5931983
5932013
5932019
5932027
5932049
5932057
5932061
5932063
5932081
5932097
5932109
5932111
5932127
5932139
5932141
5932159
5932177
5932181
5932193
5932217
5932231
5932243
5932271
5932279
5932307
5932309
5932319
5932349
5932357
5932361
5932363
5932369
5932373
5932379
5932393
5932403
5932411
5932417
5932429
5932441
5932447
5932453
5932457
5932477
5932483
5932489
5932499
5932517
5932523
5932561
5932567
5932571
5932573
5932583
5932601
5932631
5932657
5932673
5932681
5932699
5932709
5932721
5932723
5932747
5932777
5932793
5932837
5932867
5932889
5932891
5932897
5932909
5932933
5932939
5932943
5932967
5933027
5933041
5933071
5933077
5933093
5933101
5933129
5933131
5933167
5933171
5933173
5933177
5933189
5933201
5933203
5933219
5933237
5933251
5933273
5933303
5933351
5933387
5933401
5933407
5933419
5933423
5933437
5933449
5933461
5933467
5933489
5933497
5933503
5933507
5933519
5933533
5933537
5933539
5933549
5933573
5933581
5933591
5933593
5933623
5933639
5933647
5933657
5933687
5933693
5933713
5933749
5933761
5933773
5933779
5933783
5933789
5933791
5933831
5933843
5933849
5933857
5933869
5933887
5933903
5933987
5934001
5934017
5934031
5934041
5934059
5934083
5934091
5934107
5934119
5934121
5934127
5934133
5934163
5934197
5934199
5934209
5934211
5934221
5934239
5934281
5934307
5934311
5934317
5934323
5934337
5934347
5934349
5934359
5934407
5934413
5934427
5934469
5934493
5934497
5934503
5934527
5934553
5934563
5934571
5934601
5934611
5934619
5934641
5934661
5934673
5934697
5934701
5934739
5934769
5934779
5934823
5934829
5934833
5934839
5934847
5934881
5934899
5934913
5934949
5934953
5934959
5934967
5934979
5934983
5934991
5935003
5935051
5935067
5935079
5935093
5935109
5935123
5935129
5935147
5935151
5935177
5935199
5935211
5935213
5935249
5935271
5935273
5935313
5935327
5935339
5935373
5935393
5935399
5935409
5935421
5935427
5935441
5935453
5935469
5935471
5935481
5935487
5935493
5935511
5935513
5935561
5935571
5935603
5935609
5935621
5935627
5935639
5935649
5935661
5935667
5935673
5935697
5935711
5935739
5935747
5935759
5935781
5935789
5935793
5935801
5935829
5935837
5935843
5935859
5935861
5935877
5935879
5935883
5935889
5935901
5935913
5935927
5935933
5935967
5935987
5935991
5936017
5936059
5936069
5936081
5936087
5936137
5936143
5936153
5936171
5936191
5936197
5936207
5936209
5936219
5936233
5936251
5936261
5936269
5936311
5936321
5936339
5936351
5936353
5936419
5936453
5936479
5936501
5936509
5936563
5936627
5936629
5936647
5936653
5936657
5936659
5936663
5936701
5936713
5936729
5936747
5936813
5936831
5936837
5936849
5936857
5936891
5936897
5936933
5936939
5936963
5936969
5936977
5937011
5937037
5937047
5937077
5937103
5937137
5937143
5937149
5937157
5937161
5937167
5937179
5937209
5937223
5937227
5937241
5937247
5937263
5937271
5937277
5937287
5937293
5937341
5937361
5937389
5937401
5937419
5937433
5937439
5937469
5937493
5937499
5937509
5937521
5937527
5937541
5937551
5937553
5937559
5937577
5937587
5937593
5937599
5937629
5937653
5937667
5937677
5937683
5937697
5937707
5937731
5937739
5937761
5937791
5937817
5937851
5937853
5937857
5937859
5937863
5937889
5937901
5937917
5937931
5937949
5937959
5937977
5937983
5938001
5938003
5938007
5938021
5938057
5938063
5938073
5938087
5938091
5938103
5938111
5938123
5938133
5938147
5938159
5938181
5938183
5938187
5938213
5938217
5938223
5938237
5938297
5938307
5938319
5938327
5938333
5938337
5938349
5938357
5938363
5938367
5938379
5938421
5938441
5938459
5938501
5938523
5938529
5938553
5938589
5938609
5938613
5938643
5938663
5938711
5938739
5938741
5938747
5938771
5938781
5938783
5938787
5938789
5938841
5938843
5938847
5938861
5938871
5938897
5938903
5938909
5938913
5938931
5938957
5938993
5939009
5939023
5939033
5939051
5939057
5939071
5939093
5939099
5939107
5939111
5939119
5939123
5939149
5939177
5939179
5939209
5939257
5939261
5939303
5939317
5939333
5939347
5939369
5939371
5939411
5939429
5939431
5939447
5939449
5939459
5939473
5939491
5939501
5939503
5939513
5939537
5939539
5939561
5939581
5939623
5939651
5939653
5939699
5939743
5939767
5939777
5939779
5939797
5939803
5939807
5939831
5939833
5939839
5939849
5939863
5939881
5939893
5939897
5939903
5939929
5939959
5939981
5939993
5940007
5940037
5940043
5940047
5940097
5940101
5940131
5940133
5940139
5940161
5940167
5940169
5940197
5940199
5940211
5940223
5940271
5940289
5940307
5940323
5940343
5940359
5940379
5940383
5940397
5940401
5940413
5940439
5940469
5940479
5940503
5940541
5940547
5940551
5940553
5940569
5940577
5940581
5940587
5940593
5940617
5940619
5940643
5940653
5940743
5940761
5940763
5940773
5940791
5940797
5940799
5940811
5940829
5940833
5940841
5940881
5940889
5940899
5940931
5940953
5940983
5940989
5940997
5941003
5941021
5941031
5941043
5941049
5941051
5941081
5941087
5941099
5941121
5941139
5941147
5941151
5941171
5941207
5941213
5941219
5941231
5941249
5941253
5941261
5941283
5941289
5941297
5941307
5941321
5941333
5941361
5941379
5941387
5941391
5941393
5941399
5941447
5941451
5941469
5941487
5941489
5941501
5941561
5941589
5941601
5941609
5941633
5941643
5941651
5941657
5941709
5941711
5941759
5941763
5941769
5941841
5941847
5941849
5941853
5941877
5941913
5941921
5941933
5941937
5941951
5941961
5941973
5942009
5942011
5942017
5942021
5942023
5942047
5942077
5942081
5942099
5942107
5942113
5942137
5942141
5942147
5942149
5942159
5942161
5942177
5942191
5942207
5942221
5942227
5942239
5942243
5942249
5942267
5942309
5942329
5942347
5942357
5942369
5942399
5942407
5942429
5942467
5942509
5942513
5942543
5942549
5942561
5942569
5942597
5942603
5942609
5942623
5942647
5942653
5942659
5942683
5942689
5942701
5942719
5942747
5942749
5942777
5942863
5942873
5942879
5942891
5942897
5942939
5942957
5942969
5942971
5943001
5943023
5943031
5943037
5943043
5943053
5943061
5943071
5943079
5943083
5943089
5943097
5943107
5943109
5943127
5943139
5943151
5943167
5943187
5943191
5943193
5943239
5943281
5943299
5943307
5943313
5943317
5943323
5943341
5943373
5943397
5943419
5943437
5943439
5943449
5943467
5943493
5943517
5943527
5943551
5943559
5943563
5943577
5943583
5943607
5943611
5943617
5943629
5943653
5943671
5943689
5943701
5943703
5943737
5943757
5943781
5943793
5943797
5943803
5943809
5943823
5943841
5943851
5943853
5943887
5943919
5943923
5943929
5943937
5943943
5943953
5943961
5943983
5944007
5944009
5944021
5944061
5944069
5944079
5944117
5944129
5944163
5944181
5944187
5944193
5944229
5944241
5944243
5944247
5944273
5944291
5944313
5944331
5944349
5944357
5944361
5944369
5944381
5944403
5944409
5944469
5944481
5944483
5944487
5944541
5944553
5944559
5944573
5944579
5944597
5944619
5944637
5944661
5944669
5944691
5944693
5944703
5944711
5944723
5944789
5944811
5944819
5944837
5944867
5944871
5944907
5944909
5944919
5944921
5944931
5944937
5944943
5944949
5944973
5944993
5945039
5945059
5945089
5945129
5945141
5945153
5945161
5945213
5945221
5945231
5945237
5945267
5945279
5945281
5945299
5945311
5945321
5945333
5945351
5945353
5945413
5945449
5945473
5945479
5945483
5945497
5945501
5945509
5945531
5945573
5945581
5945587
5945591
5945659
5945671
5945677
5945713
5945717
5945729
5945741
5945743
5945761
5945773
5945813
5945833
5945839
5945851
5945857
5945867
5945873
5945887
5945909
5945941
5945977
5945981
5945999
5946007
5946019
5946023
5946041
5946043
5946047
5946053
5946067
5946089
5946103
5946119
5946139
5946163
5946181
5946217
5946223
5946253
5946289
5946301
5946313
5946323
5946329
5946337
5946349
5946371
5946377
5946401
5946407
5946431
5946461
5946469
5946497
5946509
5946511
5946541
5946569
5946571
5946593
5946607
5946623
5946641
5946649
5946659
5946667
5946671
5946683
5946691
5946697
5946709
5946727
5946737
5946749
5946767
5946793
5946797
5946869
5946877
5946887
5946893
5946929
5946979
5947027
5947043
5947061
5947079
5947099
5947103
5947111
5947147
5947153
5947159
5947163
5947177
5947181
5947189
5947211
5947223
5947241
5947243
5947261
5947267
5947273
5947327
5947351
5947379
5947391
5947397
5947411
5947423
5947429
5947441
5947451
5947453
5947463
5947477
5947481
5947489
5947493
5947499
5947519
5947559
5947573
5947577
5947597
5947651
5947661
5947663
5947679
5947687
5947693
5947699
5947723
5947727
5947729
5947759
5947769
5947771
5947783
5947847
5947853
5947867
5947873
5947891
5947901
5947951
5947957
5947973
5947979
5947999
5948003
5948027
5948051
5948069
5948101
5948119
5948123
5948141
5948143
5948149
5948153
5948209
5948221
5948263
5948269
5948279
5948281
5948291
5948297
5948303
5948323
5948333
5948347
5948357
5948363
5948381
5948389
5948399
5948407
5948413
5948417
5948429
5948431
5948443
5948447
5948477
5948483
5948507
5948519
5948533
5948549
5948563
5948581
5948587
5948609
5948627
5948633
5948639
5948641
5948681
5948689
5948699
5948711
There are 1895 prime numbers in S406.
