S407(5948713~5978016)
5948713
5948753
5948777
5948791
5948821
5948851
5948867
5948909
5948939
5948959
5948983
5949017
5949037
5949043
5949049
5949067
5949079
5949101
5949127
5949137
5949143
5949149
5949169
5949173
5949211
5949217
5949227
5949239
5949247
5949257
5949259
5949277
5949283
5949287
5949311
5949313
5949319
5949331
5949343
5949347
5949373
5949397
5949407
5949431
5949457
5949481
5949511
5949529
5949539
5949557
5949583
5949599
5949623
5949653
5949673
5949703
5949721
5949743
5949751
5949763
5949791
5949803
5949821
5949857
5949877
5949887
5949919
5949929
5949971
5950003
5950019
5950027
5950057
5950067
5950079
5950093
5950103
5950117
5950141
5950159
5950177
5950181
5950183
5950193
5950199
5950253
5950267
5950277
5950279
5950283
5950291
5950313
5950319
5950333
5950339
5950349
5950369
5950379
5950393
5950397
5950433
5950463
5950487
5950499
5950513
5950523
5950547
5950559
5950573
5950577
5950579
5950589
5950603
5950621
5950627
5950631
5950639
5950643
5950649
5950657
5950661
5950669
5950709
5950751
5950753
5950783
5950823
5950831
5950837
5950843
5950871
5950877
5950891
5950897
5950921
5950927
5950943
5950949
5950957
5950963
5951051
5951063
5951081
5951107
5951137
5951147
5951159
5951189
5951203
5951219
5951263
5951269
5951303
5951321
5951333
5951353
5951357
5951401
5951419
5951441
5951453
5951459
5951489
5951521
5951531
5951537
5951551
5951557
5951591
5951599
5951609
5951611
5951633
5951663
5951669
5951689
5951749
5951761
5951767
5951789
5951791
5951797
5951801
5951833
5951839
5951843
5951849
5951851
5951867
5951879
5951893
5951903
5951923
5951947
5951951
5951983
5951987
5951993
5952007
5952041
5952071
5952077
5952083
5952113
5952131
5952137
5952151
5952157
5952161
5952169
5952181
5952209
5952241
5952253
5952259
5952277
5952281
5952283
5952293
5952299
5952307
5952311
5952343
5952367
5952371
5952379
5952383
5952389
5952391
5952407
5952433
5952437
5952439
5952467
5952487
5952553
5952559
5952577
5952593
5952613
5952629
5952631
5952673
5952689
5952697
5952721
5952763
5952769
5952781
5952797
5952799
5952803
5952809
5952811
5952823
5952827
5952841
5952847
5952889
5952901
5952911
5952949
5952959
5952971
5952977
5952979
5952983
5953019
5953027
5953039
5953069
5953081
5953093
5953097
5953109
5953117
5953133
5953139
5953141
5953153
5953169
5953183
5953187
5953219
5953229
5953237
5953267
5953301
5953319
5953351
5953399
5953427
5953429
5953459
5953463
5953489
5953511
5953523
5953567
5953589
5953603
5953637
5953639
5953657
5953667
5953679
5953691
5953693
5953699
5953721
5953751
5953793
5953799
5953853
5953873
5953879
5953889
5953921
5953939
5953943
5953949
5953951
5953963
5953991
5953999
5954009
5954021
5954023
5954041
5954071
5954093
5954111
5954129
5954147
5954153
5954177
5954191
5954197
5954213
5954219
5954231
5954237
5954257
5954261
5954269
5954287
5954293
5954297
5954303
5954317
5954321
5954329
5954371
5954381
5954407
5954411
5954413
5954441
5954461
5954479
5954489
5954513
5954519
5954563
5954569
5954579
5954587
5954591
5954593
5954609
5954623
5954633
5954647
5954653
5954681
5954731
5954749
5954789
5954797
5954801
5954803
5954827
5954843
5954849
5954873
5954917
5954933
5954939
5954951
5954957
5954969
5954989
5955011
5955013
5955023
5955029
5955031
5955043
5955067
5955071
5955073
5955107
5955119
5955139
5955149
5955181
5955197
5955211
5955221
5955241
5955259
5955281
5955307
5955311
5955329
5955331
5955337
5955343
5955347
5955349
5955359
5955361
5955403
5955419
5955421
5955431
5955437
5955487
5955497
5955517
5955529
5955533
5955539
5955541
5955553
5955583
5955611
5955617
5955623
5955647
5955671
5955709
5955737
5955743
5955749
5955773
5955821
5955823
5955839
5955841
5955863
5955877
5955883
5955923
5955931
5955959
5956003
5956007
5956031
5956037
5956073
5956129
5956133
5956141
5956151
5956157
5956187
5956189
5956199
5956207
5956211
5956213
5956219
5956229
5956259
5956277
5956337
5956351
5956361
5956373
5956393
5956399
5956417
5956421
5956429
5956459
5956493
5956507
5956537
5956541
5956543
5956549
5956591
5956607
5956627
5956663
5956669
5956697
5956739
5956751
5956759
5956763
5956771
5956787
5956789
5956801
5956807
5956831
5956843
5956913
5956927
5956933
5956943
5956957
5956967
5956997
5957009
5957027
5957033
5957047
5957059
5957071
5957087
5957117
5957129
5957137
5957141
5957143
5957167
5957173
5957179
5957197
5957201
5957219
5957221
5957227
5957249
5957251
5957257
5957261
5957269
5957291
5957309
5957339
5957387
5957389
5957411
5957459
5957509
5957513
5957527
5957563
5957591
5957617
5957639
5957641
5957663
5957671
5957689
5957711
5957723
5957729
5957737
5957741
5957753
5957771
5957801
5957821
5957839
5957843
5957857
5957881
5957899
5957911
5957933
5957953
5957969
5957971
5957981
5958047
5958061
5958067
5958089
5958097
5958131
5958133
5958163
5958179
5958181
5958193
5958217
5958247
5958257
5958263
5958269
5958289
5958299
5958301
5958317
5958319
5958349
5958367
5958371
5958389
5958401
5958431
5958437
5958439
5958451
5958473
5958499
5958503
5958521
5958527
5958569
5958577
5958583
5958607
5958643
5958671
5958683
5958691
5958709
5958749
5958751
5958763
5958767
5958773
5958781
5958787
5958839
5958853
5958871
5958877
5958881
5958889
5958893
5958923
5958929
5958947
5958971
5959039
5959043
5959067
5959073
5959081
5959087
5959111
5959127
5959133
5959147
5959153
5959189
5959193
5959199
5959211
5959237
5959253
5959259
5959279
5959307
5959313
5959319
5959339
5959361
5959381
5959397
5959399
5959403
5959411
5959423
5959427
5959433
5959487
5959489
5959511
5959519
5959543
5959549
5959567
5959589
5959601
5959607
5959619
5959633
5959661
5959663
5959687
5959721
5959727
5959739
5959747
5959763
5959771
5959799
5959813
5959817
5959831
5959853
5959867
5959871
5959879
5959937
5959949
5959957
5959963
5959969
5959973
5960027
5960041
5960077
5960083
5960089
5960099
5960113
5960137
5960159
5960173
5960179
5960203
5960261
5960267
5960287
5960309
5960323
5960329
5960333
5960347
5960389
5960413
5960429
5960431
5960443
5960453
5960483
5960501
5960503
5960527
5960543
5960599
5960627
5960639
5960671
5960683
5960701
5960707
5960719
5960723
5960729
5960753
5960767
5960777
5960791
5960797
5960803
5960807
5960809
5960821
5960827
5960831
5960833
5960849
5960861
5960881
5960891
5960909
5960917
5960951
5960957
5960971
5960993
5961001
5961017
5961049
5961091
5961097
5961119
5961127
5961149
5961157
5961167
5961173
5961199
5961217
5961223
5961233
5961239
5961259
5961283
5961287
5961289
5961299
5961311
5961313
5961337
5961343
5961349
5961353
5961379
5961401
5961409
5961427
5961437
5961457
5961463
5961481
5961491
5961499
5961503
5961511
5961533
5961539
5961547
5961569
5961581
5961583
5961587
5961643
5961647
5961653
5961689
5961707
5961721
5961731
5961737
5961751
5961757
5961779
5961793
5961797
5961833
5961859
5961863
5961869
5961881
5961887
5961919
5961931
5961971
5961979
5962001
5962027
5962031
5962039
5962043
5962063
5962093
5962109
5962123
5962133
5962153
5962157
5962171
5962183
5962193
5962207
5962241
5962259
5962277
5962283
5962289
5962331
5962379
5962381
5962387
5962391
5962399
5962417
5962433
5962441
5962459
5962477
5962499
5962519
5962547
5962549
5962573
5962577
5962591
5962601
5962613
5962643
5962673
5962679
5962709
5962711
5962721
5962729
5962741
5962763
5962769
5962771
5962783
5962787
5962823
5962837
5962849
5962867
5962907
5962909
5962919
5962949
5962967
5962973
5963011
5963021
5963047
5963051
5963053
5963059
5963119
5963147
5963149
5963159
5963173
5963203
5963213
5963227
5963249
5963257
5963263
5963317
5963341
5963351
5963381
5963411
5963423
5963449
5963459
5963471
5963479
5963519
5963527
5963537
5963557
5963561
5963569
5963579
5963599
5963609
5963611
5963621
5963641
5963653
5963669
5963677
5963707
5963729
5963731
5963761
5963773
5963791
5963809
5963813
5963827
5963833
5963843
5963857
5963869
5963899
5963911
5963927
5963933
5963939
5963981
5963989
5964001
5964017
5964019
5964041
5964083
5964097
5964103
5964113
5964149
5964163
5964181
5964187
5964191
5964197
5964209
5964223
5964241
5964247
5964293
5964313
5964341
5964359
5964373
5964377
5964391
5964419
5964443
5964457
5964473
5964481
5964503
5964523
5964527
5964529
5964533
5964551
5964559
5964593
5964599
5964631
5964653
5964661
5964677
5964683
5964697
5964701
5964709
5964719
5964731
5964743
5964767
5964793
5964811
5964839
5964857
5964863
5964877
5964883
5964887
5964919
5964941
5964947
5964949
5964979
5964983
5964997
5965009
5965013
5965019
5965021
5965067
5965093
5965123
5965139
5965163
5965171
5965247
5965273
5965279
5965301
5965307
5965319
5965321
5965327
5965331
5965343
5965397
5965409
5965417
5965429
5965439
5965447
5965469
5965483
5965489
5965493
5965501
5965507
5965511
5965537
5965573
5965643
5965649
5965651
5965669
5965693
5965697
5965699
5965709
5965721
5965723
5965727
5965781
5965783
5965789
5965807
5965819
5965831
5965847
5965849
5965853
5965873
5965877
5965907
5965933
5965961
5965979
5966011
5966017
5966029
5966041
5966047
5966063
5966087
5966101
5966113
5966117
5966143
5966153
5966183
5966189
5966239
5966243
5966273
5966281
5966299
5966309
5966339
5966341
5966347
5966351
5966357
5966377
5966381
5966383
5966393
5966413
5966419
5966459
5966483
5966491
5966497
5966501
5966503
5966531
5966533
5966537
5966549
5966557
5966561
5966563
5966573
5966579
5966599
5966629
5966651
5966659
5966669
5966693
5966699
5966717
5966773
5966797
5966803
5966839
5966843
5966861
5966887
5966921
5966923
5966929
5966963
5966971
5966993
5966999
5967019
5967029
5967037
5967043
5967061
5967079
5967109
5967133
5967151
5967161
5967163
5967179
5967193
5967251
5967253
5967271
5967277
5967287
5967293
5967317
5967341
5967347
5967433
5967439
5967461
5967487
5967499
5967503
5967517
5967547
5967553
5967571
5967589
5967601
5967631
5967667
5967679
5967737
5967743
5967749
5967803
5967809
5967839
5967851
5967877
5967887
5967889
5967893
5967917
5967931
5967937
5967947
5967977
5967979
5967991
5968007
5968009
5968019
5968021
5968031
5968043
5968049
5968051
5968087
5968091
5968093
5968097
5968103
5968121
5968133
5968141
5968163
5968181
5968199
5968217
5968219
5968231
5968253
5968267
5968279
5968307
5968367
5968379
5968409
5968439
5968453
5968463
5968471
5968481
5968549
5968583
5968591
5968601
5968609
5968621
5968643
5968681
5968691
5968723
5968741
5968759
5968783
5968801
5968811
5968813
5968817
5968843
5968849
5968883
5968889
5968901
5968909
5968927
5968939
5968961
5968973
5968981
5968987
5968993
5968997
5969009
5969027
5969053
5969063
5969107
5969123
5969129
5969147
5969153
5969177
5969179
5969221
5969233
5969237
5969239
5969263
5969269
5969279
5969309
5969333
5969347
5969357
5969393
5969407
5969413
5969417
5969437
5969449
5969461
5969473
5969479
5969507
5969519
5969531
5969569
5969573
5969597
5969651
5969653
5969657
5969659
5969681
5969729
5969741
5969753
5969773
5969779
5969809
5969813
5969827
5969833
5969861
5969863
5969897
5969921
5969927
5969939
5969947
5969959
5969993
5970001
5970017
5970023
5970037
5970053
5970067
5970071
5970089
5970101
5970119
5970121
5970127
5970137
5970157
5970191
5970193
5970203
5970221
5970227
5970241
5970277
5970287
5970299
5970301
5970329
5970337
5970347
5970359
5970373
5970443
5970449
5970487
5970499
5970509
5970511
5970533
5970557
5970563
5970577
5970589
5970599
5970649
5970661
5970673
5970677
5970697
5970703
5970721
5970733
5970763
5970773
5970779
5970787
5970793
5970799
5970803
5970827
5970847
5970857
5970901
5970919
5970967
5970983
5970989
5971001
5971027
5971061
5971067
5971081
5971087
5971093
5971123
5971151
5971157
5971193
5971243
5971253
5971279
5971297
5971307
5971309
5971321
5971337
5971379
5971391
5971409
5971411
5971429
5971439
5971447
5971451
5971463
5971481
5971487
5971489
5971507
5971517
5971519
5971543
5971547
5971549
5971577
5971591
5971621
5971627
5971639
5971657
5971663
5971673
5971699
5971703
5971723
5971759
5971781
5971793
5971799
5971807
5971813
5971841
5971873
5971877
5971919
5971939
5971951
5971993
5972003
5972009
5972017
5972051
5972053
5972063
5972077
5972107
5972129
5972147
5972209
5972257
5972261
5972279
5972293
5972297
5972303
5972311
5972339
5972357
5972363
5972377
5972381
5972383
5972443
5972453
5972501
5972507
5972509
5972513
5972537
5972557
5972563
5972567
5972611
5972647
5972653
5972671
5972689
5972699
5972719
5972723
5972737
5972741
5972749
5972767
5972773
5972779
5972803
5972851
5972881
5972903
5972909
5972917
5972957
5972959
5972999
5973013
5973029
5973041
5973053
5973083
5973119
5973131
5973133
5973139
5973151
5973161
5973179
5973197
5973223
5973257
5973263
5973287
5973311
5973313
5973323
5973329
5973343
5973347
5973349
5973361
5973367
5973389
5973403
5973433
5973437
5973439
5973463
5973481
5973497
5973503
5973509
5973521
5973523
5973533
5973553
5973563
5973571
5973587
5973589
5973599
5973601
5973637
5973673
5973679
5973701
5973707
5973713
5973719
5973763
5973811
5973829
5973853
5973881
5973883
5973889
5973893
5973911
5973937
5973943
5973949
5973973
5973991
5974009
5974019
5974027
5974039
5974063
5974079
5974093
5974097
5974109
5974121
5974127
5974139
5974141
5974187
5974193
5974211
5974223
5974237
5974249
5974271
5974301
5974313
5974333
5974337
5974343
5974363
5974369
5974387
5974403
5974421
5974447
5974459
5974469
5974471
5974477
5974487
5974511
5974543
5974547
5974583
5974627
5974669
5974693
5974697
5974699
5974711
5974747
5974757
5974763
5974777
5974789
5974799
5974811
5974817
5974823
5974853
5974861
5974877
5974879
5974897
5974933
5974937
5974961
5974999
5975017
5975023
5975029
5975051
5975071
5975089
5975111
5975117
5975161
5975171
5975173
5975191
5975197
5975209
5975227
5975257
5975267
5975287
5975293
5975311
5975317
5975341
5975351
5975369
5975393
5975401
5975413
5975441
5975447
5975503
5975509
5975513
5975521
5975527
5975539
5975597
5975617
5975659
5975677
5975681
5975689
5975701
5975713
5975773
5975807
5975813
5975819
5975831
5975863
5975869
5975881
5975887
5975897
5975903
5975911
5975923
5975951
5975953
5975969
5976007
5976017
5976023
5976029
5976031
5976049
5976071
5976079
5976181
5976193
5976209
5976221
5976281
5976301
5976319
5976323
5976329
5976331
5976337
5976359
5976403
5976409
5976413
5976419
5976449
5976463
5976491
5976497
5976541
5976547
5976557
5976563
5976569
5976577
5976599
5976637
5976653
5976679
5976701
5976713
5976727
5976749
5976787
5976791
5976793
5976821
5976823
5976881
5976889
5976917
5976923
5976931
5976947
5976953
5976959
5976961
5976967
5977009
5977019
5977031
5977051
5977057
5977073
5977121
5977159
5977199
5977211
5977247
5977253
5977259
5977261
5977273
5977289
5977297
5977303
5977331
5977333
5977337
5977339
5977351
5977357
5977379
5977397
5977409
5977429
5977453
5977469
5977471
5977487
5977501
5977511
5977547
5977549
5977603
5977607
5977613
5977619
5977627
5977639
5977649
5977651
5977663
5977667
5977679
5977681
5977687
5977691
5977717
5977733
5977739
5977747
5977753
5977801
5977843
5977847
5977849
5977859
5977871
5977877
5977879
5977889
5977901
5977921
5977943
5977949
5977957
5977963
5977969
5977981
5977991
5977997
5978003
There are 1845 prime numbers in S407.
