S408(5978017~6007392)
5978047
5978051
5978059
5978069
5978083
5978117
5978131
5978143
5978149
5978153
5978171
5978177
5978213
5978221
5978227
5978233
5978239
5978243
5978261
5978267
5978279
5978309
5978311
5978317
5978341
5978363
5978377
5978389
5978393
5978417
5978449
5978461
5978471
5978507
5978513
5978527
5978537
5978563
5978603
5978617
5978633
5978639
5978653
5978657
5978659
5978663
5978681
5978683
5978699
5978701
5978723
5978737
5978783
5978801
5978803
5978809
5978813
5978821
5978831
5978851
5978857
5978887
5978891
5978909
5978911
5978933
5978993
5979007
5979023
5979041
5979049
5979059
5979067
5979079
5979097
5979131
5979143
5979151
5979173
5979179
5979203
5979209
5979229
5979269
5979271
5979277
5979283
5979313
5979331
5979341
5979361
5979367
5979377
5979383
5979397
5979401
5979409
5979437
5979443
5979469
5979527
5979551
5979581
5979583
5979593
5979613
5979629
5979653
5979679
5979689
5979703
5979707
5979731
5979749
5979761
5979773
5979781
5979797
5979811
5979823
5979859
5979893
5979899
5979917
5979929
5979943
5979947
5979949
5979959
5979979
5979983
5979991
5980021
5980031
5980033
5980081
5980099
5980111
5980127
5980129
5980151
5980171
5980189
5980201
5980223
5980229
5980237
5980267
5980279
5980291
5980319
5980321
5980333
5980339
5980363
5980367
5980393
5980433
5980439
5980453
5980477
5980493
5980517
5980519
5980531
5980561
5980567
5980589
5980591
5980607
5980619
5980631
5980661
5980669
5980673
5980691
5980693
5980747
5980781
5980829
5980859
5980903
5980921
5980967
5980973
5980981
5981021
5981033
5981051
5981069
5981071
5981077
5981099
5981123
5981137
5981141
5981149
5981159
5981167
5981177
5981179
5981189
5981191
5981197
5981201
5981207
5981237
5981317
5981323
5981341
5981347
5981351
5981359
5981363
5981377
5981387
5981411
5981431
5981441
5981471
5981483
5981489
5981491
5981533
5981539
5981567
5981579
5981609
5981629
5981641
5981659
5981663
5981669
5981681
5981683
5981707
5981711
5981719
5981749
5981797
5981813
5981819
5981851
5981867
5981873
5981879
5981887
5981891
5981939
5981947
5981971
5981993
5982007
5982037
5982043
5982071
5982121
5982127
5982173
5982191
5982217
5982227
5982233
5982239
5982241
5982257
5982293
5982307
5982329
5982341
5982371
5982373
5982401
5982407
5982413
5982523
5982527
5982551
5982563
5982577
5982601
5982607
5982611
5982637
5982661
5982689
5982709
5982727
5982731
5982733
5982751
5982763
5982773
5982791
5982803
5982811
5982817
5982833
5982839
5982841
5982869
5982877
5982881
5982883
5982931
5982943
5982947
5982953
5982971
5982973
5982983
5983009
5983027
5983037
5983051
5983067
5983069
5983091
5983121
5983127
5983129
5983141
5983169
5983181
5983183
5983213
5983231
5983247
5983259
5983267
5983277
5983283
5983297
5983331
5983339
5983357
5983361
5983363
5983391
5983399
5983421
5983441
5983447
5983451
5983459
5983489
5983511
5983517
5983531
5983577
5983583
5983597
5983619
5983631
5983661
5983669
5983693
5983699
5983723
5983781
5983799
5983801
5983807
5983829
5983849
5983853
5983877
5983903
5983907
5983919
5983921
5983927
5983931
5983969
5983997
5984021
5984053
5984057
5984059
5984101
5984131
5984137
5984159
5984201
5984203
5984207
5984213
5984227
5984233
5984257
5984261
5984263
5984299
5984309
5984327
5984339
5984371
5984387
5984399
5984453
5984471
5984477
5984479
5984497
5984501
5984509
5984513
5984521
5984533
5984543
5984567
5984569
5984579
5984591
5984597
5984599
5984659
5984681
5984687
5984711
5984717
5984747
5984749
5984773
5984777
5984821
5984837
5984843
5984851
5984857
5984879
5984903
5984911
5984917
5984921
5984929
5984939
5984941
5984947
5984959
5984963
5984971
5984977
5984987
5985011
5985013
5985029
5985053
5985059
5985061
5985073
5985103
5985143
5985151
5985169
5985179
5985193
5985211
5985233
5985251
5985257
5985269
5985283
5985289
5985307
5985337
5985341
5985347
5985349
5985389
5985401
5985407
5985431
5985439
5985461
5985481
5985493
5985533
5985541
5985559
5985583
5985587
5985611
5985613
5985647
5985653
5985659
5985671
5985673
5985677
5985689
5985691
5985709
5985719
5985739
5985743
5985761
5985799
5985809
5985827
5985829
5985841
5985871
5985899
5985913
5985923
5985929
5985943
5985983
5985997
5986009
5986021
5986027
5986031
5986033
5986037
5986039
5986103
5986111
5986117
5986147
5986153
5986157
5986163
5986177
5986207
5986231
5986237
5986271
5986291
5986303
5986327
5986333
5986339
5986381
5986391
5986427
5986429
5986433
5986447
5986471
5986481
5986483
5986523
5986537
5986559
5986571
5986579
5986583
5986597
5986609
5986613
5986619
5986621
5986663
5986679
5986727
5986733
5986753
5986759
5986769
5986777
5986793
5986817
5986819
5986823
5986829
5986867
5986879
5986889
5986891
5986901
5986921
5986927
5986931
5986951
5986961
5986979
5986987
5986991
5986993
5986997
5987029
5987057
5987083
5987101
5987129
5987141
5987159
5987167
5987183
5987221
5987227
5987231
5987239
5987243
5987249
5987257
5987263
5987273
5987339
5987341
5987347
5987389
5987393
5987411
5987419
5987437
5987441
5987447
5987461
5987467
5987473
5987477
5987483
5987503
5987539
5987549
5987551
5987561
5987563
5987573
5987593
5987609
5987627
5987629
5987633
5987651
5987677
5987687
5987693
5987701
5987719
5987731
5987749
5987759
5987767
5987771
5987777
5987789
5987803
5987819
5987873
5987897
5987899
5987903
5987911
5987921
5987953
5987959
5987977
5988001
5988011
5988013
5988019
5988061
5988067
5988079
5988083
5988113
5988139
5988163
5988167
5988193
5988197
5988217
5988221
5988251
5988253
5988271
5988289
5988293
5988319
5988331
5988343
5988347
5988361
5988371
5988379
5988421
5988427
5988443
5988461
5988467
5988497
5988511
5988517
5988557
5988571
5988589
5988617
5988659
5988679
5988691
5988733
5988737
5988769
5988791
5988793
5988817
5988833
5988839
5988869
5988883
5988893
5988943
5988967
5988973
5988989
5988991
5989001
5989007
5989013
5989019
5989021
5989043
5989057
5989099
5989127
5989171
5989183
5989241
5989259
5989271
5989273
5989297
5989307
5989309
5989327
5989349
5989367
5989381
5989409
5989429
5989439
5989463
5989469
5989481
5989483
5989493
5989517
5989537
5989547
5989561
5989589
5989601
5989609
5989619
5989639
5989663
5989667
5989673
5989681
5989691
5989699
5989703
5989721
5989751
5989787
5989793
5989801
5989811
5989817
5989829
5989843
5989853
5989871
5989873
5989889
5989897
5989903
5989909
5989931
5989939
5989993
5989999
5990081
5990119
5990129
5990147
5990177
5990183
5990191
5990203
5990213
5990221
5990233
5990249
5990251
5990293
5990297
5990311
5990317
5990353
5990357
5990363
5990371
5990381
5990389
5990401
5990417
5990423
5990437
5990441
5990461
5990473
5990489
5990513
5990519
5990521
5990549
5990561
5990563
5990581
5990597
5990629
5990651
5990653
5990659
5990669
5990687
5990693
5990711
5990713
5990723
5990729
5990731
5990737
5990759
5990771
5990779
5990819
5990821
5990861
5990863
5990867
5990893
5990903
5990911
5990917
5990977
5991031
5991047
5991059
5991071
5991101
5991103
5991107
5991113
5991131
5991149
5991169
5991187
5991217
5991221
5991229
5991239
5991241
5991253
5991257
5991263
5991311
5991343
5991367
5991379
5991389
5991397
5991413
5991443
5991449
5991451
5991457
5991473
5991533
5991541
5991551
5991553
5991563
5991571
5991589
5991641
5991653
5991659
5991677
5991709
5991721
5991731
5991757
5991779
5991823
5991827
5991829
5991833
5991841
5991851
5991857
5991883
5991899
5991901
5991907
5991943
5991949
5991961
5991967
5991971
5991977
5991989
5991991
5992003
5992013
5992031
5992033
5992073
5992097
5992111
5992153
5992157
5992169
5992199
5992223
5992237
5992247
5992267
5992271
5992289
5992291
5992297
5992303
5992307
5992309
5992319
5992361
5992379
5992403
5992411
5992421
5992463
5992501
5992529
5992537
5992559
5992603
5992639
5992667
5992669
5992691
5992697
5992717
5992747
5992751
5992759
5992783
5992793
5992859
5992901
5992907
5992933
5992969
5993023
5993047
5993059
5993089
5993101
5993107
5993123
5993131
5993167
5993173
5993191
5993201
5993209
5993213
5993219
5993233
5993237
5993249
5993291
5993321
5993327
5993329
5993353
5993357
5993359
5993387
5993411
5993413
5993419
5993423
5993431
5993473
5993483
5993521
5993539
5993543
5993549
5993551
5993557
5993573
5993579
5993591
5993597
5993599
5993609
5993621
5993623
5993627
5993653
5993671
5993693
5993699
5993711
5993719
5993723
5993761
5993783
5993791
5993837
5993849
5993927
5993941
5993947
5993959
5993969
5993993
5994041
5994049
5994073
5994083
5994089
5994091
5994133
5994143
5994151
5994169
5994179
5994181
5994187
5994199
5994203
5994221
5994229
5994269
5994301
5994337
5994347
5994361
5994371
5994379
5994403
5994431
5994437
5994449
5994473
5994491
5994511
5994517
5994529
5994551
5994553
5994589
5994607
5994613
5994617
5994631
5994641
5994647
5994649
5994661
5994679
5994701
5994707
5994719
5994739
5994767
5994797
5994809
5994817
5994839
5994847
5994853
5994869
5994871
5994887
5994943
5994949
5994971
5995009
5995021
5995037
5995043
5995063
5995069
5995079
5995081
5995091
5995117
5995123
5995151
5995163
5995177
5995181
5995211
5995217
5995219
5995243
5995277
5995309
5995331
5995337
5995343
5995349
5995397
5995399
5995411
5995427
5995439
5995481
5995513
5995523
5995541
5995573
5995579
5995589
5995597
5995603
5995609
5995631
5995651
5995669
5995687
5995699
5995727
5995729
5995777
5995783
5995817
5995819
5995853
5995867
5995901
5995933
5995949
5995967
5995973
5995991
5995999
5996009
5996027
5996033
5996041
5996047
5996083
5996093
5996099
5996101
5996129
5996131
5996143
5996149
5996167
5996171
5996231
5996233
5996251
5996273
5996311
5996323
5996327
5996329
5996339
5996357
5996371
5996407
5996437
5996477
5996489
5996509
5996519
5996521
5996527
5996539
5996561
5996587
5996603
5996611
5996621
5996633
5996657
5996677
5996681
5996687
5996719
5996729
5996741
5996759
5996779
5996789
5996807
5996839
5996863
5996899
5996911
5996953
5997001
5997031
5997041
5997083
5997091
5997097
5997119
5997151
5997161
5997163
5997191
5997197
5997203
5997221
5997223
5997301
5997307
5997317
5997347
5997349
5997359
5997361
5997373
5997377
5997419
5997421
5997437
5997463
5997469
5997487
5997517
5997553
5997571
5997599
5997611
5997613
5997631
5997637
5997643
5997647
5997659
5997679
5997689
5997713
5997721
5997731
5997743
5997781
5997791
5997839
5997841
5997847
5997853
5997869
5997877
5997883
5997919
5997961
5997967
5998001
5998007
5998037
5998039
5998049
5998061
5998073
5998079
5998081
5998103
5998121
5998133
5998141
5998171
5998207
5998211
5998217
5998253
5998261
5998277
5998303
5998339
5998351
5998361
5998367
5998373
5998387
5998393
5998409
5998417
5998427
5998439
5998451
5998459
5998481
5998513
5998537
5998541
5998567
5998579
5998583
5998609
5998613
5998627
5998639
5998651
5998667
5998673
5998687
5998691
5998697
5998703
5998709
5998721
5998723
5998757
5998763
5998793
5998799
5998843
5998859
5998871
5998873
5998891
5998901
5998907
5998913
5998919
5998933
5998957
5998987
5999009
5999053
5999083
5999107
5999129
5999137
5999171
5999173
5999177
5999183
5999197
5999207
5999209
5999233
5999237
5999261
5999263
5999267
5999303
5999309
5999311
5999327
5999341
5999347
5999377
5999387
5999393
5999417
5999423
5999449
5999471
5999479
5999519
5999537
5999551
5999561
5999563
5999569
5999593
5999599
5999603
5999627
5999629
5999633
5999639
5999663
5999677
5999681
5999699
5999717
5999729
5999731
5999737
5999743
5999767
5999779
5999831
5999863
5999869
5999881
5999909
5999911
5999921
5999923
5999927
5999933
5999947
5999993
6000011
6000023
6000041
6000047
6000053
6000061
6000073
6000101
6000103
6000109
6000119
6000121
6000149
6000157
6000173
6000191
6000199
6000221
6000229
6000233
6000271
6000277
6000283
6000301
6000307
6000317
6000343
6000373
6000377
6000389
6000403
6000427
6000431
6000457
6000479
6000481
6000503
6000529
6000551
6000557
6000569
6000571
6000581
6000611
6000619
6000641
6000653
6000679
6000703
6000733
6000773
6000793
6000803
6000809
6000821
6000823
6000829
6000853
6000857
6000859
6000889
6000893
6000899
6000937
6000961
6000977
6001013
6001019
6001033
6001043
6001049
6001063
6001069
6001087
6001109
6001147
6001157
6001189
6001201
6001217
6001249
6001253
6001271
6001277
6001291
6001297
6001339
6001343
6001351
6001427
6001433
6001439
6001447
6001453
6001469
6001483
6001517
6001531
6001547
6001577
6001601
6001609
6001613
6001627
6001669
6001673
6001679
6001717
6001727
6001741
6001747
6001757
6001763
6001789
6001819
6001829
6001903
6001907
6001909
6001921
6001937
6001939
6001981
6001991
6001997
6002033
6002047
6002053
6002063
6002083
6002089
6002093
6002111
6002123
6002131
6002137
6002153
6002179
6002201
6002203
6002209
6002237
6002239
6002257
6002273
6002281
6002291
6002357
6002363
6002369
6002371
6002383
6002387
6002389
6002429
6002431
6002453
6002467
6002489
6002509
6002519
6002527
6002539
6002573
6002599
6002603
6002617
6002627
6002629
6002641
6002653
6002669
6002677
6002693
6002707
6002723
6002729
6002741
6002767
6002849
6002861
6002869
6002881
6002891
6002903
6002911
6002951
6002987
6003001
6003007
6003043
6003047
6003059
6003077
6003079
6003083
6003089
6003113
6003143
6003197
6003199
6003211
6003223
6003241
6003247
6003251
6003281
6003293
6003313
6003323
6003331
6003341
6003379
6003407
6003409
6003419
6003443
6003497
6003511
6003521
6003527
6003539
6003581
6003607
6003623
6003643
6003649
6003659
6003661
6003719
6003727
6003757
6003761
6003769
6003793
6003797
6003821
6003853
6003857
6003859
6003871
6003883
6003887
6003889
6003901
6003913
6003929
6003931
6003947
6003967
6003983
6003997
6004001
6004007
6004013
6004021
6004067
6004069
6004087
6004093
6004121
6004139
6004153
6004157
6004217
6004231
6004241
6004259
6004277
6004283
6004289
6004301
6004307
6004309
6004321
6004331
6004333
6004337
6004343
6004351
6004367
6004373
6004379
6004387
6004393
6004429
6004457
6004459
6004463
6004499
6004507
6004517
6004543
6004549
6004561
6004567
6004571
6004577
6004601
6004631
6004637
6004639
6004651
6004699
6004727
6004729
6004751
6004759
6004763
6004777
6004781
6004783
6004787
6004799
6004811
6004813
6004837
6004877
6004879
6004891
6004897
6004903
6004949
6004951
6004963
6004981
6004987
6004991
6005011
6005039
6005101
6005107
6005113
6005141
6005149
6005177
6005183
6005191
6005201
6005203
6005213
6005287
6005297
6005303
6005309
6005327
6005339
6005341
6005357
6005371
6005381
6005383
6005401
6005429
6005443
6005459
6005477
6005497
6005533
6005569
6005579
6005591
6005603
6005627
6005647
6005651
6005663
6005687
6005717
6005719
6005749
6005759
6005789
6005849
6005851
6005861
6005863
6005869
6005887
6005891
6005893
6005897
6005899
6005903
6005911
6005917
6005927
6005953
6006029
6006031
6006047
6006053
6006067
6006073
6006079
6006089
6006097
6006127
6006137
6006149
6006163
6006229
6006233
6006241
6006251
6006257
6006269
6006293
6006313
6006359
6006361
6006373
6006379
6006383
6006391
6006409
6006421
6006431
6006433
6006439
6006479
6006503
6006523
6006547
6006551
6006557
6006563
6006569
6006599
6006601
6006619
6006631
6006643
6006667
6006673
6006677
6006697
6006757
6006761
6006769
6006779
6006809
6006817
6006851
6006859
6006883
6006893
6006911
6006941
6006943
6006953
6006961
6006991
6007003
6007037
6007051
6007091
6007093
6007109
6007123
6007151
6007159
6007181
6007187
6007189
6007207
6007217
6007223
6007231
6007247
6007271
6007277
6007297
6007303
6007333
6007349
6007367
6007369
6007373
6007387
There are 1881 prime numbers in S408.
