S410(6036841~6066360)
6036857
6036869
6036907
6036923
6036929
6036941
6036949
6036967
6036973
6036977
6036983
6036991
6036997
6037001
6037007
6037039
6037043
6037051
6037061
6037069
6037093
6037111
6037147
6037153
6037189
6037211
6037223
6037237
6037271
6037277
6037301
6037309
6037313
6037349
6037387
6037391
6037393
6037399
6037403
6037429
6037441
6037463
6037487
6037489
6037511
6037513
6037531
6037541
6037543
6037547
6037553
6037583
6037589
6037613
6037621
6037631
6037639
6037643
6037657
6037693
6037699
6037709
6037711
6037723
6037739
6037741
6037747
6037781
6037793
6037817
6037819
6037831
6037861
6037909
6037939
6037943
6037957
6037981
6037987
6038023
6038033
6038041
6038047
6038051
6038057
6038059
6038069
6038089
6038093
6038099
6038113
6038129
6038161
6038173
6038191
6038203
6038233
6038239
6038287
6038297
6038303
6038311
6038317
6038321
6038327
6038359
6038393
6038407
6038429
6038441
6038471
6038477
6038503
6038507
6038531
6038537
6038551
6038563
6038597
6038611
6038623
6038629
6038653
6038657
6038671
6038677
6038717
6038731
6038783
6038803
6038819
6038843
6038863
6038867
6038897
6038947
6038951
6038953
6038999
6039001
6039037
6039067
6039073
6039083
6039091
6039101
6039107
6039109
6039139
6039149
6039151
6039157
6039193
6039197
6039211
6039223
6039227
6039239
6039247
6039263
6039289
6039343
6039347
6039349
6039367
6039373
6039391
6039413
6039421
6039443
6039463
6039487
6039491
6039559
6039563
6039577
6039589
6039601
6039659
6039667
6039673
6039679
6039697
6039727
6039749
6039763
6039767
6039773
6039779
6039797
6039809
6039821
6039841
6039851
6039863
6039871
6039877
6039881
6039883
6039893
6039907
6039911
6039937
6039941
6039959
6039977
6040019
6040061
6040063
6040109
6040141
6040147
6040171
6040187
6040211
6040231
6040241
6040249
6040267
6040277
6040289
6040301
6040313
6040327
6040337
6040343
6040351
6040367
6040369
6040373
6040379
6040387
6040409
6040417
6040429
6040451
6040477
6040493
6040547
6040549
6040561
6040579
6040607
6040621
6040631
6040633
6040637
6040649
6040663
6040667
6040673
6040679
6040681
6040687
6040693
6040703
6040711
6040721
6040733
6040739
6040747
6040759
6040777
6040799
6040807
6040813
6040819
6040829
6040843
6040897
6040901
6040949
6040963
6040997
6041003
6041023
6041033
6041041
6041089
6041129
6041153
6041159
6041197
6041207
6041267
6041281
6041291
6041303
6041317
6041351
6041353
6041363
6041369
6041377
6041381
6041383
6041401
6041419
6041437
6041447
6041489
6041491
6041507
6041509
6041513
6041531
6041549
6041551
6041569
6041573
6041593
6041597
6041641
6041669
6041689
6041701
6041713
6041723
6041729
6041731
6041747
6041759
6041809
6041843
6041857
6041873
6041879
6041881
6041891
6041909
6041911
6041927
6041929
6041933
6041951
6041977
6041983
6042007
6042041
6042061
6042079
6042103
6042107
6042109
6042139
6042143
6042149
6042163
6042173
6042181
6042203
6042217
6042221
6042229
6042263
6042269
6042277
6042287
6042319
6042331
6042349
6042373
6042383
6042401
6042409
6042451
6042479
6042481
6042493
6042499
6042511
6042521
6042523
6042557
6042559
6042563
6042571
6042577
6042601
6042607
6042671
6042677
6042683
6042697
6042719
6042727
6042731
6042733
6042749
6042763
6042781
6042791
6042793
6042811
6042821
6042823
6042847
6042853
6042887
6042913
6042917
6042929
6042937
6042943
6042983
6042989
6043001
6043019
6043073
6043097
6043111
6043117
6043123
6043129
6043139
6043151
6043153
6043157
6043187
6043217
6043231
6043243
6043259
6043267
6043351
6043361
6043363
6043379
6043393
6043399
6043403
6043417
6043439
6043459
6043487
6043489
6043493
6043519
6043529
6043553
6043559
6043561
6043573
6043603
6043613
6043621
6043649
6043657
6043669
6043747
6043753
6043757
6043759
6043781
6043799
6043801
6043831
6043837
6043841
6043847
6043879
6043883
6043903
6043943
6043949
6043967
6043979
6043981
6043991
6044011
6044021
6044023
6044047
6044069
6044081
6044089
6044099
6044107
6044117
6044141
6044149
6044183
6044189
6044191
6044219
6044221
6044237
6044249
6044251
6044321
6044347
6044351
6044359
6044371
6044399
6044407
6044453
6044461
6044477
6044497
6044513
6044531
6044569
6044573
6044581
6044627
6044629
6044663
6044669
6044677
6044683
6044713
6044729
6044737
6044747
6044767
6044771
6044777
6044827
6044849
6044867
6044881
6044891
6044893
6044903
6044923
6044957
6044981
6044989
6044993
6045019
6045037
6045041
6045043
6045049
6045071
6045077
6045089
6045101
6045103
6045107
6045133
6045167
6045191
6045223
6045227
6045269
6045301
6045313
6045323
6045329
6045337
6045373
6045397
6045407
6045419
6045433
6045461
6045463
6045493
6045497
6045509
6045517
6045521
6045547
6045569
6045577
6045583
6045593
6045617
6045623
6045631
6045661
6045679
6045701
6045709
6045731
6045749
6045769
6045779
6045797
6045799
6045811
6045841
6045847
6045881
6045883
6045887
6045917
6045937
6045953
6045959
6045989
6046003
6046021
6046031
6046049
6046063
6046069
6046087
6046093
6046109
6046189
6046193
6046211
6046213
6046219
6046223
6046231
6046253
6046267
6046279
6046283
6046331
6046349
6046363
6046387
6046451
6046477
6046483
6046489
6046511
6046561
6046591
6046603
6046609
6046613
6046619
6046657
6046669
6046697
6046709
6046727
6046751
6046753
6046759
6046771
6046783
6046793
6046801
6046813
6046837
6046853
6046871
6046889
6046913
6046919
6046933
6046987
6047003
6047009
6047023
6047033
6047071
6047089
6047099
6047117
6047143
6047147
6047177
6047191
6047207
6047221
6047231
6047267
6047287
6047299
6047303
6047311
6047329
6047347
6047351
6047369
6047423
6047497
6047513
6047519
6047521
6047543
6047549
6047557
6047579
6047599
6047603
6047609
6047611
6047617
6047651
6047653
6047663
6047669
6047683
6047707
6047729
6047731
6047737
6047771
6047773
6047791
6047837
6047843
6047857
6047891
6047897
6047929
6047933
6047941
6047957
6047959
6047969
6047999
6048013
6048067
6048071
6048109
6048113
6048167
6048181
6048187
6048191
6048199
6048221
6048233
6048247
6048257
6048271
6048281
6048299
6048313
6048407
6048409
6048431
6048439
6048457
6048467
6048473
6048487
6048499
6048521
6048541
6048547
6048569
6048611
6048613
6048619
6048641
6048659
6048661
6048667
6048671
6048673
6048683
6048697
6048709
6048727
6048743
6048769
6048773
6048829
6048841
6048899
6048901
6048919
6048949
6048967
6048971
6048979
6048989
6048997
6049007
6049013
6049033
6049037
6049067
6049073
6049079
6049091
6049097
6049133
6049151
6049171
6049177
6049223
6049237
6049243
6049259
6049319
6049327
6049333
6049343
6049357
6049409
6049411
6049423
6049441
6049451
6049457
6049481
6049489
6049507
6049517
6049531
6049567
6049573
6049607
6049613
6049633
6049639
6049643
6049651
6049679
6049709
6049717
6049721
6049727
6049753
6049763
6049781
6049811
6049817
6049819
6049831
6049843
6049871
6049877
6049889
6049891
6049913
6049931
6049933
6049963
6049993
6049997
6050017
6050039
6050047
6050059
6050063
6050069
6050087
6050089
6050137
6050141
6050159
6050171
6050201
6050207
6050221
6050237
6050269
6050293
6050327
6050333
6050339
6050347
6050353
6050371
6050377
6050381
6050389
6050393
6050413
6050431
6050441
6050477
6050489
6050491
6050501
6050503
6050507
6050543
6050563
6050567
6050581
6050591
6050599
6050609
6050621
6050641
6050669
6050687
6050713
6050717
6050719
6050731
6050747
6050749
6050753
6050761
6050767
6050791
6050801
6050839
6050881
6050893
6050899
6050927
6050953
6050959
6050969
6050977
6051007
6051013
6051029
6051041
6051061
6051077
6051079
6051103
6051113
6051119
6051121
6051131
6051161
6051181
6051187
6051197
6051209
6051211
6051223
6051233
6051247
6051257
6051271
6051289
6051299
6051301
6051307
6051317
6051319
6051341
6051349
6051361
6051379
6051403
6051407
6051413
6051421
6051457
6051497
6051499
6051503
6051511
6051523
6051527
6051533
6051581
6051583
6051587
6051601
6051607
6051611
6051623
6051629
6051631
6051649
6051653
6051667
6051679
6051739
6051743
6051761
6051763
6051769
6051781
6051791
6051797
6051803
6051821
6051869
6051883
6051917
6051959
6051961
6051977
6052003
6052031
6052061
6052073
6052087
6052091
6052103
6052117
6052139
6052147
6052157
6052159
6052171
6052181
6052261
6052273
6052283
6052301
6052303
6052313
6052327
6052337
6052339
6052351
6052369
6052373
6052399
6052421
6052429
6052433
6052463
6052483
6052489
6052499
6052511
6052517
6052531
6052567
6052573
6052577
6052591
6052597
6052601
6052639
6052643
6052667
6052681
6052687
6052691
6052729
6052763
6052771
6052807
6052819
6052831
6052853
6052859
6052861
6052873
6052903
6052927
6052951
6052973
6053011
6053027
6053041
6053051
6053053
6053081
6053093
6053101
6053111
6053129
6053143
6053147
6053167
6053227
6053231
6053251
6053263
6053269
6053279
6053287
6053291
6053303
6053317
6053323
6053329
6053353
6053357
6053407
6053447
6053461
6053477
6053483
6053491
6053519
6053521
6053543
6053549
6053561
6053563
6053599
6053603
6053617
6053627
6053633
6053639
6053687
6053693
6053699
6053737
6053743
6053753
6053759
6053777
6053783
6053797
6053809
6053821
6053843
6053881
6053891
6053909
6053911
6053923
6053933
6053941
6053947
6053981
6053987
6054001
6054017
6054029
6054071
6054079
6054089
6054107
6054119
6054133
6054157
6054197
6054203
6054229
6054247
6054263
6054277
6054281
6054283
6054287
6054289
6054299
6054319
6054341
6054353
6054361
6054379
6054437
6054457
6054463
6054479
6054487
6054491
6054527
6054539
6054551
6054553
6054557
6054563
6054571
6054583
6054599
6054613
6054617
6054619
6054637
6054661
6054679
6054683
6054691
6054709
6054721
6054733
6054739
6054751
6054779
6054817
6054821
6054833
6054877
6054899
6054929
6054931
6054947
6054967
6055001
6055037
6055079
6055081
6055097
6055103
6055109
6055139
6055163
6055169
6055193
6055201
6055207
6055219
6055223
6055297
6055307
6055321
6055327
6055337
6055363
6055369
6055373
6055381
6055397
6055453
6055477
6055493
6055507
6055513
6055523
6055541
6055579
6055591
6055603
6055619
6055627
6055631
6055639
6055667
6055669
6055681
6055697
6055703
6055711
6055729
6055747
6055759
6055771
6055781
6055787
6055789
6055793
6055799
6055801
6055843
6055849
6055853
6055871
6055873
6055883
6055891
6055909
6055913
6055919
6055949
6055957
6055967
6055979
6055993
6056023
6056027
6056033
6056053
6056059
6056111
6056119
6056159
6056177
6056179
6056201
6056203
6056207
6056209
6056213
6056221
6056243
6056251
6056287
6056293
6056311
6056317
6056329
6056353
6056357
6056381
6056387
6056399
6056411
6056431
6056443
6056473
6056543
6056549
6056569
6056581
6056639
6056651
6056653
6056657
6056663
6056669
6056671
6056707
6056711
6056723
6056731
6056747
6056753
6056767
6056773
6056833
6056837
6056857
6056887
6056891
6056899
6056909
6056929
6056933
6056951
6056957
6056959
6056989
6056993
6057013
6057017
6057019
6057061
6057097
6057113
6057133
6057137
6057157
6057169
6057173
6057179
6057187
6057193
6057197
6057199
6057209
6057221
6057229
6057241
6057263
6057277
6057319
6057329
6057343
6057379
6057391
6057419
6057427
6057437
6057449
6057451
6057461
6057473
6057497
6057509
6057511
6057521
6057551
6057563
6057581
6057587
6057619
6057643
6057659
6057683
6057697
6057721
6057731
6057743
6057749
6057757
6057787
6057841
6057859
6057871
6057917
6057929
6057937
6057977
6057991
6058007
6058033
6058049
6058057
6058097
6058099
6058109
6058123
6058127
6058147
6058163
6058183
6058189
6058193
6058211
6058219
6058243
6058289
6058301
6058331
6058333
6058369
6058373
6058379
6058421
6058439
6058457
6058469
6058513
6058519
6058531
6058541
6058543
6058553
6058583
6058597
6058603
6058607
6058621
6058631
6058649
6058667
6058669
6058673
6058691
6058697
6058727
6058763
6058799
6058807
6058813
6058823
6058831
6058837
6058841
6058847
6058879
6058901
6058903
6058909
6058931
6058933
6058937
6058957
6058961
6058963
6058991
6058993
6059003
6059017
6059023
6059029
6059033
6059041
6059047
6059059
6059071
6059107
6059117
6059147
6059153
6059171
6059197
6059237
6059239
6059243
6059269
6059321
6059323
6059341
6059369
6059377
6059393
6059401
6059407
6059467
6059483
6059489
6059491
6059503
6059507
6059509
6059519
6059549
6059563
6059587
6059611
6059623
6059639
6059653
6059659
6059693
6059707
6059719
6059723
6059737
6059761
6059771
6059773
6059777
6059789
6059821
6059839
6059863
6059887
6059891
6059903
6059909
6059941
6059953
6059957
6059959
6059981
6060013
6060037
6060049
6060053
6060071
6060091
6060113
6060137
6060149
6060151
6060181
6060203
6060233
6060281
6060287
6060319
6060337
6060359
6060361
6060367
6060371
6060401
6060433
6060437
6060443
6060473
6060479
6060491
6060511
6060521
6060541
6060547
6060581
6060583
6060599
6060641
6060667
6060689
6060737
6060749
6060751
6060757
6060781
6060809
6060853
6060863
6060869
6060911
6060949
6060953
6060961
6060991
6061001
6061031
6061039
6061043
6061067
6061091
6061123
6061141
6061157
6061169
6061183
6061189
6061201
6061217
6061243
6061267
6061271
6061283
6061301
6061309
6061327
6061331
6061339
6061343
6061369
6061379
6061403
6061411
6061421
6061427
6061439
6061441
6061459
6061463
6061487
6061499
6061507
6061511
6061519
6061529
6061541
6061553
6061579
6061597
6061607
6061621
6061661
6061669
6061687
6061697
6061721
6061723
6061729
6061751
6061777
6061813
6061829
6061849
6061883
6061897
6061921
6061967
6061987
6062003
6062029
6062039
6062053
6062099
6062101
6062129
6062153
6062213
6062249
6062257
6062263
6062279
6062291
6062321
6062327
6062333
6062341
6062347
6062359
6062393
6062417
6062423
6062429
6062443
6062449
6062461
6062467
6062491
6062503
6062519
6062521
6062533
6062543
6062579
6062603
6062621
6062627
6062681
6062717
6062741
6062743
6062747
6062753
6062759
6062773
6062803
6062807
6062809
6062831
6062839
6062867
6062873
6062891
6062911
6062923
6062971
6062977
6062981
6062983
6062989
6062993
6063089
6063091
6063097
6063133
6063143
6063149
6063163
6063181
6063193
6063199
6063221
6063251
6063263
6063287
6063289
6063293
6063313
6063347
6063377
6063389
6063391
6063419
6063427
6063439
6063457
6063469
6063479
6063493
6063503
6063511
6063539
6063553
6063587
6063601
6063619
6063647
6063649
6063653
6063667
6063683
6063689
6063703
6063709
6063721
6063751
6063769
6063773
6063791
6063839
6063877
6063887
6063899
6063901
6063913
6063931
6063943
6063947
6063979
6064001
6064007
6064013
6064027
6064033
6064049
6064061
6064099
6064117
6064129
6064139
6064159
6064199
6064213
6064217
6064231
6064241
6064259
6064273
6064307
6064309
6064319
6064339
6064349
6064369
6064381
6064397
6064417
6064423
6064447
6064453
6064459
6064463
6064469
6064483
6064489
6064511
6064523
6064543
6064547
6064577
6064627
6064637
6064649
6064657
6064661
6064673
6064693
6064703
6064717
6064771
6064783
6064789
6064813
6064829
6064841
6064873
6064879
6064897
6064921
6064951
6064957
6064963
6064967
6064979
6064991
6064997
6065029
6065051
6065053
6065069
6065071
6065093
6065117
6065149
6065153
6065159
6065167
6065177
6065183
6065197
6065203
6065219
6065221
6065233
6065239
6065249
6065281
6065287
6065329
6065333
6065341
6065357
6065359
6065363
6065369
6065387
6065407
6065461
6065467
6065483
6065489
6065513
6065561
6065573
6065593
6065597
6065603
6065621
6065639
6065687
6065707
6065713
6065747
6065771
6065777
6065791
6065809
6065819
6065831
6065861
6065869
6065887
6065929
6065963
6065989
6065993
6066007
6066029
6066031
6066037
6066041
6066061
6066077
6066079
6066083
6066097
6066101
6066119
6066157
6066163
6066197
6066199
6066239
6066241
6066257
6066259
6066271
6066293
6066317
6066341
There are 1885 prime numbers in S410.
