S412(6095953~6125616)
6095959
6095977
6095987
6096049
6096053
6096059
6096071
6096107
6096109
6096137
6096161
6096163
6096187
6096191
6096197
6096199
6096241
6096247
6096257
6096269
6096271
6096289
6096313
6096317
6096329
6096373
6096383
6096407
6096427
6096437
6096439
6096457
6096469
6096481
6096487
6096499
6096521
6096593
6096617
6096619
6096631
6096653
6096661
6096683
6096703
6096709
6096719
6096721
6096733
6096751
6096773
6096787
6096809
6096821
6096833
6096859
6096877
6096899
6096901
6096907
6096913
6096917
6096943
6096949
6096991
6096997
6097019
6097031
6097057
6097079
6097103
6097109
6097121
6097127
6097153
6097171
6097177
6097183
6097187
6097199
6097207
6097211
6097213
6097219
6097241
6097243
6097253
6097261
6097283
6097303
6097307
6097313
6097319
6097331
6097361
6097363
6097381
6097411
6097417
6097439
6097463
6097501
6097519
6097547
6097573
6097579
6097631
6097633
6097649
6097661
6097681
6097687
6097699
6097717
6097753
6097757
6097759
6097789
6097813
6097867
6097877
6097907
6097913
6097937
6097943
6097963
6097969
6097991
6097997
6098003
6098009
6098011
6098017
6098039
6098047
6098051
6098083
6098101
6098117
6098137
6098143
6098153
6098161
6098167
6098171
6098237
6098249
6098263
6098269
6098311
6098327
6098341
6098357
6098363
6098371
6098383
6098401
6098429
6098447
6098467
6098471
6098479
6098483
6098501
6098513
6098531
6098539
6098549
6098557
6098567
6098581
6098623
6098629
6098633
6098663
6098669
6098713
6098731
6098759
6098761
6098779
6098783
6098789
6098797
6098831
6098837
6098839
6098843
6098849
6098857
6098863
6098891
6098899
6098927
6098929
6098941
6098947
6098951
6098959
6098977
6098999
6099001
6099011
6099029
6099053
6099059
6099083
6099091
6099097
6099109
6099127
6099139
6099161
6099167
6099179
6099199
6099217
6099221
6099227
6099239
6099257
6099271
6099307
6099319
6099349
6099371
6099389
6099391
6099407
6099409
6099419
6099427
6099433
6099493
6099497
6099503
6099521
6099523
6099547
6099559
6099563
6099571
6099601
6099619
6099629
6099631
6099637
6099641
6099649
6099659
6099697
6099701
6099713
6099721
6099727
6099733
6099767
6099829
6099859
6099871
6099883
6099887
6099917
6099941
6099959
6099979
6099983
6100001
6100013
6100019
6100027
6100043
6100049
6100051
6100067
6100091
6100111
6100117
6100123
6100139
6100147
6100163
6100169
6100181
6100189
6100201
6100207
6100217
6100223
6100253
6100261
6100307
6100319
6100321
6100333
6100337
6100351
6100357
6100379
6100429
6100439
6100483
6100489
6100511
6100517
6100519
6100529
6100559
6100561
6100579
6100613
6100667
6100673
6100697
6100709
6100723
6100733
6100771
6100781
6100799
6100813
6100823
6100847
6100859
6100867
6100873
6100877
6100879
6100889
6100901
6100903
6100907
6100931
6100949
6100961
6100973
6100981
6100987
6100993
6101027
6101047
6101077
6101083
6101089
6101093
6101111
6101119
6101129
6101149
6101167
6101171
6101213
6101219
6101237
6101269
6101297
6101311
6101321
6101357
6101369
6101393
6101429
6101441
6101443
6101449
6101467
6101471
6101507
6101531
6101549
6101551
6101561
6101593
6101597
6101609
6101621
6101639
6101651
6101653
6101659
6101663
6101671
6101677
6101701
6101729
6101741
6101747
6101749
6101773
6101783
6101789
6101791
6101807
6101813
6101819
6101833
6101867
6101873
6101899
6101903
6101917
6101941
6101959
6101993
6102007
6102023
6102043
6102073
6102079
6102101
6102139
6102149
6102157
6102169
6102179
6102181
6102191
6102203
6102233
6102247
6102251
6102253
6102263
6102301
6102307
6102323
6102353
6102377
6102403
6102407
6102419
6102449
6102457
6102479
6102487
6102491
6102497
6102511
6102533
6102559
6102571
6102589
6102599
6102617
6102619
6102631
6102703
6102709
6102739
6102749
6102757
6102763
6102769
6102773
6102787
6102793
6102821
6102823
6102851
6102869
6102871
6102893
6102911
6102913
6102917
6102919
6102923
6102931
6102953
6102977
6103007
6103057
6103067
6103087
6103093
6103099
6103103
6103117
6103121
6103133
6103169
6103171
6103177
6103183
6103193
6103217
6103241
6103271
6103277
6103283
6103327
6103333
6103367
6103381
6103393
6103397
6103403
6103423
6103429
6103439
6103451
6103453
6103481
6103511
6103519
6103523
6103583
6103627
6103637
6103649
6103667
6103679
6103681
6103687
6103703
6103739
6103751
6103759
6103771
6103789
6103817
6103819
6103829
6103831
6103841
6103847
6103849
6103859
6103913
6103939
6103943
6103961
6103987
6104009
6104023
6104047
6104051
6104057
6104099
6104129
6104141
6104143
6104159
6104167
6104171
6104183
6104201
6104221
6104227
6104233
6104261
6104279
6104281
6104291
6104321
6104347
6104353
6104363
6104369
6104389
6104393
6104419
6104431
6104447
6104467
6104473
6104533
6104537
6104563
6104569
6104573
6104597
6104617
6104621
6104627
6104629
6104639
6104641
6104647
6104653
6104663
6104687
6104701
6104713
6104767
6104807
6104827
6104831
6104837
6104849
6104851
6104869
6104927
6104929
6104939
6104951
6104953
6104957
6104999
6105007
6105013
6105049
6105079
6105089
6105101
6105149
6105161
6105163
6105179
6105181
6105191
6105217
6105223
6105247
6105257
6105263
6105293
6105301
6105317
6105367
6105371
6105377
6105389
6105391
6105439
6105443
6105467
6105469
6105487
6105521
6105553
6105569
6105571
6105577
6105587
6105611
6105623
6105641
6105661
6105683
6105709
6105713
6105719
6105721
6105727
6105767
6105769
6105773
6105809
6105811
6105823
6105829
6105877
6105889
6105893
6105899
6105919
6105937
6105947
6105949
6105959
6105997
6106003
6106057
6106081
6106091
6106097
6106123
6106127
6106141
6106151
6106189
6106207
6106223
6106241
6106249
6106271
6106273
6106279
6106297
6106319
6106337
6106343
6106351
6106363
6106403
6106421
6106423
6106427
6106459
6106481
6106483
6106487
6106489
6106511
6106531
6106549
6106589
6106609
6106637
6106643
6106673
6106679
6106691
6106693
6106729
6106741
6106747
6106787
6106801
6106823
6106873
6106879
6106883
6106889
6106897
6106921
6106931
6106939
6106993
6107009
6107011
6107021
6107041
6107047
6107053
6107083
6107119
6107173
6107177
6107209
6107219
6107221
6107249
6107273
6107287
6107291
6107293
6107317
6107327
6107329
6107347
6107359
6107363
6107383
6107393
6107459
6107461
6107501
6107513
6107567
6107579
6107587
6107593
6107599
6107609
6107617
6107623
6107657
6107671
6107681
6107687
6107693
6107741
6107767
6107779
6107809
6107819
6107821
6107831
6107833
6107851
6107861
6107867
6107897
6107909
6107939
6107953
6107971
6107977
6107999
6108001
6108007
6108013
6108019
6108079
6108103
6108131
6108143
6108149
6108161
6108169
6108173
6108191
6108217
6108227
6108229
6108247
6108269
6108283
6108307
6108313
6108341
6108353
6108373
6108391
6108397
6108407
6108413
6108437
6108439
6108461
6108463
6108497
6108499
6108511
6108521
6108533
6108541
6108607
6108617
6108653
6108677
6108679
6108689
6108691
6108743
6108749
6108761
6108779
6108787
6108793
6108841
6108847
6108853
6108857
6108863
6108887
6108889
6108913
6108929
6108941
6108943
6108979
6108983
6108989
6108997
6109003
6109009
6109021
6109031
6109039
6109043
6109057
6109067
6109073
6109087
6109093
6109133
6109141
6109183
6109199
6109217
6109219
6109223
6109231
6109249
6109253
6109277
6109289
6109291
6109303
6109321
6109331
6109339
6109349
6109357
6109399
6109417
6109423
6109427
6109429
6109457
6109471
6109501
6109567
6109601
6109603
6109637
6109639
6109643
6109657
6109667
6109669
6109673
6109703
6109711
6109717
6109723
6109751
6109769
6109799
6109813
6109819
6109837
6109867
6109871
6109877
6109889
6109891
6109903
6109907
6109937
6109951
6109967
6109979
6109991
6109993
6109997
6110003
6110009
6110011
6110053
6110057
6110081
6110087
6110101
6110119
6110129
6110179
6110201
6110207
6110219
6110261
6110263
6110297
6110311
6110339
6110347
6110369
6110371
6110383
6110393
6110411
6110443
6110471
6110477
6110483
6110501
6110509
6110519
6110521
6110527
6110549
6110551
6110563
6110567
6110569
6110581
6110593
6110623
6110683
6110711
6110717
6110719
6110747
6110749
6110777
6110789
6110827
6110831
6110843
6110861
6110933
6110941
6110969
6110971
6110977
6110981
6110983
6111011
6111013
6111023
6111029
6111047
6111071
6111073
6111089
6111139
6111151
6111167
6111181
6111191
6111197
6111221
6111227
6111229
6111233
6111241
6111251
6111263
6111283
6111317
6111349
6111383
6111389
6111403
6111437
6111439
6111463
6111493
6111499
6111503
6111509
6111527
6111577
6111587
6111593
6111601
6111607
6111613
6111617
6111643
6111647
6111649
6111659
6111661
6111667
6111671
6111683
6111689
6111709
6111713
6111727
6111737
6111757
6111769
6111793
6111797
6111803
6111811
6111821
6111839
6111877
6111881
6111913
6111943
6111967
6111971
6111979
6111983
6112003
6112009
6112039
6112049
6112079
6112081
6112103
6112109
6112121
6112147
6112153
6112159
6112187
6112199
6112213
6112229
6112241
6112259
6112277
6112279
6112339
6112349
6112361
6112391
6112409
6112423
6112439
6112441
6112451
6112453
6112501
6112541
6112553
6112583
6112597
6112643
6112657
6112681
6112703
6112709
6112721
6112723
6112739
6112747
6112763
6112789
6112793
6112811
6112819
6112831
6112849
6112907
6112919
6112937
6112943
6112949
6112969
6112973
6112987
6113011
6113021
6113027
6113039
6113053
6113069
6113071
6113087
6113111
6113123
6113137
6113161
6113189
6113197
6113201
6113207
6113209
6113213
6113273
6113279
6113297
6113299
6113309
6113329
6113333
6113339
6113357
6113363
6113407
6113453
6113467
6113491
6113507
6113509
6113539
6113579
6113587
6113593
6113609
6113623
6113663
6113669
6113671
6113689
6113711
6113729
6113741
6113743
6113753
6113803
6113827
6113831
6113857
6113893
6113909
6113911
6113923
6113927
6113941
6113959
6113963
6113971
6113981
6114001
6114019
6114049
6114061
6114077
6114083
6114149
6114151
6114167
6114179
6114187
6114209
6114217
6114233
6114253
6114259
6114263
6114281
6114323
6114349
6114379
6114391
6114397
6114401
6114403
6114419
6114463
6114473
6114497
6114517
6114539
6114541
6114547
6114551
6114593
6114607
6114623
6114629
6114649
6114671
6114677
6114697
6114707
6114727
6114739
6114761
6114763
6114767
6114799
6114817
6114821
6114833
6114869
6114877
6114881
6114887
6114907
6114919
6114929
6114989
6115001
6115003
6115037
6115061
6115063
6115069
6115097
6115099
6115103
6115111
6115127
6115139
6115141
6115147
6115163
6115183
6115199
6115229
6115237
6115253
6115261
6115267
6115289
6115297
6115313
6115327
6115337
6115363
6115367
6115379
6115387
6115391
6115399
6115411
6115423
6115441
6115489
6115507
6115513
6115531
6115537
6115541
6115547
6115561
6115579
6115639
6115643
6115661
6115667
6115679
6115691
6115717
6115741
6115783
6115787
6115807
6115819
6115843
6115849
6115859
6115871
6115873
6115877
6115909
6115919
6115927
6115931
6115951
6115973
6115979
6116009
6116023
6116027
6116029
6116051
6116053
6116057
6116111
6116113
6116161
6116167
6116177
6116189
6116197
6116219
6116237
6116239
6116261
6116263
6116267
6116273
6116281
6116291
6116293
6116323
6116371
6116381
6116401
6116443
6116489
6116491
6116567
6116573
6116603
6116623
6116629
6116633
6116647
6116657
6116659
6116683
6116687
6116699
6116711
6116713
6116717
6116731
6116771
6116779
6116797
6116801
6116807
6116813
6116833
6116843
6116867
6116921
6116927
6116933
6116947
6116953
6116963
6116977
6116987
6116989
6117037
6117053
6117071
6117073
6117079
6117091
6117109
6117131
6117151
6117169
6117193
6117197
6117203
6117239
6117253
6117269
6117281
6117299
6117311
6117337
6117341
6117343
6117361
6117367
6117383
6117389
6117401
6117403
6117409
6117437
6117451
6117491
6117541
6117557
6117581
6117583
6117599
6117607
6117613
6117641
6117647
6117649
6117667
6117689
6117697
6117721
6117743
6117763
6117767
6117779
6117781
6117817
6117821
6117823
6117833
6117851
6117863
6117883
6117893
6117899
6117901
6117919
6117929
6117941
6117959
6117967
6117983
6118001
6118003
6118027
6118031
6118087
6118111
6118139
6118157
6118163
6118183
6118187
6118199
6118219
6118223
6118237
6118261
6118289
6118291
6118297
6118309
6118327
6118337
6118339
6118381
6118403
6118421
6118423
6118429
6118433
6118481
6118493
6118499
6118517
6118537
6118547
6118559
6118561
6118571
6118573
6118591
6118597
6118613
6118631
6118643
6118649
6118699
6118711
6118729
6118747
6118751
6118753
6118769
6118823
6118891
6118927
6118967
6118979
6118999
6119011
6119021
6119033
6119041
6119053
6119077
6119089
6119107
6119119
6119123
6119131
6119137
6119143
6119149
6119153
6119161
6119189
6119233
6119249
6119257
6119293
6119297
6119299
6119317
6119329
6119383
6119401
6119417
6119423
6119441
6119453
6119479
6119483
6119497
6119521
6119527
6119543
6119549
6119569
6119573
6119591
6119593
6119599
6119611
6119629
6119639
6119647
6119669
6119671
6119681
6119683
6119699
6119719
6119731
6119777
6119797
6119801
6119819
6119821
6119833
6119851
6119887
6119921
6119933
6119959
6119969
6119977
6120007
6120013
6120083
6120097
6120151
6120167
6120173
6120197
6120203
6120217
6120227
6120229
6120251
6120253
6120259
6120269
6120311
6120329
6120347
6120349
6120371
6120377
6120379
6120427
6120437
6120449
6120467
6120497
6120509
6120523
6120529
6120533
6120559
6120563
6120581
6120589
6120607
6120637
6120689
6120703
6120707
6120727
6120739
6120761
6120773
6120781
6120787
6120809
6120823
6120853
6120859
6120883
6120887
6120889
6120893
6120911
6120929
6120949
6120971
6120997
6121057
6121067
6121091
6121099
6121109
6121121
6121201
6121223
6121231
6121253
6121261
6121319
6121337
6121369
6121397
6121403
6121417
6121429
6121433
6121441
6121457
6121463
6121469
6121471
6121481
6121487
6121501
6121517
6121537
6121541
6121543
6121567
6121579
6121607
6121627
6121637
6121651
6121673
6121679
6121681
6121721
6121727
6121733
6121747
6121771
6121793
6121799
6121807
6121847
6121861
6121873
6121877
6121879
6121883
6121889
6121897
6121919
6121931
6121939
6121943
6121949
6121957
6122029
6122033
6122041
6122059
6122063
6122087
6122089
6122101
6122107
6122167
6122177
6122201
6122213
6122251
6122273
6122287
6122293
6122309
6122323
6122327
6122339
6122341
6122359
6122381
6122411
6122419
6122447
6122449
6122461
6122477
6122483
6122513
6122521
6122537
6122569
6122581
6122609
6122621
6122651
6122659
6122663
6122671
6122681
6122707
6122713
6122747
6122759
6122777
6122791
6122801
6122803
6122819
6122849
6122863
6122867
6122881
6122917
6122927
6122939
6122947
6122971
6122983
6122999
6123001
6123011
6123017
6123023
6123059
6123067
6123127
6123133
6123163
6123191
6123193
6123199
6123203
6123223
6123233
6123239
6123251
6123259
6123277
6123283
6123287
6123317
6123353
6123361
6123401
6123409
6123413
6123427
6123443
6123449
6123487
6123493
6123499
6123517
6123563
6123571
6123613
6123617
6123619
6123629
6123631
6123641
6123653
6123683
6123703
6123713
6123721
6123737
6123739
6123743
6123749
6123781
6123797
6123829
6123841
6123863
6123869
6123877
6123881
6123889
6123913
6123917
6123937
6123941
6123967
6123977
6123979
6124007
6124009
6124021
6124109
6124121
6124163
6124169
6124207
6124219
6124229
6124231
6124253
6124271
6124273
6124291
6124297
6124303
6124319
6124331
6124367
6124379
6124397
6124411
6124421
6124427
6124439
6124451
6124477
6124501
6124507
6124513
6124529
6124541
6124543
6124589
6124609
6124649
6124663
6124667
6124681
6124691
6124717
6124751
6124753
6124793
6124801
6124817
6124823
6124837
6124847
6124873
6124883
6124889
6124901
6124907
6124933
6124961
6124991
6124997
6125023
6125029
6125057
6125089
6125123
6125137
6125143
6125159
6125173
6125183
6125191
6125213
6125227
6125233
6125243
6125257
6125261
6125267
6125269
6125279
6125281
6125297
6125303
6125309
6125323
6125333
6125363
6125381
6125417
6125443
6125447
6125459
6125489
6125563
6125573
6125579
6125599
There are 1908 prime numbers in S412.
