S414(6155353~6185160)
6155353
6155417
6155419
6155423
6155437
6155447
6155459
6155483
6155489
6155497
6155519
6155531
6155537
6155549
6155551
6155561
6155573
6155593
6155599
6155621
6155641
6155687
6155689
6155711
6155713
6155761
6155767
6155777
6155783
6155839
6155857
6155873
6155899
6155939
6155957
6155969
6155971
6155977
6155983
6155987
6156037
6156047
6156049
6156067
6156079
6156089
6156103
6156113
6156131
6156169
6156173
6156179
6156187
6156221
6156229
6156257
6156263
6156281
6156289
6156313
6156317
6156331
6156343
6156349
6156373
6156379
6156407
6156443
6156487
6156509
6156523
6156539
6156583
6156599
6156629
6156637
6156641
6156659
6156713
6156719
6156721
6156739
6156767
6156781
6156793
6156811
6156823
6156853
6156877
6156901
6156919
6156923
6156937
6156959
6156967
6156971
6156973
6156977
6156979
6156989
6157001
6157013
6157033
6157051
6157079
6157097
6157103
6157139
6157147
6157153
6157163
6157171
6157183
6157187
6157199
6157201
6157211
6157219
6157271
6157289
6157297
6157303
6157337
6157343
6157351
6157363
6157369
6157397
6157427
6157447
6157453
6157469
6157493
6157507
6157511
6157513
6157549
6157559
6157573
6157597
6157603
6157607
6157609
6157637
6157639
6157661
6157663
6157673
6157681
6157717
6157727
6157741
6157751
6157763
6157777
6157793
6157819
6157841
6157847
6157861
6157883
6157891
6157897
6157909
6157937
6157939
6157969
6157973
6157979
6157993
6158003
6158041
6158059
6158069
6158083
6158093
6158099
6158101
6158107
6158149
6158167
6158183
6158189
6158197
6158213
6158221
6158231
6158249
6158263
6158279
6158291
6158293
6158297
6158309
6158311
6158333
6158381
6158389
6158393
6158407
6158483
6158501
6158507
6158513
6158521
6158531
6158543
6158557
6158563
6158681
6158689
6158699
6158723
6158729
6158767
6158771
6158783
6158797
6158843
6158857
6158861
6158923
6158939
6158941
6158969
6159007
6159011
6159031
6159073
6159079
6159103
6159113
6159121
6159133
6159137
6159149
6159161
6159163
6159169
6159199
6159203
6159217
6159221
6159247
6159299
6159311
6159313
6159317
6159323
6159337
6159367
6159379
6159407
6159443
6159451
6159467
6159473
6159487
6159493
6159499
6159509
6159523
6159529
6159533
6159539
6159547
6159557
6159563
6159577
6159583
6159589
6159613
6159617
6159619
6159623
6159641
6159677
6159689
6159691
6159697
6159701
6159721
6159757
6159787
6159817
6159827
6159833
6159847
6159851
6159869
6159893
6159943
6159947
6159953
6159983
6159991
6159997
6160003
6160027
6160039
6160043
6160073
6160079
6160109
6160111
6160117
6160139
6160157
6160163
6160169
6160211
6160229
6160247
6160277
6160303
6160321
6160331
6160333
6160339
6160361
6160379
6160381
6160391
6160393
6160403
6160423
6160433
6160439
6160447
6160489
6160507
6160513
6160529
6160549
6160559
6160589
6160591
6160597
6160601
6160607
6160621
6160633
6160639
6160663
6160699
6160709
6160733
6160747
6160771
6160793
6160811
6160813
6160823
6160831
6160853
6160867
6160871
6160927
6160937
6160949
6160961
6160967
6160969
6160993
6161003
6161009
6161017
6161039
6161041
6161063
6161081
6161107
6161117
6161143
6161147
6161159
6161161
6161179
6161189
6161201
6161209
6161213
6161249
6161257
6161269
6161279
6161329
6161333
6161347
6161383
6161413
6161417
6161431
6161437
6161459
6161471
6161473
6161479
6161483
6161489
6161501
6161503
6161509
6161527
6161579
6161581
6161609
6161629
6161641
6161651
6161663
6161693
6161761
6161819
6161873
6161899
6161917
6161927
6161929
6161941
6161951
6161959
6161993
6162001
6162043
6162059
6162071
6162077
6162113
6162127
6162131
6162139
6162157
6162179
6162197
6162199
6162209
6162223
6162241
6162263
6162283
6162307
6162319
6162323
6162329
6162337
6162349
6162379
6162391
6162437
6162439
6162473
6162487
6162493
6162511
6162523
6162539
6162547
6162557
6162571
6162577
6162581
6162589
6162599
6162601
6162613
6162623
6162641
6162659
6162743
6162749
6162809
6162817
6162829
6162841
6162847
6162881
6162883
6162887
6162931
6162941
6162943
6163007
6163009
6163021
6163037
6163039
6163043
6163097
6163123
6163139
6163151
6163153
6163159
6163169
6163177
6163181
6163189
6163207
6163217
6163249
6163271
6163279
6163291
6163301
6163303
6163309
6163321
6163351
6163357
6163361
6163373
6163387
6163411
6163433
6163441
6163453
6163483
6163499
6163511
6163541
6163567
6163579
6163583
6163589
6163601
6163603
6163607
6163643
6163649
6163679
6163693
6163697
6163711
6163739
6163753
6163757
6163769
6163783
6163813
6163819
6163837
6163849
6163879
6163889
6163891
6163903
6163957
6163991
6164017
6164021
6164027
6164029
6164033
6164077
6164083
6164099
6164101
6164117
6164129
6164141
6164159
6164167
6164173
6164177
6164203
6164209
6164243
6164267
6164293
6164329
6164359
6164369
6164371
6164383
6164399
6164419
6164429
6164461
6164479
6164503
6164507
6164513
6164519
6164537
6164549
6164551
6164563
6164579
6164611
6164623
6164633
6164647
6164651
6164657
6164677
6164689
6164701
6164731
6164749
6164771
6164773
6164779
6164783
6164803
6164813
6164819
6164827
6164833
6164839
6164869
6164887
6164891
6164929
6164971
6164981
6165007
6165017
6165031
6165053
6165059
6165077
6165083
6165097
6165109
6165113
6165121
6165191
6165217
6165221
6165227
6165251
6165259
6165277
6165283
6165307
6165349
6165359
6165377
6165391
6165409
6165431
6165461
6165463
6165479
6165491
6165499
6165527
6165529
6165553
6165563
6165581
6165583
6165589
6165629
6165637
6165673
6165689
6165701
6165707
6165737
6165739
6165751
6165763
6165827
6165829
6165833
6165839
6165857
6165881
6165911
6165919
6165923
6165947
6165953
6165979
6165997
6166037
6166049
6166057
6166081
6166099
6166103
6166109
6166123
6166129
6166133
6166159
6166163
6166169
6166207
6166213
6166219
6166247
6166249
6166261
6166271
6166273
6166289
6166327
6166333
6166339
6166351
6166361
6166367
6166379
6166403
6166409
6166417
6166451
6166471
6166477
6166483
6166487
6166519
6166549
6166571
6166577
6166591
6166609
6166637
6166639
6166669
6166681
6166703
6166711
6166717
6166723
6166751
6166777
6166789
6166813
6166837
6166841
6166843
6166871
6166877
6166883
6166889
6166891
6166907
6166913
6166943
6166973
6166981
6166987
6166997
6166999
6167009
6167023
6167033
6167041
6167069
6167081
6167089
6167101
6167129
6167137
6167167
6167173
6167177
6167207
6167221
6167251
6167257
6167269
6167281
6167299
6167303
6167309
6167327
6167333
6167341
6167347
6167351
6167353
6167377
6167383
6167407
6167411
6167429
6167443
6167453
6167461
6167471
6167503
6167509
6167521
6167531
6167561
6167563
6167573
6167597
6167621
6167627
6167639
6167659
6167677
6167687
6167731
6167773
6167779
6167783
6167809
6167827
6167831
6167839
6167849
6167867
6167891
6167899
6167911
6167921
6167927
6167929
6167947
6167971
6168013
6168023
6168031
6168053
6168061
6168073
6168077
6168079
6168089
6168091
6168109
6168121
6168131
6168143
6168167
6168181
6168187
6168223
6168247
6168251
6168277
6168313
6168317
6168341
6168353
6168359
6168367
6168377
6168401
6168413
6168457
6168469
6168497
6168499
6168523
6168527
6168553
6168563
6168581
6168587
6168599
6168601
6168607
6168611
6168629
6168647
6168649
6168667
6168683
6168689
6168691
6168709
6168713
6168731
6168779
6168781
6168821
6168881
6168893
6168923
6168931
6168949
6168971
6168989
6168997
6169013
6169019
6169021
6169027
6169039
6169049
6169057
6169063
6169087
6169123
6169127
6169133
6169139
6169193
6169201
6169231
6169259
6169301
6169309
6169321
6169327
6169333
6169337
6169349
6169363
6169369
6169379
6169399
6169409
6169421
6169439
6169441
6169447
6169463
6169469
6169477
6169483
6169507
6169517
6169523
6169529
6169531
6169591
6169609
6169619
6169627
6169649
6169679
6169693
6169711
6169729
6169733
6169753
6169763
6169781
6169789
6169811
6169847
6169859
6169871
6169883
6169897
6169901
6169907
6169909
6169921
6169931
6169937
6169949
6169973
6169981
6169987
6169993
6170029
6170051
6170057
6170081
6170093
6170107
6170119
6170123
6170159
6170173
6170221
6170251
6170317
6170327
6170341
6170357
6170363
6170387
6170389
6170407
6170413
6170429
6170431
6170441
6170447
6170449
6170477
6170491
6170501
6170503
6170557
6170561
6170579
6170587
6170639
6170641
6170651
6170653
6170657
6170663
6170713
6170719
6170743
6170753
6170761
6170783
6170819
6170837
6170861
6170893
6170911
6170921
6170929
6170933
6170947
6170977
6170981
6171001
6171031
6171037
6171047
6171049
6171073
6171089
6171091
6171097
6171101
6171149
6171157
6171163
6171167
6171203
6171227
6171233
6171239
6171247
6171251
6171271
6171281
6171293
6171301
6171329
6171331
6171353
6171359
6171377
6171397
6171413
6171427
6171463
6171467
6171469
6171491
6171509
6171589
6171593
6171611
6171619
6171623
6171643
6171647
6171679
6171701
6171703
6171707
6171719
6171727
6171743
6171749
6171761
6171773
6171793
6171829
6171857
6171881
6171887
6171911
6171917
6171953
6171967
6172021
6172043
6172051
6172063
6172079
6172097
6172109
6172123
6172147
6172183
6172213
6172217
6172247
6172249
6172259
6172267
6172277
6172279
6172291
6172337
6172363
6172367
6172373
6172381
6172393
6172409
6172421
6172477
6172489
6172493
6172499
6172519
6172531
6172541
6172553
6172559
6172571
6172577
6172603
6172609
6172619
6172637
6172657
6172667
6172697
6172709
6172711
6172721
6172741
6172753
6172759
6172787
6172799
6172801
6172847
6172861
6172879
6172889
6172897
6172909
6172913
6172927
6172931
6172949
6172987
6173003
6173009
6173047
6173051
6173059
6173071
6173093
6173137
6173147
6173149
6173171
6173183
6173197
6173207
6173239
6173243
6173249
6173257
6173327
6173341
6173353
6173359
6173369
6173393
6173417
6173437
6173441
6173449
6173459
6173473
6173483
6173501
6173513
6173527
6173539
6173551
6173569
6173593
6173603
6173621
6173641
6173647
6173653
6173677
6173731
6173753
6173767
6173773
6173777
6173809
6173813
6173833
6173837
6173861
6173863
6173887
6173891
6173927
6173939
6173957
6174001
6174011
6174017
6174083
6174101
6174109
6174131
6174137
6174139
6174151
6174163
6174167
6174191
6174229
6174253
6174257
6174271
6174293
6174299
6174307
6174317
6174331
6174347
6174379
6174391
6174431
6174439
6174461
6174463
6174473
6174479
6174503
6174517
6174533
6174547
6174569
6174577
6174583
6174599
6174631
6174643
6174697
6174703
6174713
6174737
6174743
6174769
6174781
6174793
6174809
6174811
6174821
6174823
6174827
6174841
6174869
6174899
6174913
6174919
6174989
6174991
6175021
6175027
6175033
6175067
6175069
6175123
6175129
6175139
6175151
6175153
6175157
6175163
6175181
6175207
6175217
6175219
6175223
6175229
6175237
6175243
6175259
6175261
6175271
6175303
6175313
6175319
6175333
6175349
6175363
6175373
6175381
6175391
6175397
6175409
6175423
6175427
6175439
6175483
6175487
6175501
6175517
6175529
6175577
6175583
6175619
6175643
6175657
6175681
6175691
6175693
6175711
6175717
6175721
6175739
6175751
6175769
6175787
6175837
6175843
6175853
6175861
6175867
6175889
6175903
6175921
6175951
6175973
6175979
6175987
6175991
6175997
6176011
6176033
6176039
6176041
6176057
6176059
6176063
6176069
6176119
6176173
6176201
6176207
6176221
6176231
6176237
6176239
6176293
6176323
6176327
6176329
6176377
6176407
6176413
6176419
6176437
6176473
6176549
6176551
6176557
6176561
6176587
6176591
6176617
6176647
6176671
6176683
6176699
6176701
6176707
6176713
6176717
6176741
6176747
6176783
6176801
6176803
6176809
6176813
6176827
6176837
6176839
6176861
6176869
6176917
6176927
6176941
6176953
6176959
6176981
6176983
6176999
6177007
6177011
6177023
6177049
6177053
6177107
6177151
6177161
6177167
6177181
6177191
6177209
6177221
6177229
6177233
6177263
6177289
6177293
6177331
6177383
6177389
6177397
6177403
6177419
6177427
6177449
6177461
6177481
6177499
6177503
6177533
6177541
6177559
6177569
6177581
6177599
6177617
6177629
6177637
6177643
6177671
6177673
6177683
6177701
6177707
6177739
6177763
6177797
6177803
6177881
6177883
6177887
6177889
6177893
6177901
6177929
6177937
6177947
6177967
6177971
6177973
6177979
6177989
6177991
6178057
6178061
6178087
6178093
6178129
6178153
6178181
6178187
6178201
6178213
6178219
6178241
6178243
6178267
6178273
6178301
6178309
6178313
6178321
6178339
6178343
6178357
6178379
6178387
6178391
6178397
6178399
6178433
6178441
6178451
6178481
6178483
6178493
6178561
6178567
6178597
6178607
6178619
6178631
6178639
6178643
6178663
6178691
6178693
6178699
6178717
6178721
6178723
6178747
6178759
6178831
6178847
6178853
6178859
6178891
6178903
6178937
6178957
6178969
6178981
6179021
6179023
6179053
6179081
6179083
6179087
6179099
6179113
6179153
6179171
6179183
6179189
6179197
6179207
6179213
6179221
6179227
6179269
6179273
6179287
6179293
6179297
6179309
6179311
6179317
6179321
6179353
6179399
6179413
6179417
6179431
6179441
6179461
6179473
6179489
6179507
6179519
6179533
6179539
6179549
6179567
6179597
6179623
6179647
6179681
6179683
6179699
6179707
6179713
6179717
6179741
6179749
6179753
6179759
6179779
6179783
6179791
6179821
6179861
6179863
6179903
6179941
6179969
6179981
6179989
6180001
6180007
6180019
6180029
6180037
6180047
6180049
6180059
6180127
6180131
6180133
6180143
6180157
6180179
6180193
6180199
6180203
6180233
6180241
6180259
6180271
6180283
6180289
6180319
6180329
6180331
6180341
6180379
6180389
6180397
6180413
6180497
6180511
6180521
6180527
6180533
6180539
6180541
6180557
6180589
6180599
6180611
6180617
6180649
6180653
6180659
6180661
6180667
6180679
6180689
6180731
6180737
6180751
6180773
6180793
6180827
6180841
6180847
6180869
6180901
6180907
6180919
6180929
6180953
6180989
6180991
6181001
6181009
6181027
6181033
6181057
6181079
6181103
6181127
6181141
6181151
6181169
6181187
6181223
6181229
6181249
6181261
6181267
6181271
6181277
6181291
6181297
6181349
6181361
6181363
6181391
6181423
6181433
6181451
6181477
6181531
6181573
6181579
6181589
6181601
6181613
6181619
6181633
6181639
6181649
6181657
6181699
6181739
6181753
6181787
6181811
6181831
6181841
6181873
6181913
6181919
6181921
6181933
6181937
6181943
6181949
6181969
6181993
6182039
6182047
6182053
6182069
6182081
6182083
6182093
6182107
6182131
6182149
6182161
6182177
6182179
6182221
6182227
6182243
6182251
6182257
6182261
6182263
6182269
6182287
6182317
6182321
6182327
6182347
6182359
6182387
6182389
6182401
6182413
6182459
6182483
6182531
6182537
6182549
6182557
6182573
6182623
6182639
6182641
6182647
6182717
6182723
6182767
6182783
6182789
6182797
6182819
6182863
6182873
6182879
6182909
6182921
6182971
6182977
6182989
6182993
6183007
6183011
6183017
6183029
6183049
6183059
6183077
6183091
6183103
6183127
6183157
6183161
6183217
6183241
6183269
6183301
6183347
6183349
6183361
6183371
6183391
6183413
6183421
6183431
6183449
6183451
6183469
6183487
6183491
6183517
6183559
6183571
6183581
6183589
6183599
6183623
6183629
6183643
6183659
6183691
6183703
6183713
6183761
6183823
6183829
6183839
6183857
6183871
6183889
6183893
6183917
6183929
6183977
6183979
6184001
6184019
6184037
6184067
6184091
6184099
6184109
6184111
6184121
6184127
6184133
6184147
6184169
6184181
6184183
6184187
6184201
6184219
6184229
6184237
6184259
6184261
6184267
6184273
6184289
6184319
6184327
6184349
6184393
6184403
6184417
6184441
6184457
6184463
6184471
6184483
6184499
6184537
6184547
6184559
6184601
6184609
6184613
6184637
6184639
6184643
6184649
6184657
6184667
6184669
6184679
6184681
6184687
6184693
6184741
6184757
6184799
6184811
6184813
6184847
6184853
6184873
6184909
6184931
6184933
6184939
6184963
6184967
6185021
6185041
6185057
6185063
6185099
6185107
6185131
6185143
6185159
There are 1894 prime numbers in S414.
