S416(6215041~6244992)
6215051
6215057
6215063
6215089
6215093
6215101
6215141
6215171
6215173
6215189
6215191
6215201
6215203
6215213
6215227
6215249
6215273
6215281
6215317
6215333
6215347
6215357
6215369
6215381
6215393
6215401
6215423
6215431
6215441
6215449
6215453
6215459
6215467
6215471
6215491
6215501
6215533
6215551
6215579
6215597
6215611
6215617
6215623
6215639
6215647
6215653
6215669
6215701
6215719
6215771
6215789
6215813
6215851
6215861
6215873
6215917
6215921
6215929
6215933
6215959
6215971
6215987
6216011
6216013
6216019
6216029
6216031
6216047
6216061
6216071
6216073
6216103
6216107
6216109
6216139
6216149
6216191
6216227
6216229
6216239
6216251
6216253
6216257
6216277
6216281
6216283
6216293
6216307
6216311
6216341
6216349
6216367
6216377
6216389
6216403
6216421
6216437
6216479
6216499
6216503
6216541
6216557
6216569
6216599
6216697
6216719
6216731
6216733
6216751
6216757
6216761
6216773
6216779
6216797
6216823
6216829
6216841
6216887
6216893
6216913
6216929
6216943
6216961
6216967
6216979
6216989
6217027
6217037
6217039
6217051
6217067
6217091
6217097
6217103
6217151
6217157
6217177
6217229
6217231
6217249
6217259
6217261
6217279
6217283
6217297
6217307
6217319
6217381
6217411
6217441
6217457
6217481
6217493
6217543
6217633
6217637
6217643
6217649
6217657
6217681
6217697
6217709
6217711
6217721
6217741
6217747
6217777
6217789
6217811
6217817
6217831
6217859
6217867
6217873
6217879
6217901
6217927
6217931
6217933
6217943
6217963
6217993
6217999
6218021
6218033
6218057
6218059
6218083
6218089
6218099
6218117
6218143
6218159
6218161
6218189
6218207
6218221
6218227
6218231
6218237
6218269
6218291
6218297
6218323
6218351
6218357
6218363
6218369
6218417
6218431
6218449
6218477
6218489
6218539
6218581
6218599
6218603
6218621
6218623
6218647
6218657
6218669
6218683
6218687
6218689
6218713
6218741
6218749
6218759
6218827
6218837
6218867
6218881
6218887
6218897
6218917
6218929
6218951
6218981
6218987
6219001
6219041
6219043
6219049
6219077
6219091
6219097
6219113
6219121
6219139
6219149
6219173
6219197
6219203
6219209
6219211
6219221
6219233
6219271
6219287
6219319
6219359
6219371
6219379
6219383
6219419
6219443
6219457
6219503
6219509
6219541
6219547
6219583
6219617
6219643
6219667
6219679
6219701
6219727
6219757
6219779
6219781
6219793
6219797
6219827
6219847
6219853
6219887
6219893
6219901
6219919
6219923
6219947
6219953
6219971
6219989
6219991
6220001
6220003
6220043
6220061
6220063
6220073
6220091
6220099
6220117
6220129
6220141
6220157
6220169
6220177
6220187
6220199
6220217
6220229
6220237
6220241
6220259
6220261
6220271
6220289
6220307
6220321
6220339
6220343
6220349
6220369
6220387
6220399
6220411
6220421
6220433
6220447
6220457
6220463
6220469
6220517
6220519
6220567
6220579
6220631
6220633
6220639
6220651
6220661
6220673
6220693
6220723
6220727
6220729
6220751
6220757
6220777
6220813
6220817
6220829
6220831
6220849
6220871
6220897
6220927
6220937
6220943
6220979
6221003
6221009
6221023
6221027
6221041
6221071
6221077
6221081
6221093
6221101
6221107
6221119
6221123
6221147
6221153
6221161
6221177
6221179
6221183
6221191
6221203
6221209
6221213
6221231
6221239
6221263
6221273
6221287
6221309
6221311
6221317
6221377
6221429
6221459
6221471
6221489
6221497
6221539
6221543
6221549
6221557
6221561
6221563
6221591
6221629
6221639
6221647
6221651
6221671
6221693
6221749
6221767
6221771
6221773
6221819
6221827
6221833
6221837
6221849
6221867
6221869
6221879
6221909
6221927
6221933
6221951
6221953
6221977
6221981
6221989
6222011
6222049
6222053
6222059
6222071
6222077
6222113
6222149
6222163
6222169
6222173
6222191
6222193
6222197
6222217
6222233
6222241
6222263
6222287
6222299
6222313
6222319
6222341
6222343
6222353
6222361
6222373
6222383
6222407
6222409
6222421
6222439
6222451
6222457
6222467
6222473
6222479
6222497
6222499
6222523
6222533
6222551
6222607
6222641
6222679
6222707
6222743
6222757
6222761
6222763
6222767
6222781
6222817
6222829
6222869
6222877
6222883
6222947
6222959
6222967
6222977
6222991
6223001
6223057
6223069
6223073
6223099
6223109
6223111
6223117
6223121
6223171
6223181
6223187
6223193
6223201
6223211
6223247
6223253
6223277
6223291
6223319
6223331
6223333
6223337
6223351
6223387
6223391
6223397
6223439
6223463
6223471
6223489
6223531
6223549
6223561
6223577
6223579
6223601
6223627
6223667
6223669
6223673
6223687
6223727
6223739
6223741
6223747
6223757
6223771
6223781
6223783
6223813
6223817
6223871
6223873
6223897
6223909
6223933
6223937
6223939
6223957
6223967
6223993
6223999
6224011
6224017
6224033
6224041
6224051
6224059
6224063
6224081
6224089
6224093
6224107
6224131
6224137
6224171
6224189
6224201
6224213
6224221
6224243
6224249
6224263
6224269
6224279
6224287
6224353
6224359
6224369
6224377
6224401
6224411
6224417
6224423
6224429
6224437
6224447
6224461
6224483
6224503
6224507
6224509
6224527
6224573
6224611
6224627
6224629
6224639
6224653
6224657
6224671
6224681
6224683
6224689
6224693
6224717
6224747
6224753
6224759
6224767
6224791
6224851
6224861
6224891
6224909
6224921
6224923
6224971
6224983
6224987
6225001
6225007
6225013
6225029
6225097
6225119
6225137
6225181
6225187
6225211
6225223
6225299
6225313
6225319
6225353
6225377
6225379
6225391
6225409
6225449
6225469
6225487
6225523
6225529
6225533
6225547
6225551
6225607
6225619
6225623
6225647
6225649
6225677
6225679
6225697
6225701
6225719
6225733
6225763
6225767
6225773
6225781
6225797
6225803
6225827
6225829
6225839
6225851
6225871
6225889
6225899
6225917
6225931
6225941
6225979
6225983
6226007
6226019
6226021
6226049
6226067
6226127
6226141
6226159
6226163
6226177
6226201
6226229
6226273
6226277
6226279
6226291
6226303
6226313
6226321
6226343
6226349
6226361
6226379
6226391
6226393
6226417
6226427
6226439
6226457
6226469
6226477
6226481
6226499
6226523
6226559
6226589
6226603
6226609
6226613
6226621
6226631
6226643
6226663
6226673
6226687
6226729
6226733
6226741
6226747
6226757
6226769
6226799
6226807
6226817
6226861
6226867
6226901
6226903
6226907
6226921
6226931
6226933
6226963
6226993
6227027
6227029
6227033
6227057
6227069
6227099
6227101
6227107
6227113
6227149
6227161
6227183
6227189
6227201
6227209
6227233
6227239
6227261
6227267
6227297
6227323
6227329
6227363
6227369
6227371
6227387
6227393
6227399
6227401
6227437
6227443
6227461
6227471
6227477
6227521
6227527
6227537
6227563
6227567
6227569
6227579
6227587
6227591
6227603
6227633
6227651
6227653
6227657
6227671
6227677
6227701
6227707
6227713
6227731
6227737
6227743
6227747
6227773
6227783
6227821
6227833
6227861
6227867
6227873
6227891
6227909
6227911
6227927
6227939
6227959
6227971
6227987
6227989
6227999
6228007
6228031
6228037
6228041
6228059
6228073
6228091
6228121
6228139
6228203
6228223
6228227
6228251
6228263
6228289
6228311
6228317
6228329
6228337
6228353
6228361
6228373
6228389
6228413
6228449
6228457
6228463
6228473
6228493
6228499
6228503
6228539
6228553
6228583
6228589
6228611
6228623
6228631
6228659
6228667
6228671
6228683
6228709
6228721
6228731
6228743
6228773
6228779
6228787
6228793
6228797
6228809
6228821
6228829
6228841
6228847
6228853
6228857
6228869
6228877
6228889
6228907
6228917
6228947
6228949
6228961
6228983
6228991
6229033
6229073
6229079
6229081
6229087
6229099
6229103
6229117
6229129
6229133
6229141
6229151
6229177
6229183
6229187
6229193
6229213
6229231
6229247
6229261
6229303
6229319
6229339
6229369
6229373
6229393
6229409
6229439
6229441
6229451
6229471
6229501
6229507
6229513
6229523
6229529
6229547
6229583
6229589
6229591
6229621
6229627
6229649
6229661
6229723
6229789
6229793
6229799
6229813
6229819
6229829
6229843
6229859
6229877
6229889
6229907
6229913
6229921
6229933
6229943
6229957
6230017
6230047
6230053
6230057
6230069
6230087
6230123
6230131
6230153
6230167
6230173
6230209
6230221
6230251
6230291
6230303
6230311
6230317
6230351
6230359
6230369
6230383
6230429
6230443
6230501
6230507
6230527
6230533
6230557
6230579
6230599
6230617
6230629
6230633
6230663
6230671
6230681
6230683
6230699
6230711
6230759
6230761
6230771
6230797
6230821
6230827
6230831
6230849
6230863
6230869
6230881
6230899
6230909
6230921
6230927
6230929
6230947
6230957
6230971
6230977
6230981
6231007
6231011
6231037
6231053
6231073
6231097
6231101
6231109
6231131
6231149
6231151
6231187
6231209
6231223
6231227
6231241
6231301
6231347
6231349
6231361
6231371
6231383
6231419
6231427
6231437
6231439
6231451
6231461
6231481
6231493
6231497
6231523
6231529
6231553
6231559
6231569
6231587
6231613
6231623
6231629
6231637
6231647
6231661
6231679
6231697
6231703
6231721
6231733
6231749
6231751
6231767
6231803
6231833
6231851
6231853
6231859
6231887
6231893
6231913
6231949
6232043
6232049
6232067
6232087
6232097
6232099
6232159
6232199
6232201
6232277
6232279
6232297
6232321
6232327
6232337
6232339
6232349
6232351
6232357
6232363
6232367
6232393
6232397
6232409
6232411
6232417
6232423
6232433
6232439
6232441
6232459
6232469
6232487
6232493
6232531
6232543
6232561
6232573
6232619
6232649
6232657
6232663
6232669
6232679
6232753
6232757
6232763
6232771
6232781
6232783
6232789
6232799
6232801
6232823
6232841
6232843
6232847
6232859
6232867
6232873
6232907
6232927
6232939
6232951
6232981
6232987
6232991
6232997
6233039
6233047
6233063
6233119
6233137
6233141
6233147
6233153
6233167
6233191
6233221
6233239
6233257
6233267
6233327
6233329
6233333
6233341
6233377
6233389
6233393
6233399
6233401
6233411
6233429
6233473
6233477
6233497
6233503
6233531
6233533
6233561
6233567
6233593
6233603
6233659
6233677
6233683
6233687
6233693
6233699
6233719
6233737
6233743
6233749
6233761
6233771
6233779
6233789
6233791
6233803
6233809
6233831
6233833
6233863
6233867
6233873
6233879
6233893
6233921
6233923
6233933
6233959
6233963
6233971
6234001
6234029
6234031
6234061
6234077
6234079
6234089
6234113
6234133
6234143
6234169
6234181
6234197
6234199
6234203
6234211
6234233
6234247
6234253
6234259
6234329
6234331
6234343
6234367
6234373
6234377
6234407
6234469
6234491
6234509
6234511
6234517
6234523
6234559
6234619
6234637
6234643
6234649
6234653
6234659
6234661
6234671
6234673
6234677
6234703
6234713
6234719
6234721
6234731
6234737
6234743
6234757
6234763
6234779
6234803
6234821
6234827
6234841
6234859
6234883
6234889
6234901
6234919
6234923
6234959
6234979
6234989
6235013
6235027
6235037
6235049
6235051
6235057
6235069
6235081
6235111
6235121
6235133
6235147
6235153
6235181
6235189
6235193
6235219
6235223
6235241
6235283
6235289
6235331
6235337
6235357
6235367
6235373
6235381
6235399
6235417
6235423
6235457
6235459
6235483
6235487
6235513
6235519
6235529
6235531
6235543
6235561
6235571
6235597
6235601
6235627
6235643
6235657
6235661
6235673
6235699
6235703
6235727
6235739
6235741
6235751
6235771
6235777
6235793
6235807
6235837
6235843
6235877
6235909
6235939
6235949
6235961
6235973
6235997
6236011
6236029
6236051
6236057
6236071
6236089
6236099
6236137
6236179
6236201
6236203
6236207
6236231
6236249
6236267
6236299
6236303
6236309
6236323
6236327
6236353
6236369
6236393
6236411
6236413
6236423
6236437
6236443
6236453
6236459
6236507
6236509
6236521
6236533
6236557
6236623
6236627
6236639
6236647
6236687
6236689
6236707
6236719
6236743
6236761
6236771
6236801
6236819
6236833
6236899
6236903
6236911
6236917
6236927
6236929
6236939
6236941
6236953
6236957
6236969
6236981
6236999
6237013
6237017
6237019
6237061
6237083
6237103
6237109
6237131
6237167
6237191
6237211
6237221
6237223
6237227
6237239
6237251
6237277
6237281
6237313
6237331
6237353
6237373
6237379
6237383
6237397
6237409
6237431
6237443
6237449
6237467
6237493
6237503
6237509
6237527
6237547
6237557
6237599
6237629
6237641
6237667
6237689
6237701
6237739
6237769
6237773
6237787
6237809
6237811
6237817
6237877
6237911
6237937
6237943
6237949
6238009
6238013
6238033
6238039
6238051
6238073
6238079
6238087
6238091
6238121
6238123
6238147
6238151
6238157
6238159
6238171
6238241
6238249
6238261
6238279
6238283
6238291
6238301
6238307
6238319
6238321
6238333
6238369
6238373
6238381
6238411
6238423
6238429
6238433
6238457
6238469
6238489
6238493
6238513
6238559
6238579
6238591
6238597
6238649
6238651
6238663
6238667
6238679
6238693
6238703
6238721
6238723
6238751
6238759
6238777
6238787
6238801
6238823
6238831
6238873
6238891
6238907
6238909
6238931
6238933
6238937
6238951
6238961
6238987
6239033
6239053
6239071
6239081
6239099
6239113
6239131
6239143
6239197
6239209
6239227
6239231
6239243
6239281
6239327
6239333
6239351
6239369
6239381
6239393
6239411
6239413
6239419
6239423
6239447
6239449
6239461
6239473
6239489
6239501
6239533
6239537
6239539
6239557
6239567
6239599
6239603
6239617
6239627
6239659
6239677
6239683
6239699
6239707
6239759
6239789
6239797
6239801
6239813
6239819
6239837
6239839
6239887
6239921
6239927
6239929
6239941
6239953
6239957
6240001
6240007
6240011
6240019
6240041
6240053
6240079
6240089
6240097
6240103
6240109
6240121
6240137
6240149
6240163
6240181
6240187
6240193
6240197
6240211
6240233
6240251
6240257
6240263
6240277
6240287
6240293
6240319
6240329
6240349
6240373
6240401
6240407
6240419
6240431
6240463
6240473
6240491
6240499
6240503
6240523
6240527
6240587
6240589
6240631
6240671
6240691
6240701
6240737
6240743
6240749
6240757
6240791
6240799
6240811
6240821
6240823
6240841
6240847
6240851
6240869
6240893
6240917
6240967
6240973
6240991
6241009
6241021
6241031
6241033
6241043
6241097
6241111
6241127
6241129
6241141
6241153
6241171
6241181
6241187
6241201
6241217
6241219
6241229
6241241
6241243
6241247
6241259
6241267
6241289
6241297
6241331
6241343
6241387
6241399
6241421
6241429
6241451
6241457
6241463
6241483
6241511
6241513
6241523
6241537
6241559
6241589
6241603
6241619
6241621
6241643
6241649
6241661
6241663
6241673
6241679
6241687
6241691
6241693
6241721
6241723
6241733
6241777
6241783
6241793
6241801
6241811
6241831
6241841
6241847
6241871
6241883
6241897
6241913
6241957
6241967
6241979
6241987
6241997
6241999
6242003
6242017
6242021
6242029
6242087
6242113
6242143
6242149
6242153
6242161
6242207
6242219
6242237
6242239
6242261
6242263
6242363
6242387
6242413
6242437
6242443
6242473
6242479
6242497
6242503
6242527
6242531
6242573
6242581
6242597
6242609
6242633
6242657
6242669
6242671
6242693
6242713
6242759
6242771
6242779
6242809
6242813
6242833
6242837
6242839
6242851
6242861
6242879
6242891
6242897
6242909
6242921
6242941
6242981
6242987
6243007
6243043
6243049
6243071
6243073
6243079
6243109
6243157
6243161
6243163
6243187
6243197
6243239
6243247
6243257
6243277
6243287
6243313
6243317
6243319
6243353
6243359
6243361
6243371
6243379
6243383
6243407
6243409
6243443
6243451
6243469
6243473
6243481
6243487
6243553
6243563
6243577
6243583
6243623
6243631
6243659
6243661
6243667
6243673
6243683
6243689
6243691
6243703
6243707
6243749
6243773
6243779
6243781
6243791
6243817
6243823
6243859
6243863
6243869
6243871
6243893
6243907
6243929
6243943
6243967
6244003
6244031
6244033
6244039
6244061
6244079
6244093
6244099
6244153
6244171
6244187
6244207
6244213
6244229
6244241
6244261
6244289
6244307
6244313
6244327
6244349
6244351
6244391
6244429
6244439
6244451
6244471
6244487
6244489
6244519
6244531
6244573
6244577
6244591
6244603
6244607
6244621
6244643
6244649
6244691
6244699
6244727
6244741
6244747
6244757
6244769
6244789
6244793
6244811
6244817
6244829
6244859
6244867
6244873
6244877
6244879
6244951
6244969
There are 1900 prime numbers in S416.
