S417(6244993~6275016)
6245011
6245017
6245023
6245039
6245047
6245051
6245087
6245101
6245111
6245123
6245153
6245177
6245189
6245201
6245203
6245249
6245251
6245257
6245293
6245311
6245321
6245329
6245333
6245339
6245381
6245383
6245387
6245401
6245413
6245431
6245453
6245497
6245507
6245513
6245521
6245549
6245557
6245567
6245587
6245593
6245597
6245599
6245609
6245651
6245669
6245677
6245683
6245717
6245731
6245741
6245761
6245779
6245791
6245803
6245821
6245831
6245873
6245887
6245909
6245923
6245929
6245947
6245951
6245957
6245959
6245963
6245969
6245989
6246017
6246029
6246043
6246047
6246061
6246077
6246091
6246127
6246131
6246151
6246161
6246181
6246187
6246197
6246199
6246203
6246239
6246257
6246277
6246313
6246319
6246337
6246341
6246353
6246371
6246379
6246403
6246413
6246431
6246437
6246439
6246503
6246517
6246523
6246533
6246577
6246589
6246601
6246619
6246623
6246671
6246677
6246689
6246697
6246761
6246781
6246787
6246791
6246797
6246811
6246833
6246859
6246881
6246893
6246907
6246931
6246941
6246943
6246967
6246983
6247001
6247019
6247061
6247069
6247079
6247081
6247103
6247127
6247159
6247183
6247201
6247229
6247231
6247243
6247247
6247253
6247261
6247271
6247273
6247277
6247289
6247309
6247321
6247343
6247369
6247379
6247387
6247403
6247411
6247433
6247453
6247463
6247471
6247477
6247519
6247529
6247537
6247541
6247543
6247547
6247573
6247583
6247601
6247609
6247613
6247667
6247691
6247727
6247733
6247739
6247777
6247781
6247811
6247819
6247831
6247841
6247849
6247853
6247859
6247861
6247897
6247909
6247919
6247937
6247987
6247999
6248023
6248057
6248059
6248069
6248089
6248119
6248149
6248161
6248167
6248171
6248191
6248233
6248239
6248243
6248251
6248257
6248261
6248269
6248303
6248327
6248377
6248399
6248461
6248471
6248483
6248519
6248521
6248551
6248563
6248579
6248591
6248609
6248611
6248633
6248651
6248653
6248677
6248689
6248699
6248719
6248729
6248731
6248743
6248771
6248773
6248789
6248797
6248807
6248813
6248839
6248857
6248881
6248899
6248941
6248953
6248959
6248969
6248999
6249029
6249059
6249101
6249107
6249127
6249151
6249161
6249193
6249211
6249223
6249227
6249247
6249281
6249323
6249359
6249361
6249379
6249391
6249403
6249407
6249409
6249433
6249443
6249473
6249479
6249497
6249517
6249521
6249539
6249547
6249553
6249563
6249571
6249619
6249647
6249653
6249667
6249673
6249679
6249697
6249701
6249713
6249743
6249751
6249757
6249773
6249791
6249809
6249821
6249823
6249833
6249839
6249851
6249871
6249883
6249889
6249899
6249907
6249913
6249923
6249949
6249953
6249959
6249967
6249973
6249979
6249989
6250009
6250039
6250087
6250091
6250099
6250117
6250129
6250147
6250157
6250171
6250199
6250207
6250217
6250247
6250249
6250253
6250261
6250301
6250303
6250331
6250337
6250357
6250367
6250393
6250397
6250417
6250421
6250423
6250427
6250429
6250451
6250459
6250469
6250477
6250493
6250507
6250513
6250537
6250547
6250553
6250579
6250591
6250597
6250633
6250649
6250681
6250697
6250703
6250711
6250723
6250729
6250759
6250787
6250799
6250801
6250807
6250831
6250837
6250843
6250861
6250877
6250879
6250889
6250903
6250919
6250949
6250957
6250961
6250987
6250999
6251017
6251023
6251051
6251071
6251117
6251123
6251129
6251137
6251149
6251159
6251177
6251183
6251207
6251233
6251237
6251263
6251279
6251339
6251347
6251351
6251369
6251387
6251417
6251431
6251459
6251467
6251519
6251521
6251527
6251533
6251537
6251543
6251573
6251579
6251587
6251591
6251599
6251629
6251633
6251659
6251669
6251671
6251681
6251683
6251711
6251717
6251731
6251737
6251743
6251759
6251761
6251771
6251783
6251789
6251797
6251821
6251831
6251851
6251857
6251867
6251873
6251881
6251887
6251909
6251911
6251953
6251963
6251977
6251989
6252011
6252017
6252019
6252031
6252079
6252091
6252097
6252101
6252109
6252119
6252143
6252151
6252163
6252227
6252229
6252247
6252341
6252347
6252391
6252401
6252419
6252427
6252443
6252451
6252461
6252469
6252497
6252503
6252509
6252511
6252529
6252557
6252559
6252611
6252709
6252733
6252751
6252769
6252791
6252823
6252847
6252853
6252871
6252877
6252901
6252937
6252943
6252959
6252989
6253001
6253019
6253057
6253063
6253069
6253073
6253123
6253129
6253133
6253139
6253141
6253151
6253157
6253207
6253211
6253243
6253267
6253271
6253301
6253319
6253321
6253327
6253339
6253349
6253367
6253391
6253409
6253411
6253441
6253463
6253477
6253483
6253517
6253519
6253543
6253549
6253553
6253571
6253573
6253591
6253627
6253633
6253669
6253673
6253693
6253697
6253699
6253711
6253727
6253729
6253733
6253747
6253783
6253787
6253789
6253813
6253817
6253843
6253859
6253873
6253883
6253889
6253901
6253927
6253939
6253957
6253969
6253979
6253991
6253993
6254009
6254023
6254041
6254051
6254063
6254069
6254107
6254117
6254141
6254153
6254179
6254203
6254207
6254233
6254239
6254267
6254273
6254279
6254291
6254293
6254309
6254323
6254327
6254329
6254357
6254359
6254377
6254389
6254399
6254407
6254411
6254441
6254447
6254449
6254483
6254489
6254491
6254497
6254503
6254527
6254533
6254537
6254561
6254579
6254593
6254617
6254621
6254639
6254641
6254681
6254683
6254687
6254693
6254701
6254707
6254741
6254761
6254771
6254783
6254789
6254863
6254867
6254891
6254903
6254917
6254921
6254939
6254953
6254987
6254993
6255013
6255061
6255071
6255157
6255163
6255173
6255181
6255203
6255209
6255217
6255229
6255259
6255281
6255307
6255343
6255349
6255377
6255383
6255391
6255409
6255419
6255421
6255437
6255463
6255481
6255497
6255527
6255533
6255547
6255577
6255581
6255607
6255629
6255631
6255649
6255661
6255671
6255679
6255713
6255719
6255737
6255751
6255761
6255787
6255791
6255797
6255803
6255827
6255833
6255859
6255901
6255913
6255919
6255929
6255937
6255943
6255989
6256013
6256021
6256031
6256037
6256043
6256049
6256057
6256087
6256091
6256093
6256109
6256121
6256127
6256139
6256169
6256171
6256177
6256193
6256223
6256277
6256297
6256309
6256331
6256333
6256337
6256351
6256363
6256381
6256409
6256421
6256427
6256469
6256487
6256501
6256511
6256531
6256541
6256553
6256571
6256573
6256583
6256631
6256633
6256639
6256651
6256669
6256673
6256693
6256727
6256729
6256739
6256741
6256751
6256753
6256769
6256771
6256793
6256819
6256843
6256853
6256883
6256907
6256919
6256933
6256937
6256949
6256951
6256981
6256993
6257029
6257047
6257057
6257077
6257087
6257089
6257093
6257101
6257123
6257129
6257143
6257161
6257171
6257189
6257203
6257227
6257239
6257249
6257261
6257267
6257281
6257299
6257347
6257371
6257387
6257389
6257399
6257429
6257431
6257473
6257483
6257491
6257497
6257507
6257509
6257519
6257521
6257527
6257539
6257557
6257561
6257579
6257609
6257611
6257617
6257623
6257653
6257663
6257677
6257711
6257723
6257759
6257767
6257777
6257791
6257803
6257813
6257831
6257861
6257873
6257879
6257891
6257899
6257903
6257917
6257941
6257947
6257957
6257963
6257969
6257981
6258013
6258029
6258037
6258041
6258067
6258073
6258079
6258089
6258107
6258127
6258137
6258157
6258167
6258181
6258209
6258221
6258233
6258247
6258271
6258299
6258313
6258331
6258347
6258361
6258367
6258389
6258401
6258409
6258419
6258443
6258457
6258463
6258481
6258503
6258517
6258541
6258547
6258557
6258563
6258583
6258631
6258647
6258649
6258653
6258677
6258689
6258697
6258701
6258727
6258757
6258767
6258793
6258803
6258817
6258821
6258851
6258853
6258859
6258877
6258881
6258899
6258911
6258919
6258953
6258971
6258977
6258979
6259003
6259039
6259063
6259081
6259109
6259129
6259139
6259153
6259159
6259177
6259193
6259199
6259217
6259219
6259237
6259259
6259283
6259291
6259301
6259307
6259333
6259367
6259373
6259397
6259453
6259457
6259469
6259471
6259537
6259567
6259571
6259579
6259651
6259681
6259691
6259709
6259727
6259733
6259739
6259741
6259753
6259763
6259783
6259793
6259801
6259807
6259817
6259819
6259831
6259843
6259867
6259871
6259889
6259901
6259907
6259909
6259931
6259973
6260017
6260021
6260041
6260057
6260083
6260099
6260129
6260153
6260161
6260179
6260183
6260207
6260231
6260239
6260251
6260269
6260273
6260297
6260299
6260321
6260323
6260339
6260377
6260381
6260383
6260389
6260411
6260453
6260459
6260461
6260467
6260479
6260483
6260497
6260503
6260509
6260521
6260587
6260591
6260593
6260599
6260603
6260629
6260717
6260753
6260767
6260783
6260797
6260801
6260803
6260827
6260867
6260869
6260873
6260893
6260909
6260911
6260923
6260927
6260941
6260951
6260957
6260959
6260963
6260983
6261001
6261023
6261041
6261077
6261097
6261107
6261109
6261119
6261121
6261173
6261181
6261191
6261193
6261197
6261247
6261289
6261301
6261371
6261373
6261377
6261379
6261383
6261391
6261401
6261433
6261449
6261539
6261557
6261571
6261581
6261587
6261601
6261623
6261637
6261649
6261677
6261683
6261691
6261707
6261719
6261737
6261743
6261751
6261779
6261781
6261799
6261809
6261817
6261821
6261823
6261839
6261841
6261851
6261863
6261869
6261877
6261901
6261919
6261947
6261949
6261953
6261973
6261977
6262007
6262027
6262043
6262079
6262111
6262117
6262127
6262147
6262169
6262211
6262241
6262247
6262261
6262283
6262301
6262337
6262339
6262349
6262357
6262363
6262369
6262379
6262387
6262393
6262397
6262411
6262429
6262439
6262441
6262453
6262489
6262499
6262513
6262519
6262537
6262541
6262547
6262559
6262561
6262577
6262621
6262631
6262643
6262679
6262721
6262727
6262733
6262741
6262757
6262759
6262769
6262771
6262777
6262787
6262801
6262829
6262847
6262849
6262859
6262897
6262901
6262903
6262933
6262939
6262943
6262967
6262973
6263011
6263039
6263051
6263057
6263069
6263071
6263099
6263137
6263161
6263171
6263183
6263189
6263207
6263233
6263237
6263239
6263261
6263269
6263281
6263287
6263303
6263311
6263317
6263339
6263351
6263359
6263363
6263371
6263377
6263393
6263399
6263417
6263437
6263441
6263489
6263501
6263527
6263539
6263557
6263561
6263563
6263573
6263591
6263641
6263651
6263657
6263671
6263683
6263689
6263707
6263729
6263753
6263759
6263773
6263779
6263783
6263809
6263821
6263827
6263839
6263849
6263869
6263879
6263941
6263963
6263987
6263993
6264001
6264023
6264043
6264061
6264079
6264107
6264127
6264133
6264149
6264161
6264169
6264173
6264179
6264187
6264199
6264217
6264221
6264241
6264277
6264287
6264311
6264329
6264331
6264341
6264343
6264353
6264361
6264367
6264371
6264373
6264383
6264389
6264409
6264413
6264421
6264437
6264439
6264481
6264497
6264499
6264523
6264527
6264539
6264553
6264569
6264571
6264593
6264611
6264613
6264617
6264631
6264637
6264673
6264689
6264703
6264733
6264751
6264773
6264781
6264793
6264829
6264859
6264887
6264913
6264917
6264919
6264931
6264943
6264983
6264997
6265001
6265019
6265067
6265093
6265097
6265109
6265123
6265139
6265153
6265157
6265187
6265201
6265213
6265243
6265261
6265267
6265271
6265283
6265309
6265319
6265351
6265381
6265393
6265417
6265423
6265439
6265477
6265481
6265489
6265507
6265513
6265529
6265531
6265547
6265549
6265559
6265561
6265601
6265657
6265667
6265681
6265697
6265709
6265723
6265733
6265747
6265757
6265771
6265781
6265783
6265789
6265811
6265849
6265873
6265879
6265901
6265921
6265933
6265949
6265951
6265967
6265997
6266009
6266011
6266023
6266033
6266107
6266129
6266147
6266159
6266167
6266171
6266191
6266203
6266207
6266237
6266269
6266279
6266287
6266321
6266329
6266363
6266413
6266423
6266437
6266441
6266453
6266459
6266467
6266471
6266479
6266483
6266497
6266503
6266521
6266527
6266543
6266549
6266587
6266593
6266609
6266621
6266629
6266657
6266677
6266683
6266731
6266759
6266779
6266783
6266837
6266849
6266873
6266927
6266947
6266951
6266963
6267007
6267011
6267013
6267031
6267047
6267049
6267059
6267061
6267071
6267077
6267083
6267119
6267133
6267139
6267181
6267193
6267221
6267223
6267227
6267251
6267253
6267257
6267299
6267329
6267341
6267347
6267361
6267367
6267377
6267389
6267419
6267491
6267517
6267529
6267533
6267539
6267589
6267619
6267643
6267659
6267671
6267719
6267731
6267733
6267743
6267761
6267769
6267773
6267787
6267791
6267803
6267817
6267823
6267841
6267851
6267889
6267893
6267901
6267907
6267913
6267923
6267941
6267971
6267977
6267979
6268013
6268021
6268027
6268037
6268049
6268057
6268063
6268091
6268099
6268109
6268111
6268117
6268127
6268159
6268183
6268187
6268201
6268247
6268279
6268289
6268303
6268313
6268331
6268333
6268369
6268373
6268387
6268391
6268403
6268433
6268439
6268441
6268459
6268517
6268523
6268589
6268601
6268609
6268621
6268637
6268643
6268649
6268657
6268663
6268687
6268693
6268711
6268723
6268747
6268751
6268763
6268781
6268807
6268849
6268883
6268891
6268897
6268939
6268943
6268957
6268963
6268967
6268973
6268979
6268981
6268987
6268991
6269033
6269047
6269051
6269057
6269063
6269083
6269093
6269113
6269119
6269147
6269149
6269213
6269231
6269233
6269251
6269261
6269273
6269279
6269293
6269303
6269339
6269381
6269383
6269437
6269441
6269477
6269479
6269489
6269491
6269503
6269509
6269521
6269537
6269551
6269569
6269573
6269581
6269611
6269623
6269629
6269647
6269663
6269689
6269699
6269707
6269717
6269749
6269759
6269773
6269801
6269807
6269819
6269827
6269831
6269839
6269849
6269881
6269891
6269899
6269911
6269917
6269947
6269951
6269969
6269971
6269987
6270001
6270013
6270023
6270037
6270041
6270049
6270067
6270073
6270083
6270101
6270113
6270137
6270157
6270163
6270167
6270169
6270193
6270197
6270211
6270221
6270227
6270239
6270241
6270269
6270281
6270289
6270301
6270347
6270359
6270391
6270419
6270457
6270479
6270487
6270527
6270529
6270533
6270547
6270553
6270601
6270611
6270613
6270629
6270631
6270701
6270713
6270727
6270749
6270751
6270767
6270769
6270793
6270799
6270809
6270821
6270829
6270833
6270857
6270877
6270883
6270889
6270911
6270923
6270947
6270961
6270967
6271037
6271039
6271043
6271049
6271063
6271081
6271091
6271123
6271127
6271129
6271151
6271171
6271189
6271193
6271219
6271247
6271259
6271271
6271289
6271297
6271301
6271303
6271327
6271333
6271367
6271373
6271379
6271381
6271403
6271417
6271477
6271513
6271519
6271561
6271583
6271597
6271609
6271621
6271631
6271651
6271667
6271673
6271697
6271711
6271721
6271739
6271747
6271757
6271763
6271777
6271787
6271789
6271807
6271817
6271841
6271849
6271871
6271873
6271891
6271897
6271933
6271943
6271961
6271973
6271987
6272017
6272027
6272029
6272051
6272107
6272141
6272143
6272153
6272171
6272173
6272183
6272191
6272209
6272213
6272219
6272243
6272257
6272263
6272267
6272297
6272333
6272341
6272347
6272359
6272369
6272401
6272417
6272419
6272429
6272459
6272471
6272477
6272501
6272503
6272531
6272533
6272543
6272551
6272557
6272579
6272611
6272627
6272639
6272659
6272663
6272681
6272683
6272689
6272723
6272731
6272737
6272753
6272759
6272801
6272839
6272857
6272863
6272867
6272873
6272879
6272887
6272897
6272899
6272927
6272933
6272941
6272947
6272971
6272977
6272999
6273011
6273023
6273031
6273037
6273053
6273061
6273073
6273083
6273101
6273121
6273139
6273151
6273161
6273167
6273199
6273217
6273229
6273233
6273247
6273257
6273263
6273271
6273299
6273307
6273329
6273331
6273353
6273359
6273373
6273427
6273433
6273479
6273481
6273523
6273539
6273559
6273569
6273593
6273611
6273623
6273637
6273643
6273649
6273661
6273677
6273691
6273703
6273763
6273767
6273793
6273797
6273821
6273823
6273847
6273881
6273893
6273907
6273937
6274027
6274031
6274049
6274061
6274091
6274109
6274111
6274117
6274133
6274187
6274211
6274217
6274223
6274231
6274249
6274267
6274283
6274291
6274297
6274337
6274361
6274397
6274409
6274459
6274481
6274523
6274529
6274531
6274549
6274553
6274577
6274601
6274633
6274661
6274663
6274673
6274687
6274703
6274729
6274747
6274753
6274757
6274771
6274783
6274787
6274789
6274799
6274813
6274823
6274831
6274841
6274843
6274847
6274859
6274871
6274897
6274901
6274937
6274949
6274951
6274969
6274973
6274981
6274993
There are 1939 prime numbers in S417.
