S419(6305113~6335280)
6305119
6305129
6305141
6305149
6305171
6305177
6305203
6305231
6305237
6305239
6305263
6305309
6305311
6305333
6305339
6305347
6305353
6305363
6305393
6305401
6305407
6305413
6305417
6305443
6305449
6305459
6305461
6305471
6305479
6305489
6305491
6305501
6305527
6305573
6305599
6305603
6305627
6305647
6305659
6305669
6305681
6305693
6305707
6305711
6305729
6305737
6305791
6305801
6305809
6305837
6305843
6305857
6305867
6305869
6305903
6305909
6305939
6305983
6305987
6306029
6306049
6306059
6306061
6306077
6306109
6306121
6306151
6306173
6306187
6306193
6306197
6306199
6306211
6306263
6306277
6306283
6306341
6306343
6306353
6306359
6306373
6306379
6306383
6306401
6306403
6306409
6306457
6306463
6306467
6306479
6306481
6306511
6306529
6306551
6306557
6306563
6306571
6306581
6306593
6306617
6306647
6306667
6306673
6306679
6306697
6306709
6306721
6306731
6306737
6306739
6306787
6306791
6306809
6306821
6306827
6306829
6306863
6306887
6306893
6306913
6306931
6306943
6306953
6306961
6306967
6306997
6307009
6307033
6307039
6307099
6307121
6307177
6307193
6307219
6307237
6307241
6307247
6307261
6307303
6307309
6307331
6307333
6307351
6307363
6307381
6307387
6307397
6307409
6307417
6307429
6307453
6307489
6307507
6307517
6307531
6307537
6307549
6307559
6307571
6307573
6307577
6307621
6307633
6307657
6307661
6307673
6307687
6307739
6307771
6307783
6307793
6307811
6307817
6307831
6307841
6307883
6307897
6307909
6307921
6307979
6308017
6308021
6308023
6308033
6308039
6308041
6308047
6308059
6308077
6308087
6308089
6308129
6308147
6308153
6308189
6308191
6308243
6308257
6308273
6308287
6308297
6308311
6308317
6308321
6308329
6308333
6308347
6308369
6308429
6308459
6308461
6308483
6308501
6308521
6308527
6308569
6308639
6308641
6308651
6308663
6308671
6308719
6308723
6308737
6308761
6308773
6308801
6308837
6308851
6308867
6308881
6308891
6308947
6308959
6308971
6308983
6308993
6308999
6309013
6309031
6309049
6309053
6309073
6309103
6309109
6309113
6309133
6309143
6309161
6309181
6309187
6309209
6309217
6309221
6309223
6309239
6309271
6309287
6309313
6309343
6309371
6309377
6309389
6309437
6309439
6309473
6309481
6309497
6309503
6309509
6309517
6309529
6309547
6309551
6309593
6309599
6309619
6309623
6309629
6309631
6309661
6309671
6309679
6309727
6309731
6309739
6309757
6309763
6309769
6309781
6309817
6309827
6309851
6309857
6309871
6309887
6309911
6309913
6309917
6309923
6309931
6309959
6309973
6309997
6310039
6310049
6310061
6310069
6310093
6310097
6310099
6310123
6310133
6310151
6310153
6310163
6310169
6310181
6310201
6310217
6310229
6310243
6310273
6310277
6310279
6310289
6310319
6310327
6310331
6310333
6310363
6310411
6310427
6310439
6310457
6310459
6310477
6310481
6310483
6310517
6310523
6310531
6310543
6310547
6310583
6310589
6310607
6310613
6310627
6310669
6310673
6310687
6310709
6310727
6310741
6310769
6310771
6310781
6310789
6310807
6310819
6310841
6310847
6310849
6310879
6310897
6310919
6310921
6310939
6310943
6310963
6311023
6311047
6311051
6311057
6311093
6311099
6311117
6311147
6311159
6311161
6311167
6311189
6311191
6311203
6311219
6311251
6311297
6311303
6311309
6311311
6311317
6311323
6311329
6311351
6311353
6311359
6311377
6311381
6311387
6311413
6311419
6311429
6311441
6311479
6311483
6311509
6311521
6311537
6311563
6311567
6311597
6311623
6311633
6311639
6311659
6311689
6311707
6311713
6311759
6311779
6311801
6311807
6311873
6311881
6311891
6311923
6311939
6311953
6311957
6311983
6311989
6312017
6312023
6312029
6312041
6312043
6312071
6312133
6312139
6312157
6312181
6312191
6312217
6312221
6312259
6312269
6312283
6312301
6312323
6312329
6312349
6312377
6312379
6312409
6312431
6312521
6312547
6312571
6312577
6312583
6312589
6312599
6312613
6312619
6312637
6312641
6312659
6312667
6312689
6312703
6312727
6312739
6312751
6312773
6312781
6312799
6312847
6312851
6312853
6312863
6312869
6312913
6312931
6312937
6312947
6312949
6312979
6312983
6312991
6313007
6313009
6313019
6313031
6313033
6313067
6313079
6313117
6313121
6313129
6313141
6313147
6313183
6313189
6313231
6313253
6313267
6313291
6313309
6313327
6313337
6313361
6313379
6313397
6313399
6313427
6313451
6313457
6313459
6313469
6313481
6313493
6313499
6313507
6313513
6313583
6313589
6313597
6313621
6313639
6313669
6313691
6313693
6313709
6313711
6313721
6313751
6313777
6313781
6313787
6313829
6313831
6313861
6313889
6313913
6313921
6313949
6313961
6313969
6313997
6314039
6314051
6314057
6314081
6314093
6314107
6314129
6314183
6314197
6314201
6314207
6314219
6314221
6314263
6314279
6314291
6314299
6314339
6314377
6314389
6314393
6314447
6314501
6314543
6314563
6314569
6314611
6314617
6314641
6314647
6314653
6314677
6314681
6314687
6314699
6314713
6314717
6314761
6314773
6314801
6314809
6314831
6314839
6314863
6314881
6314887
6314899
6314911
6314921
6314933
6314963
6314983
6314993
6315017
6315031
6315037
6315059
6315073
6315077
6315083
6315091
6315121
6315131
6315139
6315151
6315161
6315167
6315191
6315209
6315217
6315223
6315251
6315259
6315293
6315307
6315311
6315341
6315371
6315373
6315377
6315383
6315389
6315403
6315433
6315451
6315469
6315473
6315479
6315481
6315503
6315511
6315527
6315541
6315557
6315559
6315571
6315577
6315601
6315607
6315611
6315613
6315629
6315637
6315667
6315671
6315677
6315691
6315697
6315709
6315713
6315737
6315769
6315779
6315781
6315791
6315839
6315871
6315899
6315901
6315917
6315919
6315929
6315941
6315943
6315949
6315973
6315977
6315979
6315983
6315989
6316003
6316019
6316031
6316039
6316067
6316069
6316073
6316109
6316117
6316139
6316147
6316153
6316199
6316207
6316213
6316249
6316273
6316279
6316309
6316319
6316339
6316351
6316393
6316423
6316433
6316451
6316463
6316477
6316483
6316517
6316523
6316553
6316579
6316589
6316601
6316613
6316619
6316621
6316627
6316631
6316633
6316637
6316643
6316649
6316663
6316669
6316679
6316703
6316727
6316757
6316769
6316801
6316811
6316823
6316837
6316861
6316889
6316897
6316913
6316939
6316957
6316967
6316969
6317011
6317021
6317027
6317029
6317033
6317053
6317057
6317119
6317141
6317147
6317159
6317191
6317197
6317219
6317231
6317237
6317243
6317261
6317293
6317327
6317351
6317357
6317369
6317371
6317383
6317401
6317407
6317413
6317429
6317471
6317473
6317477
6317483
6317503
6317527
6317533
6317537
6317569
6317581
6317611
6317627
6317657
6317669
6317677
6317681
6317683
6317699
6317719
6317743
6317767
6317771
6317783
6317789
6317803
6317807
6317821
6317849
6317873
6317887
6317923
6317929
6317933
6317951
6317957
6317963
6318001
6318007
6318019
6318061
6318071
6318073
6318107
6318131
6318139
6318149
6318161
6318181
6318187
6318211
6318227
6318229
6318233
6318239
6318253
6318269
6318281
6318283
6318287
6318311
6318331
6318349
6318383
6318391
6318409
6318419
6318421
6318427
6318439
6318467
6318493
6318497
6318511
6318547
6318553
6318589
6318593
6318617
6318619
6318623
6318667
6318673
6318701
6318709
6318737
6318743
6318751
6318757
6318791
6318799
6318803
6318833
6318857
6318877
6318881
6318889
6318901
6318913
6318919
6318931
6318937
6318943
6318967
6318989
6319003
6319007
6319037
6319091
6319111
6319127
6319163
6319177
6319211
6319219
6319277
6319279
6319297
6319301
6319307
6319333
6319337
6319351
6319363
6319387
6319403
6319429
6319433
6319441
6319451
6319463
6319471
6319483
6319499
6319513
6319541
6319553
6319559
6319583
6319589
6319591
6319603
6319613
6319633
6319657
6319669
6319679
6319681
6319693
6319697
6319727
6319757
6319769
6319787
6319793
6319813
6319823
6319847
6319861
6319867
6319889
6319891
6319897
6319927
6319961
6319981
6319993
6320003
6320023
6320033
6320051
6320053
6320059
6320071
6320077
6320099
6320113
6320117
6320129
6320131
6320159
6320189
6320219
6320227
6320233
6320261
6320263
6320287
6320291
6320297
6320299
6320317
6320323
6320329
6320333
6320359
6320371
6320417
6320459
6320477
6320507
6320551
6320563
6320569
6320581
6320593
6320603
6320623
6320627
6320641
6320687
6320689
6320723
6320731
6320777
6320779
6320803
6320813
6320827
6320843
6320849
6320891
6320893
6320903
6320911
6320921
6320947
6320953
6320959
6320971
6320987
6320989
6320999
6321013
6321017
6321023
6321037
6321041
6321071
6321079
6321089
6321097
6321121
6321131
6321137
6321157
6321163
6321169
6321173
6321181
6321193
6321209
6321221
6321223
6321253
6321277
6321307
6321323
6321353
6321361
6321373
6321377
6321379
6321401
6321407
6321409
6321443
6321457
6321461
6321479
6321493
6321521
6321563
6321577
6321599
6321611
6321643
6321647
6321677
6321683
6321701
6321703
6321713
6321719
6321751
6321767
6321793
6321811
6321823
6321853
6321863
6321871
6321883
6321901
6321907
6321947
6321961
6321983
6322009
6322013
6322021
6322049
6322067
6322073
6322091
6322093
6322103
6322123
6322163
6322259
6322271
6322279
6322313
6322331
6322343
6322361
6322387
6322391
6322397
6322403
6322411
6322451
6322469
6322489
6322501
6322513
6322549
6322553
6322559
6322571
6322627
6322633
6322637
6322639
6322643
6322661
6322681
6322699
6322703
6322709
6322717
6322727
6322739
6322747
6322753
6322777
6322807
6322831
6322859
6322867
6322871
6322879
6322889
6322891
6322909
6322969
6322973
6323003
6323011
6323027
6323033
6323063
6323087
6323111
6323147
6323153
6323171
6323173
6323179
6323197
6323209
6323227
6323237
6323281
6323293
6323299
6323327
6323329
6323347
6323351
6323353
6323357
6323399
6323407
6323419
6323431
6323441
6323453
6323467
6323477
6323491
6323497
6323519
6323557
6323567
6323573
6323579
6323587
6323617
6323651
6323657
6323663
6323671
6323693
6323699
6323719
6323741
6323743
6323747
6323753
6323761
6323767
6323773
6323791
6323839
6323843
6323851
6323861
6323869
6323879
6323887
6323909
6323923
6323927
6323939
6323951
6323981
6324023
6324037
6324049
6324061
6324067
6324079
6324089
6324091
6324107
6324113
6324137
6324167
6324191
6324203
6324223
6324239
6324247
6324257
6324259
6324277
6324313
6324337
6324347
6324371
6324377
6324401
6324413
6324427
6324433
6324443
6324463
6324469
6324481
6324491
6324529
6324533
6324547
6324551
6324553
6324557
6324559
6324601
6324611
6324613
6324641
6324653
6324667
6324677
6324679
6324709
6324737
6324761
6324779
6324797
6324809
6324821
6324823
6324847
6324881
6324883
6324911
6324919
6324953
6324959
6324971
6325021
6325031
6325049
6325051
6325087
6325093
6325097
6325117
6325129
6325169
6325183
6325201
6325217
6325223
6325229
6325237
6325243
6325279
6325283
6325301
6325303
6325313
6325321
6325339
6325349
6325367
6325387
6325441
6325447
6325453
6325471
6325481
6325493
6325507
6325511
6325549
6325559
6325607
6325619
6325633
6325691
6325699
6325703
6325721
6325747
6325757
6325763
6325771
6325783
6325807
6325811
6325817
6325831
6325861
6325873
6325877
6325901
6325903
6325909
6325919
6325937
6325967
6325981
6325987
6325999
6326017
6326041
6326053
6326063
6326087
6326119
6326123
6326129
6326137
6326141
6326143
6326167
6326179
6326189
6326191
6326197
6326213
6326233
6326237
6326273
6326279
6326293
6326339
6326351
6326377
6326381
6326389
6326443
6326459
6326497
6326513
6326521
6326527
6326543
6326549
6326561
6326581
6326591
6326599
6326603
6326627
6326641
6326651
6326659
6326681
6326699
6326707
6326729
6326767
6326779
6326809
6326813
6326849
6326857
6326861
6326869
6326893
6326897
6326911
6326923
6326927
6326933
6326951
6326953
6326993
6327029
6327067
6327073
6327089
6327091
6327107
6327109
6327121
6327127
6327143
6327151
6327157
6327163
6327203
6327227
6327229
6327239
6327241
6327253
6327271
6327287
6327301
6327313
6327331
6327359
6327371
6327389
6327397
6327401
6327457
6327467
6327473
6327479
6327491
6327509
6327523
6327527
6327533
6327569
6327593
6327611
6327613
6327631
6327641
6327647
6327649
6327707
6327709
6327721
6327743
6327749
6327773
6327781
6327787
6327793
6327803
6327833
6327847
6327857
6327869
6327877
6327889
6327901
6327907
6327913
6327943
6327947
6327973
6327977
6327983
6327991
6328019
6328027
6328031
6328067
6328099
6328103
6328109
6328141
6328171
6328193
6328207
6328229
6328237
6328249
6328261
6328291
6328319
6328327
6328331
6328337
6328363
6328367
6328411
6328459
6328489
6328529
6328541
6328601
6328603
6328613
6328627
6328631
6328633
6328639
6328643
6328661
6328669
6328687
6328711
6328723
6328733
6328759
6328771
6328781
6328787
6328789
6328793
6328831
6328837
6328849
6328853
6328877
6328897
6328909
6328939
6328951
6328967
6328997
6329023
6329077
6329111
6329119
6329137
6329143
6329149
6329171
6329201
6329203
6329227
6329231
6329233
6329269
6329291
6329311
6329317
6329327
6329339
6329341
6329353
6329359
6329369
6329377
6329387
6329417
6329431
6329447
6329459
6329473
6329483
6329501
6329503
6329507
6329509
6329567
6329573
6329581
6329597
6329647
6329651
6329657
6329671
6329677
6329681
6329683
6329689
6329699
6329707
6329711
6329723
6329731
6329749
6329753
6329759
6329777
6329837
6329857
6329879
6329887
6329891
6329893
6329927
6329963
6329993
6330017
6330019
6330029
6330041
6330043
6330047
6330053
6330067
6330109
6330119
6330131
6330133
6330139
6330143
6330151
6330157
6330187
6330193
6330217
6330223
6330229
6330253
6330257
6330263
6330283
6330299
6330319
6330329
6330343
6330353
6330371
6330391
6330407
6330413
6330419
6330421
6330449
6330461
6330473
6330491
6330509
6330521
6330529
6330547
6330551
6330557
6330559
6330581
6330617
6330619
6330631
6330679
6330683
6330697
6330703
6330707
6330719
6330733
6330739
6330767
6330799
6330809
6330827
6330839
6330859
6330881
6330887
6330901
6330917
6330923
6330931
6330941
6330967
6331001
6331043
6331057
6331067
6331069
6331081
6331109
6331133
6331147
6331151
6331153
6331183
6331189
6331207
6331249
6331253
6331267
6331289
6331291
6331301
6331319
6331321
6331333
6331337
6331379
6331399
6331411
6331439
6331447
6331469
6331517
6331519
6331529
6331537
6331543
6331547
6331571
6331573
6331603
6331607
6331609
6331669
6331679
6331691
6331723
6331733
6331757
6331763
6331783
6331789
6331817
6331823
6331849
6331859
6331873
6331903
6331951
6331957
6331979
6332009
6332021
6332033
6332047
6332059
6332077
6332089
6332099
6332101
6332113
6332119
6332129
6332159
6332167
6332197
6332201
6332213
6332219
6332243
6332269
6332297
6332299
6332311
6332317
6332341
6332363
6332369
6332393
6332399
6332413
6332437
6332441
6332477
6332503
6332507
6332539
6332549
6332563
6332591
6332603
6332611
6332621
6332629
6332657
6332663
6332693
6332699
6332723
6332741
6332747
6332761
6332771
6332803
6332849
6332861
6332863
6332867
6332869
6332881
6332899
6332923
6332927
6332939
6332951
6332971
6333013
6333017
6333029
6333043
6333053
6333059
6333071
6333077
6333079
6333101
6333113
6333121
6333127
6333139
6333157
6333181
6333191
6333221
6333233
6333277
6333287
6333293
6333307
6333317
6333337
6333359
6333361
6333389
6333419
6333449
6333451
6333461
6333463
6333511
6333521
6333529
6333559
6333601
6333619
6333643
6333653
6333683
6333727
6333731
6333737
6333749
6333757
6333787
6333793
6333799
6333907
6333923
6333931
6333937
6333959
6333961
6334007
6334019
6334033
6334037
6334051
6334061
6334073
6334121
6334127
6334147
6334169
6334187
6334231
6334241
6334249
6334259
6334291
6334297
6334309
6334327
6334333
6334399
6334411
6334439
6334463
6334481
6334501
6334513
6334547
6334561
6334567
6334577
6334579
6334607
6334621
6334639
6334651
6334661
6334663
6334697
6334703
6334709
6334723
6334747
6334751
6334763
6334781
6334813
6334837
6334841
6334859
6334871
6334873
6334877
6334879
6334891
6334907
6334919
6334921
6334927
6334969
6334981
6334987
6334997
6335011
6335027
6335039
6335041
6335047
6335053
6335059
6335071
6335081
6335171
6335183
6335201
6335213
6335239
6335257
6335261
There are 1920 prime numbers in S419.
