S420(6335281~6365520)
6335297
6335309
6335317
6335359
6335387
6335393
6335411
6335423
6335429
6335431
6335449
6335467
6335477
6335513
6335519
6335533
6335551
6335573
6335579
6335591
6335599
6335617
6335627
6335669
6335677
6335701
6335711
6335729
6335731
6335737
6335761
6335767
6335773
6335783
6335807
6335837
6335851
6335863
6335867
6335869
6335893
6335897
6335899
6335909
6335939
6335941
6335947
6335977
6335981
6335983
6336013
6336041
6336067
6336073
6336079
6336091
6336103
6336133
6336149
6336163
6336167
6336193
6336217
6336221
6336227
6336233
6336241
6336259
6336271
6336283
6336289
6336301
6336311
6336313
6336347
6336349
6336371
6336373
6336389
6336403
6336409
6336419
6336439
6336467
6336487
6336503
6336553
6336559
6336571
6336599
6336623
6336641
6336643
6336667
6336683
6336697
6336713
6336721
6336727
6336739
6336763
6336773
6336791
6336797
6336829
6336853
6336857
6336893
6336907
6336917
6336943
6336949
6336973
6336977
6337021
6337031
6337049
6337063
6337069
6337099
6337103
6337129
6337139
6337169
6337181
6337183
6337217
6337223
6337231
6337267
6337271
6337273
6337321
6337327
6337333
6337343
6337381
6337403
6337439
6337451
6337453
6337517
6337523
6337537
6337543
6337561
6337579
6337589
6337607
6337633
6337637
6337663
6337679
6337699
6337703
6337729
6337759
6337763
6337777
6337783
6337789
6337801
6337819
6337823
6337829
6337847
6337861
6337871
6337873
6337879
6337897
6337901
6337907
6337913
6337939
6337943
6337967
6337987
6337993
6338009
6338011
6338021
6338027
6338029
6338047
6338069
6338107
6338113
6338117
6338119
6338131
6338141
6338147
6338183
6338197
6338203
6338207
6338209
6338221
6338239
6338257
6338281
6338287
6338309
6338333
6338347
6338357
6338377
6338393
6338411
6338413
6338417
6338471
6338473
6338483
6338513
6338531
6338537
6338551
6338597
6338599
6338611
6338621
6338653
6338701
6338707
6338719
6338741
6338743
6338753
6338767
6338771
6338789
6338831
6338833
6338851
6338873
6338879
6338903
6338947
6338953
6338957
6338963
6338971
6338993
6338999
6339029
6339037
6339041
6339043
6339061
6339077
6339083
6339119
6339121
6339149
6339161
6339167
6339209
6339227
6339253
6339257
6339259
6339269
6339287
6339299
6339323
6339349
6339391
6339449
6339451
6339493
6339497
6339511
6339551
6339577
6339583
6339611
6339631
6339637
6339647
6339653
6339677
6339679
6339703
6339709
6339721
6339757
6339761
6339769
6339797
6339811
6339847
6339869
6339899
6339911
6339919
6339937
6339947
6339989
6340013
6340021
6340039
6340043
6340063
6340069
6340109
6340127
6340189
6340193
6340219
6340237
6340247
6340261
6340267
6340273
6340297
6340343
6340361
6340379
6340381
6340391
6340403
6340409
6340423
6340429
6340457
6340463
6340483
6340501
6340519
6340567
6340573
6340597
6340637
6340657
6340669
6340673
6340687
6340721
6340739
6340757
6340787
6340811
6340843
6340849
6340871
6340877
6340883
6340891
6340897
6340903
6340913
6340921
6340931
6340933
6340963
6341039
6341057
6341059
6341063
6341087
6341107
6341131
6341149
6341177
6341191
6341197
6341201
6341207
6341213
6341219
6341243
6341249
6341263
6341273
6341297
6341299
6341311
6341341
6341351
6341369
6341407
6341411
6341417
6341441
6341443
6341473
6341477
6341479
6341501
6341509
6341519
6341521
6341539
6341549
6341551
6341563
6341591
6341603
6341641
6341653
6341659
6341669
6341677
6341723
6341737
6341759
6341771
6341779
6341809
6341827
6341831
6341843
6341857
6341861
6341879
6341893
6341903
6341939
6341963
6341971
6342013
6342023
6342031
6342047
6342053
6342079
6342101
6342107
6342137
6342157
6342163
6342169
6342179
6342191
6342209
6342221
6342239
6342251
6342277
6342289
6342293
6342307
6342317
6342337
6342341
6342361
6342373
6342379
6342389
6342419
6342443
6342461
6342467
6342473
6342487
6342491
6342499
6342517
6342521
6342527
6342529
6342533
6342551
6342587
6342593
6342647
6342667
6342671
6342691
6342731
6342737
6342757
6342767
6342769
6342773
6342797
6342839
6342857
6342877
6342883
6342907
6342911
6342923
6342929
6342949
6342971
6342977
6342983
6342997
6343019
6343033
6343039
6343063
6343097
6343133
6343153
6343163
6343177
6343187
6343201
6343213
6343217
6343219
6343247
6343277
6343279
6343291
6343319
6343327
6343339
6343367
6343387
6343399
6343409
6343417
6343429
6343433
6343439
6343453
6343457
6343459
6343483
6343537
6343553
6343591
6343609
6343619
6343633
6343639
6343651
6343657
6343693
6343723
6343741
6343751
6343759
6343769
6343789
6343793
6343801
6343811
6343819
6343847
6343849
6343859
6343861
6343877
6343879
6343901
6343903
6343927
6343949
6343957
6343979
6343993
6344003
6344017
6344027
6344033
6344087
6344147
6344161
6344171
6344189
6344207
6344209
6344227
6344237
6344249
6344257
6344267
6344269
6344291
6344311
6344321
6344323
6344341
6344363
6344369
6344399
6344407
6344413
6344441
6344467
6344473
6344509
6344557
6344579
6344581
6344599
6344609
6344617
6344623
6344641
6344647
6344659
6344669
6344687
6344729
6344747
6344759
6344761
6344771
6344777
6344809
6344813
6344827
6344843
6344851
6344857
6344909
6344911
6344929
6344957
6344963
6344983
6345007
6345011
6345041
6345067
6345091
6345127
6345133
6345137
6345139
6345149
6345179
6345181
6345187
6345197
6345253
6345257
6345271
6345293
6345299
6345307
6345323
6345337
6345343
6345347
6345377
6345407
6345419
6345431
6345439
6345457
6345481
6345491
6345497
6345533
6345541
6345551
6345617
6345629
6345659
6345673
6345683
6345701
6345721
6345737
6345739
6345749
6345763
6345803
6345821
6345827
6345839
6345851
6345853
6345877
6345883
6345887
6345919
6345923
6345949
6345971
6345973
6346003
6346009
6346037
6346111
6346127
6346141
6346163
6346177
6346181
6346187
6346199
6346201
6346211
6346213
6346231
6346237
6346243
6346297
6346303
6346313
6346337
6346339
6346381
6346387
6346391
6346397
6346409
6346427
6346433
6346463
6346469
6346489
6346493
6346519
6346523
6346553
6346579
6346583
6346609
6346631
6346633
6346651
6346663
6346667
6346727
6346733
6346751
6346771
6346777
6346783
6346787
6346789
6346793
6346801
6346811
6346859
6346877
6346883
6346891
6346897
6346957
6346973
6346987
6346999
6347009
6347023
6347059
6347177
6347183
6347189
6347203
6347221
6347261
6347269
6347309
6347321
6347339
6347371
6347377
6347381
6347447
6347483
6347521
6347527
6347567
6347611
6347623
6347639
6347641
6347657
6347659
6347669
6347687
6347689
6347707
6347753
6347771
6347791
6347797
6347801
6347819
6347827
6347849
6347879
6347903
6347909
6347921
6347927
6347941
6347947
6347959
6347983
6348011
6348019
6348029
6348037
6348059
6348061
6348073
6348101
6348107
6348113
6348119
6348137
6348143
6348151
6348179
6348233
6348239
6348241
6348247
6348257
6348263
6348271
6348283
6348289
6348301
6348311
6348343
6348371
6348373
6348383
6348389
6348401
6348439
6348449
6348467
6348469
6348473
6348479
6348523
6348533
6348541
6348569
6348623
6348647
6348673
6348689
6348691
6348703
6348721
6348739
6348751
6348761
6348763
6348773
6348781
6348787
6348799
6348827
6348829
6348847
6348863
6348877
6348887
6348889
6348899
6348913
6348917
6348971
6348977
6348997
6349001
6349003
6349009
6349037
6349043
6349051
6349069
6349073
6349087
6349093
6349099
6349129
6349139
6349153
6349157
6349169
6349181
6349199
6349223
6349253
6349261
6349267
6349271
6349283
6349297
6349303
6349331
6349333
6349361
6349373
6349379
6349391
6349393
6349397
6349433
6349481
6349501
6349529
6349531
6349537
6349543
6349549
6349561
6349589
6349621
6349631
6349643
6349649
6349663
6349669
6349691
6349697
6349703
6349723
6349727
6349741
6349751
6349787
6349843
6349859
6349879
6349897
6349913
6349919
6349921
6349951
6349961
6349969
6349997
6350011
6350017
6350021
6350041
6350063
6350083
6350107
6350119
6350131
6350137
6350143
6350147
6350167
6350171
6350191
6350209
6350219
6350221
6350233
6350249
6350251
6350263
6350269
6350287
6350291
6350293
6350297
6350329
6350341
6350353
6350411
6350419
6350423
6350431
6350441
6350459
6350471
6350479
6350483
6350501
6350549
6350563
6350621
6350633
6350647
6350651
6350653
6350677
6350699
6350719
6350759
6350761
6350801
6350833
6350837
6350867
6350873
6350887
6350891
6350899
6350917
6350923
6350933
6350957
6350963
6350983
6350987
6350989
6351017
6351019
6351031
6351089
6351097
6351113
6351127
6351139
6351181
6351221
6351223
6351239
6351253
6351271
6351277
6351283
6351287
6351299
6351313
6351329
6351379
6351403
6351431
6351461
6351469
6351479
6351481
6351509
6351517
6351547
6351563
6351571
6351581
6351601
6351607
6351613
6351619
6351629
6351649
6351671
6351673
6351707
6351743
6351767
6351769
6351781
6351809
6351847
6351853
6351857
6351859
6351889
6351893
6351911
6351913
6351929
6351937
6351953
6351959
6351967
6351971
6351973
6352001
6352013
6352039
6352051
6352079
6352081
6352091
6352109
6352121
6352139
6352147
6352183
6352201
6352219
6352243
6352249
6352259
6352267
6352309
6352331
6352343
6352361
6352391
6352399
6352429
6352453
6352477
6352487
6352547
6352573
6352603
6352607
6352609
6352637
6352639
6352651
6352657
6352673
6352681
6352693
6352729
6352741
6352763
6352771
6352813
6352817
6352831
6352837
6352877
6352933
6352979
6352987
6352993
6353003
6353021
6353027
6353029
6353033
6353051
6353071
6353093
6353099
6353111
6353153
6353161
6353167
6353173
6353213
6353219
6353227
6353231
6353261
6353279
6353299
6353317
6353341
6353351
6353363
6353377
6353383
6353387
6353411
6353437
6353441
6353449
6353453
6353471
6353489
6353491
6353513
6353519
6353521
6353527
6353531
6353561
6353569
6353573
6353579
6353591
6353617
6353629
6353653
6353687
6353689
6353707
6353713
6353717
6353731
6353741
6353759
6353779
6353783
6353827
6353833
6353857
6353863
6353873
6353909
6353933
6353959
6353989
6354001
6354013
6354017
6354043
6354059
6354077
6354083
6354091
6354097
6354109
6354119
6354133
6354149
6354167
6354169
6354181
6354203
6354217
6354251
6354263
6354289
6354301
6354307
6354317
6354319
6354331
6354389
6354391
6354421
6354427
6354433
6354437
6354443
6354449
6354457
6354461
6354479
6354487
6354503
6354527
6354529
6354539
6354547
6354559
6354589
6354599
6354619
6354641
6354643
6354703
6354709
6354727
6354743
6354757
6354773
6354793
6354811
6354827
6354847
6354853
6354871
6354913
6354937
6354947
6354967
6354977
6354983
6354989
6355001
6355039
6355049
6355073
6355079
6355081
6355087
6355103
6355121
6355133
6355169
6355171
6355187
6355189
6355201
6355213
6355243
6355247
6355259
6355301
6355309
6355333
6355373
6355381
6355457
6355477
6355487
6355493
6355507
6355511
6355513
6355523
6355543
6355549
6355561
6355577
6355597
6355607
6355621
6355631
6355667
6355673
6355711
6355733
6355759
6355777
6355781
6355793
6355819
6355879
6355903
6355913
6355933
6355949
6355963
6355997
6356003
6356033
6356039
6356041
6356071
6356081
6356083
6356087
6356093
6356099
6356101
6356123
6356149
6356153
6356159
6356171
6356173
6356179
6356213
6356219
6356239
6356243
6356263
6356297
6356309
6356321
6356323
6356347
6356377
6356387
6356401
6356407
6356437
6356443
6356461
6356479
6356503
6356531
6356543
6356551
6356557
6356569
6356573
6356587
6356591
6356593
6356611
6356617
6356639
6356641
6356653
6356699
6356737
6356741
6356747
6356783
6356789
6356803
6356821
6356869
6356879
6356881
6356897
6356921
6356923
6356941
6356957
6356969
6356971
6356981
6356983
6357011
6357017
6357019
6357023
6357047
6357067
6357083
6357097
6357101
6357107
6357121
6357157
6357179
6357193
6357199
6357203
6357217
6357233
6357287
6357289
6357301
6357311
6357313
6357317
6357331
6357347
6357349
6357353
6357397
6357413
6357431
6357433
6357479
6357503
6357529
6357539
6357557
6357569
6357587
6357607
6357623
6357629
6357653
6357661
6357667
6357691
6357713
6357731
6357751
6357787
6357811
6357839
6357853
6357859
6357877
6357887
6357889
6357907
6357929
6357941
6357943
6357947
6357961
6357971
6357977
6357991
6357997
6358003
6358013
6358021
6358031
6358057
6358061
6358067
6358073
6358123
6358127
6358129
6358139
6358147
6358151
6358169
6358181
6358211
6358223
6358229
6358237
6358267
6358271
6358273
6358283
6358291
6358333
6358351
6358361
6358409
6358411
6358433
6358439
6358477
6358481
6358507
6358523
6358529
6358537
6358549
6358553
6358571
6358577
6358591
6358613
6358619
6358621
6358661
6358669
6358679
6358721
6358747
6358753
6358777
6358829
6358837
6358889
6358897
6358909
6358921
6358927
6358943
6358981
6358991
6358997
6359011
6359039
6359047
6359057
6359083
6359107
6359113
6359131
6359137
6359159
6359179
6359203
6359219
6359231
6359233
6359237
6359239
6359251
6359261
6359279
6359299
6359303
6359341
6359347
6359351
6359359
6359383
6359393
6359401
6359407
6359453
6359461
6359467
6359473
6359489
6359491
6359501
6359531
6359533
6359537
6359609
6359621
6359627
6359659
6359693
6359723
6359777
6359783
6359789
6359803
6359807
6359839
6359897
6359909
6359911
6359917
6359957
6359963
6359981
6359987
6360031
6360083
6360103
6360113
6360127
6360131
6360143
6360149
6360157
6360161
6360169
6360191
6360199
6360209
6360217
6360247
6360253
6360281
6360283
6360293
6360317
6360323
6360331
6360349
6360379
6360391
6360413
6360427
6360433
6360437
6360449
6360451
6360461
6360469
6360503
6360509
6360547
6360551
6360553
6360569
6360593
6360619
6360623
6360631
6360647
6360659
6360721
6360727
6360743
6360787
6360799
6360817
6360833
6360841
6360847
6360853
6360899
6360923
6360931
6360943
6360989
6361013
6361031
6361039
6361073
6361079
6361127
6361139
6361171
6361189
6361193
6361207
6361217
6361241
6361261
6361279
6361297
6361301
6361307
6361331
6361343
6361351
6361361
6361367
6361379
6361423
6361427
6361429
6361457
6361477
6361493
6361499
6361517
6361573
6361609
6361627
6361651
6361657
6361661
6361679
6361699
6361711
6361739
6361741
6361763
6361783
6361799
6361801
6361829
6361837
6361841
6361871
6361879
6361919
6361963
6361973
6361981
6361997
6362009
6362021
6362071
6362087
6362089
6362141
6362149
6362171
6362177
6362189
6362201
6362203
6362219
6362227
6362231
6362263
6362287
6362299
6362311
6362341
6362357
6362371
6362399
6362407
6362429
6362441
6362443
6362453
6362479
6362519
6362561
6362569
6362591
6362593
6362617
6362621
6362623
6362633
6362639
6362659
6362669
6362677
6362711
6362723
6362729
6362731
6362761
6362771
6362791
6362819
6362833
6362857
6362887
6362911
6362921
6362953
6362957
6362999
6363013
6363023
6363041
6363047
6363059
6363061
6363067
6363073
6363079
6363089
6363107
6363109
6363131
6363139
6363163
6363169
6363179
6363187
6363193
6363199
6363221
6363289
6363293
6363299
6363307
6363319
6363349
6363359
6363373
6363421
6363439
6363449
6363451
6363481
6363493
6363503
6363509
6363523
6363541
6363583
6363601
6363607
6363619
6363647
6363653
6363671
6363701
6363713
6363737
6363739
6363743
6363761
6363769
6363817
6363823
6363829
6363839
6363881
6363883
6363887
6363901
6363911
6363913
6363919
6363923
6363937
6363949
6363977
6363991
6363997
6364013
6364019
6364049
6364063
6364117
6364133
6364159
6364177
6364199
6364201
6364217
6364231
6364247
6364249
6364277
6364279
6364291
6364339
6364343
6364349
6364381
6364433
6364441
6364447
6364451
6364483
6364493
6364513
6364529
6364541
6364549
6364571
6364573
6364591
6364621
6364627
6364637
6364649
6364663
6364691
6364723
6364727
6364733
6364739
6364741
6364747
6364751
6364759
6364763
6364781
6364789
6364807
6364811
6364819
6364847
6364879
6364901
6364909
6364913
6364921
6364927
6364957
6364961
6365003
6365011
6365033
6365039
6365053
6365059
6365063
6365071
6365081
6365083
6365111
6365153
6365173
6365197
6365231
6365263
6365269
6365279
6365299
6365311
6365321
6365329
6365339
6365341
6365357
6365371
6365377
6365383
6365393
6365407
6365417
6365423
6365441
6365449
6365453
6365479
6365483
6365507
There are 1914 prime numbers in S420.
