S421(6365521~6395832)
6365521
6365543
6365561
6365563
6365581
6365651
6365657
6365663
6365669
6365699
6365717
6365729
6365731
6365753
6365759
6365767
6365773
6365791
6365797
6365809
6365857
6365861
6365869
6365897
6365911
6365959
6365977
6365987
6366001
6366023
6366037
6366047
6366053
6366071
6366077
6366089
6366133
6366137
6366149
6366161
6366163
6366169
6366187
6366203
6366223
6366229
6366247
6366251
6366263
6366281
6366289
6366299
6366317
6366319
6366329
6366337
6366359
6366361
6366391
6366419
6366433
6366461
6366473
6366487
6366523
6366557
6366571
6366583
6366587
6366589
6366593
6366629
6366643
6366649
6366671
6366683
6366697
6366707
6366719
6366743
6366751
6366779
6366781
6366803
6366827
6366859
6366869
6366889
6366901
6366907
6366911
6366917
6366937
6366947
6366953
6366977
6366989
6367001
6367003
6367007
6367019
6367057
6367063
6367069
6367079
6367087
6367091
6367099
6367111
6367157
6367169
6367181
6367187
6367213
6367243
6367247
6367267
6367289
6367301
6367303
6367331
6367379
6367391
6367393
6367409
6367433
6367507
6367523
6367531
6367547
6367553
6367561
6367591
6367597
6367601
6367633
6367643
6367651
6367667
6367681
6367703
6367709
6367723
6367727
6367771
6367787
6367789
6367807
6367841
6367847
6367853
6367859
6367871
6367873
6367883
6367901
6367903
6367909
6367937
6367951
6367967
6367981
6367993
6368027
6368029
6368053
6368069
6368071
6368083
6368129
6368137
6368143
6368177
6368179
6368189
6368207
6368209
6368221
6368231
6368233
6368239
6368267
6368279
6368291
6368293
6368311
6368317
6368333
6368357
6368389
6368393
6368413
6368431
6368437
6368441
6368443
6368449
6368459
6368471
6368501
6368521
6368581
6368587
6368617
6368627
6368647
6368711
6368741
6368753
6368759
6368767
6368779
6368833
6368867
6368881
6368917
6368927
6368977
6368983
6369001
6369007
6369023
6369049
6369073
6369127
6369131
6369149
6369151
6369163
6369173
6369239
6369269
6369283
6369301
6369317
6369343
6369359
6369371
6369379
6369383
6369401
6369403
6369409
6369449
6369479
6369497
6369499
6369511
6369523
6369529
6369553
6369557
6369563
6369569
6369619
6369631
6369653
6369667
6369677
6369703
6369707
6369709
6369733
6369773
6369793
6369799
6369823
6369841
6369859
6369887
6369889
6369901
6369929
6369947
6369949
6369967
6369971
6369983
6369991
6370003
6370009
6370027
6370037
6370043
6370061
6370079
6370099
6370127
6370141
6370157
6370163
6370181
6370183
6370207
6370219
6370249
6370261
6370271
6370277
6370307
6370313
6370337
6370361
6370387
6370391
6370411
6370477
6370487
6370501
6370513
6370519
6370523
6370537
6370541
6370543
6370571
6370583
6370603
6370619
6370627
6370667
6370739
6370769
6370781
6370799
6370811
6370849
6370853
6370873
6370891
6370913
6370921
6370933
6370943
6370951
6370957
6370961
6370967
6370999
6371003
6371011
6371021
6371033
6371041
6371051
6371063
6371081
6371083
6371087
6371111
6371117
6371119
6371129
6371191
6371237
6371249
6371257
6371263
6371293
6371303
6371347
6371371
6371401
6371537
6371539
6371557
6371579
6371581
6371591
6371623
6371627
6371641
6371653
6371657
6371671
6371681
6371699
6371723
6371737
6371749
6371773
6371791
6371797
6371809
6371843
6371857
6371861
6371867
6371873
6371879
6371917
6371921
6371927
6371929
6371947
6371977
6371983
6371987
6372001
6372013
6372043
6372053
6372073
6372101
6372131
6372139
6372167
6372193
6372211
6372217
6372253
6372259
6372271
6372287
6372293
6372313
6372319
6372323
6372337
6372347
6372361
6372371
6372407
6372419
6372481
6372503
6372511
6372517
6372521
6372529
6372533
6372539
6372563
6372593
6372617
6372623
6372647
6372659
6372697
6372719
6372727
6372749
6372781
6372869
6372881
6372911
6372913
6372929
6372967
6372979
6372983
6373021
6373033
6373039
6373049
6373051
6373057
6373061
6373063
6373067
6373099
6373111
6373123
6373187
6373193
6373207
6373217
6373223
6373229
6373253
6373261
6373267
6373271
6373273
6373291
6373307
6373309
6373319
6373333
6373337
6373363
6373387
6373391
6373397
6373399
6373421
6373459
6373469
6373481
6373501
6373511
6373517
6373571
6373603
6373613
6373637
6373639
6373663
6373673
6373687
6373699
6373709
6373733
6373747
6373769
6373781
6373813
6373831
6373837
6373859
6373867
6373877
6373897
6373903
6373907
6373909
6373931
6373943
6373973
6373979
6373981
6374021
6374029
6374033
6374041
6374051
6374057
6374077
6374087
6374089
6374117
6374129
6374131
6374149
6374153
6374213
6374219
6374293
6374297
6374299
6374339
6374341
6374351
6374353
6374383
6374399
6374477
6374491
6374503
6374509
6374513
6374527
6374539
6374551
6374569
6374573
6374651
6374659
6374689
6374699
6374701
6374717
6374759
6374761
6374777
6374783
6374789
6374791
6374821
6374831
6374833
6374843
6374873
6374903
6374911
6374917
6374923
6374941
6374947
6374959
6374971
6374987
6375023
6375037
6375043
6375053
6375067
6375073
6375077
6375079
6375091
6375097
6375107
6375133
6375139
6375143
6375151
6375191
6375197
6375199
6375217
6375233
6375253
6375269
6375277
6375283
6375287
6375307
6375311
6375319
6375361
6375401
6375403
6375427
6375437
6375449
6375451
6375517
6375521
6375539
6375547
6375557
6375571
6375617
6375631
6375637
6375643
6375647
6375667
6375671
6375701
6375751
6375757
6375763
6375767
6375769
6375823
6375829
6375841
6375851
6375931
6375937
6375947
6375949
6375959
6375961
6375983
6375989
6376021
6376031
6376043
6376057
6376079
6376081
6376093
6376103
6376121
6376127
6376133
6376177
6376193
6376303
6376333
6376339
6376351
6376369
6376373
6376387
6376393
6376399
6376423
6376429
6376441
6376453
6376459
6376471
6376481
6376493
6376499
6376501
6376507
6376541
6376553
6376577
6376597
6376613
6376621
6376633
6376637
6376639
6376651
6376673
6376679
6376739
6376763
6376787
6376789
6376813
6376829
6376841
6376847
6376873
6376883
6376889
6376891
6376919
6376933
6376969
6376991
6376999
6377009
6377047
6377069
6377081
6377113
6377153
6377167
6377177
6377191
6377197
6377221
6377257
6377269
6377297
6377321
6377323
6377339
6377389
6377401
6377411
6377447
6377453
6377461
6377467
6377519
6377549
6377551
6377573
6377587
6377603
6377617
6377621
6377633
6377639
6377641
6377689
6377713
6377741
6377747
6377753
6377773
6377779
6377783
6377807
6377821
6377827
6377843
6377887
6377893
6377951
6377953
6377957
6377963
6377981
6377983
6377993
6378011
6378037
6378079
6378101
6378103
6378109
6378121
6378131
6378133
6378137
6378139
6378181
6378209
6378217
6378241
6378257
6378271
6378277
6378287
6378311
6378331
6378341
6378367
6378371
6378389
6378397
6378401
6378403
6378409
6378487
6378503
6378517
6378551
6378557
6378563
6378607
6378611
6378629
6378703
6378721
6378731
6378733
6378761
6378767
6378781
6378787
6378847
6378863
6378871
6378877
6378881
6378907
6378913
6378919
6378923
6378937
6378947
6378973
6378979
6378989
6379001
6379049
6379081
6379091
6379111
6379123
6379129
6379141
6379151
6379181
6379183
6379201
6379223
6379237
6379249
6379259
6379277
6379283
6379327
6379379
6379409
6379411
6379423
6379427
6379433
6379453
6379469
6379481
6379501
6379517
6379519
6379531
6379537
6379547
6379553
6379601
6379613
6379619
6379621
6379691
6379693
6379699
6379753
6379757
6379817
6379819
6379829
6379837
6379843
6379853
6379859
6379861
6379871
6379883
6379897
6379909
6379927
6379931
6379937
6379951
6379963
6379999
6380027
6380053
6380057
6380063
6380071
6380081
6380107
6380111
6380149
6380161
6380167
6380183
6380189
6380221
6380233
6380237
6380249
6380251
6380263
6380267
6380279
6380281
6380347
6380351
6380357
6380401
6380443
6380449
6380467
6380471
6380483
6380497
6380503
6380509
6380519
6380527
6380531
6380567
6380573
6380581
6380597
6380623
6380629
6380639
6380657
6380659
6380663
6380669
6380681
6380741
6380749
6380819
6380837
6380849
6380863
6380873
6380897
6380923
6380929
6380939
6380963
6380971
6380977
6380989
6380993
6380999
6381007
6381031
6381047
6381059
6381077
6381101
6381127
6381139
6381191
6381209
6381217
6381227
6381241
6381251
6381299
6381313
6381317
6381337
6381343
6381371
6381379
6381407
6381437
6381457
6381461
6381467
6381469
6381481
6381491
6381497
6381503
6381509
6381523
6381547
6381559
6381563
6381569
6381577
6381581
6381589
6381607
6381611
6381619
6381643
6381659
6381667
6381671
6381679
6381689
6381703
6381719
6381737
6381761
6381799
6381811
6381821
6381829
6381847
6381863
6381899
6381911
6381913
6381941
6381961
6381979
6382007
6382039
6382049
6382069
6382073
6382087
6382097
6382099
6382111
6382121
6382133
6382139
6382141
6382147
6382151
6382153
6382193
6382199
6382213
6382217
6382253
6382283
6382289
6382297
6382303
6382307
6382319
6382367
6382379
6382381
6382393
6382399
6382421
6382433
6382469
6382501
6382513
6382517
6382529
6382543
6382547
6382549
6382583
6382589
6382637
6382643
6382681
6382699
6382711
6382751
6382763
6382787
6382793
6382801
6382811
6382819
6382823
6382847
6382867
6382927
6382933
6382951
6382969
6383021
6383051
6383053
6383057
6383063
6383071
6383081
6383087
6383093
6383119
6383123
6383137
6383141
6383171
6383191
6383197
6383227
6383233
6383239
6383261
6383287
6383317
6383329
6383341
6383353
6383359
6383371
6383407
6383417
6383431
6383453
6383459
6383471
6383521
6383537
6383549
6383557
6383593
6383599
6383603
6383609
6383617
6383621
6383669
6383701
6383731
6383749
6383771
6383801
6383807
6383809
6383831
6383843
6383851
6383863
6383887
6383893
6383899
6383917
6383933
6383939
6383953
6383957
6383969
6383983
6383989
6383999
6384013
6384067
6384071
6384101
6384113
6384121
6384127
6384139
6384143
6384173
6384181
6384187
6384193
6384211
6384269
6384281
6384283
6384289
6384319
6384349
6384353
6384359
6384439
6384463
6384467
6384487
6384491
6384493
6384509
6384523
6384529
6384541
6384559
6384563
6384569
6384617
6384619
6384629
6384647
6384689
6384691
6384709
6384737
6384739
6384743
6384773
6384793
6384811
6384821
6384827
6384841
6384863
6384881
6384883
6384907
6384913
6384919
6384929
6384943
6384953
6384991
6385009
6385021
6385037
6385061
6385063
6385087
6385117
6385129
6385151
6385177
6385187
6385193
6385213
6385231
6385259
6385261
6385271
6385277
6385289
6385303
6385339
6385343
6385369
6385391
6385397
6385399
6385403
6385427
6385429
6385447
6385453
6385469
6385471
6385487
6385537
6385553
6385567
6385583
6385601
6385609
6385619
6385733
6385739
6385741
6385751
6385781
6385849
6385853
6385859
6385871
6385877
6385879
6385891
6385901
6385909
6385933
6385943
6385987
6385993
6385997
6386011
6386021
6386027
6386041
6386057
6386063
6386069
6386099
6386117
6386143
6386153
6386161
6386173
6386197
6386207
6386209
6386221
6386227
6386257
6386291
6386323
6386327
6386333
6386357
6386363
6386371
6386377
6386417
6386431
6386453
6386473
6386483
6386491
6386519
6386531
6386557
6386561
6386579
6386593
6386621
6386623
6386669
6386671
6386683
6386687
6386711
6386719
6386749
6386773
6386777
6386791
6386819
6386839
6386923
6386953
6386959
6386981
6387001
6387013
6387037
6387041
6387061
6387067
6387079
6387109
6387131
6387179
6387187
6387193
6387217
6387259
6387289
6387301
6387313
6387317
6387323
6387379
6387383
6387413
6387449
6387463
6387487
6387499
6387503
6387523
6387527
6387533
6387539
6387541
6387559
6387611
6387637
6387649
6387653
6387673
6387683
6387697
6387707
6387709
6387739
6387757
6387761
6387803
6387811
6387827
6387853
6387863
6387877
6387881
6387883
6387893
6387907
6387919
6387949
6387961
6387977
6388021
6388027
6388051
6388061
6388069
6388121
6388189
6388211
6388219
6388253
6388259
6388267
6388271
6388289
6388297
6388337
6388339
6388373
6388391
6388399
6388409
6388429
6388433
6388441
6388453
6388463
6388471
6388483
6388507
6388523
6388559
6388597
6388601
6388607
6388619
6388621
6388633
6388637
6388667
6388691
6388751
6388771
6388777
6388783
6388819
6388829
6388853
6388859
6388861
6388867
6388891
6388909
6388913
6388927
6388939
6388951
6388973
6388979
6388981
6389017
6389021
6389041
6389083
6389087
6389113
6389137
6389167
6389171
6389177
6389189
6389191
6389209
6389213
6389237
6389249
6389267
6389281
6389303
6389333
6389351
6389353
6389363
6389371
6389387
6389393
6389401
6389407
6389417
6389431
6389443
6389447
6389473
6389479
6389489
6389519
6389527
6389531
6389623
6389629
6389683
6389687
6389701
6389711
6389717
6389729
6389731
6389737
6389741
6389749
6389767
6389771
6389777
6389783
6389797
6389819
6389821
6389849
6389861
6389879
6389881
6389897
6389899
6389917
6389941
6389953
6389959
6389963
6389983
6389989
6389993
6390001
6390029
6390031
6390047
6390053
6390107
6390119
6390127
6390161
6390173
6390199
6390211
6390227
6390239
6390257
6390281
6390313
6390337
6390367
6390379
6390401
6390407
6390409
6390413
6390427
6390431
6390443
6390463
6390499
6390533
6390541
6390551
6390563
6390569
6390577
6390583
6390611
6390641
6390653
6390679
6390689
6390697
6390719
6390721
6390733
6390749
6390763
6390799
6390829
6390847
6390851
6390871
6390883
6390887
6390893
6390907
6390947
6390949
6390953
6390971
6390983
6391009
6391043
6391061
6391069
6391093
6391117
6391123
6391127
6391129
6391157
6391181
6391183
6391193
6391199
6391241
6391243
6391247
6391261
6391267
6391289
6391321
6391327
6391373
6391379
6391387
6391409
6391421
6391453
6391457
6391471
6391499
6391501
6391523
6391537
6391547
6391559
6391589
6391597
6391601
6391607
6391663
6391667
6391669
6391699
6391717
6391727
6391729
6391757
6391789
6391799
6391817
6391837
6391841
6391877
6391897
6391901
6391927
6391933
6391939
6391963
6391991
6392003
6392011
6392027
6392033
6392041
6392053
6392081
6392117
6392123
6392131
6392143
6392147
6392167
6392173
6392207
6392233
6392263
6392299
6392311
6392327
6392333
6392339
6392359
6392387
6392389
6392401
6392429
6392447
6392461
6392497
6392513
6392521
6392539
6392543
6392563
6392567
6392587
6392623
6392651
6392657
6392677
6392699
6392707
6392717
6392747
6392777
6392779
6392783
6392803
6392809
6392819
6392839
6392857
6392863
6392879
6392899
6392921
6392951
6392989
6392999
6393029
6393047
6393059
6393061
6393067
6393077
6393083
6393091
6393097
6393109
6393131
6393169
6393203
6393209
6393217
6393229
6393251
6393259
6393281
6393293
6393301
6393319
6393353
6393383
6393397
6393403
6393421
6393433
6393449
6393461
6393467
6393469
6393473
6393503
6393509
6393529
6393577
6393587
6393599
6393617
6393619
6393623
6393641
6393661
6393691
6393731
6393733
6393749
6393757
6393767
6393769
6393773
6393787
6393791
6393797
6393809
6393811
6393817
6393841
6393847
6393857
6393869
6393911
6393913
6393917
6393941
6393943
6393953
6393983
6394009
6394043
6394093
6394097
6394099
6394103
6394117
6394121
6394133
6394147
6394151
6394163
6394177
6394183
6394211
6394217
6394231
6394247
6394249
6394273
6394313
6394321
6394357
6394373
6394433
6394439
6394441
6394457
6394459
6394477
6394481
6394501
6394511
6394513
6394517
6394543
6394559
6394571
6394579
6394603
6394607
6394627
6394637
6394643
6394651
6394657
6394709
6394723
6394733
6394741
6394763
6394781
6394789
6394799
6394807
6394823
6394837
6394847
6394853
6394859
6394879
6394909
6394933
6394957
6394967
6394981
6395047
6395063
6395071
6395087
6395101
6395119
6395141
6395171
6395189
6395201
6395203
6395209
6395227
6395231
6395237
6395239
6395299
6395317
6395327
6395359
6395369
6395377
6395387
6395407
6395437
6395443
6395447
6395471
6395483
6395489
6395503
6395509
6395513
6395531
6395539
6395567
6395581
6395611
6395639
6395651
6395657
6395663
6395671
6395677
6395681
6395699
6395707
6395729
6395743
6395797
6395801
6395803
6395819
There are 1886 prime numbers in S421.
