S422(6395833~6426216)
6395833
6395839
6395861
6395867
6395869
6395891
6395903
6395929
6395941
6395947
6395953
6395969
6395971
6395981
6396053
6396073
6396113
6396133
6396151
6396167
6396191
6396223
6396239
6396241
6396259
6396281
6396307
6396347
6396349
6396361
6396373
6396389
6396409
6396433
6396463
6396469
6396491
6396541
6396547
6396569
6396581
6396583
6396589
6396613
6396619
6396631
6396659
6396661
6396679
6396683
6396701
6396703
6396707
6396751
6396773
6396799
6396827
6396833
6396847
6396851
6396853
6396857
6396869
6396877
6396911
6396937
6396953
6396961
6396983
6396989
6396997
6397003
6397007
6397019
6397031
6397033
6397051
6397057
6397073
6397099
6397103
6397109
6397121
6397133
6397147
6397211
6397213
6397229
6397273
6397283
6397291
6397301
6397327
6397331
6397343
6397351
6397373
6397387
6397397
6397399
6397421
6397451
6397453
6397463
6397493
6397511
6397529
6397549
6397553
6397571
6397579
6397591
6397607
6397609
6397631
6397649
6397667
6397691
6397693
6397697
6397717
6397733
6397751
6397759
6397771
6397817
6397823
6397837
6397843
6397849
6397871
6397891
6397903
6397921
6397949
6397957
6397961
6397981
6397991
6397999
6398017
6398057
6398081
6398083
6398111
6398113
6398129
6398141
6398149
6398159
6398167
6398177
6398179
6398201
6398207
6398237
6398243
6398261
6398267
6398281
6398291
6398297
6398303
6398317
6398339
6398389
6398417
6398429
6398437
6398453
6398461
6398467
6398471
6398479
6398519
6398537
6398543
6398551
6398563
6398569
6398593
6398597
6398599
6398621
6398629
6398633
6398671
6398723
6398729
6398731
6398737
6398753
6398759
6398767
6398789
6398797
6398809
6398813
6398857
6398863
6398867
6398869
6398881
6398897
6398923
6398929
6398933
6398941
6398981
6398983
6398999
6399007
6399013
6399023
6399031
6399049
6399059
6399091
6399109
6399119
6399137
6399139
6399161
6399193
6399209
6399251
6399269
6399277
6399311
6399319
6399331
6399347
6399377
6399391
6399397
6399427
6399433
6399457
6399467
6399509
6399511
6399521
6399527
6399541
6399551
6399577
6399581
6399583
6399587
6399611
6399629
6399643
6399677
6399683
6399689
6399707
6399709
6399719
6399737
6399739
6399761
6399793
6399797
6399817
6399821
6399829
6399847
6399859
6399889
6399917
6399929
6399931
6399947
6399961
6399971
6400013
6400019
6400033
6400091
6400099
6400117
6400123
6400139
6400151
6400159
6400183
6400189
6400193
6400201
6400231
6400241
6400253
6400259
6400349
6400357
6400363
6400367
6400369
6400391
6400403
6400411
6400423
6400451
6400453
6400489
6400531
6400543
6400591
6400607
6400621
6400627
6400637
6400657
6400697
6400717
6400753
6400759
6400763
6400799
6400813
6400837
6400841
6400843
6400873
6400921
6400939
6400951
6400957
6400981
6400987
6401011
6401029
6401033
6401069
6401093
6401117
6401123
6401149
6401179
6401183
6401191
6401203
6401249
6401267
6401273
6401293
6401303
6401327
6401341
6401357
6401363
6401377
6401387
6401389
6401399
6401411
6401413
6401419
6401459
6401467
6401471
6401477
6401497
6401509
6401533
6401543
6401557
6401569
6401579
6401587
6401609
6401621
6401669
6401687
6401713
6401719
6401723
6401749
6401761
6401771
6401827
6401831
6401849
6401867
6401869
6401887
6401891
6401893
6401921
6401929
6401933
6401939
6401959
6401963
6401971
6401977
6401987
6402001
6402007
6402041
6402049
6402059
6402061
6402079
6402091
6402139
6402157
6402161
6402163
6402167
6402169
6402181
6402203
6402247
6402269
6402271
6402287
6402311
6402323
6402329
6402379
6402391
6402401
6402413
6402433
6402439
6402457
6402493
6402527
6402541
6402547
6402577
6402581
6402593
6402619
6402629
6402631
6402653
6402661
6402701
6402719
6402731
6402733
6402751
6402779
6402787
6402817
6402839
6402841
6402859
6402883
6402889
6402899
6402911
6402923
6402937
6402941
6402953
6402967
6402971
6402973
6403003
6403021
6403031
6403051
6403063
6403127
6403141
6403151
6403153
6403157
6403181
6403193
6403219
6403273
6403279
6403297
6403303
6403321
6403333
6403343
6403351
6403363
6403379
6403381
6403387
6403393
6403417
6403429
6403433
6403451
6403469
6403489
6403493
6403511
6403571
6403601
6403643
6403651
6403681
6403687
6403711
6403723
6403739
6403757
6403769
6403811
6403847
6403853
6403877
6403889
6403907
6403921
6403939
6403967
6403973
6403979
6403981
6403993
6404003
6404009
6404017
6404023
6404059
6404063
6404089
6404117
6404131
6404137
6404141
6404161
6404171
6404179
6404191
6404227
6404239
6404243
6404249
6404261
6404263
6404269
6404297
6404303
6404317
6404341
6404347
6404353
6404357
6404369
6404381
6404401
6404407
6404449
6404473
6404477
6404521
6404527
6404551
6404581
6404591
6404599
6404611
6404623
6404639
6404647
6404659
6404669
6404677
6404681
6404683
6404689
6404701
6404711
6404719
6404743
6404753
6404771
6404773
6404777
6404779
6404789
6404791
6404809
6404819
6404837
6404873
6404917
6404921
6404927
6404929
6404987
6405011
6405013
6405023
6405029
6405031
6405043
6405053
6405059
6405067
6405079
6405089
6405101
6405131
6405137
6405149
6405163
6405169
6405187
6405221
6405263
6405271
6405283
6405331
6405353
6405367
6405391
6405397
6405457
6405461
6405463
6405473
6405493
6405517
6405533
6405541
6405547
6405559
6405577
6405587
6405593
6405629
6405643
6405647
6405649
6405653
6405701
6405703
6405727
6405731
6405733
6405743
6405761
6405767
6405797
6405811
6405827
6405829
6405877
6405899
6405901
6405911
6405913
6405929
6405941
6405943
6405979
6405989
6406051
6406067
6406079
6406087
6406109
6406111
6406123
6406151
6406177
6406193
6406199
6406219
6406247
6406307
6406313
6406321
6406343
6406369
6406381
6406427
6406447
6406457
6406483
6406493
6406507
6406529
6406549
6406571
6406573
6406577
6406579
6406601
6406639
6406643
6406657
6406679
6406681
6406691
6406717
6406721
6406727
6406747
6406759
6406787
6406789
6406793
6406823
6406831
6406847
6406849
6406861
6406867
6406877
6406879
6406913
6406919
6406931
6406937
6406951
6406973
6406997
6407003
6407017
6407033
6407039
6407069
6407077
6407099
6407119
6407131
6407189
6407197
6407201
6407209
6407227
6407239
6407251
6407263
6407279
6407293
6407299
6407309
6407333
6407371
6407393
6407417
6407431
6407441
6407449
6407461
6407491
6407497
6407507
6407519
6407551
6407561
6407563
6407567
6407573
6407591
6407671
6407701
6407741
6407749
6407773
6407809
6407831
6407833
6407851
6407857
6407873
6407879
6407881
6407893
6407897
6407899
6407923
6407941
6407953
6407971
6407981
6408023
6408029
6408047
6408091
6408097
6408113
6408119
6408131
6408137
6408139
6408163
6408169
6408173
6408197
6408209
6408211
6408223
6408253
6408257
6408277
6408299
6408313
6408323
6408331
6408359
6408407
6408427
6408443
6408461
6408469
6408481
6408487
6408503
6408517
6408533
6408553
6408581
6408593
6408631
6408637
6408653
6408691
6408709
6408713
6408749
6408769
6408791
6408793
6408799
6408811
6408823
6408839
6408841
6408851
6408859
6408869
6408877
6408901
6408907
6408917
6408923
6408929
6408931
6408953
6408977
6408991
6409003
6409009
6409027
6409031
6409037
6409043
6409063
6409093
6409097
6409127
6409133
6409141
6409163
6409189
6409201
6409217
6409223
6409253
6409267
6409297
6409303
6409307
6409321
6409339
6409363
6409367
6409369
6409373
6409379
6409393
6409397
6409409
6409471
6409483
6409511
6409523
6409549
6409577
6409589
6409603
6409607
6409633
6409643
6409651
6409673
6409679
6409681
6409693
6409703
6409721
6409747
6409751
6409757
6409807
6409849
6409883
6409889
6409913
6409933
6409943
6410009
6410023
6410029
6410059
6410081
6410111
6410113
6410119
6410137
6410147
6410161
6410171
6410179
6410221
6410231
6410237
6410249
6410251
6410267
6410269
6410279
6410303
6410317
6410321
6410333
6410357
6410401
6410413
6410423
6410431
6410441
6410447
6410449
6410497
6410507
6410531
6410549
6410557
6410561
6410563
6410587
6410609
6410623
6410639
6410647
6410669
6410681
6410687
6410689
6410693
6410699
6410713
6410743
6410749
6410777
6410783
6410797
6410821
6410843
6410851
6410857
6410863
6410869
6410891
6410897
6410909
6410939
6410947
6410959
6410969
6410977
6410981
6410993
6411011
6411019
6411049
6411073
6411103
6411121
6411131
6411137
6411143
6411149
6411157
6411187
6411191
6411221
6411239
6411241
6411259
6411263
6411269
6411289
6411299
6411331
6411337
6411359
6411373
6411421
6411437
6411439
6411467
6411469
6411521
6411529
6411541
6411557
6411571
6411593
6411661
6411673
6411701
6411709
6411749
6411751
6411763
6411791
6411793
6411799
6411829
6411851
6411869
6411883
6411901
6411953
6411961
6411971
6411973
6411997
6412013
6412019
6412067
6412097
6412121
6412127
6412141
6412157
6412171
6412181
6412199
6412207
6412249
6412261
6412267
6412271
6412283
6412313
6412321
6412327
6412333
6412339
6412363
6412387
6412409
6412421
6412429
6412447
6412453
6412457
6412459
6412493
6412499
6412531
6412541
6412543
6412589
6412603
6412613
6412619
6412643
6412657
6412661
6412669
6412739
6412759
6412781
6412787
6412801
6412807
6412871
6412873
6412897
6412919
6412957
6412969
6412981
6412993
6412997
6412999
6413003
6413023
6413041
6413047
6413083
6413101
6413111
6413117
6413129
6413153
6413167
6413177
6413189
6413191
6413201
6413213
6413219
6413243
6413273
6413287
6413333
6413339
6413377
6413383
6413387
6413401
6413411
6413413
6413419
6413467
6413483
6413489
6413503
6413509
6413513
6413531
6413551
6413569
6413591
6413593
6413597
6413609
6413651
6413653
6413663
6413677
6413699
6413741
6413779
6413783
6413789
6413801
6413809
6413821
6413857
6413863
6413873
6413899
6413903
6413951
6413983
6414013
6414019
6414041
6414071
6414073
6414091
6414103
6414127
6414131
6414143
6414173
6414193
6414269
6414281
6414293
6414311
6414313
6414341
6414349
6414361
6414377
6414383
6414391
6414403
6414407
6414413
6414451
6414461
6414467
6414479
6414503
6414511
6414547
6414557
6414581
6414587
6414589
6414601
6414619
6414623
6414641
6414659
6414673
6414689
6414703
6414719
6414731
6414739
6414767
6414773
6414787
6414803
6414809
6414827
6414839
6414847
6414857
6414883
6414917
6414929
6414937
6414959
6414973
6415007
6415009
6415051
6415081
6415093
6415099
6415121
6415133
6415139
6415159
6415169
6415193
6415219
6415237
6415243
6415249
6415271
6415291
6415301
6415303
6415337
6415361
6415363
6415373
6415391
6415411
6415417
6415427
6415429
6415433
6415439
6415441
6415447
6415457
6415501
6415529
6415567
6415571
6415589
6415603
6415649
6415657
6415679
6415687
6415691
6415693
6415697
6415727
6415733
6415753
6415771
6415789
6415807
6415813
6415819
6415831
6415841
6415859
6415861
6415883
6415891
6415943
6415951
6415957
6415961
6415979
6415999
6416071
6416087
6416117
6416153
6416161
6416177
6416197
6416203
6416209
6416219
6416237
6416239
6416251
6416257
6416273
6416303
6416317
6416321
6416329
6416363
6416369
6416381
6416383
6416413
6416419
6416437
6416447
6416477
6416489
6416491
6416507
6416513
6416521
6416533
6416537
6416539
6416567
6416573
6416593
6416611
6416629
6416653
6416677
6416689
6416723
6416741
6416749
6416759
6416777
6416779
6416789
6416807
6416819
6416827
6416831
6416843
6416867
6416887
6416903
6416923
6416953
6416959
6416981
6416987
6416999
6417001
6417011
6417013
6417029
6417043
6417049
6417067
6417077
6417083
6417113
6417121
6417127
6417133
6417137
6417179
6417227
6417233
6417247
6417251
6417263
6417287
6417319
6417343
6417353
6417373
6417379
6417401
6417413
6417431
6417451
6417457
6417479
6417487
6417553
6417563
6417569
6417571
6417577
6417583
6417599
6417623
6417629
6417659
6417661
6417673
6417679
6417683
6417703
6417731
6417737
6417739
6417743
6417767
6417779
6417841
6417847
6417869
6417889
6417911
6417919
6417923
6417937
6417947
6418031
6418037
6418043
6418091
6418103
6418117
6418123
6418133
6418171
6418177
6418189
6418201
6418207
6418213
6418229
6418253
6418259
6418261
6418267
6418277
6418283
6418289
6418303
6418319
6418327
6418331
6418339
6418351
6418361
6418369
6418381
6418387
6418397
6418417
6418429
6418439
6418487
6418493
6418499
6418507
6418543
6418579
6418583
6418663
6418693
6418703
6418717
6418721
6418733
6418747
6418757
6418759
6418799
6418813
6418873
6418913
6418927
6418939
6418943
6418949
6418967
6418981
6418991
6419003
6419009
6419011
6419029
6419033
6419051
6419053
6419059
6419071
6419087
6419107
6419111
6419113
6419117
6419129
6419173
6419209
6419221
6419227
6419233
6419239
6419249
6419261
6419267
6419291
6419293
6419297
6419299
6419311
6419327
6419339
6419407
6419419
6419423
6419431
6419443
6419447
6419467
6419503
6419521
6419531
6419561
6419563
6419593
6419597
6419627
6419629
6419653
6419669
6419671
6419687
6419689
6419711
6419717
6419729
6419741
6419767
6419797
6419807
6419813
6419843
6419851
6419879
6419899
6419909
6419911
6419927
6419953
6419969
6419971
6419983
6419989
6420023
6420031
6420041
6420053
6420061
6420077
6420079
6420103
6420109
6420173
6420199
6420221
6420259
6420307
6420343
6420353
6420377
6420383
6420389
6420391
6420413
6420431
6420437
6420451
6420457
6420467
6420487
6420511
6420523
6420587
6420599
6420683
6420697
6420707
6420709
6420731
6420737
6420763
6420767
6420769
6420787
6420809
6420823
6420833
6420851
6420853
6420877
6420881
6420893
6420899
6420901
6420907
6420913
6420959
6420961
6420971
6420989
6420991
6421001
6421013
6421021
6421039
6421049
6421067
6421073
6421099
6421111
6421127
6421139
6421141
6421157
6421159
6421201
6421211
6421231
6421237
6421243
6421249
6421271
6421279
6421339
6421343
6421351
6421361
6421367
6421369
6421403
6421417
6421421
6421477
6421507
6421511
6421523
6421559
6421561
6421567
6421573
6421579
6421589
6421637
6421643
6421697
6421703
6421721
6421729
6421739
6421759
6421763
6421777
6421781
6421783
6421787
6421799
6421817
6421841
6421843
6421873
6421901
6421907
6421913
6421931
6421967
6421997
6422011
6422023
6422027
6422041
6422051
6422071
6422077
6422081
6422089
6422111
6422113
6422167
6422183
6422189
6422203
6422261
6422293
6422333
6422357
6422371
6422387
6422407
6422417
6422431
6422441
6422443
6422453
6422459
6422473
6422477
6422501
6422509
6422519
6422531
6422539
6422557
6422561
6422567
6422569
6422579
6422599
6422639
6422641
6422657
6422677
6422701
6422711
6422729
6422761
6422777
6422803
6422813
6422837
6422849
6422903
6422909
6422929
6422939
6422947
6422959
6422981
6422989
6422993
6423013
6423029
6423047
6423091
6423119
6423149
6423167
6423173
6423191
6423203
6423217
6423227
6423247
6423257
6423269
6423281
6423283
6423289
6423301
6423337
6423367
6423377
6423401
6423407
6423427
6423449
6423481
6423493
6423497
6423503
6423517
6423523
6423551
6423553
6423559
6423581
6423589
6423611
6423623
6423629
6423643
6423649
6423661
6423673
6423707
6423721
6423733
6423737
6423749
6423751
6423763
6423779
6423797
6423799
6423803
6423811
6423821
6423827
6423853
6423863
6423883
6423889
6423917
6423929
6423947
6423953
6423997
6424001
6424013
6424031
6424057
6424069
6424087
6424091
6424111
6424123
6424129
6424141
6424177
6424193
6424217
6424237
6424241
6424277
6424279
6424309
6424343
6424357
6424361
6424373
6424381
6424423
6424427
6424447
6424463
6424469
6424507
6424513
6424529
6424531
6424547
6424553
6424609
6424619
6424637
6424661
6424669
6424681
6424699
6424723
6424727
6424753
6424757
6424771
6424783
6424799
6424801
6424807
6424811
6424837
6424871
6424877
6424879
6424883
6424897
6424903
6424909
6424919
6424927
6424933
6424937
6424961
6424969
6424973
6424993
6425011
6425033
6425063
6425071
6425077
6425101
6425117
6425143
6425147
6425171
6425179
6425207
6425213
6425219
6425227
6425239
6425267
6425329
6425333
6425347
6425351
6425359
6425369
6425381
6425389
6425411
6425413
6425423
6425467
6425483
6425491
6425509
6425521
6425527
6425543
6425567
6425593
6425597
6425599
6425621
6425641
6425647
6425651
6425663
6425687
6425693
6425701
6425707
6425719
6425737
6425761
6425789
6425833
6425863
6425869
6425899
6425911
6425917
6425927
6425929
6425941
6425957
6425987
6425989
6425999
6426001
6426011
6426019
6426041
6426071
6426113
6426149
6426157
6426163
6426181
There are 1944 prime numbers in S422.
