S423(6426217~6456672)
6426227
6426229
6426241
6426247
6426257
6426311
6426317
6426349
6426359
6426367
6426377
6426379
6426383
6426397
6426401
6426403
6426421
6426437
6426443
6426461
6426473
6426491
6426509
6426523
6426557
6426559
6426569
6426583
6426587
6426593
6426599
6426611
6426613
6426631
6426653
6426659
6426689
6426713
6426757
6426781
6426793
6426809
6426851
6426853
6426859
6426869
6426877
6426881
6426907
6426911
6426919
6426923
6426941
6426947
6426971
6426983
6426989
6427007
6427039
6427061
6427079
6427087
6427117
6427121
6427171
6427193
6427219
6427247
6427249
6427259
6427273
6427277
6427331
6427349
6427367
6427433
6427439
6427441
6427459
6427471
6427483
6427489
6427493
6427507
6427517
6427537
6427543
6427573
6427583
6427591
6427607
6427613
6427639
6427651
6427657
6427661
6427667
6427679
6427703
6427709
6427721
6427727
6427739
6427783
6427789
6427793
6427807
6427831
6427891
6427907
6427931
6427951
6427957
6427963
6427969
6427979
6427987
6428011
6428029
6428033
6428041
6428083
6428087
6428117
6428131
6428141
6428153
6428171
6428173
6428189
6428197
6428207
6428263
6428281
6428291
6428311
6428353
6428369
6428393
6428399
6428407
6428419
6428447
6428473
6428489
6428551
6428573
6428623
6428627
6428647
6428651
6428671
6428693
6428731
6428743
6428761
6428767
6428777
6428789
6428791
6428803
6428809
6428813
6428819
6428827
6428833
6428857
6428879
6428921
6428957
6428963
6428969
6428971
6428987
6429019
6429047
6429089
6429103
6429107
6429109
6429139
6429149
6429151
6429161
6429173
6429187
6429191
6429193
6429197
6429221
6429223
6429323
6429337
6429341
6429343
6429347
6429359
6429373
6429389
6429413
6429419
6429427
6429433
6429439
6429457
6429463
6429481
6429487
6429509
6429529
6429539
6429541
6429551
6429557
6429571
6429613
6429641
6429649
6429659
6429671
6429691
6429697
6429701
6429707
6429727
6429739
6429763
6429769
6429779
6429799
6429869
6429877
6429881
6429887
6429931
6429937
6429947
6429953
6429977
6430003
6430027
6430069
6430079
6430111
6430157
6430159
6430163
6430169
6430183
6430201
6430219
6430223
6430231
6430241
6430247
6430253
6430261
6430283
6430289
6430309
6430313
6430321
6430327
6430343
6430381
6430427
6430429
6430433
6430439
6430441
6430451
6430453
6430477
6430499
6430511
6430519
6430561
6430579
6430597
6430621
6430661
6430667
6430687
6430747
6430751
6430763
6430769
6430793
6430799
6430819
6430829
6430841
6430847
6430849
6430883
6430901
6430903
6430927
6430937
6430969
6430997
6431017
6431039
6431093
6431141
6431171
6431189
6431207
6431213
6431221
6431233
6431239
6431261
6431273
6431297
6431309
6431323
6431351
6431363
6431387
6431401
6431429
6431431
6431437
6431441
6431461
6431471
6431483
6431501
6431507
6431549
6431561
6431563
6431569
6431573
6431597
6431641
6431653
6431681
6431683
6431687
6431693
6431699
6431701
6431713
6431723
6431749
6431801
6431807
6431833
6431839
6431851
6431857
6431863
6431869
6431891
6431951
6431963
6431977
6431987
6431993
6432011
6432017
6432037
6432047
6432053
6432061
6432071
6432077
6432079
6432109
6432131
6432149
6432163
6432187
6432193
6432227
6432263
6432269
6432281
6432289
6432301
6432329
6432331
6432347
6432383
6432397
6432401
6432421
6432427
6432457
6432509
6432527
6432533
6432551
6432563
6432599
6432607
6432611
6432619
6432623
6432631
6432637
6432649
6432691
6432707
6432721
6432739
6432743
6432799
6432827
6432863
6432869
6432889
6432901
6432913
6432917
6432949
6432961
6432989
6432991
6433003
6433019
6433043
6433057
6433061
6433067
6433069
6433093
6433103
6433111
6433129
6433159
6433181
6433199
6433201
6433211
6433237
6433241
6433249
6433253
6433291
6433303
6433319
6433333
6433369
6433379
6433387
6433393
6433403
6433409
6433421
6433519
6433529
6433547
6433549
6433561
6433591
6433613
6433619
6433631
6433643
6433699
6433711
6433733
6433741
6433747
6433751
6433753
6433759
6433781
6433787
6433793
6433831
6433841
6433909
6433927
6433937
6433963
6433981
6433991
6434011
6434033
6434039
6434053
6434059
6434063
6434069
6434083
6434093
6434111
6434117
6434123
6434137
6434167
6434173
6434191
6434209
6434251
6434287
6434297
6434299
6434303
6434321
6434371
6434377
6434383
6434401
6434429
6434431
6434443
6434447
6434489
6434531
6434537
6434567
6434569
6434579
6434621
6434627
6434647
6434651
6434657
6434669
6434683
6434699
6434713
6434759
6434767
6434773
6434833
6434843
6434849
6434861
6434899
6434921
6434927
6434933
6434947
6434969
6434983
6435001
6435019
6435029
6435031
6435043
6435049
6435059
6435067
6435083
6435089
6435097
6435109
6435119
6435127
6435133
6435139
6435157
6435173
6435179
6435277
6435293
6435311
6435329
6435343
6435353
6435371
6435379
6435413
6435431
6435449
6435467
6435479
6435487
6435491
6435493
6435497
6435529
6435563
6435581
6435599
6435601
6435613
6435617
6435629
6435643
6435691
6435697
6435713
6435719
6435721
6435731
6435733
6435739
6435763
6435797
6435833
6435841
6435907
6435917
6435973
6435983
6435991
6435997
6436007
6436009
6436019
6436033
6436037
6436043
6436061
6436063
6436091
6436093
6436103
6436121
6436147
6436151
6436153
6436201
6436207
6436211
6436223
6436237
6436271
6436279
6436291
6436301
6436327
6436351
6436361
6436379
6436447
6436457
6436501
6436513
6436531
6436543
6436553
6436571
6436583
6436589
6436597
6436613
6436643
6436657
6436663
6436667
6436699
6436709
6436739
6436751
6436769
6436817
6436847
6436879
6436889
6436909
6436919
6436939
6436973
6436993
6437021
6437027
6437047
6437051
6437059
6437069
6437071
6437083
6437099
6437107
6437131
6437141
6437173
6437177
6437183
6437201
6437239
6437279
6437303
6437317
6437329
6437363
6437383
6437393
6437413
6437423
6437443
6437477
6437489
6437521
6437527
6437531
6437537
6437551
6437567
6437569
6437579
6437581
6437597
6437657
6437663
6437671
6437689
6437693
6437699
6437701
6437707
6437719
6437737
6437749
6437773
6437777
6437791
6437807
6437813
6437839
6437881
6437887
6437909
6437923
6437929
6437933
6437957
6437969
6437983
6438007
6438031
6438059
6438077
6438079
6438101
6438109
6438143
6438151
6438161
6438163
6438167
6438191
6438193
6438197
6438199
6438241
6438251
6438253
6438269
6438307
6438331
6438343
6438361
6438373
6438379
6438391
6438403
6438409
6438431
6438437
6438457
6438463
6438539
6438547
6438557
6438571
6438581
6438583
6438617
6438637
6438647
6438659
6438661
6438697
6438721
6438749
6438799
6438829
6438833
6438871
6438877
6438881
6438889
6438893
6438911
6438923
6438931
6438959
6438961
6438973
6438983
6438997
6439001
6439003
6439007
6439021
6439033
6439049
6439051
6439063
6439067
6439123
6439127
6439133
6439159
6439163
6439171
6439177
6439187
6439217
6439219
6439259
6439273
6439291
6439313
6439327
6439331
6439357
6439397
6439427
6439439
6439451
6439469
6439483
6439493
6439507
6439513
6439519
6439541
6439547
6439561
6439577
6439607
6439619
6439639
6439679
6439681
6439703
6439717
6439729
6439751
6439759
6439777
6439819
6439837
6439903
6439919
6439921
6439933
6439949
6439969
6439997
6440003
6440011
6440029
6440039
6440041
6440089
6440099
6440113
6440131
6440141
6440143
6440149
6440171
6440177
6440179
6440191
6440201
6440249
6440303
6440311
6440327
6440341
6440351
6440359
6440383
6440389
6440393
6440419
6440429
6440431
6440443
6440453
6440459
6440471
6440477
6440491
6440513
6440519
6440537
6440543
6440549
6440561
6440579
6440587
6440641
6440647
6440683
6440699
6440723
6440737
6440747
6440771
6440779
6440783
6440789
6440803
6440809
6440821
6440831
6440873
6440881
6440891
6440893
6440933
6440939
6440947
6440953
6440969
6440983
6440999
6441031
6441041
6441053
6441077
6441101
6441109
6441119
6441131
6441157
6441163
6441199
6441229
6441241
6441257
6441269
6441299
6441307
6441319
6441343
6441349
6441353
6441359
6441371
6441377
6441389
6441427
6441433
6441439
6441467
6441473
6441481
6441497
6441499
6441511
6441527
6441557
6441559
6441563
6441569
6441571
6441577
6441601
6441607
6441629
6441637
6441647
6441653
6441697
6441709
6441733
6441749
6441763
6441833
6441839
6441847
6441859
6441871
6441887
6441889
6441899
6441907
6441917
6441949
6441977
6441989
6442003
6442021
6442039
6442049
6442057
6442063
6442081
6442103
6442109
6442123
6442127
6442129
6442153
6442169
6442223
6442237
6442259
6442279
6442283
6442301
6442307
6442339
6442343
6442351
6442357
6442361
6442367
6442399
6442427
6442433
6442459
6442481
6442493
6442531
6442559
6442567
6442571
6442573
6442591
6442613
6442633
6442661
6442673
6442679
6442697
6442703
6442721
6442763
6442771
6442801
6442811
6442817
6442831
6442841
6442853
6442861
6442871
6442873
6442879
6442883
6442897
6442937
6442939
6442979
6442981
6442993
6442999
6443011
6443081
6443083
6443111
6443117
6443131
6443159
6443167
6443231
6443287
6443293
6443329
6443351
6443377
6443383
6443389
6443399
6443407
6443417
6443429
6443447
6443461
6443467
6443471
6443483
6443501
6443537
6443543
6443551
6443557
6443573
6443579
6443621
6443639
6443677
6443719
6443737
6443743
6443779
6443791
6443797
6443837
6443839
6443863
6443873
6443893
6443897
6443903
6443909
6443911
6443917
6443947
6443953
6443959
6443963
6443977
6443981
6443999
6444017
6444019
6444041
6444043
6444049
6444079
6444083
6444121
6444161
6444167
6444169
6444181
6444197
6444199
6444233
6444259
6444271
6444299
6444313
6444329
6444337
6444353
6444371
6444391
6444413
6444437
6444443
6444481
6444491
6444517
6444521
6444533
6444541
6444551
6444569
6444587
6444601
6444611
6444619
6444631
6444637
6444653
6444671
6444677
6444679
6444689
6444703
6444707
6444719
6444727
6444731
6444733
6444787
6444791
6444799
6444803
6444827
6444839
6444847
6444859
6444863
6444871
6444937
6444941
6444943
6444953
6444961
6444967
6444973
6444979
6445003
6445051
6445079
6445093
6445099
6445147
6445151
6445169
6445177
6445189
6445213
6445217
6445223
6445247
6445259
6445319
6445381
6445391
6445393
6445403
6445409
6445433
6445441
6445447
6445457
6445459
6445463
6445493
6445501
6445529
6445547
6445559
6445577
6445597
6445619
6445639
6445661
6445711
6445723
6445729
6445739
6445741
6445753
6445757
6445793
6445811
6445823
6445841
6445849
6445853
6445871
6445919
6445937
6445939
6445951
6445961
6445981
6445991
6445993
6446017
6446021
6446023
6446051
6446057
6446101
6446107
6446129
6446131
6446147
6446159
6446183
6446189
6446203
6446221
6446227
6446239
6446243
6446257
6446267
6446269
6446287
6446299
6446347
6446351
6446353
6446387
6446413
6446437
6446459
6446477
6446483
6446507
6446513
6446533
6446569
6446591
6446593
6446599
6446611
6446623
6446633
6446651
6446653
6446659
6446669
6446711
6446731
6446767
6446771
6446777
6446789
6446801
6446851
6446863
6446929
6446939
6446971
6446981
6446987
6447017
6447031
6447047
6447059
6447073
6447109
6447113
6447121
6447149
6447167
6447173
6447179
6447187
6447197
6447229
6447239
6447253
6447257
6447271
6447277
6447283
6447293
6447317
6447323
6447391
6447407
6447421
6447443
6447449
6447457
6447533
6447547
6447557
6447569
6447577
6447629
6447643
6447647
6447653
6447671
6447673
6447691
6447733
6447737
6447757
6447767
6447769
6447781
6447787
6447817
6447829
6447839
6447841
6447853
6447899
6447919
6447923
6447929
6447943
6447967
6447983
6447989
6447997
6448003
6448009
6448019
6448061
6448069
6448081
6448103
6448133
6448157
6448207
6448223
6448231
6448241
6448243
6448271
6448289
6448297
6448307
6448319
6448327
6448333
6448339
6448361
6448363
6448369
6448373
6448381
6448399
6448427
6448451
6448483
6448489
6448511
6448517
6448529
6448531
6448537
6448553
6448567
6448573
6448597
6448609
6448621
6448633
6448639
6448681
6448699
6448781
6448787
6448789
6448807
6448811
6448853
6448861
6448889
6448903
6448907
6448909
6448913
6448927
6448973
6448979
6449021
6449033
6449041
6449071
6449081
6449083
6449087
6449099
6449117
6449123
6449141
6449159
6449161
6449173
6449197
6449213
6449237
6449243
6449257
6449309
6449321
6449329
6449351
6449363
6449413
6449419
6449431
6449437
6449447
6449449
6449473
6449479
6449483
6449489
6449491
6449537
6449617
6449659
6449671
6449693
6449719
6449731
6449743
6449753
6449761
6449777
6449791
6449827
6449831
6449837
6449881
6449887
6449897
6449899
6449903
6449909
6449917
6449921
6449923
6450007
6450011
6450019
6450029
6450049
6450083
6450091
6450107
6450109
6450131
6450133
6450167
6450181
6450193
6450211
6450217
6450221
6450229
6450251
6450277
6450287
6450299
6450307
6450313
6450317
6450319
6450331
6450337
6450341
6450347
6450349
6450391
6450413
6450427
6450439
6450467
6450487
6450491
6450503
6450527
6450539
6450541
6450553
6450583
6450593
6450611
6450629
6450637
6450641
6450679
6450707
6450727
6450733
6450737
6450749
6450751
6450757
6450761
6450779
6450793
6450799
6450841
6450863
6450877
6450881
6450893
6450901
6450907
6450929
6450931
6450943
6450949
6450953
6451019
6451031
6451033
6451087
6451091
6451097
6451099
6451111
6451117
6451121
6451139
6451147
6451163
6451169
6451171
6451183
6451187
6451189
6451217
6451223
6451231
6451259
6451261
6451271
6451297
6451301
6451307
6451321
6451331
6451337
6451349
6451387
6451397
6451399
6451433
6451439
6451451
6451463
6451481
6451499
6451513
6451541
6451547
6451559
6451561
6451573
6451609
6451633
6451649
6451657
6451691
6451723
6451733
6451759
6451769
6451793
6451807
6451843
6451847
6451853
6451859
6451871
6451873
6451889
6451897
6451919
6451927
6451931
6451933
6451943
6451967
6451987
6451997
6452011
6452053
6452071
6452099
6452101
6452111
6452119
6452137
6452141
6452189
6452203
6452221
6452249
6452261
6452291
6452311
6452321
6452323
6452339
6452357
6452359
6452363
6452377
6452387
6452389
6452423
6452429
6452431
6452447
6452461
6452477
6452497
6452513
6452521
6452561
6452629
6452657
6452671
6452687
6452711
6452729
6452737
6452753
6452759
6452777
6452779
6452783
6452801
6452807
6452813
6452821
6452827
6452839
6452851
6452863
6452869
6452879
6452893
6452899
6452917
6452933
6452969
6453011
6453023
6453037
6453043
6453049
6453061
6453067
6453071
6453077
6453089
6453101
6453107
6453131
6453137
6453163
6453173
6453197
6453199
6453221
6453247
6453253
6453263
6453289
6453329
6453347
6453367
6453379
6453389
6453427
6453437
6453443
6453451
6453463
6453467
6453493
6453497
6453511
6453529
6453533
6453541
6453571
6453647
6453649
6453661
6453677
6453679
6453697
6453703
6453721
6453737
6453767
6453773
6453779
6453793
6453809
6453817
6453871
6453883
6453893
6453929
6453943
6453949
6453973
6453989
6454009
6454031
6454039
6454051
6454073
6454079
6454093
6454109
6454121
6454127
6454141
6454157
6454159
6454199
6454213
6454223
6454241
6454297
6454303
6454307
6454337
6454361
6454363
6454367
6454387
6454403
6454411
6454439
6454451
6454453
6454489
6454517
6454519
6454523
6454529
6454549
6454571
6454583
6454597
6454619
6454621
6454627
6454633
6454639
6454649
6454663
6454667
6454709
6454729
6454739
6454751
6454757
6454759
6454769
6454783
6454787
6454801
6454807
6454841
6454843
6454867
6454873
6454901
6454937
6454957
6454961
6454969
6454979
6454991
6454997
6455017
6455047
6455063
6455093
6455101
6455129
6455153
6455167
6455173
6455191
6455201
6455209
6455219
6455221
6455233
6455261
6455263
6455297
6455329
6455357
6455363
6455377
6455381
6455399
6455419
6455431
6455441
6455443
6455467
6455473
6455521
6455539
6455543
6455557
6455567
6455587
6455593
6455623
6455639
6455677
6455681
6455689
6455707
6455717
6455741
6455747
6455749
6455773
6455789
6455831
6455833
6455837
6455857
6455863
6455879
6455881
6455899
6455923
6455929
6455947
6455963
6456001
6456007
6456011
6456041
6456071
6456083
6456113
6456119
6456137
6456161
6456173
6456199
6456221
6456239
6456253
6456259
6456271
6456283
6456287
6456313
6456323
6456337
6456361
6456367
6456383
6456391
6456403
6456419
6456421
6456427
6456449
6456467
6456469
6456479
6456509
6456511
6456521
6456529
6456539
6456551
6456559
6456563
6456577
6456607
6456613
6456623
6456641
6456661
There are 1934 prime numbers in S423.
