S426(6517801~6548472)
6517801
6517831
6517853
6517867
6517877
6517891
6517921
6517933
6517937
6517963
6517981
6517997
6517999
6518003
6518023
6518047
6518051
6518077
6518081
6518107
6518111
6518117
6518129
6518137
6518147
6518173
6518209
6518227
6518263
6518279
6518299
6518321
6518341
6518381
6518411
6518419
6518431
6518441
6518443
6518459
6518461
6518489
6518503
6518507
6518537
6518557
6518579
6518593
6518621
6518647
6518651
6518657
6518669
6518693
6518731
6518747
6518749
6518753
6518777
6518779
6518789
6518791
6518801
6518807
6518819
6518839
6518873
6518879
6518891
6518893
6518933
6518987
6518989
6519011
6519017
6519049
6519059
6519061
6519091
6519127
6519133
6519157
6519169
6519193
6519209
6519217
6519257
6519259
6519277
6519283
6519307
6519329
6519341
6519349
6519361
6519367
6519391
6519397
6519421
6519427
6519463
6519509
6519529
6519547
6519553
6519563
6519571
6519587
6519593
6519607
6519613
6519647
6519671
6519673
6519683
6519719
6519757
6519763
6519767
6519803
6519829
6519841
6519871
6519883
6519893
6519917
6519941
6519973
6519977
6519979
6519991
6520057
6520067
6520069
6520079
6520081
6520093
6520117
6520127
6520139
6520147
6520153
6520183
6520193
6520207
6520223
6520253
6520277
6520279
6520289
6520309
6520313
6520321
6520343
6520379
6520387
6520403
6520411
6520417
6520421
6520441
6520453
6520457
6520471
6520483
6520487
6520499
6520511
6520513
6520519
6520541
6520567
6520573
6520589
6520597
6520609
6520691
6520693
6520699
6520727
6520747
6520771
6520777
6520793
6520817
6520823
6520831
6520837
6520847
6520867
6520883
6520903
6520919
6520939
6520949
6520951
6520957
6520963
6520973
6520981
6520999
6521003
6521023
6521041
6521057
6521059
6521071
6521077
6521087
6521089
6521101
6521107
6521111
6521131
6521153
6521197
6521209
6521243
6521257
6521269
6521293
6521303
6521321
6521363
6521369
6521381
6521399
6521401
6521441
6521477
6521479
6521497
6521513
6521521
6521527
6521531
6521533
6521561
6521587
6521677
6521689
6521699
6521717
6521737
6521759
6521773
6521783
6521789
6521791
6521813
6521821
6521833
6521843
6521899
6521909
6521923
6521929
6521947
6521951
6521987
6522001
6522007
6522011
6522017
6522023
6522031
6522053
6522083
6522151
6522167
6522199
6522209
6522227
6522253
6522287
6522293
6522311
6522337
6522343
6522353
6522367
6522371
6522379
6522413
6522421
6522427
6522437
6522449
6522469
6522487
6522497
6522499
6522539
6522563
6522569
6522583
6522587
6522599
6522601
6522629
6522641
6522661
6522667
6522673
6522683
6522727
6522739
6522743
6522749
6522751
6522779
6522787
6522809
6522811
6522851
6522877
6522889
6522911
6522931
6522937
6522949
6522953
6522979
6523001
6523003
6523031
6523037
6523039
6523043
6523079
6523091
6523103
6523117
6523133
6523163
6523171
6523183
6523199
6523201
6523243
6523247
6523249
6523259
6523277
6523313
6523337
6523339
6523343
6523357
6523373
6523381
6523477
6523493
6523511
6523549
6523567
6523577
6523607
6523613
6523619
6523661
6523663
6523681
6523703
6523721
6523739
6523747
6523757
6523763
6523787
6523799
6523813
6523819
6523837
6523841
6523843
6523861
6523871
6523873
6523939
6523943
6523963
6523969
6524009
6524017
6524027
6524029
6524033
6524041
6524071
6524081
6524093
6524113
6524129
6524137
6524183
6524191
6524197
6524213
6524227
6524251
6524267
6524269
6524293
6524299
6524303
6524327
6524383
6524389
6524407
6524411
6524417
6524423
6524431
6524437
6524471
6524473
6524489
6524503
6524509
6524513
6524537
6524563
6524569
6524579
6524591
6524599
6524603
6524611
6524627
6524629
6524647
6524653
6524659
6524669
6524677
6524737
6524747
6524773
6524783
6524789
6524803
6524807
6524831
6524851
6524873
6524891
6524933
6524941
6524951
6524953
6524977
6524981
6524983
6524993
6525007
6525047
6525049
6525073
6525083
6525089
6525107
6525119
6525149
6525179
6525187
6525193
6525217
6525257
6525301
6525349
6525361
6525367
6525371
6525373
6525427
6525443
6525457
6525499
6525511
6525517
6525521
6525529
6525553
6525559
6525581
6525587
6525611
6525613
6525619
6525643
6525647
6525661
6525677
6525691
6525703
6525707
6525751
6525763
6525781
6525787
6525793
6525811
6525817
6525821
6525839
6525853
6525877
6525887
6525901
6525907
6525917
6525919
6525923
6525947
6525971
6525973
6525979
6525991
6526033
6526057
6526061
6526087
6526123
6526141
6526159
6526187
6526199
6526217
6526229
6526231
6526237
6526241
6526277
6526297
6526301
6526307
6526309
6526313
6526343
6526379
6526409
6526423
6526463
6526469
6526483
6526489
6526501
6526511
6526529
6526547
6526571
6526601
6526607
6526627
6526643
6526651
6526697
6526699
6526739
6526777
6526781
6526783
6526789
6526799
6526847
6526867
6526873
6526879
6526889
6526909
6526967
6526969
6526973
6526981
6526991
6527021
6527039
6527047
6527063
6527069
6527083
6527119
6527123
6527137
6527141
6527173
6527177
6527179
6527189
6527197
6527237
6527249
6527251
6527263
6527273
6527309
6527383
6527401
6527413
6527447
6527467
6527471
6527497
6527509
6527531
6527537
6527539
6527551
6527557
6527567
6527597
6527603
6527617
6527623
6527627
6527629
6527641
6527663
6527681
6527687
6527693
6527723
6527737
6527789
6527803
6527827
6527869
6527891
6527893
6527921
6527977
6528013
6528023
6528031
6528043
6528047
6528089
6528091
6528101
6528107
6528121
6528133
6528139
6528157
6528167
6528209
6528233
6528257
6528271
6528283
6528287
6528299
6528331
6528367
6528371
6528373
6528377
6528397
6528407
6528421
6528469
6528479
6528497
6528499
6528503
6528517
6528541
6528559
6528581
6528583
6528589
6528601
6528607
6528617
6528623
6528637
6528649
6528653
6528659
6528671
6528673
6528677
6528679
6528703
6528707
6528719
6528737
6528749
6528751
6528791
6528793
6528811
6528829
6528839
6528853
6528869
6528871
6528883
6528887
6528917
6528923
6528937
6528959
6528961
6528971
6528979
6529021
6529043
6529051
6529073
6529087
6529097
6529109
6529121
6529153
6529157
6529169
6529177
6529183
6529223
6529261
6529267
6529319
6529337
6529349
6529357
6529363
6529387
6529399
6529403
6529409
6529423
6529463
6529469
6529487
6529489
6529511
6529517
6529519
6529529
6529541
6529543
6529571
6529573
6529577
6529591
6529603
6529613
6529651
6529661
6529667
6529681
6529697
6529709
6529763
6529771
6529781
6529793
6529801
6529811
6529813
6529823
6529829
6529847
6529849
6529877
6529879
6529927
6529949
6529951
6529967
6529969
6529973
6529979
6529981
6529987
6530003
6530011
6530047
6530059
6530063
6530071
6530087
6530107
6530177
6530189
6530203
6530221
6530257
6530309
6530323
6530333
6530339
6530341
6530347
6530351
6530387
6530399
6530401
6530417
6530437
6530443
6530473
6530483
6530519
6530561
6530581
6530591
6530617
6530621
6530659
6530663
6530681
6530683
6530687
6530707
6530717
6530753
6530773
6530779
6530789
6530803
6530807
6530809
6530831
6530861
6530879
6530891
6530893
6530899
6530903
6530911
6530929
6530933
6530947
6530957
6530971
6530989
6530999
6531029
6531053
6531059
6531071
6531089
6531097
6531101
6531113
6531121
6531131
6531139
6531181
6531191
6531199
6531211
6531221
6531233
6531251
6531253
6531289
6531319
6531323
6531373
6531377
6531391
6531401
6531403
6531407
6531419
6531431
6531433
6531457
6531461
6531463
6531479
6531487
6531491
6531509
6531521
6531523
6531527
6531533
6531557
6531593
6531599
6531617
6531619
6531643
6531653
6531673
6531683
6531703
6531709
6531719
6531761
6531769
6531779
6531781
6531797
6531857
6531887
6531907
6531947
6531971
6531983
6532003
6532007
6532037
6532049
6532051
6532073
6532081
6532093
6532117
6532121
6532129
6532159
6532171
6532177
6532189
6532223
6532231
6532241
6532249
6532283
6532291
6532319
6532327
6532343
6532367
6532381
6532397
6532399
6532423
6532439
6532441
6532459
6532469
6532481
6532507
6532531
6532541
6532543
6532549
6532553
6532601
6532649
6532651
6532693
6532699
6532733
6532739
6532763
6532769
6532783
6532807
6532829
6532849
6532871
6532891
6532901
6532907
6532919
6532937
6532961
6532987
6532991
6533003
6533027
6533029
6533057
6533071
6533077
6533089
6533113
6533123
6533143
6533147
6533159
6533167
6533209
6533213
6533239
6533251
6533273
6533297
6533299
6533339
6533347
6533383
6533411
6533437
6533453
6533459
6533477
6533479
6533489
6533503
6533509
6533561
6533567
6533603
6533617
6533623
6533641
6533647
6533651
6533669
6533689
6533699
6533707
6533717
6533743
6533749
6533759
6533783
6533803
6533809
6533819
6533833
6533851
6533873
6533911
6533939
6533951
6533977
6533981
6533983
6534013
6534049
6534071
6534083
6534091
6534109
6534131
6534133
6534173
6534179
6534197
6534247
6534257
6534287
6534289
6534299
6534313
6534329
6534331
6534337
6534349
6534361
6534379
6534389
6534419
6534433
6534439
6534467
6534481
6534487
6534509
6534523
6534547
6534559
6534589
6534601
6534611
6534617
6534631
6534679
6534701
6534709
6534713
6534743
6534751
6534757
6534791
6534799
6534823
6534859
6534883
6534901
6534907
6534929
6534937
6534943
6535019
6535027
6535049
6535057
6535073
6535091
6535093
6535099
6535163
6535187
6535189
6535201
6535213
6535219
6535223
6535229
6535241
6535279
6535301
6535343
6535349
6535369
6535387
6535391
6535457
6535493
6535511
6535517
6535541
6535549
6535553
6535561
6535577
6535603
6535619
6535631
6535651
6535663
6535673
6535681
6535691
6535693
6535709
6535741
6535747
6535751
6535787
6535799
6535819
6535831
6535847
6535853
6535861
6535873
6535891
6535897
6535901
6535927
6535987
6535993
6535999
6536003
6536029
6536039
6536059
6536063
6536077
6536081
6536083
6536111
6536141
6536191
6536203
6536219
6536227
6536239
6536251
6536267
6536269
6536293
6536297
6536311
6536317
6536329
6536359
6536363
6536371
6536377
6536389
6536423
6536441
6536461
6536477
6536479
6536489
6536503
6536527
6536557
6536561
6536573
6536581
6536591
6536597
6536603
6536609
6536611
6536617
6536633
6536659
6536693
6536707
6536723
6536729
6536743
6536759
6536767
6536771
6536773
6536797
6536801
6536813
6536837
6536843
6536851
6536863
6536869
6536879
6536897
6536911
6536921
6536947
6537019
6537029
6537053
6537059
6537067
6537079
6537109
6537131
6537137
6537143
6537169
6537173
6537191
6537199
6537203
6537211
6537217
6537227
6537239
6537283
6537287
6537301
6537319
6537331
6537337
6537341
6537347
6537353
6537361
6537397
6537403
6537407
6537437
6537439
6537457
6537511
6537521
6537523
6537541
6537547
6537563
6537569
6537599
6537611
6537649
6537667
6537679
6537697
6537701
6537733
6537757
6537781
6537787
6537799
6537821
6537859
6537899
6537907
6537941
6537943
6537959
6537977
6537989
6537991
6538001
6538009
6538019
6538043
6538057
6538069
6538073
6538111
6538127
6538139
6538151
6538157
6538171
6538201
6538211
6538219
6538267
6538289
6538297
6538309
6538313
6538331
6538351
6538373
6538403
6538409
6538423
6538429
6538447
6538453
6538457
6538459
6538487
6538507
6538517
6538531
6538549
6538559
6538561
6538573
6538577
6538607
6538621
6538669
6538681
6538703
6538711
6538723
6538747
6538757
6538771
6538783
6538789
6538813
6538817
6538837
6538843
6538853
6538859
6538879
6538927
6538937
6538963
6538979
6538991
6538997
6539003
6539023
6539041
6539051
6539077
6539081
6539083
6539111
6539119
6539129
6539149
6539167
6539177
6539191
6539201
6539209
6539243
6539263
6539293
6539317
6539327
6539347
6539353
6539359
6539369
6539371
6539387
6539437
6539443
6539473
6539497
6539513
6539531
6539537
6539539
6539551
6539557
6539579
6539581
6539593
6539647
6539671
6539681
6539707
6539717
6539719
6539777
6539801
6539807
6539831
6539833
6539839
6539867
6539873
6539893
6539927
6539957
6539959
6539963
6539983
6539989
6540007
6540013
6540029
6540067
6540103
6540133
6540139
6540169
6540181
6540187
6540217
6540239
6540241
6540251
6540269
6540277
6540293
6540299
6540301
6540311
6540323
6540329
6540337
6540383
6540407
6540409
6540421
6540431
6540433
6540451
6540467
6540493
6540511
6540539
6540557
6540587
6540593
6540619
6540623
6540637
6540643
6540673
6540679
6540691
6540719
6540739
6540827
6540829
6540841
6540857
6540871
6540893
6540899
6540913
6540949
6540953
6540967
6540977
6540983
6541021
6541033
6541049
6541057
6541061
6541069
6541079
6541081
6541097
6541103
6541109
6541123
6541151
6541163
6541189
6541229
6541247
6541253
6541261
6541291
6541309
6541321
6541333
6541343
6541351
6541363
6541373
6541393
6541429
6541433
6541439
6541441
6541477
6541487
6541511
6541517
6541519
6541523
6541541
6541571
6541597
6541609
6541621
6541663
6541687
6541693
6541699
6541723
6541739
6541741
6541751
6541763
6541771
6541807
6541819
6541831
6541841
6541877
6541879
6541901
6541903
6541921
6541937
6541939
6541973
6541981
6541993
6541999
6542021
6542077
6542089
6542101
6542113
6542117
6542119
6542131
6542141
6542171
6542201
6542219
6542243
6542257
6542279
6542287
6542293
6542299
6542339
6542351
6542357
6542369
6542381
6542387
6542401
6542413
6542423
6542443
6542453
6542461
6542489
6542491
6542513
6542527
6542531
6542537
6542551
6542561
6542609
6542611
6542621
6542633
6542647
6542681
6542689
6542693
6542699
6542713
6542717
6542737
6542743
6542749
6542779
6542791
6542801
6542803
6542827
6542843
6542857
6542867
6542927
6542929
6542933
6542959
6542989
6542993
6543001
6543007
6543029
6543059
6543073
6543101
6543127
6543169
6543179
6543193
6543203
6543223
6543233
6543259
6543269
6543301
6543307
6543323
6543337
6543343
6543347
6543359
6543367
6543373
6543377
6543389
6543403
6543443
6543451
6543457
6543461
6543479
6543497
6543499
6543503
6543517
6543533
6543541
6543577
6543583
6543587
6543599
6543613
6543617
6543629
6543643
6543659
6543671
6543679
6543683
6543701
6543731
6543737
6543739
6543767
6543769
6543773
6543781
6543787
6543833
6543853
6543871
6543877
6543893
6543907
6543947
6543973
6543989
6544003
6544009
6544039
6544049
6544063
6544117
6544157
6544163
6544171
6544177
6544207
6544217
6544243
6544261
6544277
6544309
6544313
6544333
6544357
6544393
6544399
6544403
6544411
6544423
6544427
6544429
6544451
6544453
6544481
6544487
6544547
6544579
6544589
6544619
6544631
6544639
6544649
6544651
6544663
6544667
6544739
6544753
6544757
6544787
6544801
6544831
6544841
6544843
6544849
6544861
6544883
6544907
6544919
6544927
6544943
6545003
6545027
6545053
6545059
6545081
6545089
6545111
6545167
6545171
6545191
6545197
6545219
6545243
6545249
6545257
6545261
6545293
6545303
6545321
6545347
6545351
6545353
6545377
6545381
6545423
6545437
6545467
6545471
6545477
6545489
6545509
6545531
6545537
6545543
6545563
6545569
6545573
6545579
6545587
6545599
6545603
6545621
6545641
6545653
6545687
6545689
6545701
6545711
6545713
6545717
6545729
6545741
6545771
6545789
6545809
6545813
6545821
6545827
6545839
6545857
6545863
6545879
6545881
6545887
6545893
6545897
6545923
6545941
6545947
6545953
6545963
6545989
6545993
6546041
6546049
6546061
6546079
6546097
6546107
6546119
6546131
6546149
6546167
6546181
6546223
6546229
6546251
6546259
6546263
6546269
6546289
6546307
6546311
6546313
6546349
6546359
6546361
6546389
6546403
6546409
6546437
6546443
6546451
6546461
6546473
6546509
6546539
6546541
6546557
6546571
6546587
6546599
6546607
6546643
6546647
6546667
6546671
6546689
6546733
6546767
6546769
6546803
6546823
6546829
6546847
6546851
6546857
6546889
6546893
6546923
6546937
6546941
6546961
6546979
6546997
6547007
6547027
6547031
6547033
6547049
6547081
6547087
6547103
6547109
6547117
6547129
6547141
6547181
6547183
6547199
6547207
6547213
6547217
6547253
6547271
6547279
6547291
6547319
6547327
6547337
6547349
6547351
6547369
6547391
6547399
6547423
6547427
6547447
6547459
6547469
6547477
6547493
6547517
6547529
6547553
6547561
6547579
6547613
6547627
6547637
6547661
6547687
6547693
6547733
6547747
6547753
6547759
6547769
6547781
6547811
6547817
6547829
6547831
6547841
6547859
6547861
6547867
6547897
6547909
6547943
6547967
6547973
6547979
6548023
6548029
6548033
6548051
6548057
6548071
6548093
6548107
6548131
6548147
6548153
6548177
6548207
6548239
6548251
6548263
6548291
6548299
6548303
6548323
6548327
6548329
6548359
6548413
6548441
6548447
6548453
6548459
There are 1953 prime numbers in S426.
