S428(6579217~6610032)
6579217
6579227
6579247
6579253
6579257
6579281
6579283
6579319
6579337
6579341
6579359
6579373
6579379
6579401
6579407
6579421
6579439
6579479
6579487
6579539
6579553
6579571
6579589
6579593
6579623
6579631
6579637
6579647
6579653
6579667
6579701
6579707
6579733
6579761
6579767
6579779
6579787
6579829
6579851
6579883
6579889
6579899
6579907
6579913
6579917
6579919
6579929
6579941
6579959
6579961
6579977
6580019
6580031
6580039
6580051
6580069
6580073
6580081
6580087
6580097
6580159
6580163
6580169
6580181
6580193
6580237
6580243
6580283
6580291
6580297
6580331
6580337
6580363
6580373
6580397
6580417
6580433
6580451
6580471
6580481
6580499
6580501
6580529
6580537
6580543
6580559
6580573
6580579
6580583
6580597
6580627
6580633
6580643
6580661
6580663
6580667
6580681
6580687
6580697
6580727
6580729
6580733
6580753
6580757
6580813
6580817
6580837
6580841
6580843
6580891
6580901
6580913
6580933
6580943
6580961
6580991
6580997
6581009
6581017
6581027
6581039
6581041
6581051
6581077
6581111
6581119
6581123
6581131
6581137
6581143
6581149
6581161
6581171
6581177
6581189
6581191
6581221
6581251
6581291
6581297
6581299
6581317
6581321
6581327
6581339
6581357
6581369
6581371
6581387
6581401
6581413
6581423
6581437
6581441
6581447
6581483
6581501
6581503
6581507
6581557
6581563
6581591
6581599
6581609
6581621
6581633
6581683
6581719
6581761
6581767
6581779
6581807
6581831
6581837
6581843
6581849
6581851
6581857
6581909
6581921
6581929
6581959
6581963
6581969
6581977
6581987
6581989
6582001
6582007
6582011
6582019
6582047
6582061
6582073
6582089
6582091
6582097
6582119
6582127
6582133
6582143
6582167
6582187
6582193
6582211
6582221
6582223
6582239
6582253
6582259
6582287
6582293
6582307
6582313
6582343
6582353
6582431
6582437
6582461
6582463
6582467
6582469
6582479
6582487
6582497
6582503
6582523
6582551
6582557
6582581
6582593
6582599
6582643
6582649
6582661
6582677
6582691
6582701
6582727
6582731
6582733
6582749
6582767
6582769
6582787
6582799
6582803
6582811
6582839
6582841
6582847
6582857
6582871
6582883
6582889
6582941
6582997
6583009
6583019
6583021
6583051
6583061
6583069
6583103
6583111
6583117
6583121
6583123
6583127
6583133
6583141
6583189
6583193
6583201
6583207
6583211
6583229
6583231
6583249
6583271
6583277
6583321
6583327
6583331
6583349
6583351
6583361
6583363
6583391
6583393
6583399
6583433
6583453
6583463
6583469
6583523
6583529
6583531
6583537
6583561
6583567
6583571
6583637
6583649
6583663
6583691
6583693
6583699
6583721
6583729
6583741
6583757
6583763
6583769
6583771
6583789
6583793
6583813
6583831
6583847
6583849
6583853
6583867
6583897
6583909
6583919
6583933
6583949
6583963
6583991
6584009
6584021
6584027
6584029
6584033
6584041
6584057
6584063
6584087
6584093
6584099
6584101
6584107
6584119
6584159
6584173
6584197
6584213
6584251
6584269
6584293
6584311
6584329
6584339
6584353
6584359
6584377
6584399
6584411
6584447
6584449
6584471
6584489
6584497
6584503
6584549
6584579
6584587
6584609
6584629
6584663
6584671
6584681
6584701
6584707
6584713
6584717
6584749
6584759
6584761
6584771
6584789
6584791
6584833
6584857
6584863
6584867
6584911
6584917
6584939
6584951
6584953
6584957
6584983
6584987
6584999
6585013
6585023
6585031
6585053
6585067
6585071
6585079
6585097
6585169
6585181
6585193
6585211
6585221
6585251
6585253
6585259
6585263
6585269
6585277
6585283
6585287
6585289
6585329
6585347
6585367
6585373
6585421
6585431
6585433
6585437
6585451
6585473
6585479
6585517
6585539
6585559
6585569
6585577
6585583
6585587
6585617
6585629
6585641
6585643
6585653
6585661
6585673
6585721
6585737
6585769
6585773
6585791
6585793
6585809
6585823
6585853
6585863
6585869
6585877
6585881
6585941
6585983
6586039
6586049
6586051
6586067
6586087
6586091
6586121
6586147
6586163
6586187
6586189
6586193
6586201
6586207
6586213
6586241
6586243
6586271
6586319
6586337
6586339
6586357
6586373
6586379
6586387
6586399
6586417
6586421
6586423
6586453
6586493
6586501
6586507
6586519
6586523
6586529
6586561
6586577
6586589
6586603
6586637
6586639
6586649
6586661
6586687
6586693
6586709
6586739
6586753
6586757
6586781
6586817
6586829
6586831
6586847
6586861
6586873
6586889
6586891
6586903
6586913
6586919
6586927
6586961
6586991
6586997
6587011
6587033
6587047
6587051
6587057
6587069
6587111
6587123
6587137
6587149
6587153
6587171
6587201
6587219
6587233
6587261
6587267
6587293
6587311
6587323
6587327
6587351
6587353
6587359
6587377
6587389
6587393
6587401
6587417
6587419
6587431
6587459
6587467
6587479
6587489
6587491
6587533
6587549
6587569
6587579
6587587
6587599
6587629
6587657
6587689
6587701
6587743
6587773
6587783
6587797
6587807
6587809
6587831
6587837
6587863
6587873
6587879
6587899
6587923
6587947
6587951
6587963
6587981
6587989
6588007
6588011
6588067
6588083
6588107
6588119
6588139
6588149
6588173
6588199
6588203
6588209
6588223
6588233
6588251
6588277
6588289
6588313
6588341
6588343
6588349
6588389
6588391
6588397
6588409
6588433
6588437
6588443
6588473
6588487
6588509
6588551
6588563
6588599
6588613
6588619
6588629
6588653
6588683
6588689
6588721
6588731
6588733
6588767
6588773
6588779
6588781
6588817
6588851
6588853
6588859
6588863
6588893
6588899
6588931
6588947
6588973
6588983
6589021
6589031
6589039
6589043
6589057
6589091
6589097
6589103
6589111
6589117
6589123
6589127
6589147
6589171
6589189
6589207
6589211
6589229
6589237
6589243
6589273
6589279
6589283
6589291
6589301
6589313
6589321
6589327
6589337
6589393
6589411
6589417
6589433
6589459
6589463
6589481
6589493
6589511
6589519
6589529
6589547
6589549
6589567
6589571
6589579
6589607
6589657
6589669
6589703
6589717
6589733
6589747
6589787
6589819
6589831
6589841
6589883
6589901
6589909
6589963
6589969
6589981
6589993
6589997
6590027
6590039
6590041
6590063
6590069
6590071
6590081
6590099
6590119
6590141
6590159
6590161
6590189
6590191
6590201
6590209
6590239
6590261
6590263
6590317
6590327
6590341
6590347
6590357
6590413
6590429
6590459
6590461
6590483
6590531
6590533
6590557
6590593
6590609
6590621
6590629
6590641
6590651
6590671
6590677
6590711
6590737
6590783
6590789
6590807
6590813
6590833
6590839
6590861
6590869
6590897
6590939
6590971
6590993
6591031
6591059
6591061
6591077
6591089
6591163
6591181
6591191
6591197
6591227
6591229
6591253
6591269
6591281
6591287
6591293
6591329
6591349
6591367
6591373
6591401
6591419
6591433
6591443
6591457
6591463
6591469
6591479
6591491
6591493
6591509
6591517
6591553
6591577
6591581
6591583
6591617
6591619
6591643
6591647
6591649
6591653
6591659
6591667
6591677
6591679
6591707
6591713
6591719
6591737
6591743
6591749
6591757
6591763
6591779
6591791
6591799
6591811
6591821
6591833
6591847
6591863
6591881
6591887
6591889
6591899
6591913
6591941
6591953
6591989
6592009
6592037
6592043
6592111
6592121
6592123
6592133
6592147
6592151
6592171
6592219
6592241
6592249
6592291
6592321
6592343
6592351
6592357
6592363
6592387
6592393
6592403
6592423
6592427
6592433
6592451
6592501
6592507
6592517
6592561
6592567
6592571
6592589
6592603
6592609
6592613
6592633
6592661
6592669
6592673
6592693
6592709
6592727
6592741
6592757
6592763
6592769
6592777
6592783
6592813
6592823
6592843
6592871
6592879
6592891
6592897
6592903
6592931
6592933
6592961
6592967
6592997
6593009
6593021
6593023
6593039
6593089
6593143
6593149
6593177
6593183
6593219
6593227
6593231
6593243
6593267
6593299
6593311
6593317
6593329
6593351
6593357
6593369
6593371
6593401
6593407
6593413
6593417
6593423
6593443
6593449
6593453
6593473
6593507
6593533
6593563
6593591
6593593
6593599
6593611
6593621
6593633
6593647
6593689
6593693
6593707
6593723
6593729
6593747
6593767
6593777
6593809
6593813
6593833
6593837
6593857
6593861
6593891
6593897
6593911
6593927
6593929
6593941
6593953
6593981
6594023
6594037
6594043
6594047
6594059
6594109
6594127
6594131
6594139
6594143
6594151
6594191
6594193
6594229
6594233
6594239
6594257
6594271
6594319
6594331
6594337
6594347
6594359
6594361
6594377
6594389
6594403
6594407
6594421
6594431
6594439
6594443
6594449
6594451
6594457
6594461
6594529
6594541
6594557
6594559
6594611
6594619
6594659
6594677
6594697
6594713
6594719
6594733
6594751
6594761
6594787
6594799
6594821
6594823
6594839
6594857
6594869
6594883
6594911
6594943
6595007
6595009
6595021
6595027
6595037
6595049
6595051
6595067
6595091
6595103
6595111
6595117
6595123
6595129
6595153
6595163
6595177
6595207
6595217
6595229
6595231
6595241
6595243
6595271
6595289
6595313
6595333
6595349
6595367
6595397
6595409
6595417
6595423
6595453
6595487
6595493
6595513
6595517
6595559
6595571
6595573
6595577
6595579
6595597
6595601
6595607
6595619
6595627
6595661
6595703
6595763
6595781
6595859
6595861
6595867
6595873
6595877
6595891
6595921
6595937
6595951
6595961
6595973
6596053
6596063
6596069
6596077
6596089
6596143
6596167
6596171
6596179
6596189
6596197
6596231
6596257
6596297
6596299
6596321
6596339
6596341
6596371
6596383
6596389
6596399
6596407
6596431
6596437
6596441
6596461
6596467
6596483
6596489
6596503
6596519
6596533
6596549
6596573
6596581
6596609
6596617
6596627
6596633
6596641
6596647
6596701
6596719
6596729
6596741
6596749
6596771
6596783
6596797
6596809
6596839
6596869
6596879
6596881
6596897
6596899
6596903
6596911
6596917
6596927
6596951
6596957
6596981
6596987
6596999
6597011
6597077
6597091
6597119
6597131
6597133
6597163
6597167
6597179
6597193
6597197
6597209
6597221
6597223
6597233
6597247
6597257
6597263
6597271
6597307
6597323
6597347
6597373
6597379
6597397
6597401
6597407
6597431
6597463
6597467
6597469
6597499
6597517
6597551
6597583
6597589
6597593
6597601
6597629
6597641
6597673
6597677
6597707
6597739
6597779
6597781
6597827
6597847
6597859
6597889
6597893
6597931
6597949
6597953
6597967
6597971
6597973
6597977
6598013
6598019
6598021
6598063
6598069
6598087
6598103
6598117
6598127
6598139
6598153
6598157
6598169
6598199
6598201
6598211
6598219
6598223
6598237
6598271
6598279
6598289
6598303
6598313
6598343
6598349
6598357
6598387
6598411
6598421
6598429
6598433
6598439
6598481
6598507
6598511
6598517
6598523
6598541
6598547
6598561
6598589
6598597
6598621
6598639
6598649
6598661
6598667
6598673
6598679
6598721
6598733
6598741
6598759
6598777
6598799
6598807
6598817
6598819
6598829
6598841
6598843
6598849
6598853
6598903
6598927
6598931
6598951
6598961
6598967
6598993
6598997
6599003
6599051
6599053
6599059
6599071
6599113
6599119
6599123
6599141
6599161
6599191
6599207
6599221
6599227
6599231
6599267
6599287
6599293
6599297
6599309
6599323
6599347
6599363
6599389
6599393
6599399
6599429
6599449
6599477
6599491
6599513
6599533
6599557
6599561
6599569
6599573
6599591
6599603
6599609
6599611
6599627
6599639
6599687
6599699
6599713
6599717
6599743
6599753
6599759
6599779
6599797
6599819
6599833
6599839
6599861
6599891
6599899
6599921
6599951
6599953
6599959
6599963
6599981
6599987
6600001
6600031
6600043
6600053
6600067
6600071
6600101
6600107
6600109
6600119
6600133
6600157
6600161
6600169
6600211
6600227
6600229
6600247
6600259
6600263
6600281
6600299
6600323
6600331
6600367
6600421
6600431
6600439
6600449
6600491
6600493
6600497
6600499
6600533
6600557
6600589
6600593
6600611
6600617
6600623
6600667
6600677
6600679
6600691
6600707
6600721
6600731
6600757
6600761
6600787
6600791
6600823
6600829
6600899
6600901
6600917
6600943
6600949
6600953
6600989
6601013
6601019
6601031
6601033
6601039
6601061
6601081
6601093
6601129
6601157
6601159
6601163
6601169
6601201
6601211
6601213
6601223
6601247
6601261
6601277
6601279
6601307
6601313
6601339
6601349
6601363
6601381
6601393
6601411
6601433
6601447
6601459
6601501
6601513
6601519
6601523
6601549
6601561
6601601
6601631
6601633
6601643
6601649
6601691
6601703
6601717
6601739
6601757
6601769
6601781
6601783
6601787
6601789
6601807
6601811
6601813
6601817
6601843
6601849
6601883
6601891
6601909
6601921
6601927
6601961
6601993
6601997
6601999
6602003
6602023
6602027
6602059
6602087
6602093
6602119
6602129
6602147
6602149
6602161
6602201
6602203
6602207
6602209
6602237
6602257
6602261
6602303
6602327
6602347
6602363
6602371
6602377
6602383
6602389
6602399
6602413
6602417
6602423
6602429
6602437
6602447
6602461
6602467
6602501
6602509
6602549
6602551
6602573
6602591
6602593
6602627
6602653
6602663
6602669
6602683
6602689
6602707
6602711
6602737
6602753
6602767
6602789
6602797
6602819
6602831
6602833
6602839
6602879
6602957
6602963
6602993
6603007
6603011
6603017
6603029
6603043
6603049
6603053
6603059
6603083
6603137
6603151
6603161
6603167
6603169
6603211
6603229
6603283
6603299
6603307
6603313
6603343
6603349
6603371
6603383
6603391
6603407
6603413
6603437
6603439
6603449
6603451
6603479
6603491
6603511
6603517
6603523
6603529
6603557
6603581
6603593
6603617
6603629
6603647
6603671
6603703
6603731
6603733
6603743
6603749
6603761
6603763
6603787
6603791
6603827
6603869
6603893
6603907
6603913
6603917
6603937
6603943
6603953
6603979
6603991
6603997
6604009
6604021
6604027
6604033
6604049
6604057
6604063
6604097
6604099
6604133
6604181
6604183
6604187
6604217
6604231
6604249
6604291
6604303
6604309
6604319
6604331
6604357
6604369
6604379
6604387
6604397
6604399
6604421
6604469
6604471
6604561
6604573
6604579
6604583
6604603
6604607
6604639
6604651
6604667
6604673
6604681
6604691
6604699
6604709
6604727
6604733
6604751
6604753
6604771
6604783
6604811
6604817
6604847
6604859
6604861
6604867
6604877
6604883
6604901
6604903
6604943
6604973
6604987
6605023
6605029
6605033
6605041
6605089
6605107
6605119
6605149
6605153
6605167
6605171
6605191
6605219
6605237
6605257
6605267
6605281
6605297
6605303
6605309
6605311
6605321
6605327
6605341
6605363
6605371
6605377
6605381
6605399
6605411
6605429
6605437
6605441
6605471
6605477
6605479
6605513
6605519
6605527
6605561
6605563
6605579
6605587
6605593
6605653
6605657
6605663
6605693
6605701
6605717
6605737
6605747
6605791
6605801
6605813
6605827
6605831
6605849
6605857
6605891
6605903
6605909
6605917
6605933
6605941
6605947
6605953
6605969
6605971
6605983
6605987
6606011
6606023
6606031
6606077
6606097
6606101
6606109
6606121
6606139
6606143
6606157
6606161
6606169
6606181
6606191
6606209
6606233
6606247
6606263
6606269
6606283
6606293
6606307
6606323
6606329
6606331
6606343
6606389
6606409
6606419
6606437
6606443
6606463
6606469
6606473
6606487
6606493
6606521
6606527
6606541
6606581
6606629
6606631
6606637
6606641
6606647
6606653
6606673
6606679
6606731
6606739
6606749
6606779
6606811
6606827
6606833
6606839
6606877
6606893
6606913
6606917
6606923
6606953
6606959
6606967
6606973
6606991
6607009
6607019
6607037
6607039
6607063
6607121
6607151
6607163
6607177
6607199
6607207
6607229
6607241
6607243
6607261
6607283
6607291
6607297
6607301
6607343
6607361
6607369
6607379
6607409
6607439
6607487
6607493
6607501
6607529
6607537
6607567
6607591
6607597
6607613
6607631
6607663
6607673
6607697
6607709
6607717
6607721
6607729
6607751
6607813
6607819
6607829
6607837
6607841
6607889
6607903
6607919
6607949
6607957
6607961
6607963
6607967
6607981
6608003
6608047
6608051
6608071
6608083
6608099
6608117
6608123
6608131
6608137
6608141
6608149
6608167
6608207
6608209
6608221
6608227
6608243
6608263
6608269
6608279
6608281
6608293
6608321
6608323
6608351
6608387
6608417
6608419
6608423
6608431
6608473
6608479
6608489
6608507
6608519
6608527
6608573
6608603
6608621
6608633
6608639
6608647
6608653
6608683
6608689
6608737
6608741
6608747
6608761
6608783
6608807
6608809
6608821
6608837
6608851
6608857
6608863
6608867
6608891
6608911
6608929
6608939
6608951
6608957
6608993
6609007
6609011
6609019
6609023
6609049
6609089
6609101
6609139
6609149
6609179
6609181
6609191
6609221
6609223
6609227
6609233
6609247
6609263
6609271
6609287
6609299
6609301
6609307
6609313
6609331
6609341
6609353
6609409
6609437
6609439
6609443
6609457
6609467
6609503
6609517
6609523
6609553
6609571
6609601
6609607
6609649
6609661
6609667
6609679
6609689
6609737
6609761
6609769
6609781
6609793
6609797
6609803
6609833
6609847
6609859
6609877
6609881
6609893
6609971
6609973
6609989
There are 1983 prime numbers in S428.
