S429(6610033~6640920)
6610049
6610063
6610067
6610069
6610091
6610103
6610111
6610117
6610133
6610141
6610151
6610159
6610169
6610181
6610187
6610189
6610199
6610217
6610237
6610249
6610273
6610283
6610321
6610337
6610343
6610379
6610393
6610397
6610411
6610427
6610441
6610451
6610459
6610469
6610489
6610493
6610507
6610511
6610517
6610547
6610559
6610561
6610573
6610589
6610601
6610607
6610609
6610619
6610621
6610673
6610687
6610699
6610711
6610733
6610759
6610763
6610783
6610787
6610789
6610801
6610817
6610819
6610853
6610859
6610861
6610883
6610907
6610937
6610939
6610951
6610991
6610999
6611027
6611039
6611041
6611057
6611071
6611081
6611141
6611149
6611179
6611191
6611219
6611237
6611303
6611321
6611323
6611329
6611347
6611369
6611383
6611389
6611393
6611399
6611413
6611417
6611441
6611447
6611461
6611489
6611491
6611497
6611503
6611509
6611519
6611533
6611573
6611593
6611597
6611611
6611621
6611629
6611651
6611653
6611659
6611663
6611699
6611707
6611777
6611807
6611821
6611849
6611873
6611881
6611893
6611921
6611923
6611933
6611951
6611989
6611993
6612013
6612041
6612061
6612079
6612097
6612119
6612127
6612143
6612149
6612161
6612169
6612181
6612187
6612197
6612223
6612241
6612257
6612271
6612299
6612311
6612313
6612341
6612391
6612401
6612427
6612449
6612451
6612457
6612467
6612469
6612479
6612481
6612491
6612499
6612539
6612547
6612563
6612577
6612581
6612601
6612607
6612623
6612629
6612653
6612659
6612673
6612679
6612691
6612701
6612721
6612731
6612733
6612791
6612811
6612857
6612871
6612877
6612883
6612887
6612911
6612913
6612919
6612929
6612953
6612959
6612961
6612971
6612979
6613001
6613003
6613021
6613027
6613031
6613037
6613039
6613043
6613069
6613081
6613091
6613109
6613111
6613129
6613141
6613151
6613157
6613163
6613183
6613207
6613219
6613223
6613231
6613237
6613253
6613267
6613283
6613297
6613301
6613307
6613319
6613331
6613333
6613337
6613339
6613361
6613429
6613433
6613471
6613483
6613507
6613517
6613543
6613567
6613573
6613589
6613591
6613597
6613601
6613603
6613619
6613631
6613753
6613781
6613807
6613823
6613829
6613853
6613879
6613883
6613891
6613913
6613927
6613931
6613973
6613979
6613987
6614017
6614053
6614063
6614089
6614093
6614119
6614123
6614137
6614141
6614143
6614149
6614159
6614177
6614183
6614189
6614197
6614203
6614221
6614249
6614269
6614273
6614323
6614327
6614339
6614341
6614371
6614393
6614401
6614423
6614429
6614437
6614449
6614467
6614471
6614473
6614477
6614507
6614533
6614537
6614539
6614579
6614609
6614611
6614617
6614623
6614651
6614677
6614693
6614701
6614711
6614719
6614737
6614759
6614791
6614801
6614833
6614863
6614879
6614891
6614893
6614911
6614939
6614947
6614957
6614963
6615013
6615019
6615031
6615043
6615047
6615067
6615071
6615079
6615113
6615127
6615131
6615143
6615157
6615179
6615181
6615199
6615221
6615229
6615233
6615241
6615251
6615263
6615269
6615289
6615299
6615311
6615317
6615353
6615361
6615377
6615443
6615449
6615463
6615487
6615491
6615503
6615523
6615529
6615541
6615547
6615551
6615571
6615577
6615589
6615613
6615641
6615643
6615649
6615659
6615671
6615677
6615727
6615733
6615751
6615757
6615769
6615773
6615787
6615809
6615853
6615887
6615899
6615911
6615913
6615919
6615943
6615967
6615977
6615979
6616003
6616021
6616033
6616069
6616073
6616087
6616117
6616139
6616151
6616163
6616189
6616217
6616219
6616223
6616231
6616271
6616283
6616289
6616297
6616301
6616339
6616343
6616381
6616391
6616397
6616399
6616403
6616447
6616469
6616471
6616481
6616483
6616499
6616513
6616517
6616523
6616529
6616531
6616537
6616543
6616549
6616567
6616583
6616591
6616601
6616607
6616637
6616651
6616657
6616667
6616681
6616697
6616717
6616751
6616759
6616763
6616777
6616781
6616783
6616787
6616789
6616837
6616861
6616871
6616873
6616879
6616931
6616991
6616993
6617003
6617011
6617053
6617057
6617071
6617087
6617159
6617161
6617173
6617183
6617189
6617197
6617257
6617293
6617323
6617327
6617329
6617357
6617363
6617371
6617383
6617407
6617411
6617431
6617449
6617467
6617473
6617483
6617489
6617497
6617503
6617521
6617531
6617543
6617557
6617563
6617579
6617581
6617599
6617603
6617627
6617693
6617701
6617711
6617747
6617753
6617761
6617789
6617797
6617803
6617827
6617837
6617861
6617867
6617873
6617893
6617917
6617921
6617939
6617953
6617957
6617969
6617983
6617987
6617993
6618013
6618037
6618041
6618047
6618077
6618103
6618109
6618113
6618127
6618169
6618191
6618197
6618203
6618217
6618223
6618229
6618233
6618239
6618247
6618277
6618281
6618299
6618323
6618349
6618401
6618413
6618419
6618421
6618433
6618463
6618487
6618497
6618499
6618509
6618511
6618529
6618533
6618551
6618553
6618569
6618581
6618617
6618653
6618659
6618701
6618713
6618727
6618737
6618739
6618751
6618761
6618769
6618809
6618811
6618823
6618827
6618839
6618851
6618853
6618901
6618907
6618919
6618923
6618929
6618949
6618959
6618971
6618979
6618991
6619021
6619031
6619043
6619051
6619073
6619079
6619091
6619099
6619111
6619139
6619141
6619157
6619159
6619169
6619211
6619219
6619229
6619231
6619253
6619289
6619303
6619343
6619357
6619363
6619369
6619381
6619441
6619451
6619471
6619493
6619507
6619513
6619519
6619589
6619609
6619643
6619649
6619651
6619673
6619687
6619693
6619747
6619751
6619757
6619759
6619777
6619799
6619813
6619829
6619849
6619861
6619867
6619871
6619889
6619927
6619931
6619937
6619967
6619981
6620011
6620017
6620027
6620039
6620057
6620059
6620083
6620101
6620171
6620183
6620209
6620231
6620261
6620281
6620287
6620291
6620309
6620351
6620353
6620357
6620363
6620371
6620387
6620399
6620401
6620407
6620423
6620441
6620461
6620489
6620501
6620503
6620507
6620519
6620587
6620597
6620611
6620617
6620629
6620681
6620689
6620693
6620699
6620717
6620741
6620771
6620777
6620791
6620807
6620819
6620833
6620851
6620857
6620863
6620869
6620899
6620927
6620947
6620951
6620953
6620981
6621029
6621061
6621071
6621103
6621119
6621127
6621137
6621151
6621163
6621191
6621233
6621239
6621281
6621283
6621287
6621289
6621311
6621331
6621337
6621341
6621353
6621359
6621361
6621371
6621379
6621413
6621421
6621451
6621463
6621487
6621497
6621499
6621529
6621533
6621553
6621607
6621649
6621691
6621707
6621731
6621749
6621751
6621809
6621827
6621829
6621833
6621841
6621847
6621851
6621883
6621911
6621929
6621931
6621943
6621949
6621961
6621991
6621997
6622009
6622019
6622037
6622069
6622081
6622097
6622111
6622151
6622153
6622157
6622177
6622193
6622199
6622211
6622283
6622303
6622307
6622309
6622339
6622349
6622373
6622379
6622391
6622423
6622457
6622489
6622493
6622501
6622523
6622531
6622541
6622547
6622601
6622619
6622631
6622661
6622663
6622703
6622711
6622729
6622753
6622783
6622787
6622789
6622799
6622801
6622813
6622823
6622829
6622859
6622867
6622897
6622907
6622939
6622961
6622981
6622997
6622999
6623009
6623021
6623027
6623033
6623041
6623059
6623087
6623101
6623117
6623131
6623159
6623171
6623173
6623203
6623213
6623231
6623237
6623261
6623273
6623297
6623303
6623311
6623321
6623327
6623341
6623369
6623371
6623389
6623401
6623411
6623413
6623417
6623423
6623459
6623467
6623521
6623531
6623549
6623581
6623611
6623707
6623711
6623719
6623737
6623741
6623759
6623789
6623791
6623797
6623809
6623819
6623833
6623857
6623873
6623879
6623891
6623893
6623899
6623927
6623959
6623963
6624017
6624031
6624041
6624043
6624047
6624061
6624077
6624127
6624143
6624197
6624199
6624259
6624269
6624307
6624337
6624353
6624377
6624379
6624413
6624427
6624433
6624439
6624463
6624469
6624473
6624481
6624487
6624503
6624533
6624547
6624551
6624581
6624589
6624599
6624613
6624619
6624641
6624659
6624671
6624721
6624727
6624733
6624743
6624757
6624763
6624769
6624773
6624799
6624803
6624817
6624833
6624859
6624899
6624923
6624931
6624941
6624953
6624971
6624973
6625001
6625007
6625033
6625039
6625043
6625061
6625093
6625117
6625123
6625141
6625147
6625153
6625163
6625181
6625193
6625207
6625237
6625247
6625273
6625301
6625321
6625343
6625349
6625361
6625363
6625373
6625379
6625387
6625417
6625447
6625453
6625459
6625481
6625501
6625511
6625513
6625519
6625571
6625573
6625579
6625603
6625607
6625613
6625621
6625639
6625667
6625669
6625673
6625687
6625693
6625709
6625747
6625769
6625777
6625781
6625789
6625819
6625823
6625841
6625859
6625873
6625907
6625921
6625939
6625943
6625979
6625987
6626029
6626069
6626077
6626083
6626089
6626129
6626143
6626161
6626173
6626177
6626183
6626227
6626267
6626303
6626309
6626329
6626341
6626351
6626377
6626381
6626407
6626423
6626443
6626453
6626513
6626531
6626551
6626561
6626563
6626569
6626579
6626593
6626597
6626603
6626621
6626623
6626639
6626647
6626657
6626677
6626693
6626699
6626701
6626713
6626723
6626729
6626743
6626747
6626779
6626797
6626833
6626849
6626861
6626863
6626881
6626887
6626941
6626947
6626981
6626989
6626999
6627001
6627017
6627043
6627077
6627083
6627097
6627113
6627119
6627139
6627157
6627163
6627169
6627191
6627193
6627217
6627251
6627253
6627287
6627319
6627343
6627347
6627349
6627359
6627373
6627377
6627391
6627407
6627431
6627443
6627479
6627493
6627497
6627503
6627553
6627557
6627581
6627587
6627601
6627617
6627623
6627629
6627661
6627667
6627679
6627697
6627701
6627727
6627737
6627757
6627767
6627793
6627811
6627821
6627851
6627853
6627857
6627869
6627877
6627899
6627911
6627917
6627949
6627989
6627991
6628007
6628033
6628051
6628057
6628073
6628087
6628099
6628103
6628123
6628133
6628159
6628177
6628189
6628201
6628247
6628253
6628261
6628267
6628277
6628289
6628309
6628313
6628357
6628367
6628373
6628379
6628403
6628409
6628411
6628417
6628421
6628423
6628477
6628483
6628499
6628537
6628541
6628553
6628561
6628571
6628607
6628613
6628621
6628639
6628651
6628667
6628673
6628679
6628711
6628717
6628723
6628729
6628753
6628781
6628813
6628819
6628847
6628859
6628877
6628879
6628943
6628981
6629033
6629039
6629041
6629059
6629101
6629107
6629111
6629113
6629141
6629149
6629173
6629177
6629191
6629213
6629219
6629237
6629239
6629251
6629279
6629281
6629291
6629317
6629323
6629333
6629351
6629369
6629377
6629383
6629387
6629393
6629407
6629411
6629437
6629471
6629477
6629479
6629509
6629551
6629561
6629563
6629573
6629591
6629593
6629617
6629627
6629647
6629683
6629687
6629713
6629729
6629731
6629737
6629747
6629761
6629807
6629873
6629891
6629897
6629921
6629923
6629927
6629941
6629963
6629969
6630011
6630023
6630037
6630061
6630089
6630097
6630101
6630103
6630121
6630131
6630137
6630157
6630163
6630167
6630191
6630203
6630223
6630227
6630229
6630257
6630269
6630277
6630287
6630293
6630313
6630319
6630359
6630367
6630409
6630433
6630457
6630461
6630467
6630499
6630523
6630539
6630541
6630551
6630553
6630583
6630587
6630599
6630607
6630641
6630653
6630661
6630691
6630703
6630709
6630737
6630749
6630769
6630773
6630779
6630803
6630817
6630839
6630847
6630851
6630853
6630859
6630887
6630907
6630913
6630919
6630961
6630979
6630983
6631021
6631033
6631039
6631063
6631067
6631081
6631109
6631129
6631147
6631151
6631189
6631193
6631213
6631223
6631237
6631271
6631279
6631321
6631327
6631333
6631367
6631369
6631379
6631409
6631421
6631447
6631477
6631483
6631501
6631553
6631571
6631579
6631591
6631607
6631619
6631637
6631643
6631661
6631663
6631679
6631693
6631697
6631699
6631721
6631733
6631739
6631763
6631789
6631871
6631883
6631901
6631903
6631907
6631909
6631913
6631939
6631951
6631979
6631993
6631997
6632009
6632051
6632063
6632113
6632117
6632141
6632149
6632167
6632177
6632203
6632207
6632221
6632231
6632237
6632239
6632251
6632267
6632291
6632299
6632317
6632333
6632359
6632377
6632389
6632393
6632401
6632413
6632429
6632459
6632467
6632477
6632491
6632519
6632537
6632573
6632599
6632617
6632623
6632627
6632651
6632683
6632699
6632701
6632711
6632723
6632777
6632789
6632797
6632803
6632807
6632819
6632837
6632849
6632887
6632911
6632921
6632981
6633001
6633007
6633013
6633017
6633019
6633031
6633047
6633089
6633091
6633119
6633139
6633149
6633161
6633173
6633181
6633191
6633197
6633229
6633241
6633283
6633293
6633301
6633343
6633353
6633371
6633391
6633421
6633433
6633449
6633457
6633461
6633463
6633467
6633479
6633491
6633493
6633503
6633511
6633569
6633577
6633589
6633593
6633607
6633643
6633647
6633661
6633667
6633701
6633719
6633727
6633749
6633773
6633787
6633839
6633853
6633857
6633877
6633889
6633899
6633917
6633931
6633947
6633967
6634009
6634013
6634039
6634049
6634079
6634081
6634091
6634109
6634151
6634171
6634219
6634223
6634231
6634237
6634241
6634297
6634307
6634319
6634337
6634339
6634357
6634361
6634391
6634423
6634429
6634447
6634451
6634469
6634517
6634531
6634547
6634549
6634559
6634561
6634571
6634583
6634597
6634613
6634619
6634627
6634631
6634633
6634637
6634643
6634673
6634711
6634717
6634739
6634759
6634769
6634783
6634799
6634829
6634841
6634853
6634871
6634889
6634891
6634921
6634931
6634949
6634967
6635003
6635011
6635033
6635051
6635053
6635087
6635089
6635093
6635129
6635137
6635143
6635179
6635221
6635231
6635243
6635249
6635261
6635263
6635267
6635309
6635311
6635323
6635327
6635353
6635359
6635407
6635467
6635513
6635521
6635527
6635539
6635549
6635561
6635597
6635609
6635611
6635621
6635633
6635659
6635663
6635669
6635677
6635683
6635689
6635719
6635723
6635737
6635749
6635777
6635791
6635813
6635821
6635843
6635857
6635861
6635879
6635887
6635897
6635903
6635917
6635927
6635947
6635957
6635963
6636011
6636017
6636023
6636037
6636059
6636083
6636101
6636109
6636127
6636169
6636173
6636181
6636199
6636221
6636229
6636269
6636293
6636317
6636337
6636359
6636433
6636457
6636467
6636479
6636493
6636523
6636527
6636557
6636559
6636571
6636589
6636593
6636611
6636661
6636667
6636689
6636701
6636709
6636767
6636769
6636779
6636781
6636797
6636803
6636809
6636827
6636863
6636887
6636913
6636923
6636937
6636943
6636961
6636979
6636989
6637003
6637049
6637063
6637067
6637073
6637091
6637109
6637117
6637129
6637139
6637153
6637159
6637177
6637181
6637187
6637223
6637229
6637237
6637249
6637273
6637277
6637283
6637291
6637297
6637303
6637307
6637313
6637321
6637339
6637357
6637369
6637373
6637399
6637439
6637447
6637453
6637487
6637571
6637583
6637591
6637601
6637621
6637637
6637643
6637649
6637651
6637679
6637681
6637691
6637693
6637703
6637711
6637717
6637721
6637727
6637739
6637811
6637819
6637843
6637847
6637853
6637877
6637903
6637919
6637921
6637931
6637933
6637949
6637957
6637979
6637987
6637997
6638017
6638029
6638057
6638069
6638101
6638131
6638141
6638147
6638153
6638167
6638179
6638221
6638227
6638231
6638249
6638251
6638263
6638273
6638299
6638321
6638339
6638341
6638363
6638369
6638377
6638393
6638407
6638459
6638473
6638491
6638497
6638509
6638519
6638531
6638549
6638579
6638591
6638603
6638617
6638627
6638633
6638647
6638669
6638689
6638701
6638741
6638773
6638791
6638803
6638851
6638893
6638903
6638911
6638953
6638977
6639001
6639011
6639013
6639041
6639047
6639049
6639067
6639077
6639107
6639109
6639119
6639209
6639223
6639233
6639251
6639263
6639287
6639293
6639307
6639313
6639331
6639337
6639349
6639377
6639383
6639389
6639407
6639439
6639449
6639467
6639481
6639497
6639509
6639511
6639527
6639533
6639547
6639593
6639601
6639629
6639631
6639641
6639653
6639679
6639697
6639719
6639739
6639757
6639769
6639799
6639803
6639817
6639823
6639833
6639839
6639851
6639863
6639881
6639889
6639907
6639929
6639937
6639943
6639989
6640003
6640009
6640021
6640027
6640061
6640069
6640079
6640091
6640093
6640111
6640121
6640129
6640157
6640163
6640181
6640213
6640223
6640241
6640289
6640297
6640321
6640327
6640331
6640339
6640349
6640369
6640373
6640393
6640397
6640409
6640411
6640429
6640441
6640451
6640453
6640463
6640477
6640493
6640499
6640511
6640547
6640549
6640553
6640567
6640577
6640589
6640597
6640631
6640639
6640651
6640657
6640663
6640679
6640687
6640757
6640759
6640769
6640793
6640807
6640817
6640831
6640841
6640849
6640889
6640891
6640901
6640903
There are 1964 prime numbers in S429.
