S43(65017~68112)
65027
65029
65033
65053
65063
65071
65089
65099
65101
65111
65119
65123
65129
65141
65147
65167
65171
65173
65179
65183
65203
65213
65239
65257
65267
65269
65287
65293
65309
65323
65327
65353
65357
65371
65381
65393
65407
65413
65419
65423
65437
65447
65449
65479
65497
65519
65521
65537
65539
65543
65551
65557
65563
65579
65581
65587
65599
65609
65617
65629
65633
65647
65651
65657
65677
65687
65699
65701
65707
65713
65717
65719
65729
65731
65761
65777
65789
65809
65827
65831
65837
65839
65843
65851
65867
65881
65899
65921
65927
65929
65951
65957
65963
65981
65983
65993
66029
66037
66041
66047
66067
66071
66083
66089
66103
66107
66109
66137
66161
66169
66173
66179
66191
66221
66239
66271
66293
66301
66337
66343
66347
66359
66361
66373
66377
66383
66403
66413
66431
66449
66457
66463
66467
66491
66499
66509
66523
66529
66533
66541
66553
66569
66571
66587
66593
66601
66617
66629
66643
66653
66683
66697
66701
66713
66721
66733
66739
66749
66751
66763
66791
66797
66809
66821
66841
66851
66853
66863
66877
66883
66889
66919
66923
66931
66943
66947
66949
66959
66973
66977
67003
67021
67033
67043
67049
67057
67061
67073
67079
67103
67121
67129
67139
67141
67153
67157
67169
67181
67187
67189
67211
67213
67217
67219
67231
67247
67261
67271
67273
67289
67307
67339
67343
67349
67369
67391
67399
67409
67411
67421
67427
67429
67433
67447
67453
67477
67481
67489
67493
67499
67511
67523
67531
67537
67547
67559
67567
67577
67579
67589
67601
67607
67619
67631
67651
67679
67699
67709
67723
67733
67741
67751
67757
67759
67763
67777
67783
67789
67801
67807
67819
67829
67843
67853
67867
67883
67891
67901
67927
67931
67933
67939
67943
67957
67961
67967
67979
67987
67993
68023
68041
68053
68059
68071
68087
68099
68111
There are 287 prime numbers in S43.
