S430(6640921~6671880)
6640927
6640939
6640967
6640979
6640987
6640993
6641021
6641027
6641039
6641077
6641083
6641143
6641149
6641153
6641177
6641179
6641183
6641197
6641231
6641249
6641263
6641267
6641287
6641291
6641329
6641333
6641351
6641353
6641357
6641359
6641381
6641387
6641399
6641419
6641449
6641473
6641477
6641489
6641491
6641501
6641513
6641519
6641527
6641561
6641563
6641567
6641573
6641587
6641633
6641669
6641671
6641681
6641683
6641693
6641699
6641707
6641717
6641729
6641753
6641771
6641797
6641809
6641813
6641821
6641827
6641839
6641851
6641867
6641891
6641903
6641953
6641969
6641977
6641983
6642007
6642059
6642067
6642071
6642079
6642089
6642109
6642127
6642137
6642143
6642149
6642151
6642169
6642187
6642211
6642281
6642283
6642289
6642299
6642301
6642319
6642329
6642341
6642347
6642353
6642371
6642373
6642379
6642403
6642409
6642431
6642439
6642487
6642497
6642521
6642523
6642539
6642551
6642553
6642593
6642613
6642619
6642637
6642659
6642707
6642709
6642763
6642793
6642803
6642817
6642829
6642847
6642863
6642877
6642887
6642893
6642907
6642917
6642919
6642991
6642997
6643019
6643033
6643051
6643057
6643069
6643097
6643111
6643123
6643127
6643129
6643139
6643151
6643181
6643201
6643211
6643213
6643229
6643249
6643261
6643283
6643289
6643303
6643319
6643321
6643333
6643337
6643361
6643381
6643411
6643423
6643453
6643487
6643489
6643499
6643513
6643537
6643589
6643607
6643633
6643649
6643667
6643687
6643691
6643699
6643723
6643729
6643733
6643739
6643781
6643789
6643807
6643811
6643823
6643829
6643837
6643843
6643859
6643883
6643891
6643907
6643909
6643919
6643969
6643981
6643993
6643999
6644023
6644047
6644069
6644081
6644087
6644101
6644111
6644123
6644147
6644149
6644153
6644159
6644177
6644191
6644227
6644269
6644273
6644293
6644299
6644311
6644327
6644359
6644371
6644377
6644381
6644389
6644413
6644431
6644441
6644459
6644483
6644503
6644527
6644537
6644543
6644549
6644551
6644579
6644581
6644587
6644621
6644647
6644681
6644717
6644753
6644761
6644783
6644801
6644837
6644843
6644863
6644873
6644879
6644887
6644903
6644933
6644959
6644969
6644983
6645013
6645019
6645047
6645049
6645059
6645071
6645073
6645077
6645083
6645131
6645139
6645151
6645161
6645169
6645187
6645209
6645211
6645217
6645227
6645259
6645293
6645313
6645319
6645329
6645341
6645389
6645391
6645461
6645467
6645469
6645479
6645491
6645493
6645517
6645547
6645557
6645571
6645577
6645593
6645601
6645619
6645637
6645641
6645677
6645679
6645697
6645713
6645721
6645739
6645757
6645787
6645799
6645803
6645817
6645823
6645833
6645851
6645857
6645871
6645883
6645887
6645907
6645911
6645917
6645923
6645943
6645949
6645971
6645979
6645983
6646001
6646019
6646039
6646049
6646153
6646163
6646193
6646207
6646217
6646231
6646247
6646259
6646271
6646309
6646313
6646319
6646331
6646357
6646361
6646363
6646373
6646399
6646403
6646417
6646427
6646429
6646477
6646511
6646513
6646543
6646559
6646573
6646579
6646613
6646657
6646663
6646669
6646687
6646697
6646699
6646769
6646777
6646781
6646819
6646831
6646837
6646859
6646867
6646873
6646877
6646883
6646891
6646907
6646919
6646921
6646933
6646951
6646957
6646967
6646973
6647009
6647029
6647033
6647041
6647059
6647077
6647089
6647099
6647107
6647111
6647129
6647141
6647167
6647189
6647191
6647209
6647213
6647219
6647227
6647239
6647243
6647269
6647273
6647279
6647287
6647317
6647339
6647363
6647369
6647393
6647401
6647411
6647447
6647489
6647497
6647519
6647521
6647551
6647569
6647573
6647579
6647581
6647593
6647623
6647647
6647653
6647657
6647681
6647717
6647741
6647743
6647747
6647761
6647779
6647783
6647791
6647813
6647831
6647869
6647887
6647899
6647909
6647911
6647917
6647923
6647939
6647947
6647951
6647959
6647983
6647987
6648001
6648007
6648023
6648053
6648067
6648073
6648079
6648091
6648097
6648113
6648121
6648133
6648143
6648203
6648251
6648259
6648269
6648287
6648307
6648331
6648371
6648401
6648407
6648409
6648413
6648431
6648457
6648487
6648491
6648503
6648517
6648571
6648583
6648599
6648623
6648637
6648647
6648661
6648701
6648713
6648721
6648737
6648749
6648757
6648773
6648791
6648809
6648823
6648833
6648839
6648883
6648977
6648979
6648991
6648997
6649007
6649063
6649073
6649099
6649103
6649117
6649127
6649141
6649151
6649163
6649189
6649199
6649229
6649249
6649267
6649271
6649273
6649289
6649319
6649333
6649337
6649367
6649387
6649393
6649399
6649403
6649417
6649441
6649453
6649481
6649483
6649547
6649571
6649579
6649583
6649589
6649609
6649627
6649631
6649633
6649661
6649681
6649693
6649723
6649733
6649801
6649823
6649837
6649849
6649859
6649861
6649871
6649883
6649891
6649901
6649919
6649999
6650003
6650011
6650041
6650051
6650071
6650093
6650099
6650131
6650153
6650207
6650233
6650239
6650257
6650263
6650279
6650297
6650327
6650333
6650339
6650351
6650393
6650431
6650443
6650459
6650467
6650503
6650507
6650521
6650531
6650533
6650557
6650561
6650591
6650597
6650603
6650629
6650659
6650671
6650687
6650701
6650717
6650729
6650731
6650737
6650797
6650801
6650821
6650827
6650837
6650843
6650849
6650867
6650869
6650909
6650911
6650929
6650971
6650993
6651049
6651053
6651077
6651091
6651101
6651107
6651119
6651133
6651149
6651167
6651173
6651181
6651187
6651217
6651221
6651223
6651251
6651277
6651317
6651319
6651343
6651361
6651367
6651377
6651397
6651401
6651413
6651427
6651433
6651457
6651467
6651473
6651479
6651497
6651503
6651517
6651521
6651523
6651571
6651583
6651587
6651647
6651649
6651661
6651679
6651683
6651707
6651727
6651773
6651791
6651793
6651809
6651839
6651847
6651851
6651857
6651907
6651923
6651941
6651959
6652001
6652021
6652027
6652031
6652039
6652081
6652091
6652097
6652103
6652141
6652153
6652157
6652159
6652171
6652181
6652183
6652187
6652199
6652207
6652211
6652213
6652231
6652241
6652249
6652273
6652279
6652301
6652307
6652319
6652343
6652351
6652381
6652391
6652409
6652411
6652421
6652433
6652439
6652441
6652447
6652453
6652501
6652553
6652579
6652621
6652643
6652651
6652673
6652697
6652703
6652733
6652739
6652741
6652747
6652753
6652757
6652787
6652799
6652801
6652813
6652823
6652829
6652837
6652853
6652871
6652901
6652927
6652937
6652949
6652951
6652963
6652969
6652973
6652979
6652993
6653011
6653027
6653039
6653057
6653077
6653099
6653107
6653117
6653123
6653159
6653183
6653219
6653221
6653243
6653299
6653329
6653351
6653389
6653399
6653411
6653429
6653467
6653483
6653501
6653533
6653573
6653587
6653593
6653627
6653641
6653653
6653659
6653683
6653701
6653707
6653711
6653723
6653761
6653771
6653797
6653813
6653827
6653833
6653839
6653869
6653873
6653879
6653887
6653891
6653897
6653917
6653921
6653939
6653957
6653989
6653993
6654007
6654017
6654019
6654029
6654031
6654041
6654059
6654071
6654073
6654113
6654127
6654143
6654173
6654211
6654217
6654229
6654257
6654269
6654281
6654289
6654299
6654317
6654331
6654353
6654391
6654443
6654451
6654481
6654493
6654509
6654517
6654533
6654539
6654547
6654563
6654577
6654581
6654643
6654647
6654649
6654653
6654679
6654737
6654743
6654749
6654761
6654773
6654779
6654821
6654829
6654847
6654859
6654877
6654887
6654913
6654919
6654937
6654941
6654943
6654953
6654961
6654971
6654979
6655001
6655003
6655009
6655037
6655057
6655063
6655069
6655087
6655091
6655093
6655097
6655133
6655169
6655199
6655237
6655249
6655261
6655273
6655289
6655307
6655309
6655321
6655333
6655343
6655351
6655367
6655373
6655379
6655393
6655403
6655409
6655423
6655531
6655541
6655543
6655547
6655549
6655577
6655591
6655603
6655631
6655633
6655637
6655639
6655651
6655661
6655667
6655673
6655723
6655729
6655739
6655751
6655769
6655801
6655837
6655879
6655889
6655897
6655903
6655907
6655919
6655931
6655937
6655951
6655997
6656003
6656009
6656011
6656059
6656071
6656077
6656101
6656123
6656171
6656183
6656201
6656239
6656257
6656261
6656291
6656311
6656339
6656347
6656371
6656387
6656393
6656437
6656449
6656459
6656471
6656483
6656497
6656527
6656539
6656543
6656549
6656561
6656569
6656597
6656603
6656621
6656623
6656627
6656647
6656659
6656711
6656737
6656743
6656753
6656759
6656779
6656807
6656833
6656857
6656861
6656879
6656887
6656891
6656893
6656899
6656917
6656927
6656953
6656963
6656977
6656981
6656987
6657017
6657019
6657023
6657041
6657061
6657067
6657073
6657103
6657107
6657109
6657179
6657191
6657193
6657223
6657257
6657263
6657283
6657311
6657349
6657359
6657367
6657377
6657379
6657407
6657437
6657449
6657451
6657461
6657473
6657517
6657533
6657571
6657583
6657587
6657593
6657613
6657631
6657661
6657667
6657671
6657697
6657709
6657731
6657751
6657757
6657769
6657773
6657779
6657797
6657799
6657811
6657851
6657853
6657881
6657887
6657919
6657929
6657947
6657953
6657979
6657997
6658007
6658013
6658027
6658049
6658051
6658079
6658097
6658103
6658121
6658129
6658153
6658159
6658181
6658193
6658243
6658279
6658283
6658291
6658321
6658331
6658361
6658367
6658369
6658411
6658427
6658453
6658469
6658471
6658501
6658511
6658541
6658573
6658609
6658637
6658649
6658667
6658697
6658711
6658723
6658787
6658789
6658793
6658823
6658837
6658843
6658859
6658871
6658903
6658909
6658921
6658961
6658969
6658997
6658999
6659021
6659027
6659033
6659041
6659057
6659077
6659089
6659111
6659113
6659201
6659207
6659209
6659227
6659231
6659239
6659243
6659249
6659267
6659287
6659293
6659321
6659333
6659353
6659363
6659369
6659377
6659399
6659413
6659417
6659437
6659441
6659447
6659491
6659501
6659561
6659567
6659579
6659591
6659623
6659663
6659677
6659683
6659687
6659689
6659693
6659713
6659749
6659773
6659777
6659803
6659813
6659833
6659843
6659893
6659921
6659929
6659941
6659957
6659977
6660011
6660023
6660029
6660061
6660091
6660103
6660109
6660113
6660119
6660161
6660191
6660193
6660197
6660211
6660217
6660221
6660233
6660239
6660287
6660293
6660299
6660307
6660337
6660347
6660349
6660359
6660371
6660377
6660389
6660391
6660397
6660419
6660421
6660427
6660473
6660499
6660503
6660509
6660523
6660551
6660553
6660557
6660587
6660601
6660613
6660649
6660677
6660679
6660707
6660721
6660733
6660751
6660763
6660781
6660791
6660799
6660809
6660859
6660911
6660919
6660931
6660937
6660943
6660949
6660959
6660967
6660977
6661013
6661021
6661037
6661049
6661069
6661079
6661091
6661103
6661111
6661117
6661141
6661157
6661189
6661211
6661217
6661223
6661231
6661243
6661273
6661279
6661301
6661307
6661313
6661327
6661337
6661349
6661367
6661379
6661409
6661423
6661429
6661439
6661441
6661477
6661493
6661511
6661547
6661549
6661553
6661583
6661597
6661601
6661643
6661649
6661661
6661687
6661691
6661693
6661709
6661727
6661741
6661747
6661751
6661757
6661771
6661777
6661783
6661849
6661873
6661883
6661891
6661901
6661933
6661957
6661987
6661997
6662003
6662009
6662041
6662059
6662063
6662069
6662077
6662087
6662093
6662099
6662101
6662137
6662171
6662177
6662191
6662197
6662209
6662231
6662233
6662281
6662287
6662309
6662329
6662333
6662347
6662353
6662371
6662393
6662399
6662401
6662417
6662437
6662449
6662477
6662507
6662531
6662533
6662543
6662561
6662563
6662567
6662581
6662633
6662641
6662651
6662671
6662707
6662717
6662723
6662741
6662743
6662753
6662771
6662809
6662813
6662839
6662857
6662879
6662881
6662891
6662897
6662911
6662941
6662947
6662959
6662987
6662989
6662993
6663029
6663043
6663067
6663073
6663079
6663089
6663103
6663121
6663179
6663191
6663193
6663203
6663227
6663229
6663257
6663289
6663299
6663311
6663317
6663329
6663347
6663383
6663389
6663407
6663431
6663451
6663469
6663487
6663493
6663499
6663511
6663523
6663539
6663557
6663593
6663599
6663611
6663617
6663647
6663653
6663673
6663731
6663739
6663749
6663751
6663763
6663793
6663809
6663827
6663829
6663841
6663857
6663863
6663869
6663893
6663901
6663907
6663911
6663941
6663961
6663971
6664019
6664027
6664069
6664087
6664093
6664103
6664121
6664139
6664159
6664169
6664199
6664201
6664213
6664223
6664237
6664261
6664277
6664279
6664309
6664321
6664351
6664381
6664387
6664417
6664429
6664447
6664453
6664481
6664501
6664513
6664517
6664523
6664529
6664531
6664543
6664547
6664571
6664607
6664631
6664643
6664657
6664661
6664667
6664711
6664717
6664729
6664739
6664753
6664759
6664769
6664771
6664787
6664789
6664811
6664831
6664843
6664859
6664873
6664891
6664937
6664939
6664951
6664961
6664979
6664997
6665011
6665017
6665047
6665051
6665059
6665063
6665077
6665081
6665089
6665111
6665123
6665159
6665167
6665179
6665201
6665213
6665231
6665237
6665249
6665261
6665297
6665317
6665339
6665353
6665359
6665363
6665369
6665383
6665413
6665437
6665497
6665537
6665539
6665567
6665573
6665591
6665597
6665611
6665623
6665627
6665639
6665669
6665671
6665689
6665707
6665719
6665741
6665773
6665777
6665797
6665801
6665803
6665831
6665839
6665843
6665861
6665873
6665881
6665909
6665917
6665927
6665947
6665951
6665959
6665987
6666001
6666029
6666047
6666059
6666061
6666097
6666133
6666137
6666157
6666167
6666173
6666203
6666223
6666229
6666239
6666241
6666269
6666337
6666347
6666353
6666379
6666383
6666391
6666437
6666449
6666467
6666479
6666487
6666509
6666523
6666547
6666551
6666563
6666577
6666589
6666593
6666599
6666613
6666617
6666679
6666683
6666689
6666719
6666749
6666761
6666769
6666791
6666797
6666833
6666841
6666883
6666931
6666937
6666943
6666949
6666977
6666991
6667019
6667027
6667039
6667049
6667061
6667069
6667127
6667147
6667151
6667153
6667159
6667169
6667181
6667183
6667207
6667223
6667229
6667253
6667259
6667261
6667273
6667291
6667301
6667321
6667327
6667337
6667343
6667369
6667393
6667399
6667403
6667429
6667439
6667457
6667471
6667481
6667487
6667523
6667541
6667589
6667597
6667607
6667637
6667643
6667657
6667669
6667673
6667693
6667711
6667721
6667729
6667741
6667753
6667781
6667813
6667819
6667853
6667867
6667873
6667889
6667891
6667897
6667909
6667931
6667933
6667949
6667951
6667979
6667981
6668021
6668027
6668033
6668047
6668059
6668083
6668113
6668119
6668149
6668161
6668171
6668203
6668209
6668213
6668237
6668257
6668269
6668273
6668341
6668351
6668353
6668359
6668377
6668381
6668419
6668423
6668429
6668447
6668461
6668507
6668509
6668531
6668537
6668549
6668567
6668603
6668611
6668617
6668659
6668687
6668699
6668707
6668713
6668719
6668723
6668731
6668737
6668747
6668759
6668789
6668807
6668821
6668833
6668839
6668861
6668881
6668887
6668899
6668903
6668911
6668939
6668951
6668953
6668957
6668969
6669007
6669017
6669029
6669053
6669059
6669067
6669071
6669097
6669119
6669121
6669137
6669161
6669163
6669197
6669199
6669233
6669239
6669251
6669269
6669281
6669293
6669331
6669337
6669349
6669367
6669401
6669409
6669413
6669451
6669463
6669469
6669473
6669493
6669503
6669521
6669541
6669547
6669587
6669617
6669643
6669647
6669653
6669671
6669673
6669683
6669697
6669709
6669769
6669781
6669809
6669827
6669847
6669853
6669857
6669863
6669869
6669877
6669881
6669889
6669907
6669947
6669959
6669961
6669973
6669983
6670019
6670033
6670039
6670043
6670067
6670073
6670109
6670187
6670199
6670201
6670211
6670231
6670243
6670259
6670267
6670271
6670291
6670297
6670303
6670309
6670327
6670351
6670369
6670373
6670403
6670423
6670427
6670429
6670451
6670457
6670513
6670537
6670553
6670583
6670603
6670607
6670637
6670649
6670661
6670687
6670709
6670751
6670753
6670771
6670799
6670801
6670819
6670831
6670837
6670847
6670877
6670883
6670901
6670903
6670933
6670967
6670973
6671003
6671009
6671017
6671047
6671051
6671059
6671083
6671099
6671111
6671113
6671153
6671167
6671201
6671239
6671243
6671263
6671281
6671309
6671323
6671341
6671377
6671381
6671383
6671389
6671411
6671443
6671447
6671453
6671459
6671461
6671501
6671503
6671513
6671519
6671549
6671551
6671569
6671573
6671591
6671593
6671597
6671617
6671627
6671647
6671663
6671669
6671671
6671677
6671681
6671683
6671713
6671719
6671723
6671747
6671767
6671801
6671809
6671839
6671879
There are 1950 prime numbers in S430.
