S431(6671881~6702912)
6671881
6671891
6671893
6671921
6671947
6671957
6671963
6671969
6671989
6672013
6672019
6672067
6672077
6672089
6672101
6672137
6672157
6672179
6672187
6672191
6672229
6672257
6672269
6672283
6672301
6672307
6672319
6672331
6672359
6672389
6672397
6672433
6672467
6672473
6672493
6672503
6672527
6672529
6672557
6672559
6672563
6672569
6672571
6672623
6672661
6672671
6672683
6672703
6672749
6672761
6672769
6672773
6672779
6672797
6672803
6672817
6672863
6672877
6672881
6672889
6672899
6672917
6672923
6672931
6672943
6672947
6672977
6672979
6672997
6673021
6673031
6673033
6673081
6673097
6673109
6673111
6673141
6673159
6673169
6673187
6673193
6673223
6673273
6673279
6673319
6673321
6673327
6673363
6673369
6673379
6673391
6673397
6673399
6673409
6673411
6673421
6673453
6673477
6673493
6673501
6673507
6673517
6673523
6673543
6673547
6673553
6673559
6673591
6673607
6673609
6673613
6673627
6673631
6673633
6673637
6673687
6673691
6673699
6673717
6673739
6673753
6673757
6673759
6673763
6673789
6673847
6673861
6673867
6673889
6673951
6673963
6673969
6673981
6673991
6673993
6674009
6674011
6674029
6674039
6674051
6674053
6674069
6674093
6674123
6674177
6674189
6674197
6674201
6674203
6674219
6674233
6674243
6674249
6674273
6674281
6674287
6674293
6674299
6674309
6674323
6674357
6674359
6674389
6674399
6674401
6674407
6674413
6674429
6674441
6674443
6674461
6674483
6674527
6674533
6674537
6674539
6674561
6674573
6674599
6674617
6674621
6674651
6674671
6674683
6674711
6674743
6674747
6674749
6674771
6674779
6674791
6674809
6674813
6674821
6674839
6674881
6674891
6674903
6674917
6674929
6674953
6674963
6674971
6675007
6675029
6675043
6675073
6675077
6675079
6675091
6675103
6675107
6675113
6675127
6675131
6675161
6675181
6675209
6675211
6675223
6675233
6675241
6675299
6675301
6675311
6675343
6675377
6675379
6675391
6675397
6675433
6675463
6675523
6675527
6675541
6675547
6675563
6675569
6675587
6675601
6675649
6675653
6675667
6675671
6675709
6675719
6675733
6675749
6675763
6675769
6675787
6675803
6675811
6675817
6675839
6675857
6675863
6675869
6675899
6675913
6675919
6675931
6675953
6675959
6675961
6676001
6676013
6676057
6676079
6676091
6676093
6676099
6676123
6676139
6676171
6676199
6676213
6676217
6676231
6676247
6676259
6676261
6676273
6676301
6676321
6676331
6676333
6676339
6676387
6676433
6676441
6676447
6676451
6676457
6676471
6676519
6676559
6676573
6676609
6676651
6676661
6676667
6676669
6676697
6676711
6676717
6676721
6676729
6676741
6676753
6676763
6676777
6676793
6676823
6676829
6676837
6676861
6676871
6676883
6676889
6676913
6676927
6676949
6676979
6676991
6677017
6677029
6677071
6677087
6677123
6677129
6677147
6677171
6677173
6677179
6677191
6677213
6677233
6677239
6677261
6677269
6677273
6677299
6677309
6677327
6677329
6677347
6677351
6677357
6677389
6677393
6677399
6677401
6677423
6677459
6677467
6677471
6677477
6677491
6677527
6677537
6677543
6677579
6677597
6677611
6677623
6677641
6677663
6677677
6677707
6677729
6677747
6677761
6677767
6677777
6677789
6677809
6677813
6677831
6677837
6677851
6677861
6677887
6677893
6677897
6677903
6677921
6677941
6677959
6677969
6677971
6678017
6678037
6678079
6678109
6678131
6678143
6678157
6678173
6678197
6678209
6678227
6678233
6678247
6678271
6678281
6678289
6678313
6678317
6678383
6678401
6678421
6678431
6678437
6678457
6678461
6678491
6678499
6678509
6678521
6678523
6678577
6678593
6678629
6678641
6678647
6678667
6678691
6678701
6678703
6678713
6678743
6678751
6678767
6678779
6678797
6678799
6678817
6678839
6678851
6678853
6678871
6678877
6678883
6678911
6678929
6678967
6678979
6679009
6679031
6679063
6679067
6679087
6679097
6679103
6679121
6679133
6679139
6679157
6679159
6679171
6679199
6679237
6679247
6679271
6679273
6679289
6679303
6679307
6679313
6679327
6679339
6679349
6679363
6679369
6679373
6679381
6679391
6679397
6679423
6679451
6679459
6679471
6679481
6679513
6679523
6679531
6679553
6679571
6679579
6679613
6679619
6679639
6679661
6679667
6679681
6679693
6679723
6679747
6679763
6679789
6679801
6679807
6679823
6679853
6679901
6679919
6679931
6679949
6679951
6679957
6679979
6679993
6679999
6680021
6680027
6680029
6680033
6680041
6680053
6680059
6680081
6680087
6680111
6680119
6680123
6680137
6680147
6680183
6680203
6680227
6680249
6680273
6680287
6680321
6680329
6680339
6680341
6680357
6680389
6680413
6680431
6680441
6680489
6680497
6680519
6680521
6680539
6680543
6680549
6680551
6680561
6680563
6680567
6680579
6680621
6680651
6680657
6680689
6680699
6680731
6680743
6680789
6680797
6680851
6680873
6680923
6680939
6680941
6680959
6680969
6680977
6680981
6680987
6681001
6681013
6681019
6681023
6681041
6681067
6681071
6681133
6681137
6681139
6681161
6681167
6681193
6681197
6681203
6681209
6681239
6681287
6681329
6681359
6681361
6681377
6681403
6681419
6681421
6681427
6681439
6681443
6681481
6681487
6681491
6681511
6681529
6681539
6681541
6681547
6681557
6681581
6681589
6681637
6681671
6681677
6681679
6681683
6681721
6681733
6681751
6681761
6681781
6681791
6681817
6681839
6681847
6681877
6681887
6681889
6681923
6681929
6681931
6681947
6681949
6681953
6681959
6681967
6681971
6681979
6681989
6682007
6682009
6682021
6682051
6682063
6682069
6682087
6682097
6682099
6682103
6682133
6682141
6682153
6682183
6682211
6682219
6682223
6682231
6682253
6682279
6682283
6682289
6682301
6682327
6682337
6682349
6682363
6682369
6682393
6682409
6682421
6682439
6682447
6682483
6682561
6682573
6682583
6682597
6682603
6682609
6682693
6682721
6682729
6682747
6682769
6682783
6682787
6682801
6682843
6682849
6682859
6682861
6682901
6682909
6682913
6682943
6682957
6682961
6682969
6682999
6683029
6683059
6683111
6683119
6683129
6683143
6683161
6683167
6683177
6683207
6683213
6683233
6683249
6683251
6683267
6683291
6683293
6683351
6683357
6683359
6683381
6683387
6683401
6683407
6683423
6683429
6683449
6683471
6683477
6683483
6683491
6683519
6683527
6683531
6683549
6683557
6683581
6683609
6683627
6683641
6683689
6683711
6683723
6683749
6683759
6683767
6683797
6683821
6683827
6683851
6683867
6683903
6683921
6683927
6683947
6683951
6683977
6683981
6683993
6684001
6684019
6684023
6684037
6684047
6684059
6684061
6684089
6684091
6684101
6684103
6684109
6684133
6684151
6684163
6684193
6684203
6684229
6684233
6684253
6684259
6684277
6684299
6684341
6684343
6684361
6684373
6684443
6684449
6684473
6684493
6684497
6684527
6684541
6684551
6684569
6684577
6684583
6684593
6684607
6684631
6684647
6684659
6684673
6684677
6684707
6684719
6684749
6684773
6684779
6684781
6684817
6684833
6684869
6684907
6684911
6684913
6684959
6684971
6684983
6684991
6685001
6685013
6685027
6685031
6685033
6685037
6685043
6685117
6685127
6685141
6685163
6685201
6685247
6685303
6685307
6685331
6685351
6685363
6685379
6685391
6685409
6685447
6685477
6685487
6685489
6685499
6685507
6685517
6685519
6685529
6685541
6685543
6685577
6685603
6685619
6685621
6685633
6685643
6685667
6685669
6685673
6685687
6685697
6685711
6685717
6685741
6685751
6685753
6685759
6685781
6685787
6685799
6685807
6685813
6685823
6685837
6685843
6685859
6685867
6685907
6685927
6685933
6685961
6685963
6685969
6686041
6686047
6686051
6686093
6686107
6686167
6686177
6686191
6686203
6686213
6686221
6686227
6686237
6686243
6686263
6686279
6686299
6686311
6686333
6686341
6686357
6686363
6686413
6686419
6686437
6686447
6686453
6686467
6686479
6686489
6686507
6686509
6686527
6686539
6686569
6686591
6686611
6686653
6686663
6686681
6686699
6686711
6686717
6686723
6686747
6686761
6686773
6686777
6686783
6686789
6686843
6686857
6686861
6686893
6686909
6686921
6686941
6686947
6686983
6686987
6687011
6687013
6687017
6687049
6687077
6687097
6687127
6687133
6687143
6687167
6687173
6687199
6687209
6687229
6687251
6687283
6687293
6687323
6687353
6687367
6687379
6687383
6687389
6687391
6687427
6687437
6687451
6687463
6687497
6687521
6687523
6687529
6687533
6687539
6687557
6687589
6687617
6687623
6687631
6687689
6687701
6687757
6687761
6687763
6687767
6687773
6687781
6687803
6687809
6687823
6687853
6687869
6687881
6687931
6687973
6687983
6688001
6688013
6688027
6688049
6688051
6688069
6688079
6688093
6688103
6688109
6688111
6688117
6688127
6688151
6688153
6688211
6688217
6688267
6688273
6688301
6688307
6688309
6688313
6688337
6688351
6688387
6688393
6688411
6688421
6688433
6688457
6688471
6688481
6688499
6688501
6688519
6688537
6688559
6688573
6688579
6688603
6688631
6688639
6688651
6688657
6688663
6688673
6688691
6688723
6688727
6688757
6688783
6688789
6688793
6688807
6688813
6688831
6688849
6688853
6688859
6688907
6688909
6688919
6688933
6688943
6688967
6688999
6689029
6689047
6689069
6689099
6689101
6689117
6689131
6689141
6689147
6689153
6689171
6689203
6689233
6689237
6689239
6689257
6689281
6689303
6689317
6689323
6689327
6689339
6689351
6689359
6689363
6689377
6689383
6689399
6689413
6689429
6689491
6689497
6689503
6689537
6689561
6689567
6689581
6689587
6689591
6689593
6689611
6689623
6689629
6689659
6689681
6689689
6689699
6689701
6689719
6689723
6689741
6689773
6689779
6689791
6689797
6689801
6689821
6689869
6689873
6689909
6689971
6689989
6689999
6690001
6690029
6690059
6690067
6690107
6690119
6690143
6690149
6690169
6690179
6690191
6690199
6690221
6690227
6690239
6690247
6690251
6690269
6690289
6690319
6690323
6690331
6690347
6690353
6690361
6690373
6690379
6690427
6690433
6690473
6690479
6690517
6690557
6690559
6690569
6690577
6690583
6690587
6690601
6690611
6690623
6690643
6690647
6690689
6690701
6690703
6690721
6690737
6690743
6690767
6690787
6690797
6690829
6690847
6690863
6690881
6690899
6690923
6690941
6690949
6690973
6690989
6690991
6690997
6691007
6691019
6691037
6691039
6691049
6691051
6691057
6691073
6691079
6691093
6691099
6691129
6691147
6691163
6691169
6691171
6691177
6691193
6691207
6691219
6691231
6691259
6691277
6691301
6691309
6691331
6691337
6691361
6691369
6691397
6691403
6691411
6691423
6691427
6691457
6691463
6691471
6691481
6691483
6691493
6691501
6691507
6691513
6691519
6691541
6691577
6691613
6691631
6691637
6691661
6691687
6691697
6691723
6691771
6691777
6691793
6691799
6691801
6691843
6691859
6691891
6691903
6691943
6691969
6691981
6691987
6692017
6692029
6692051
6692053
6692071
6692083
6692087
6692093
6692099
6692107
6692111
6692117
6692131
6692141
6692167
6692173
6692183
6692197
6692209
6692261
6692263
6692267
6692269
6692281
6692297
6692299
6692303
6692317
6692341
6692347
6692353
6692383
6692393
6692419
6692423
6692431
6692437
6692443
6692461
6692473
6692479
6692501
6692507
6692513
6692549
6692551
6692557
6692573
6692593
6692603
6692629
6692663
6692669
6692677
6692689
6692723
6692729
6692759
6692767
6692771
6692809
6692813
6692827
6692843
6692863
6692867
6692897
6692909
6692923
6692929
6692953
6693013
6693059
6693061
6693083
6693101
6693107
6693133
6693143
6693163
6693217
6693227
6693277
6693289
6693307
6693311
6693319
6693331
6693341
6693343
6693353
6693361
6693397
6693413
6693419
6693431
6693439
6693451
6693457
6693473
6693481
6693487
6693497
6693503
6693517
6693539
6693541
6693569
6693571
6693593
6693607
6693611
6693623
6693629
6693637
6693641
6693647
6693649
6693689
6693697
6693703
6693721
6693761
6693773
6693821
6693829
6693839
6693887
6693901
6693913
6693917
6693931
6693941
6693949
6693961
6693991
6693997
6694001
6694013
6694019
6694021
6694087
6694091
6694097
6694117
6694133
6694147
6694183
6694211
6694217
6694229
6694249
6694253
6694267
6694307
6694309
6694333
6694339
6694349
6694361
6694367
6694393
6694399
6694409
6694417
6694433
6694463
6694469
6694477
6694511
6694537
6694561
6694643
6694663
6694673
6694687
6694693
6694703
6694711
6694747
6694763
6694769
6694823
6694829
6694837
6694861
6694871
6694879
6694901
6694913
6694937
6694949
6694979
6694981
6694993
6694997
6694999
6695021
6695041
6695069
6695071
6695081
6695111
6695131
6695149
6695153
6695159
6695167
6695207
6695219
6695233
6695237
6695257
6695281
6695321
6695333
6695389
6695393
6695407
6695413
6695417
6695419
6695431
6695441
6695453
6695459
6695489
6695503
6695509
6695537
6695539
6695561
6695617
6695627
6695629
6695639
6695641
6695651
6695653
6695681
6695687
6695699
6695701
6695707
6695713
6695729
6695743
6695747
6695863
6695869
6695873
6695891
6695903
6695933
6695947
6695951
6695959
6695981
6695987
6695993
6696023
6696049
6696061
6696077
6696083
6696091
6696101
6696103
6696127
6696143
6696163
6696169
6696229
6696233
6696241
6696253
6696257
6696259
6696281
6696293
6696307
6696331
6696337
6696343
6696353
6696359
6696373
6696377
6696383
6696451
6696463
6696479
6696491
6696517
6696553
6696577
6696581
6696587
6696601
6696617
6696619
6696637
6696643
6696661
6696671
6696673
6696707
6696743
6696757
6696773
6696779
6696787
6696799
6696829
6696839
6696853
6696857
6696869
6696871
6696917
6696919
6696923
6696953
6696959
6697043
6697049
6697051
6697081
6697087
6697109
6697127
6697153
6697157
6697169
6697189
6697193
6697199
6697213
6697219
6697241
6697277
6697279
6697283
6697297
6697307
6697319
6697321
6697331
6697343
6697357
6697363
6697381
6697399
6697403
6697423
6697429
6697441
6697459
6697477
6697487
6697489
6697499
6697511
6697529
6697549
6697553
6697567
6697573
6697589
6697591
6697597
6697619
6697651
6697657
6697661
6697667
6697681
6697693
6697721
6697727
6697741
6697751
6697759
6697763
6697771
6697799
6697837
6697841
6697843
6697877
6697897
6697921
6697939
6697967
6697973
6697979
6698009
6698033
6698039
6698053
6698063
6698071
6698099
6698143
6698149
6698189
6698207
6698231
6698233
6698281
6698291
6698303
6698309
6698311
6698339
6698381
6698383
6698389
6698413
6698429
6698441
6698467
6698477
6698491
6698501
6698509
6698533
6698551
6698557
6698567
6698569
6698579
6698597
6698599
6698611
6698633
6698651
6698677
6698687
6698689
6698729
6698737
6698743
6698749
6698761
6698767
6698771
6698777
6698803
6698807
6698831
6698897
6698899
6698903
6698953
6698977
6698981
6698987
6699059
6699061
6699067
6699073
6699089
6699097
6699101
6699103
6699151
6699167
6699197
6699211
6699221
6699227
6699247
6699269
6699281
6699293
6699307
6699311
6699337
6699349
6699361
6699367
6699389
6699401
6699421
6699439
6699481
6699491
6699541
6699577
6699599
6699607
6699611
6699613
6699617
6699619
6699643
6699703
6699727
6699743
6699757
6699767
6699779
6699793
6699817
6699821
6699827
6699839
6699857
6699859
6699871
6699881
6699893
6699907
6699919
6699929
6699941
6699947
6699949
6699961
6699977
6700007
6700033
6700039
6700063
6700079
6700087
6700093
6700129
6700147
6700157
6700163
6700171
6700231
6700237
6700249
6700271
6700277
6700279
6700321
6700327
6700387
6700399
6700403
6700409
6700411
6700417
6700489
6700493
6700501
6700517
6700553
6700579
6700583
6700607
6700609
6700621
6700637
6700651
6700657
6700691
6700693
6700697
6700699
6700709
6700717
6700723
6700739
6700741
6700777
6700783
6700831
6700849
6700879
6700891
6700919
6700921
6700933
6700937
6700957
6700961
6700973
6700987
6700997
6701003
6701021
6701029
6701039
6701069
6701083
6701131
6701141
6701143
6701147
6701159
6701197
6701207
6701221
6701251
6701263
6701269
6701287
6701309
6701311
6701323
6701339
6701341
6701347
6701353
6701369
6701377
6701381
6701393
6701411
6701413
6701437
6701447
6701459
6701467
6701483
6701537
6701603
6701609
6701627
6701641
6701693
6701701
6701707
6701713
6701729
6701741
6701749
6701753
6701759
6701771
6701801
6701803
6701831
6701837
6701843
6701861
6701867
6701873
6701881
6701923
6701941
6701953
6701957
6701971
6701977
6702011
6702037
6702043
6702049
6702053
6702067
6702089
6702119
6702139
6702149
6702181
6702191
6702197
6702209
6702239
6702257
6702263
6702271
6702287
6702299
6702317
6702343
6702347
6702359
6702379
6702413
6702427
6702431
6702457
6702463
6702469
6702473
6702503
6702517
6702533
6702547
6702559
6702571
6702583
6702599
6702617
6702653
6702667
6702671
6702691
6702713
6702733
6702749
6702757
6702769
6702779
6702791
6702823
6702827
6702833
6702841
6702847
6702869
6702887
6702893
6702907
There are 1973 prime numbers in S431.
