S432(6702913~6734016)
6702919
6702923
6702929
6702979
6703001
6703003
6703019
6703043
6703057
6703061
6703087
6703111
6703127
6703129
6703133
6703153
6703159
6703199
6703217
6703241
6703247
6703261
6703271
6703297
6703309
6703337
6703349
6703357
6703363
6703381
6703393
6703397
6703427
6703451
6703453
6703483
6703507
6703513
6703579
6703589
6703591
6703597
6703621
6703633
6703651
6703679
6703687
6703691
6703709
6703721
6703759
6703783
6703799
6703841
6703847
6703849
6703867
6703877
6703883
6703889
6703913
6703927
6703937
6703943
6703973
6703981
6703997
6703999
6704003
6704011
6704021
6704051
6704081
6704099
6704119
6704143
6704149
6704161
6704179
6704209
6704213
6704237
6704261
6704267
6704297
6704309
6704333
6704377
6704413
6704417
6704429
6704471
6704479
6704483
6704497
6704507
6704519
6704521
6704531
6704557
6704567
6704611
6704617
6704641
6704653
6704669
6704671
6704717
6704729
6704741
6704759
6704779
6704791
6704801
6704813
6704821
6704837
6704839
6704843
6704857
6704869
6704903
6704909
6704921
6704923
6704927
6704969
6705001
6705019
6705031
6705037
6705053
6705073
6705077
6705079
6705091
6705109
6705113
6705133
6705143
6705163
6705211
6705227
6705229
6705247
6705277
6705287
6705299
6705323
6705329
6705341
6705359
6705367
6705371
6705373
6705389
6705449
6705469
6705481
6705511
6705539
6705541
6705553
6705557
6705563
6705593
6705617
6705619
6705649
6705659
6705661
6705697
6705731
6705733
6705749
6705767
6705773
6705779
6705793
6705799
6705817
6705821
6705823
6705851
6705859
6705887
6705899
6705911
6705977
6705997
6706003
6706009
6706019
6706033
6706057
6706067
6706079
6706081
6706099
6706103
6706111
6706121
6706129
6706153
6706169
6706181
6706187
6706207
6706223
6706229
6706243
6706253
6706267
6706277
6706303
6706319
6706321
6706327
6706331
6706339
6706351
6706367
6706369
6706379
6706387
6706393
6706397
6706421
6706423
6706459
6706463
6706481
6706519
6706529
6706537
6706543
6706549
6706573
6706591
6706597
6706613
6706621
6706631
6706669
6706681
6706699
6706709
6706727
6706741
6706747
6706751
6706771
6706781
6706793
6706811
6706841
6706849
6706907
6706927
6706939
6706957
6706969
6707017
6707047
6707083
6707087
6707111
6707117
6707119
6707123
6707131
6707137
6707143
6707153
6707159
6707161
6707177
6707201
6707219
6707243
6707263
6707273
6707279
6707291
6707293
6707339
6707357
6707359
6707369
6707387
6707411
6707413
6707429
6707447
6707461
6707483
6707489
6707507
6707531
6707539
6707543
6707549
6707557
6707573
6707581
6707587
6707599
6707629
6707633
6707677
6707681
6707689
6707717
6707731
6707747
6707783
6707801
6707803
6707807
6707819
6707821
6707851
6707863
6707879
6707891
6707917
6707929
6707933
6707947
6707963
6707971
6707993
6707999
6708017
6708061
6708067
6708071
6708089
6708113
6708179
6708181
6708199
6708209
6708227
6708253
6708259
6708271
6708277
6708281
6708283
6708337
6708343
6708347
6708371
6708397
6708409
6708413
6708437
6708439
6708497
6708503
6708517
6708563
6708587
6708589
6708607
6708613
6708619
6708631
6708649
6708661
6708673
6708677
6708701
6708721
6708739
6708749
6708781
6708787
6708791
6708797
6708799
6708809
6708839
6708851
6708853
6708857
6708859
6708869
6708883
6708901
6708907
6708913
6708929
6708937
6708943
6708959
6708967
6708971
6708983
6709009
6709019
6709049
6709057
6709069
6709091
6709093
6709133
6709159
6709163
6709177
6709181
6709187
6709189
6709201
6709253
6709273
6709289
6709309
6709331
6709349
6709369
6709379
6709387
6709397
6709463
6709487
6709501
6709511
6709513
6709519
6709529
6709541
6709553
6709561
6709597
6709607
6709613
6709627
6709631
6709663
6709687
6709693
6709699
6709711
6709723
6709727
6709751
6709757
6709783
6709789
6709823
6709837
6709841
6709867
6709873
6709877
6709889
6709891
6709921
6709949
6709957
6709961
6709973
6709979
6710009
6710027
6710029
6710047
6710071
6710083
6710153
6710159
6710161
6710191
6710203
6710219
6710243
6710261
6710267
6710269
6710303
6710317
6710321
6710329
6710369
6710371
6710377
6710381
6710399
6710419
6710437
6710441
6710443
6710449
6710471
6710521
6710533
6710567
6710569
6710609
6710617
6710621
6710647
6710657
6710659
6710677
6710723
6710729
6710747
6710761
6710771
6710783
6710791
6710797
6710827
6710833
6710863
6710887
6710897
6710909
6710927
6710929
6710947
6710969
6710983
6711011
6711017
6711031
6711043
6711071
6711077
6711079
6711113
6711119
6711121
6711137
6711149
6711157
6711163
6711169
6711179
6711197
6711217
6711227
6711233
6711241
6711251
6711253
6711301
6711307
6711317
6711343
6711371
6711391
6711421
6711431
6711437
6711449
6711451
6711473
6711491
6711511
6711521
6711533
6711539
6711571
6711581
6711587
6711637
6711641
6711643
6711667
6711671
6711697
6711703
6711707
6711713
6711739
6711743
6711773
6711797
6711811
6711833
6711853
6711863
6711869
6711877
6711937
6711949
6711953
6711967
6711977
6711983
6711989
6712007
6712019
6712033
6712037
6712051
6712061
6712129
6712141
6712193
6712243
6712249
6712259
6712267
6712271
6712283
6712289
6712333
6712351
6712361
6712367
6712373
6712417
6712421
6712441
6712451
6712457
6712463
6712471
6712483
6712487
6712499
6712513
6712579
6712591
6712631
6712639
6712661
6712669
6712697
6712721
6712723
6712729
6712751
6712753
6712787
6712789
6712817
6712831
6712847
6712879
6712903
6712913
6712921
6712933
6712939
6712997
6713017
6713027
6713029
6713039
6713051
6713059
6713087
6713089
6713101
6713107
6713129
6713149
6713173
6713177
6713191
6713219
6713221
6713257
6713261
6713279
6713321
6713323
6713363
6713383
6713389
6713393
6713407
6713417
6713431
6713489
6713491
6713507
6713513
6713533
6713549
6713569
6713573
6713579
6713617
6713647
6713653
6713671
6713683
6713699
6713711
6713717
6713731
6713741
6713747
6713767
6713779
6713789
6713797
6713803
6713851
6713857
6713867
6713899
6713911
6713921
6713923
6713947
6713951
6713969
6713981
6713989
6714007
6714013
6714017
6714041
6714047
6714053
6714067
6714077
6714079
6714107
6714151
6714157
6714161
6714173
6714181
6714187
6714193
6714217
6714221
6714241
6714251
6714263
6714311
6714317
6714319
6714329
6714343
6714349
6714403
6714431
6714443
6714479
6714481
6714497
6714503
6714511
6714523
6714527
6714559
6714563
6714577
6714583
6714599
6714601
6714607
6714637
6714647
6714671
6714679
6714703
6714707
6714709
6714713
6714739
6714787
6714793
6714821
6714823
6714833
6714853
6714893
6714899
6714913
6714931
6714943
6714947
6714977
6714989
6714991
6715001
6715039
6715061
6715067
6715073
6715081
6715087
6715097
6715123
6715129
6715141
6715157
6715171
6715193
6715201
6715217
6715223
6715231
6715249
6715253
6715271
6715273
6715277
6715279
6715297
6715301
6715309
6715337
6715339
6715351
6715367
6715403
6715409
6715421
6715441
6715469
6715481
6715483
6715523
6715567
6715573
6715589
6715627
6715637
6715649
6715679
6715691
6715699
6715717
6715727
6715739
6715769
6715771
6715801
6715811
6715823
6715831
6715837
6715847
6715859
6715861
6715889
6715897
6715903
6715913
6715921
6715937
6715957
6715963
6715967
6715979
6715991
6715993
6715997
6715999
6716009
6716011
6716053
6716077
6716093
6716113
6716117
6716137
6716153
6716191
6716201
6716209
6716221
6716257
6716267
6716287
6716293
6716327
6716363
6716393
6716401
6716417
6716431
6716447
6716453
6716459
6716461
6716477
6716533
6716539
6716551
6716569
6716627
6716639
6716651
6716653
6716681
6716687
6716693
6716701
6716761
6716767
6716791
6716797
6716821
6716837
6716867
6716873
6716891
6716909
6716917
6716923
6716929
6716953
6716977
6716993
6717001
6717031
6717037
6717047
6717077
6717079
6717083
6717101
6717103
6717119
6717131
6717143
6717149
6717169
6717181
6717197
6717223
6717229
6717281
6717301
6717307
6717323
6717341
6717349
6717383
6717391
6717401
6717407
6717413
6717419
6717427
6717433
6717457
6717479
6717493
6717497
6717509
6717517
6717551
6717553
6717577
6717593
6717619
6717629
6717649
6717653
6717671
6717673
6717701
6717709
6717713
6717769
6717787
6717791
6717797
6717829
6717833
6717853
6717859
6717877
6717881
6717899
6717947
6717959
6717961
6718003
6718021
6718031
6718067
6718087
6718099
6718163
6718171
6718193
6718199
6718211
6718223
6718241
6718253
6718259
6718273
6718303
6718319
6718331
6718337
6718339
6718367
6718379
6718391
6718399
6718441
6718447
6718469
6718471
6718477
6718483
6718487
6718489
6718493
6718499
6718541
6718561
6718567
6718573
6718583
6718589
6718667
6718687
6718721
6718727
6718741
6718759
6718763
6718771
6718781
6718787
6718819
6718853
6718889
6718897
6718919
6718937
6718939
6718963
6718997
6719003
6719017
6719077
6719101
6719107
6719113
6719117
6719143
6719149
6719159
6719161
6719177
6719183
6719221
6719231
6719299
6719303
6719327
6719341
6719347
6719353
6719357
6719359
6719371
6719413
6719423
6719441
6719477
6719491
6719501
6719509
6719527
6719563
6719593
6719621
6719623
6719627
6719639
6719693
6719701
6719719
6719729
6719759
6719789
6719809
6719813
6719827
6719837
6719849
6719861
6719873
6719893
6719897
6719917
6719969
6719983
6719989
6720011
6720047
6720059
6720089
6720143
6720157
6720173
6720179
6720191
6720227
6720229
6720239
6720251
6720271
6720283
6720289
6720299
6720323
6720331
6720353
6720361
6720367
6720377
6720383
6720403
6720407
6720409
6720437
6720443
6720473
6720481
6720499
6720503
6720517
6720523
6720533
6720589
6720601
6720607
6720617
6720619
6720629
6720667
6720673
6720683
6720691
6720697
6720719
6720731
6720739
6720743
6720751
6720773
6720811
6720817
6720821
6720823
6720841
6720887
6720911
6720929
6720941
6720947
6721009
6721019
6721051
6721061
6721093
6721109
6721123
6721133
6721147
6721153
6721157
6721159
6721177
6721181
6721189
6721199
6721207
6721213
6721219
6721237
6721259
6721277
6721283
6721289
6721303
6721331
6721333
6721343
6721361
6721367
6721381
6721387
6721411
6721427
6721433
6721439
6721447
6721469
6721483
6721487
6721489
6721501
6721523
6721541
6721549
6721553
6721567
6721571
6721577
6721609
6721661
6721667
6721669
6721691
6721711
6721723
6721733
6721739
6721747
6721751
6721769
6721787
6721789
6721843
6721849
6721859
6721861
6721867
6721879
6721927
6721943
6721951
6721961
6721969
6721973
6721993
6721999
6722039
6722057
6722063
6722069
6722117
6722129
6722137
6722153
6722161
6722173
6722207
6722239
6722263
6722273
6722291
6722321
6722329
6722341
6722377
6722393
6722399
6722411
6722413
6722423
6722473
6722477
6722479
6722537
6722539
6722549
6722557
6722563
6722581
6722587
6722593
6722603
6722623
6722657
6722659
6722669
6722687
6722689
6722717
6722719
6722741
6722743
6722747
6722759
6722761
6722767
6722791
6722797
6722801
6722819
6722839
6722843
6722857
6722861
6722869
6722879
6722899
6722909
6722929
6722957
6722987
6723023
6723037
6723049
6723053
6723071
6723077
6723089
6723091
6723113
6723121
6723127
6723163
6723181
6723193
6723217
6723251
6723257
6723259
6723271
6723289
6723293
6723323
6723329
6723349
6723371
6723403
6723427
6723439
6723443
6723461
6723499
6723503
6723533
6723539
6723571
6723583
6723589
6723593
6723617
6723623
6723637
6723641
6723643
6723667
6723697
6723709
6723719
6723727
6723733
6723757
6723763
6723767
6723779
6723799
6723803
6723863
6723881
6723901
6723907
6723917
6723949
6723971
6723979
6724007
6724013
6724021
6724033
6724037
6724051
6724063
6724093
6724111
6724139
6724169
6724177
6724189
6724219
6724229
6724247
6724253
6724261
6724283
6724301
6724307
6724351
6724357
6724373
6724379
6724387
6724439
6724453
6724463
6724477
6724507
6724511
6724583
6724591
6724603
6724609
6724621
6724631
6724637
6724649
6724709
6724721
6724747
6724759
6724769
6724771
6724789
6724793
6724801
6724829
6724831
6724847
6724853
6724859
6724871
6724873
6724889
6724903
6724931
6724933
6724937
6724951
6724981
6724987
6724999
6725021
6725027
6725051
6725063
6725077
6725093
6725099
6725101
6725113
6725119
6725123
6725141
6725143
6725153
6725161
6725167
6725197
6725219
6725239
6725249
6725261
6725273
6725281
6725309
6725317
6725339
6725347
6725363
6725377
6725399
6725401
6725423
6725429
6725437
6725441
6725443
6725473
6725479
6725491
6725497
6725513
6725519
6725531
6725533
6725549
6725597
6725611
6725633
6725657
6725687
6725717
6725731
6725737
6725743
6725827
6725833
6725839
6725843
6725861
6725879
6725881
6725891
6725899
6725909
6725911
6725923
6725951
6725963
6725969
6725987
6726023
6726053
6726073
6726079
6726107
6726131
6726151
6726157
6726179
6726191
6726221
6726227
6726229
6726233
6726241
6726257
6726299
6726329
6726367
6726383
6726397
6726427
6726431
6726481
6726487
6726493
6726497
6726523
6726529
6726539
6726547
6726571
6726581
6726607
6726623
6726647
6726667
6726689
6726697
6726737
6726739
6726749
6726761
6726763
6726773
6726793
6726799
6726821
6726947
6726949
6726953
6726961
6726989
6726991
6727009
6727013
6727027
6727069
6727073
6727079
6727099
6727139
6727163
6727177
6727181
6727187
6727199
6727207
6727213
6727249
6727267
6727271
6727283
6727297
6727319
6727337
6727351
6727361
6727363
6727379
6727397
6727417
6727429
6727433
6727447
6727481
6727493
6727517
6727519
6727541
6727543
6727547
6727549
6727559
6727579
6727583
6727601
6727603
6727619
6727621
6727657
6727663
6727667
6727703
6727717
6727741
6727769
6727771
6727781
6727783
6727789
6727793
6727811
6727817
6727849
6727867
6727871
6727879
6727927
6727943
6727949
6727967
6727993
6728009
6728011
6728027
6728041
6728047
6728083
6728101
6728123
6728129
6728131
6728149
6728171
6728177
6728179
6728201
6728221
6728231
6728251
6728257
6728273
6728279
6728321
6728327
6728347
6728369
6728383
6728399
6728401
6728437
6728441
6728467
6728503
6728521
6728531
6728539
6728543
6728563
6728569
6728591
6728639
6728653
6728663
6728713
6728723
6728731
6728749
6728759
6728801
6728809
6728833
6728837
6728861
6728873
6728881
6728947
6728963
6728977
6729007
6729017
6729053
6729061
6729083
6729089
6729109
6729137
6729157
6729169
6729193
6729197
6729209
6729223
6729241
6729257
6729259
6729269
6729313
6729329
6729341
6729347
6729361
6729377
6729383
6729389
6729419
6729427
6729461
6729469
6729473
6729487
6729493
6729497
6729509
6729517
6729521
6729533
6729571
6729587
6729589
6729607
6729631
6729643
6729647
6729659
6729661
6729677
6729683
6729691
6729719
6729721
6729727
6729787
6729791
6729799
6729817
6729829
6729847
6729871
6729901
6729911
6729991
6730033
6730037
6730043
6730049
6730051
6730067
6730093
6730121
6730153
6730159
6730177
6730187
6730201
6730211
6730253
6730261
6730271
6730277
6730279
6730289
6730319
6730327
6730331
6730333
6730343
6730357
6730369
6730391
6730463
6730469
6730481
6730483
6730501
6730531
6730547
6730561
6730571
6730583
6730597
6730609
6730613
6730637
6730663
6730667
6730681
6730687
6730699
6730709
6730727
6730771
6730783
6730811
6730849
6730903
6730907
6730909
6730939
6730949
6730951
6730961
6730967
6730979
6730991
6730993
6731009
6731017
6731027
6731029
6731033
6731041
6731047
6731059
6731063
6731069
6731083
6731107
6731113
6731117
6731171
6731183
6731239
6731267
6731273
6731279
6731281
6731311
6731323
6731327
6731363
6731401
6731407
6731437
6731449
6731467
6731471
6731489
6731497
6731537
6731539
6731561
6731563
6731579
6731591
6731597
6731611
6731623
6731633
6731639
6731651
6731657
6731707
6731713
6731717
6731729
6731759
6731773
6731783
6731797
6731821
6731843
6731849
6731869
6731903
6731927
6731941
6731957
6731981
6731993
6732029
6732041
6732059
6732097
6732107
6732127
6732151
6732157
6732163
6732179
6732181
6732191
6732197
6732247
6732269
6732281
6732283
6732293
6732311
6732337
6732343
6732347
6732359
6732373
6732449
6732461
6732469
6732497
6732503
6732511
6732521
6732529
6732541
6732563
6732577
6732589
6732599
6732613
6732619
6732623
6732647
6732659
6732679
6732683
6732689
6732701
6732709
6732751
6732773
6732787
6732793
6732809
6732823
6732827
6732851
6732857
6732889
6732893
6732899
6732907
6732919
6732931
6732937
6732949
6732953
6732967
6732989
6733033
6733073
6733093
6733099
6733109
6733121
6733123
6733127
6733141
6733147
6733151
6733171
6733187
6733193
6733211
6733219
6733229
6733247
6733253
6733261
6733271
6733283
6733289
6733291
6733313
6733351
6733357
6733369
6733379
6733393
6733439
6733453
6733469
6733511
6733579
6733609
6733613
6733627
6733633
6733637
6733663
6733669
6733681
6733709
6733721
6733747
6733777
6733787
6733807
6733813
6733817
6733823
6733841
6733861
6733879
6733891
6733897
6733901
6733907
6733919
6733927
6733957
6733997
6734011
There are 2004 prime numbers in S432.
