S433(6734017~6765192)
6734017
6734029
6734033
6734047
6734053
6734059
6734069
6734081
6734093
6734141
6734149
6734173
6734179
6734183
6734191
6734213
6734249
6734257
6734267
6734281
6734297
6734309
6734327
6734369
6734381
6734383
6734401
6734443
6734447
6734459
6734477
6734479
6734491
6734503
6734521
6734543
6734573
6734593
6734597
6734599
6734603
6734627
6734633
6734647
6734681
6734713
6734729
6734731
6734753
6734779
6734803
6734813
6734831
6734867
6734879
6734881
6734891
6734921
6734927
6734939
6734951
6734969
6734977
6734993
6735011
6735013
6735017
6735019
6735037
6735049
6735089
6735097
6735107
6735151
6735161
6735173
6735181
6735217
6735229
6735271
6735283
6735301
6735307
6735319
6735341
6735347
6735359
6735373
6735397
6735403
6735413
6735427
6735433
6735467
6735493
6735497
6735503
6735529
6735539
6735571
6735581
6735601
6735613
6735623
6735643
6735647
6735653
6735661
6735667
6735679
6735727
6735731
6735733
6735749
6735761
6735763
6735811
6735829
6735847
6735863
6735871
6735877
6735901
6735913
6735919
6735923
6735943
6735947
6735973
6735977
6736003
6736019
6736027
6736039
6736061
6736069
6736111
6736117
6736123
6736129
6736157
6736189
6736211
6736243
6736253
6736271
6736273
6736283
6736297
6736319
6736333
6736339
6736343
6736351
6736361
6736417
6736441
6736451
6736453
6736481
6736487
6736489
6736511
6736519
6736523
6736531
6736537
6736547
6736549
6736603
6736633
6736643
6736663
6736687
6736727
6736733
6736739
6736759
6736771
6736799
6736817
6736819
6736823
6736831
6736837
6736841
6736859
6736897
6736927
6736931
6736943
6736973
6736987
6736991
6737009
6737021
6737057
6737063
6737099
6737123
6737131
6737141
6737147
6737149
6737177
6737207
6737231
6737233
6737239
6737257
6737273
6737299
6737303
6737317
6737327
6737347
6737351
6737371
6737383
6737411
6737417
6737429
6737443
6737449
6737473
6737503
6737513
6737527
6737531
6737557
6737581
6737611
6737639
6737651
6737659
6737669
6737671
6737677
6737701
6737707
6737719
6737767
6737777
6737789
6737791
6737803
6737807
6737821
6737833
6737839
6737849
6737891
6737893
6737903
6737921
6737953
6737963
6737987
6738007
6738031
6738047
6738059
6738079
6738089
6738091
6738131
6738133
6738139
6738163
6738169
6738187
6738197
6738203
6738223
6738233
6738269
6738301
6738317
6738337
6738349
6738359
6738373
6738383
6738419
6738427
6738451
6738461
6738481
6738491
6738499
6738503
6738533
6738541
6738553
6738623
6738631
6738649
6738689
6738727
6738751
6738757
6738761
6738763
6738799
6738827
6738857
6738877
6738887
6738889
6738899
6738913
6738929
6738943
6738959
6738961
6738971
6738973
6739009
6739037
6739043
6739063
6739067
6739147
6739151
6739153
6739177
6739193
6739199
6739231
6739267
6739273
6739279
6739289
6739297
6739301
6739303
6739309
6739331
6739333
6739363
6739373
6739387
6739409
6739417
6739423
6739451
6739459
6739477
6739487
6739501
6739541
6739543
6739549
6739559
6739573
6739591
6739627
6739643
6739709
6739723
6739751
6739771
6739783
6739793
6739801
6739807
6739877
6739903
6739913
6739921
6739963
6739969
6739979
6739981
6739987
6740021
6740023
6740029
6740077
6740087
6740089
6740099
6740131
6740137
6740141
6740147
6740171
6740183
6740189
6740191
6740197
6740273
6740297
6740341
6740351
6740369
6740387
6740389
6740399
6740407
6740429
6740443
6740471
6740473
6740477
6740479
6740491
6740501
6740507
6740519
6740543
6740597
6740647
6740651
6740659
6740707
6740711
6740719
6740737
6740743
6740759
6740761
6740807
6740813
6740819
6740827
6740831
6740843
6740849
6740861
6740869
6740873
6740879
6740897
6740917
6740941
6740969
6740971
6740977
6740989
6740999
6741019
6741023
6741037
6741089
6741101
6741103
6741113
6741151
6741173
6741221
6741223
6741227
6741233
6741263
6741269
6741313
6741337
6741341
6741347
6741373
6741419
6741421
6741431
6741433
6741439
6741443
6741451
6741463
6741481
6741487
6741491
6741533
6741551
6741557
6741563
6741569
6741577
6741587
6741613
6741617
6741619
6741641
6741689
6741701
6741703
6741719
6741767
6741793
6741799
6741853
6741857
6741859
6741869
6741883
6741887
6741899
6741901
6741913
6741929
6741937
6741953
6741961
6741991
6742003
6742037
6742067
6742091
6742117
6742171
6742189
6742193
6742199
6742201
6742213
6742237
6742249
6742259
6742279
6742313
6742349
6742361
6742363
6742369
6742423
6742433
6742441
6742451
6742459
6742481
6742493
6742507
6742517
6742553
6742559
6742577
6742643
6742649
6742651
6742691
6742699
6742709
6742733
6742753
6742763
6742781
6742783
6742807
6742817
6742859
6742889
6742913
6742921
6742951
6742961
6742969
6742997
6743017
6743053
6743059
6743069
6743111
6743129
6743153
6743159
6743161
6743171
6743173
6743189
6743197
6743239
6743249
6743257
6743267
6743273
6743279
6743281
6743291
6743323
6743327
6743333
6743353
6743357
6743369
6743371
6743381
6743431
6743437
6743447
6743449
6743453
6743459
6743491
6743533
6743563
6743579
6743603
6743609
6743629
6743663
6743683
6743687
6743699
6743717
6743729
6743753
6743767
6743777
6743783
6743801
6743809
6743831
6743843
6743851
6743873
6743887
6743923
6743927
6743929
6743941
6743987
6744007
6744013
6744041
6744071
6744079
6744097
6744137
6744139
6744161
6744169
6744181
6744191
6744203
6744209
6744217
6744229
6744233
6744239
6744253
6744263
6744271
6744277
6744289
6744293
6744299
6744301
6744307
6744319
6744347
6744371
6744383
6744389
6744403
6744407
6744431
6744433
6744469
6744473
6744499
6744511
6744523
6744527
6744539
6744557
6744571
6744581
6744583
6744611
6744613
6744653
6744659
6744667
6744757
6744769
6744779
6744781
6744817
6744827
6744847
6744889
6744893
6744901
6744931
6744961
6744967
6744973
6744977
6744979
6745001
6745009
6745021
6745027
6745031
6745051
6745061
6745069
6745121
6745129
6745147
6745159
6745169
6745181
6745183
6745199
6745201
6745229
6745231
6745241
6745261
6745267
6745289
6745301
6745307
6745331
6745357
6745369
6745391
6745397
6745421
6745439
6745451
6745457
6745483
6745499
6745511
6745517
6745523
6745553
6745559
6745579
6745597
6745621
6745633
6745643
6745657
6745663
6745667
6745679
6745691
6745709
6745751
6745763
6745801
6745811
6745829
6745841
6745873
6745897
6745903
6745909
6745913
6745919
6745927
6745939
6745943
6745961
6745979
6745997
6746039
6746041
6746053
6746057
6746063
6746101
6746137
6746147
6746171
6746209
6746219
6746231
6746249
6746261
6746281
6746293
6746339
6746351
6746353
6746359
6746371
6746381
6746393
6746401
6746449
6746461
6746471
6746479
6746483
6746503
6746513
6746527
6746533
6746549
6746557
6746581
6746599
6746609
6746611
6746627
6746639
6746651
6746669
6746681
6746683
6746713
6746717
6746723
6746737
6746771
6746777
6746813
6746819
6746849
6746851
6746863
6746903
6746947
6746959
6746963
6746969
6746983
6746989
6747007
6747017
6747019
6747023
6747031
6747043
6747049
6747107
6747127
6747163
6747187
6747193
6747229
6747233
6747239
6747241
6747253
6747263
6747281
6747289
6747331
6747347
6747353
6747359
6747371
6747373
6747379
6747397
6747407
6747421
6747467
6747509
6747511
6747523
6747529
6747541
6747547
6747551
6747557
6747571
6747577
6747581
6747583
6747599
6747607
6747613
6747617
6747619
6747667
6747707
6747721
6747731
6747733
6747761
6747773
6747779
6747781
6747803
6747823
6747833
6747847
6747857
6747877
6747887
6747899
6747953
6747959
6747971
6747973
6747989
6748009
6748043
6748051
6748087
6748117
6748127
6748141
6748151
6748153
6748163
6748187
6748207
6748229
6748253
6748267
6748277
6748279
6748309
6748321
6748327
6748333
6748349
6748351
6748367
6748373
6748381
6748397
6748409
6748411
6748433
6748447
6748451
6748459
6748487
6748493
6748501
6748523
6748529
6748531
6748571
6748583
6748627
6748633
6748639
6748673
6748691
6748771
6748783
6748787
6748789
6748799
6748823
6748829
6748849
6748883
6748897
6748901
6748927
6748939
6748943
6748981
6748999
6749003
6749027
6749033
6749053
6749081
6749087
6749107
6749117
6749129
6749131
6749159
6749173
6749177
6749191
6749203
6749209
6749213
6749261
6749263
6749279
6749291
6749293
6749299
6749321
6749329
6749359
6749371
6749381
6749383
6749399
6749401
6749411
6749437
6749443
6749447
6749521
6749531
6749563
6749569
6749593
6749621
6749627
6749657
6749689
6749719
6749747
6749759
6749761
6749767
6749783
6749801
6749803
6749819
6749843
6749861
6749887
6749903
6749917
6749927
6749933
6749983
6749989
6750001
6750019
6750053
6750059
6750067
6750103
6750113
6750167
6750193
6750203
6750209
6750217
6750221
6750223
6750229
6750251
6750253
6750259
6750329
6750397
6750407
6750409
6750413
6750437
6750439
6750461
6750481
6750487
6750511
6750551
6750553
6750559
6750571
6750577
6750593
6750607
6750617
6750631
6750637
6750647
6750659
6750671
6750673
6750701
6750703
6750713
6750727
6750781
6750791
6750797
6750811
6750817
6750827
6750829
6750841
6750847
6750851
6750859
6750869
6750907
6750911
6750923
6750943
6750973
6751001
6751009
6751021
6751027
6751037
6751049
6751067
6751079
6751081
6751109
6751111
6751117
6751123
6751153
6751169
6751181
6751189
6751231
6751243
6751253
6751267
6751271
6751291
6751307
6751313
6751337
6751373
6751391
6751399
6751439
6751453
6751457
6751487
6751513
6751529
6751543
6751553
6751561
6751571
6751573
6751651
6751681
6751687
6751711
6751727
6751729
6751733
6751739
6751747
6751793
6751799
6751813
6751819
6751837
6751847
6751853
6751861
6751883
6751889
6751891
6751909
6751919
6751931
6751933
6751939
6751957
6751963
6751981
6751991
6751993
6752027
6752033
6752063
6752071
6752101
6752117
6752131
6752159
6752173
6752177
6752189
6752191
6752197
6752219
6752231
6752237
6752257
6752279
6752287
6752293
6752297
6752309
6752321
6752329
6752351
6752357
6752377
6752381
6752387
6752393
6752399
6752401
6752407
6752479
6752489
6752503
6752509
6752521
6752533
6752539
6752617
6752623
6752747
6752749
6752789
6752803
6752807
6752813
6752827
6752831
6752857
6752861
6752887
6752891
6752897
6752899
6752909
6752951
6752953
6752957
6753001
6753013
6753031
6753059
6753067
6753077
6753119
6753161
6753169
6753179
6753209
6753251
6753281
6753293
6753311
6753323
6753347
6753349
6753353
6753359
6753389
6753391
6753407
6753413
6753427
6753457
6753469
6753497
6753517
6753521
6753529
6753547
6753563
6753581
6753583
6753589
6753599
6753611
6753613
6753619
6753679
6753707
6753727
6753739
6753757
6753767
6753779
6753821
6753823
6753827
6753829
6753833
6753841
6753847
6753883
6753893
6753917
6753919
6753937
6753941
6753953
6753977
6754009
6754031
6754037
6754039
6754051
6754057
6754073
6754087
6754141
6754147
6754169
6754171
6754183
6754199
6754211
6754213
6754243
6754271
6754283
6754289
6754331
6754339
6754343
6754351
6754357
6754369
6754393
6754409
6754411
6754441
6754453
6754459
6754487
6754493
6754513
6754523
6754537
6754543
6754547
6754549
6754567
6754597
6754603
6754607
6754667
6754669
6754673
6754679
6754681
6754697
6754703
6754721
6754723
6754751
6754771
6754799
6754817
6754829
6754837
6754849
6754871
6754877
6754879
6754889
6754961
6754973
6754987
6754991
6755029
6755039
6755041
6755071
6755081
6755083
6755093
6755107
6755113
6755129
6755143
6755149
6755159
6755167
6755191
6755227
6755237
6755249
6755267
6755269
6755291
6755297
6755299
6755311
6755321
6755351
6755363
6755377
6755381
6755383
6755389
6755401
6755407
6755417
6755449
6755459
6755473
6755503
6755509
6755513
6755519
6755549
6755557
6755561
6755563
6755599
6755603
6755641
6755653
6755657
6755663
6755699
6755713
6755717
6755741
6755761
6755779
6755797
6755821
6755893
6755897
6755909
6755971
6755977
6755981
6755989
6755999
6756017
6756023
6756037
6756053
6756091
6756097
6756131
6756133
6756137
6756161
6756173
6756179
6756199
6756209
6756241
6756251
6756263
6756329
6756331
6756353
6756359
6756367
6756371
6756377
6756397
6756401
6756403
6756413
6756439
6756469
6756479
6756487
6756499
6756511
6756521
6756523
6756539
6756551
6756553
6756557
6756577
6756593
6756611
6756619
6756671
6756679
6756683
6756689
6756691
6756709
6756721
6756817
6756823
6756833
6756847
6756851
6756859
6756863
6756881
6756889
6756899
6756901
6756941
6756961
6756979
6756983
6756991
6757021
6757033
6757057
6757067
6757073
6757133
6757139
6757159
6757181
6757229
6757241
6757243
6757249
6757271
6757277
6757327
6757339
6757343
6757351
6757363
6757367
6757393
6757409
6757427
6757433
6757441
6757451
6757453
6757463
6757477
6757481
6757501
6757507
6757511
6757523
6757529
6757547
6757573
6757589
6757601
6757603
6757627
6757637
6757657
6757669
6757679
6757693
6757759
6757813
6757819
6757843
6757847
6757853
6757867
6757873
6757889
6757913
6757921
6757937
6757951
6757963
6757967
6757973
6757979
6757981
6757987
6758023
6758029
6758039
6758047
6758069
6758077
6758107
6758111
6758117
6758137
6758149
6758179
6758183
6758201
6758207
6758209
6758233
6758237
6758261
6758291
6758293
6758303
6758321
6758351
6758369
6758377
6758407
6758429
6758431
6758447
6758449
6758473
6758483
6758489
6758501
6758513
6758533
6758539
6758567
6758579
6758593
6758659
6758723
6758743
6758747
6758761
6758767
6758771
6758777
6758779
6758821
6758831
6758833
6758839
6758867
6758879
6758881
6758887
6758909
6758923
6758951
6758953
6758957
6758959
6758977
6758989
6759017
6759019
6759029
6759031
6759043
6759061
6759089
6759091
6759101
6759107
6759113
6759119
6759139
6759157
6759167
6759187
6759191
6759229
6759239
6759241
6759257
6759281
6759317
6759341
6759343
6759359
6759367
6759371
6759377
6759397
6759427
6759449
6759451
6759463
6759479
6759481
6759491
6759499
6759503
6759509
6759517
6759527
6759569
6759583
6759589
6759601
6759619
6759647
6759667
6759671
6759679
6759691
6759703
6759707
6759713
6759757
6759811
6759821
6759847
6759881
6759887
6759899
6759911
6759917
6759943
6759947
6759967
6759971
6759979
6759983
6759989
6760001
6760003
6760007
6760009
6760037
6760051
6760079
6760093
6760111
6760129
6760133
6760141
6760147
6760157
6760163
6760177
6760189
6760213
6760217
6760231
6760241
6760249
6760253
6760261
6760283
6760319
6760343
6760357
6760363
6760379
6760399
6760423
6760427
6760471
6760477
6760483
6760489
6760493
6760499
6760541
6760547
6760553
6760619
6760639
6760669
6760687
6760693
6760703
6760711
6760717
6760727
6760753
6760763
6760771
6760783
6760801
6760807
6760841
6760861
6760867
6760889
6760907
6760909
6760921
6760937
6760939
6760969
6760991
6761003
6761033
6761059
6761101
6761107
6761123
6761143
6761159
6761197
6761203
6761213
6761219
6761221
6761233
6761239
6761273
6761281
6761299
6761311
6761323
6761347
6761387
6761399
6761407
6761411
6761453
6761477
6761483
6761497
6761527
6761537
6761539
6761551
6761567
6761569
6761603
6761633
6761659
6761717
6761723
6761759
6761779
6761803
6761819
6761873
6761897
6761921
6761939
6761941
6761947
6761957
6761981
6761983
6762001
6762011
6762013
6762037
6762071
6762097
6762113
6762121
6762127
6762139
6762143
6762149
6762169
6762179
6762181
6762221
6762257
6762269
6762317
6762319
6762337
6762361
6762367
6762373
6762439
6762443
6762449
6762463
6762467
6762473
6762491
6762517
6762533
6762541
6762551
6762559
6762571
6762607
6762611
6762629
6762649
6762673
6762677
6762697
6762751
6762773
6762797
6762839
6762871
6762881
6762883
6762893
6762901
6762941
6762949
6762979
6763013
6763037
6763039
6763049
6763063
6763067
6763087
6763129
6763147
6763153
6763189
6763213
6763217
6763223
6763241
6763243
6763249
6763261
6763283
6763303
6763307
6763313
6763321
6763343
6763349
6763369
6763381
6763387
6763423
6763429
6763447
6763451
6763453
6763459
6763481
6763507
6763511
6763573
6763579
6763591
6763597
6763607
6763613
6763621
6763649
6763657
6763663
6763681
6763693
6763709
6763721
6763747
6763751
6763759
6763763
6763769
6763787
6763793
6763831
6763837
6763847
6763849
6763853
6763871
6763877
6763891
6763903
6763979
6763987
6763993
6763997
6764003
6764039
6764041
6764053
6764077
6764083
6764111
6764137
6764161
6764179
6764183
6764189
6764227
6764239
6764281
6764299
6764309
6764311
6764327
6764333
6764339
6764341
6764353
6764357
6764371
6764393
6764411
6764423
6764441
6764477
6764503
6764531
6764557
6764567
6764573
6764579
6764581
6764587
6764591
6764621
6764633
6764671
6764707
6764711
6764729
6764753
6764767
6764773
6764777
6764831
6764833
6764873
6764887
6764897
6764899
6764903
6764939
6764941
6764977
6764981
6764993
6765019
6765023
6765067
6765089
6765103
6765107
6765113
6765127
6765131
6765139
6765169
6765173
6765179
6765181
There are 2000 prime numbers in S433.
