S434(6765193~6796440)
6765211
6765217
6765221
6765257
6765263
6765299
6765301
6765307
6765329
6765361
6765379
6765389
6765391
6765401
6765419
6765431
6765433
6765443
6765461
6765467
6765523
6765527
6765553
6765559
6765569
6765587
6765607
6765617
6765623
6765631
6765673
6765683
6765743
6765751
6765763
6765769
6765799
6765809
6765817
6765823
6765893
6765901
6765917
6765923
6765929
6765947
6765959
6765977
6765991
6766003
6766027
6766031
6766037
6766049
6766127
6766141
6766169
6766171
6766183
6766211
6766217
6766219
6766231
6766237
6766241
6766259
6766267
6766273
6766283
6766313
6766321
6766369
6766399
6766411
6766423
6766447
6766469
6766477
6766499
6766511
6766519
6766579
6766583
6766601
6766607
6766631
6766667
6766691
6766699
6766703
6766751
6766757
6766777
6766789
6766801
6766811
6766843
6766861
6766871
6766883
6766891
6766909
6766931
6766943
6766951
6766979
6767017
6767029
6767051
6767053
6767069
6767119
6767143
6767153
6767161
6767177
6767191
6767197
6767213
6767251
6767273
6767281
6767291
6767311
6767317
6767333
6767347
6767351
6767417
6767437
6767447
6767461
6767489
6767491
6767531
6767533
6767557
6767561
6767567
6767569
6767599
6767609
6767639
6767647
6767653
6767687
6767689
6767731
6767741
6767749
6767753
6767797
6767801
6767807
6767837
6767843
6767863
6767867
6767869
6767881
6767897
6767927
6767963
6767977
6767983
6768001
6768029
6768043
6768053
6768079
6768089
6768109
6768127
6768131
6768149
6768163
6768191
6768197
6768221
6768257
6768263
6768269
6768271
6768277
6768283
6768347
6768353
6768367
6768383
6768409
6768413
6768449
6768469
6768473
6768481
6768491
6768493
6768523
6768547
6768557
6768569
6768583
6768599
6768607
6768631
6768637
6768653
6768659
6768661
6768667
6768679
6768689
6768691
6768701
6768709
6768721
6768761
6768781
6768793
6768821
6768829
6768833
6768859
6768887
6768889
6768911
6768917
6768947
6768961
6768991
6769003
6769013
6769019
6769051
6769079
6769099
6769127
6769157
6769171
6769177
6769181
6769193
6769201
6769229
6769237
6769241
6769271
6769277
6769283
6769289
6769297
6769303
6769313
6769327
6769331
6769351
6769379
6769391
6769403
6769421
6769423
6769459
6769463
6769471
6769487
6769489
6769547
6769549
6769559
6769579
6769583
6769591
6769639
6769649
6769661
6769669
6769691
6769699
6769703
6769733
6769759
6769769
6769771
6769793
6769799
6769813
6769817
6769831
6769897
6769901
6769913
6769937
6769951
6769957
6769969
6769991
6770011
6770033
6770039
6770047
6770053
6770069
6770081
6770089
6770111
6770117
6770123
6770143
6770161
6770173
6770189
6770201
6770237
6770249
6770279
6770287
6770321
6770353
6770359
6770363
6770383
6770389
6770419
6770429
6770447
6770459
6770501
6770507
6770509
6770527
6770549
6770557
6770563
6770581
6770587
6770597
6770609
6770611
6770653
6770657
6770683
6770713
6770719
6770723
6770767
6770789
6770801
6770807
6770837
6770839
6770851
6770861
6770873
6770887
6770903
6770921
6770941
6770977
6770987
6771001
6771041
6771059
6771071
6771077
6771091
6771097
6771101
6771103
6771119
6771137
6771139
6771143
6771161
6771173
6771187
6771197
6771203
6771211
6771217
6771251
6771263
6771283
6771307
6771311
6771319
6771367
6771379
6771383
6771397
6771409
6771419
6771421
6771451
6771469
6771487
6771493
6771533
6771539
6771551
6771563
6771571
6771577
6771631
6771641
6771649
6771673
6771689
6771701
6771707
6771719
6771799
6771803
6771871
6771883
6771911
6771917
6771937
6771943
6771953
6771971
6771979
6772013
6772033
6772039
6772049
6772063
6772067
6772081
6772121
6772123
6772127
6772133
6772163
6772201
6772211
6772223
6772237
6772243
6772309
6772313
6772319
6772333
6772343
6772357
6772387
6772391
6772397
6772411
6772459
6772463
6772471
6772481
6772483
6772537
6772541
6772547
6772609
6772643
6772651
6772657
6772673
6772679
6772687
6772691
6772697
6772723
6772729
6772751
6772763
6772771
6772789
6772793
6772819
6772837
6772853
6772859
6772897
6772937
6772939
6772951
6772967
6772981
6772991
6773003
6773033
6773047
6773069
6773083
6773087
6773099
6773111
6773131
6773147
6773149
6773171
6773189
6773203
6773209
6773213
6773233
6773237
6773243
6773251
6773279
6773287
6773297
6773303
6773357
6773359
6773387
6773401
6773411
6773423
6773441
6773467
6773483
6773491
6773509
6773527
6773537
6773549
6773551
6773567
6773579
6773581
6773603
6773621
6773629
6773639
6773647
6773659
6773681
6773729
6773783
6773797
6773807
6773821
6773827
6773843
6773857
6773863
6773869
6773881
6773911
6773917
6773929
6773941
6773951
6773953
6773959
6773999
6774017
6774059
6774073
6774077
6774083
6774101
6774133
6774149
6774179
6774191
6774217
6774221
6774223
6774247
6774289
6774319
6774331
6774343
6774353
6774359
6774379
6774401
6774409
6774421
6774433
6774451
6774457
6774479
6774503
6774527
6774529
6774539
6774541
6774587
6774601
6774623
6774631
6774637
6774643
6774671
6774683
6774731
6774743
6774763
6774767
6774797
6774809
6774821
6774827
6774829
6774847
6774871
6774883
6774899
6774931
6774953
6774967
6774983
6774991
6774997
6775007
6775051
6775063
6775099
6775117
6775121
6775157
6775169
6775177
6775193
6775201
6775211
6775217
6775247
6775253
6775261
6775273
6775337
6775369
6775387
6775393
6775399
6775427
6775429
6775441
6775463
6775471
6775493
6775513
6775519
6775529
6775541
6775579
6775583
6775591
6775603
6775607
6775627
6775633
6775663
6775667
6775693
6775709
6775721
6775733
6775781
6775801
6775807
6775817
6775829
6775861
6775919
6775927
6775931
6775969
6775981
6775987
6776009
6776023
6776039
6776041
6776051
6776087
6776089
6776101
6776113
6776117
6776123
6776153
6776167
6776171
6776173
6776207
6776233
6776243
6776249
6776257
6776269
6776279
6776281
6776303
6776333
6776347
6776351
6776443
6776449
6776461
6776477
6776479
6776491
6776501
6776503
6776519
6776537
6776543
6776573
6776599
6776611
6776617
6776621
6776629
6776641
6776677
6776683
6776689
6776713
6776717
6776741
6776753
6776771
6776773
6776779
6776813
6776873
6776893
6776911
6776921
6776933
6776947
6776963
6776969
6776971
6777007
6777011
6777041
6777047
6777049
6777061
6777073
6777077
6777103
6777137
6777149
6777151
6777181
6777191
6777209
6777217
6777227
6777229
6777241
6777263
6777289
6777299
6777307
6777317
6777349
6777367
6777413
6777443
6777451
6777461
6777467
6777469
6777493
6777497
6777517
6777521
6777559
6777569
6777583
6777599
6777601
6777607
6777613
6777629
6777637
6777691
6777707
6777733
6777739
6777769
6777803
6777811
6777829
6777839
6777923
6777931
6777943
6777949
6777959
6777971
6777989
6778021
6778027
6778033
6778039
6778043
6778049
6778061
6778063
6778073
6778099
6778111
6778127
6778147
6778153
6778183
6778201
6778207
6778217
6778229
6778237
6778241
6778249
6778267
6778271
6778273
6778283
6778297
6778301
6778319
6778339
6778351
6778379
6778397
6778403
6778417
6778423
6778433
6778439
6778463
6778469
6778483
6778517
6778543
6778559
6778567
6778579
6778589
6778621
6778637
6778643
6778661
6778691
6778703
6778727
6778741
6778769
6778777
6778799
6778823
6778829
6778831
6778841
6778861
6778921
6778927
6778939
6778943
6778949
6778963
6778973
6779023
6779027
6779033
6779093
6779099
6779131
6779147
6779153
6779161
6779183
6779189
6779197
6779203
6779207
6779231
6779239
6779249
6779281
6779299
6779303
6779321
6779323
6779347
6779393
6779441
6779449
6779453
6779459
6779467
6779491
6779497
6779501
6779519
6779537
6779557
6779567
6779581
6779587
6779611
6779629
6779639
6779653
6779657
6779671
6779683
6779693
6779711
6779743
6779771
6779777
6779783
6779791
6779803
6779807
6779833
6779837
6779849
6779863
6779911
6779921
6779951
6779953
6779987
6779999
6780013
6780019
6780031
6780049
6780073
6780077
6780083
6780097
6780119
6780133
6780143
6780157
6780217
6780223
6780233
6780247
6780251
6780253
6780259
6780271
6780299
6780307
6780317
6780329
6780379
6780383
6780407
6780419
6780421
6780427
6780439
6780443
6780463
6780479
6780481
6780503
6780517
6780551
6780581
6780611
6780619
6780623
6780629
6780679
6780707
6780743
6780757
6780769
6780817
6780827
6780833
6780857
6780859
6780863
6780871
6780881
6780901
6780913
6780931
6780941
6780959
6780973
6780989
6781007
6781009
6781013
6781037
6781051
6781063
6781087
6781091
6781097
6781109
6781111
6781121
6781127
6781129
6781133
6781141
6781153
6781163
6781169
6781193
6781223
6781231
6781253
6781303
6781319
6781321
6781337
6781381
6781387
6781391
6781399
6781409
6781433
6781457
6781493
6781501
6781531
6781543
6781547
6781549
6781559
6781603
6781609
6781633
6781661
6781667
6781699
6781729
6781763
6781799
6781813
6781823
6781843
6781867
6781891
6781897
6781939
6781961
6781967
6782021
6782029
6782051
6782057
6782059
6782077
6782081
6782093
6782123
6782129
6782159
6782177
6782197
6782231
6782239
6782249
6782257
6782287
6782291
6782299
6782311
6782329
6782333
6782339
6782351
6782381
6782431
6782437
6782441
6782443
6782509
6782543
6782561
6782579
6782597
6782603
6782621
6782627
6782641
6782663
6782669
6782683
6782687
6782717
6782719
6782749
6782759
6782761
6782767
6782771
6782801
6782807
6782821
6782827
6782833
6782869
6782903
6782911
6782921
6782929
6782933
6782939
6782959
6782969
6782977
6783011
6783031
6783047
6783067
6783083
6783089
6783097
6783107
6783131
6783143
6783149
6783151
6783169
6783193
6783211
6783223
6783239
6783241
6783253
6783263
6783299
6783317
6783331
6783353
6783421
6783433
6783449
6783457
6783461
6783467
6783481
6783521
6783529
6783533
6783583
6783607
6783611
6783613
6783619
6783641
6783653
6783661
6783677
6783701
6783713
6783719
6783727
6783739
6783743
6783769
6783773
6783787
6783797
6783853
6783857
6783859
6783863
6783869
6783877
6783899
6783929
6783937
6783949
6783971
6783991
6784013
6784021
6784033
6784039
6784049
6784073
6784081
6784087
6784091
6784093
6784111
6784123
6784157
6784163
6784177
6784189
6784199
6784201
6784243
6784247
6784249
6784259
6784291
6784303
6784313
6784321
6784361
6784363
6784373
6784399
6784409
6784429
6784433
6784447
6784457
6784489
6784499
6784523
6784573
6784597
6784601
6784619
6784627
6784643
6784667
6784697
6784699
6784703
6784711
6784733
6784769
6784777
6784783
6784787
6784807
6784849
6784871
6784907
6784913
6784933
6784937
6784961
6784997
6785003
6785017
6785021
6785029
6785039
6785047
6785081
6785111
6785117
6785173
6785179
6785183
6785189
6785197
6785209
6785263
6785269
6785279
6785287
6785293
6785341
6785347
6785351
6785369
6785417
6785419
6785447
6785453
6785461
6785477
6785501
6785503
6785539
6785557
6785561
6785573
6785591
6785593
6785599
6785617
6785629
6785651
6785671
6785707
6785729
6785731
6785741
6785761
6785773
6785783
6785791
6785843
6785893
6785899
6785917
6785923
6785929
6785939
6785953
6785963
6785969
6786037
6786041
6786049
6786053
6786061
6786083
6786103
6786107
6786137
6786139
6786149
6786181
6786187
6786209
6786253
6786257
6786259
6786277
6786293
6786323
6786341
6786347
6786359
6786371
6786391
6786407
6786413
6786457
6786467
6786469
6786473
6786509
6786511
6786529
6786539
6786547
6786557
6786581
6786589
6786643
6786649
6786673
6786683
6786707
6786709
6786719
6786721
6786727
6786749
6786751
6786761
6786797
6786821
6786833
6786839
6786869
6786877
6786887
6786889
6786917
6786919
6786929
6786937
6786943
6787019
6787031
6787037
6787049
6787061
6787069
6787087
6787091
6787133
6787141
6787147
6787211
6787213
6787273
6787279
6787289
6787343
6787349
6787367
6787393
6787399
6787439
6787441
6787453
6787457
6787489
6787493
6787499
6787513
6787519
6787577
6787589
6787603
6787609
6787619
6787631
6787633
6787637
6787639
6787643
6787663
6787699
6787717
6787721
6787733
6787741
6787747
6787751
6787771
6787799
6787801
6787841
6787849
6787867
6787871
6787873
6787889
6787901
6787933
6787951
6787961
6788021
6788053
6788063
6788087
6788099
6788107
6788123
6788129
6788137
6788143
6788147
6788153
6788179
6788183
6788207
6788237
6788251
6788267
6788273
6788323
6788333
6788357
6788387
6788393
6788413
6788417
6788429
6788437
6788443
6788447
6788449
6788459
6788477
6788521
6788527
6788557
6788563
6788569
6788591
6788603
6788609
6788647
6788651
6788669
6788687
6788689
6788699
6788731
6788737
6788741
6788759
6788773
6788777
6788801
6788839
6788861
6788863
6788869
6788879
6788891
6788897
6788911
6788939
6788959
6788963
6788981
6788983
6788989
6789017
6789037
6789047
6789059
6789077
6789089
6789121
6789143
6789157
6789191
6789199
6789203
6789269
6789281
6789287
6789319
6789323
6789359
6789371
6789373
6789383
6789397
6789401
6789407
6789421
6789427
6789469
6789473
6789481
6789493
6789499
6789521
6789529
6789553
6789557
6789617
6789619
6789637
6789701
6789737
6789763
6789773
6789793
6789901
6789929
6789931
6789941
6789947
6789967
6789977
6789983
6790009
6790033
6790067
6790073
6790081
6790099
6790111
6790141
6790153
6790159
6790169
6790171
6790181
6790183
6790187
6790219
6790237
6790247
6790253
6790261
6790349
6790363
6790409
6790411
6790471
6790501
6790523
6790529
6790549
6790559
6790561
6790571
6790579
6790583
6790631
6790649
6790691
6790697
6790717
6790741
6790753
6790759
6790793
6790799
6790801
6790807
6790831
6790853
6790859
6790867
6790877
6790879
6790897
6790913
6790921
6790933
6790951
6790963
6790981
6790997
6791009
6791051
6791101
6791107
6791111
6791131
6791149
6791207
6791219
6791231
6791287
6791297
6791299
6791311
6791333
6791353
6791383
6791399
6791429
6791437
6791441
6791459
6791467
6791471
6791503
6791513
6791537
6791563
6791567
6791591
6791593
6791599
6791623
6791677
6791689
6791699
6791711
6791731
6791753
6791767
6791777
6791779
6791783
6791803
6791819
6791861
6791881
6791933
6791963
6791971
6791999
6792001
6792011
6792013
6792083
6792089
6792143
6792157
6792161
6792169
6792179
6792187
6792209
6792211
6792217
6792221
6792223
6792239
6792241
6792251
6792271
6792281
6792307
6792319
6792371
6792377
6792397
6792403
6792407
6792419
6792421
6792437
6792449
6792473
6792491
6792509
6792517
6792529
6792547
6792559
6792601
6792607
6792629
6792631
6792679
6792691
6792697
6792701
6792727
6792733
6792739
6792763
6792781
6792811
6792829
6792857
6792859
6792881
6792883
6792893
6792901
6792917
6792923
6792943
6792949
6792959
6792967
6792977
6792983
6792997
6793001
6793009
6793019
6793049
6793093
6793099
6793117
6793121
6793133
6793141
6793147
6793153
6793177
6793181
6793223
6793231
6793243
6793253
6793261
6793273
6793277
6793321
6793343
6793363
6793373
6793379
6793399
6793403
6793411
6793417
6793463
6793477
6793481
6793483
6793499
6793517
6793531
6793541
6793543
6793559
6793561
6793573
6793609
6793649
6793651
6793663
6793667
6793669
6793687
6793691
6793711
6793723
6793739
6793771
6793781
6793807
6793837
6793841
6793847
6793873
6793877
6793951
6793961
6793973
6794023
6794063
6794071
6794089
6794093
6794107
6794111
6794113
6794173
6794209
6794213
6794231
6794243
6794279
6794311
6794317
6794327
6794341
6794357
6794369
6794401
6794413
6794423
6794449
6794467
6794471
6794477
6794483
6794503
6794507
6794521
6794539
6794551
6794597
6794633
6794639
6794651
6794657
6794687
6794693
6794699
6794701
6794707
6794719
6794741
6794773
6794779
6794813
6794819
6794857
6794863
6794873
6794891
6794899
6794911
6794927
6794929
6794933
6794987
6794993
6794999
6795001
6795007
6795011
6795023
6795031
6795037
6795043
6795067
6795071
6795079
6795083
6795137
6795157
6795163
6795199
6795203
6795211
6795221
6795227
6795233
6795259
6795263
6795277
6795311
6795391
6795413
6795421
6795433
6795469
6795491
6795493
6795499
6795527
6795533
6795539
6795553
6795587
6795617
6795619
6795629
6795637
6795647
6795667
6795671
6795689
6795697
6795703
6795721
6795751
6795757
6795779
6795781
6795793
6795821
6795829
6795847
6795853
6795857
6795883
6795941
6795953
6795967
6795983
6795989
6795991
6796067
6796087
6796103
6796117
6796147
6796157
6796171
6796177
6796187
6796199
6796213
6796241
6796261
6796297
6796313
6796393
6796417
6796421
6796429
There are 1937 prime numbers in S434.
