S435(6796441~6827760)
6796453
6796457
6796463
6796487
6796507
6796511
6796541
6796553
6796571
6796577
6796591
6796597
6796631
6796633
6796637
6796639
6796649
6796679
6796703
6796711
6796729
6796763
6796771
6796819
6796831
6796847
6796849
6796861
6796871
6796877
6796883
6796919
6796931
6796969
6796973
6796987
6797009
6797017
6797023
6797027
6797033
6797051
6797057
6797069
6797111
6797123
6797129
6797137
6797143
6797173
6797177
6797201
6797209
6797221
6797227
6797237
6797251
6797257
6797261
6797293
6797299
6797317
6797321
6797333
6797347
6797353
6797363
6797369
6797387
6797419
6797423
6797429
6797447
6797477
6797503
6797507
6797509
6797533
6797537
6797543
6797551
6797561
6797579
6797591
6797639
6797647
6797669
6797683
6797701
6797729
6797737
6797743
6797767
6797809
6797821
6797849
6797863
6797873
6797891
6797927
6797933
6797951
6797957
6797963
6797981
6797993
6798017
6798019
6798049
6798053
6798059
6798089
6798097
6798101
6798107
6798131
6798137
6798139
6798161
6798167
6798191
6798199
6798203
6798223
6798227
6798247
6798293
6798299
6798313
6798329
6798347
6798349
6798353
6798359
6798373
6798377
6798391
6798397
6798401
6798413
6798431
6798433
6798457
6798527
6798551
6798607
6798611
6798619
6798643
6798647
6798653
6798679
6798683
6798689
6798697
6798719
6798739
6798761
6798763
6798797
6798809
6798817
6798821
6798829
6798853
6798863
6798901
6798917
6798923
6798931
6798937
6798947
6798949
6798971
6798991
6799003
6799033
6799043
6799049
6799057
6799069
6799081
6799103
6799109
6799123
6799127
6799139
6799141
6799151
6799159
6799181
6799183
6799189
6799223
6799229
6799267
6799291
6799297
6799301
6799313
6799327
6799343
6799363
6799367
6799391
6799433
6799459
6799469
6799477
6799483
6799489
6799501
6799517
6799561
6799579
6799589
6799591
6799613
6799619
6799621
6799657
6799669
6799679
6799687
6799699
6799729
6799753
6799759
6799769
6799781
6799783
6799799
6799801
6799811
6799831
6799861
6799889
6799901
6799907
6799921
6799937
6799979
6799993
6799999
6800033
6800047
6800069
6800071
6800077
6800089
6800093
6800099
6800113
6800117
6800147
6800161
6800177
6800179
6800201
6800231
6800251
6800257
6800279
6800291
6800293
6800317
6800329
6800333
6800359
6800393
6800411
6800419
6800429
6800441
6800473
6800491
6800503
6800513
6800531
6800533
6800581
6800609
6800621
6800623
6800639
6800641
6800653
6800657
6800669
6800671
6800683
6800699
6800719
6800737
6800743
6800777
6800791
6800809
6800821
6800839
6800861
6800869
6800891
6800903
6800929
6800999
6801001
6801023
6801049
6801061
6801079
6801089
6801101
6801143
6801187
6801199
6801211
6801217
6801227
6801247
6801253
6801271
6801281
6801299
6801313
6801329
6801383
6801391
6801401
6801407
6801433
6801467
6801499
6801521
6801523
6801541
6801551
6801559
6801577
6801607
6801637
6801653
6801703
6801713
6801727
6801731
6801733
6801757
6801761
6801763
6801779
6801787
6801797
6801833
6801877
6801889
6801919
6801923
6801937
6801947
6801953
6801959
6801961
6801983
6802001
6802027
6802031
6802039
6802063
6802093
6802111
6802121
6802123
6802129
6802139
6802141
6802157
6802177
6802183
6802189
6802207
6802217
6802219
6802231
6802259
6802267
6802277
6802283
6802291
6802307
6802321
6802331
6802337
6802343
6802349
6802373
6802379
6802409
6802427
6802441
6802447
6802469
6802483
6802493
6802507
6802511
6802519
6802529
6802541
6802553
6802571
6802573
6802583
6802591
6802613
6802619
6802633
6802637
6802667
6802673
6802681
6802693
6802721
6802727
6802751
6802753
6802777
6802787
6802793
6802801
6802819
6802823
6802837
6802883
6802891
6802909
6802937
6802949
6802951
6802993
6802997
6803011
6803033
6803051
6803053
6803059
6803063
6803099
6803107
6803117
6803119
6803129
6803141
6803143
6803161
6803177
6803201
6803207
6803219
6803233
6803257
6803287
6803323
6803327
6803339
6803347
6803351
6803399
6803411
6803431
6803437
6803441
6803471
6803473
6803491
6803497
6803509
6803521
6803543
6803551
6803591
6803623
6803669
6803683
6803701
6803711
6803743
6803773
6803801
6803807
6803851
6803869
6803887
6803891
6803903
6803941
6803947
6803977
6803983
6803987
6804011
6804013
6804043
6804047
6804059
6804079
6804089
6804103
6804121
6804137
6804163
6804173
6804209
6804227
6804229
6804253
6804289
6804311
6804313
6804341
6804353
6804361
6804373
6804377
6804397
6804409
6804419
6804431
6804433
6804443
6804463
6804487
6804491
6804493
6804503
6804509
6804517
6804557
6804563
6804571
6804583
6804649
6804661
6804683
6804689
6804697
6804701
6804727
6804739
6804751
6804767
6804797
6804799
6804839
6804857
6804859
6804871
6804887
6804899
6804911
6804943
6804949
6804953
6804997
6805013
6805037
6805061
6805063
6805069
6805109
6805121
6805157
6805159
6805163
6805181
6805243
6805273
6805283
6805289
6805327
6805333
6805339
6805349
6805367
6805369
6805397
6805411
6805427
6805429
6805433
6805441
6805453
6805471
6805483
6805489
6805499
6805501
6805507
6805529
6805537
6805541
6805543
6805573
6805577
6805597
6805607
6805609
6805619
6805621
6805639
6805649
6805663
6805679
6805681
6805693
6805699
6805727
6805753
6805787
6805789
6805829
6805853
6805871
6805879
6805913
6805937
6805943
6805987
6805991
6806017
6806021
6806027
6806029
6806053
6806071
6806077
6806099
6806119
6806147
6806179
6806201
6806203
6806221
6806231
6806243
6806251
6806257
6806263
6806269
6806279
6806309
6806357
6806363
6806381
6806383
6806407
6806411
6806431
6806467
6806473
6806479
6806509
6806521
6806537
6806539
6806543
6806573
6806603
6806609
6806621
6806633
6806651
6806669
6806671
6806687
6806711
6806729
6806743
6806777
6806791
6806797
6806801
6806803
6806831
6806837
6806893
6806897
6806903
6806923
6806939
6806957
6806971
6806977
6806981
6806993
6807013
6807061
6807067
6807077
6807091
6807121
6807127
6807131
6807137
6807139
6807181
6807217
6807221
6807239
6807253
6807277
6807313
6807319
6807329
6807331
6807337
6807341
6807347
6807349
6807389
6807391
6807397
6807407
6807419
6807457
6807467
6807473
6807499
6807511
6807523
6807571
6807589
6807601
6807607
6807613
6807629
6807637
6807641
6807649
6807653
6807659
6807683
6807707
6807709
6807727
6807733
6807739
6807767
6807781
6807799
6807821
6807841
6807847
6807863
6807869
6807883
6807887
6807901
6807919
6807923
6807961
6807971
6807979
6808001
6808013
6808019
6808049
6808057
6808073
6808079
6808093
6808097
6808103
6808159
6808171
6808181
6808223
6808229
6808237
6808247
6808267
6808273
6808397
6808409
6808421
6808427
6808429
6808447
6808471
6808519
6808523
6808531
6808537
6808547
6808559
6808601
6808603
6808639
6808643
6808651
6808657
6808699
6808709
6808717
6808733
6808787
6808793
6808801
6808811
6808817
6808861
6808873
6808883
6808889
6808909
6808913
6808927
6808969
6808979
6809029
6809063
6809137
6809141
6809149
6809167
6809189
6809191
6809203
6809207
6809213
6809251
6809261
6809279
6809323
6809347
6809371
6809377
6809389
6809393
6809423
6809459
6809483
6809507
6809527
6809531
6809533
6809549
6809597
6809611
6809617
6809629
6809641
6809653
6809669
6809683
6809687
6809701
6809713
6809717
6809743
6809753
6809767
6809779
6809797
6809807
6809833
6809837
6809849
6809851
6809893
6809899
6809903
6809921
6809927
6809981
6809989
6810019
6810029
6810043
6810053
6810071
6810073
6810091
6810103
6810119
6810131
6810143
6810161
6810169
6810179
6810187
6810203
6810247
6810263
6810269
6810281
6810289
6810299
6810301
6810313
6810337
6810367
6810371
6810373
6810403
6810409
6810431
6810437
6810449
6810451
6810457
6810473
6810481
6810497
6810509
6810527
6810539
6810541
6810571
6810577
6810613
6810631
6810653
6810673
6810677
6810703
6810707
6810719
6810743
6810763
6810767
6810773
6810779
6810799
6810803
6810809
6810841
6810877
6810893
6810907
6810913
6810919
6810943
6810983
6810989
6811003
6811031
6811037
6811061
6811069
6811073
6811097
6811109
6811111
6811117
6811121
6811127
6811141
6811213
6811223
6811247
6811249
6811267
6811279
6811303
6811309
6811313
6811319
6811327
6811331
6811333
6811361
6811369
6811393
6811397
6811403
6811423
6811439
6811451
6811457
6811463
6811471
6811477
6811489
6811517
6811579
6811583
6811591
6811601
6811603
6811619
6811621
6811627
6811639
6811667
6811681
6811697
6811729
6811733
6811741
6811751
6811789
6811799
6811801
6811813
6811829
6811843
6811853
6811867
6811873
6811877
6811879
6811891
6811913
6811919
6811921
6811939
6811943
6811949
6811967
6811993
6811997
6812009
6812021
6812077
6812161
6812167
6812171
6812177
6812207
6812231
6812233
6812339
6812341
6812353
6812363
6812371
6812381
6812383
6812401
6812411
6812413
6812417
6812441
6812453
6812459
6812471
6812479
6812483
6812513
6812527
6812537
6812539
6812549
6812573
6812581
6812629
6812633
6812693
6812711
6812719
6812731
6812759
6812783
6812803
6812809
6812821
6812833
6812837
6812857
6812867
6812879
6812891
6812909
6812933
6812957
6812959
6812983
6812987
6813007
6813013
6813031
6813041
6813061
6813067
6813091
6813101
6813113
6813127
6813137
6813139
6813181
6813193
6813199
6813227
6813239
6813269
6813293
6813299
6813349
6813353
6813361
6813371
6813403
6813409
6813473
6813487
6813491
6813509
6813511
6813529
6813539
6813559
6813577
6813581
6813593
6813613
6813629
6813649
6813659
6813673
6813683
6813689
6813691
6813701
6813713
6813739
6813797
6813817
6813847
6813853
6813857
6813881
6813887
6813899
6813901
6813943
6813949
6813973
6813977
6814001
6814009
6814019
6814021
6814037
6814057
6814061
6814063
6814069
6814091
6814097
6814099
6814117
6814123
6814133
6814139
6814147
6814151
6814183
6814189
6814219
6814231
6814237
6814259
6814261
6814267
6814273
6814277
6814289
6814309
6814343
6814361
6814363
6814373
6814387
6814393
6814397
6814411
6814429
6814453
6814459
6814519
6814523
6814537
6814543
6814547
6814553
6814573
6814579
6814609
6814627
6814631
6814649
6814663
6814679
6814729
6814741
6814763
6814783
6814849
6814853
6814861
6814879
6814889
6814933
6814957
6814961
6814991
6814999
6815021
6815033
6815041
6815051
6815057
6815059
6815063
6815069
6815099
6815101
6815117
6815131
6815161
6815227
6815231
6815233
6815293
6815297
6815311
6815321
6815327
6815399
6815447
6815461
6815467
6815491
6815507
6815513
6815533
6815561
6815573
6815593
6815597
6815603
6815639
6815651
6815671
6815689
6815693
6815701
6815719
6815723
6815729
6815741
6815749
6815777
6815789
6815803
6815833
6815839
6815849
6815863
6815867
6815869
6815891
6815903
6815909
6815911
6815923
6815951
6815969
6815971
6816011
6816013
6816049
6816067
6816107
6816109
6816113
6816137
6816149
6816151
6816157
6816163
6816169
6816179
6816233
6816239
6816253
6816263
6816281
6816301
6816331
6816361
6816367
6816401
6816413
6816427
6816431
6816449
6816461
6816493
6816503
6816517
6816527
6816571
6816581
6816587
6816613
6816617
6816629
6816631
6816659
6816679
6816703
6816721
6816731
6816737
6816743
6816757
6816787
6816829
6816841
6816851
6816853
6816871
6816889
6816907
6816911
6816937
6816967
6816973
6817007
6817009
6817033
6817061
6817081
6817093
6817099
6817103
6817121
6817157
6817163
6817171
6817211
6817243
6817259
6817271
6817297
6817301
6817309
6817313
6817319
6817331
6817379
6817381
6817387
6817429
6817457
6817469
6817471
6817477
6817483
6817501
6817511
6817519
6817529
6817553
6817567
6817571
6817589
6817597
6817619
6817631
6817651
6817661
6817669
6817687
6817709
6817717
6817739
6817747
6817777
6817807
6817819
6817823
6817829
6817843
6817859
6817873
6817891
6817897
6817927
6817949
6817957
6817963
6817991
6817999
6818011
6818041
6818057
6818069
6818083
6818107
6818113
6818117
6818137
6818159
6818167
6818179
6818183
6818191
6818197
6818221
6818239
6818257
6818261
6818263
6818267
6818293
6818297
6818303
6818333
6818347
6818363
6818401
6818407
6818429
6818437
6818447
6818459
6818489
6818491
6818507
6818527
6818561
6818573
6818579
6818593
6818597
6818621
6818629
6818653
6818677
6818719
6818731
6818737
6818743
6818771
6818783
6818797
6818803
6818827
6818831
6818837
6818839
6818843
6818849
6818863
6818869
6818873
6818893
6818899
6818939
6818941
6818947
6818953
6818969
6818993
6819013
6819019
6819037
6819041
6819049
6819067
6819077
6819083
6819097
6819103
6819107
6819121
6819191
6819199
6819203
6819209
6819221
6819229
6819289
6819299
6819313
6819341
6819343
6819353
6819361
6819377
6819383
6819389
6819401
6819403
6819443
6819481
6819493
6819503
6819511
6819521
6819539
6819541
6819557
6819583
6819623
6819629
6819641
6819649
6819667
6819679
6819719
6819749
6819767
6819781
6819797
6819829
6819847
6819851
6819887
6819893
6819913
6819931
6819947
6819949
6819977
6820001
6820007
6820013
6820019
6820039
6820057
6820061
6820067
6820087
6820097
6820103
6820109
6820117
6820127
6820129
6820139
6820141
6820147
6820157
6820169
6820181
6820207
6820211
6820241
6820267
6820277
6820283
6820291
6820339
6820367
6820369
6820393
6820421
6820433
6820441
6820483
6820493
6820511
6820537
6820547
6820559
6820573
6820579
6820607
6820633
6820643
6820663
6820711
6820721
6820727
6820733
6820739
6820741
6820769
6820783
6820817
6820823
6820841
6820873
6820897
6820909
6820921
6820937
6820951
6820967
6820973
6820991
6820993
6820999
6821011
6821021
6821077
6821083
6821099
6821107
6821117
6821141
6821159
6821161
6821173
6821197
6821201
6821207
6821231
6821239
6821249
6821257
6821261
6821263
6821281
6821291
6821303
6821383
6821389
6821393
6821401
6821407
6821443
6821461
6821473
6821491
6821497
6821509
6821531
6821537
6821543
6821561
6821567
6821597
6821599
6821611
6821623
6821629
6821663
6821669
6821671
6821677
6821693
6821701
6821707
6821723
6821747
6821753
6821791
6821803
6821809
6821819
6821827
6821831
6821833
6821839
6821851
6821863
6821897
6821911
6821921
6821933
6821959
6821963
6822017
6822043
6822061
6822089
6822091
6822131
6822133
6822143
6822161
6822173
6822187
6822199
6822209
6822217
6822269
6822271
6822289
6822323
6822353
6822371
6822373
6822377
6822401
6822481
6822493
6822533
6822581
6822589
6822619
6822623
6822631
6822659
6822703
6822709
6822713
6822719
6822721
6822727
6822757
6822773
6822779
6822793
6822817
6822839
6822889
6822901
6822913
6822929
6822931
6822953
6822971
6822983
6822989
6823013
6823021
6823027
6823039
6823043
6823049
6823051
6823057
6823067
6823081
6823121
6823123
6823127
6823139
6823163
6823169
6823177
6823183
6823189
6823199
6823241
6823247
6823253
6823259
6823351
6823373
6823391
6823423
6823447
6823457
6823463
6823469
6823471
6823501
6823543
6823549
6823561
6823567
6823573
6823657
6823693
6823699
6823703
6823721
6823757
6823759
6823771
6823777
6823781
6823819
6823823
6823829
6823877
6823879
6823889
6823891
6823931
6823933
6823963
6823991
6824003
6824039
6824093
6824101
6824141
6824149
6824161
6824197
6824203
6824219
6824269
6824281
6824297
6824299
6824329
6824341
6824357
6824359
6824369
6824393
6824413
6824417
6824423
6824443
6824453
6824459
6824473
6824479
6824507
6824527
6824561
6824569
6824611
6824617
6824639
6824641
6824663
6824669
6824717
6824723
6824749
6824759
6824771
6824777
6824791
6824801
6824809
6824833
6824869
6824891
6824897
6824899
6824903
6824911
6824927
6824959
6824977
6824981
6825001
6825019
6825037
6825067
6825079
6825097
6825101
6825127
6825151
6825167
6825193
6825197
6825233
6825241
6825251
6825257
6825289
6825307
6825323
6825331
6825349
6825359
6825367
6825383
6825397
6825407
6825419
6825437
6825439
6825451
6825461
6825463
6825509
6825547
6825569
6825583
6825587
6825589
6825613
6825629
6825661
6825683
6825697
6825703
6825737
6825739
6825743
6825757
6825761
6825773
6825781
6825787
6825799
6825811
6825827
6825829
6825877
6825881
6825901
6825911
6825919
6825943
6825947
6825953
6825971
6825977
6825979
6825989
6826007
6826051
6826063
6826067
6826069
6826081
6826087
6826097
6826103
6826133
6826159
6826271
6826289
6826291
6826307
6826319
6826321
6826349
6826357
6826361
6826381
6826399
6826403
6826409
6826411
6826427
6826433
6826439
6826441
6826451
6826471
6826481
6826499
6826507
6826511
6826543
6826553
6826583
6826591
6826597
6826601
6826621
6826657
6826709
6826739
6826747
6826751
6826769
6826783
6826801
6826811
6826823
6826829
6826849
6826867
6826873
6826901
6826903
6826933
6826969
6826973
6826991
6826993
6827011
6827017
6827027
6827053
6827057
6827069
6827071
6827077
6827083
6827087
6827131
6827141
6827143
6827167
6827189
6827201
6827231
6827237
6827243
6827273
6827281
6827287
6827299
6827309
6827311
6827321
6827333
6827363
6827377
6827399
6827413
6827449
6827453
6827467
6827473
6827503
6827507
6827519
6827521
6827531
6827543
6827551
6827567
6827603
6827629
6827633
6827671
6827683
6827687
6827699
6827729
6827747
6827759
There are 2023 prime numbers in S435.
