S437(6859153~6890616)
6859159
6859169
6859183
6859199
6859217
6859241
6859249
6859253
6859271
6859289
6859309
6859327
6859337
6859367
6859379
6859387
6859409
6859417
6859421
6859429
6859441
6859469
6859471
6859481
6859493
6859499
6859507
6859519
6859537
6859547
6859561
6859571
6859577
6859607
6859609
6859621
6859667
6859679
6859691
6859693
6859709
6859717
6859733
6859739
6859757
6859781
6859813
6859841
6859847
6859861
6859873
6859901
6859933
6859939
6859943
6859961
6859967
6859973
6859981
6859991
6860011
6860023
6860047
6860069
6860071
6860093
6860111
6860143
6860171
6860179
6860213
6860221
6860237
6860239
6860251
6860257
6860297
6860303
6860317
6860323
6860341
6860353
6860389
6860419
6860437
6860453
6860471
6860473
6860551
6860561
6860563
6860573
6860587
6860591
6860593
6860603
6860663
6860671
6860677
6860681
6860683
6860701
6860719
6860747
6860753
6860773
6860783
6860803
6860807
6860813
6860837
6860839
6860851
6860857
6860869
6860897
6860929
6860963
6860977
6860989
6860999
6861011
6861017
6861053
6861067
6861073
6861077
6861079
6861083
6861091
6861103
6861119
6861121
6861133
6861157
6861163
6861187
6861191
6861203
6861241
6861263
6861271
6861307
6861311
6861329
6861331
6861367
6861377
6861397
6861401
6861409
6861419
6861427
6861431
6861461
6861469
6861479
6861493
6861497
6861499
6861559
6861581
6861583
6861601
6861623
6861629
6861691
6861697
6861709
6861733
6861737
6861769
6861773
6861791
6861809
6861817
6861821
6861823
6861847
6861851
6861913
6861923
6861947
6861949
6861971
6861973
6861977
6861997
6862001
6862003
6862007
6862039
6862043
6862049
6862061
6862087
6862103
6862111
6862127
6862133
6862139
6862147
6862159
6862171
6862199
6862201
6862213
6862217
6862223
6862259
6862267
6862277
6862307
6862319
6862333
6862337
6862343
6862367
6862369
6862381
6862393
6862397
6862403
6862409
6862417
6862421
6862433
6862447
6862451
6862469
6862481
6862483
6862489
6862507
6862529
6862547
6862571
6862573
6862601
6862607
6862613
6862631
6862643
6862693
6862711
6862727
6862753
6862759
6862771
6862777
6862783
6862831
6862841
6862859
6862897
6862903
6862943
6862963
6862969
6862979
6862981
6862991
6863027
6863029
6863063
6863071
6863099
6863107
6863117
6863119
6863137
6863141
6863147
6863149
6863159
6863173
6863243
6863249
6863251
6863261
6863303
6863309
6863317
6863323
6863327
6863333
6863347
6863371
6863377
6863383
6863419
6863443
6863449
6863471
6863477
6863489
6863501
6863509
6863513
6863561
6863567
6863581
6863587
6863603
6863629
6863651
6863653
6863663
6863669
6863711
6863723
6863737
6863771
6863797
6863819
6863827
6863849
6863861
6863873
6863881
6863887
6863891
6863893
6863897
6863939
6863953
6863957
6863993
6864019
6864031
6864043
6864059
6864079
6864089
6864101
6864127
6864131
6864139
6864167
6864173
6864181
6864191
6864199
6864211
6864233
6864239
6864241
6864251
6864257
6864259
6864283
6864287
6864307
6864317
6864323
6864331
6864383
6864427
6864437
6864443
6864449
6864461
6864479
6864497
6864521
6864523
6864541
6864553
6864581
6864587
6864601
6864607
6864623
6864629
6864631
6864653
6864661
6864691
6864713
6864769
6864779
6864811
6864839
6864841
6864853
6864881
6864911
6864937
6864941
6864953
6864973
6864983
6864997
6865007
6865009
6865031
6865039
6865049
6865051
6865057
6865073
6865087
6865121
6865129
6865169
6865211
6865231
6865267
6865277
6865279
6865303
6865319
6865343
6865351
6865357
6865361
6865363
6865381
6865393
6865451
6865459
6865483
6865499
6865513
6865519
6865531
6865543
6865553
6865559
6865561
6865571
6865591
6865597
6865613
6865643
6865657
6865667
6865679
6865693
6865697
6865709
6865711
6865717
6865759
6865763
6865769
6865847
6865861
6865867
6865907
6865919
6865921
6865927
6865931
6865949
6865961
6865967
6865997
6866003
6866017
6866021
6866039
6866047
6866051
6866059
6866071
6866077
6866129
6866131
6866137
6866143
6866149
6866173
6866177
6866191
6866257
6866263
6866273
6866287
6866291
6866329
6866357
6866381
6866383
6866389
6866411
6866413
6866437
6866449
6866459
6866471
6866473
6866513
6866549
6866551
6866609
6866621
6866633
6866647
6866659
6866663
6866677
6866681
6866683
6866693
6866723
6866729
6866731
6866749
6866767
6866773
6866777
6866789
6866791
6866801
6866819
6866837
6866843
6866863
6866879
6866887
6866927
6866933
6866957
6866969
6866983
6866987
6866989
6867001
6867019
6867043
6867053
6867059
6867061
6867067
6867073
6867079
6867097
6867103
6867121
6867137
6867139
6867149
6867181
6867199
6867221
6867239
6867247
6867251
6867281
6867307
6867323
6867331
6867347
6867361
6867373
6867383
6867389
6867407
6867437
6867449
6867451
6867463
6867467
6867479
6867529
6867551
6867557
6867571
6867587
6867589
6867599
6867613
6867629
6867649
6867667
6867733
6867739
6867743
6867761
6867769
6867799
6867821
6867841
6867871
6867907
6867923
6867941
6867967
6867989
6867997
6868021
6868039
6868061
6868067
6868073
6868079
6868093
6868109
6868117
6868123
6868133
6868163
6868189
6868193
6868201
6868207
6868229
6868231
6868241
6868243
6868247
6868297
6868307
6868319
6868363
6868373
6868387
6868403
6868423
6868427
6868457
6868489
6868507
6868517
6868523
6868529
6868531
6868549
6868553
6868571
6868579
6868583
6868597
6868613
6868649
6868681
6868699
6868703
6868727
6868739
6868759
6868781
6868801
6868811
6868817
6868819
6868837
6868843
6868859
6868871
6868879
6868889
6868891
6868903
6868913
6868921
6868987
6868991
6868999
6869021
6869029
6869039
6869047
6869053
6869101
6869113
6869183
6869189
6869237
6869257
6869267
6869273
6869299
6869327
6869333
6869371
6869389
6869399
6869407
6869413
6869437
6869441
6869459
6869461
6869521
6869543
6869561
6869563
6869573
6869593
6869623
6869627
6869633
6869647
6869671
6869677
6869689
6869699
6869713
6869719
6869729
6869741
6869743
6869749
6869777
6869789
6869803
6869813
6869833
6869857
6869861
6869869
6869909
6869927
6869953
6869959
6869969
6869977
6869987
6870011
6870029
6870041
6870043
6870053
6870089
6870107
6870119
6870151
6870167
6870179
6870181
6870233
6870263
6870277
6870317
6870377
6870389
6870401
6870403
6870421
6870433
6870449
6870467
6870473
6870481
6870503
6870509
6870527
6870553
6870559
6870653
6870673
6870679
6870683
6870691
6870697
6870701
6870707
6870713
6870733
6870751
6870757
6870779
6870781
6870797
6870803
6870811
6870817
6870847
6870869
6870893
6870911
6870931
6870943
6871001
6871003
6871019
6871031
6871037
6871049
6871061
6871087
6871097
6871121
6871127
6871133
6871147
6871169
6871171
6871177
6871201
6871211
6871253
6871261
6871283
6871301
6871327
6871351
6871399
6871421
6871441
6871471
6871481
6871507
6871511
6871547
6871561
6871567
6871573
6871583
6871639
6871651
6871661
6871679
6871681
6871699
6871703
6871717
6871759
6871763
6871769
6871793
6871807
6871829
6871831
6871841
6871849
6871897
6871913
6871933
6871979
6871981
6872017
6872023
6872071
6872081
6872087
6872113
6872119
6872137
6872149
6872171
6872179
6872189
6872197
6872207
6872219
6872231
6872237
6872251
6872273
6872287
6872291
6872311
6872329
6872363
6872381
6872419
6872431
6872477
6872479
6872501
6872513
6872521
6872581
6872603
6872609
6872611
6872617
6872627
6872629
6872633
6872651
6872683
6872689
6872693
6872759
6872779
6872783
6872807
6872821
6872849
6872867
6872869
6872891
6872893
6872897
6872909
6872911
6872933
6872939
6872941
6872959
6872963
6873001
6873007
6873011
6873017
6873019
6873037
6873043
6873059
6873071
6873089
6873091
6873107
6873109
6873121
6873131
6873137
6873143
6873149
6873161
6873173
6873187
6873211
6873257
6873259
6873277
6873283
6873301
6873311
6873331
6873337
6873371
6873397
6873403
6873407
6873437
6873467
6873473
6873521
6873523
6873533
6873563
6873571
6873577
6873583
6873613
6873641
6873653
6873673
6873683
6873697
6873707
6873719
6873721
6873743
6873751
6873767
6873781
6873791
6873799
6873821
6873827
6873829
6873833
6873863
6873871
6873901
6873929
6873943
6873949
6873961
6874003
6874013
6874039
6874061
6874111
6874121
6874139
6874159
6874163
6874177
6874187
6874201
6874207
6874211
6874213
6874223
6874229
6874243
6874261
6874279
6874297
6874319
6874331
6874339
6874349
6874369
6874379
6874381
6874397
6874423
6874451
6874459
6874499
6874507
6874531
6874573
6874583
6874597
6874603
6874607
6874619
6874633
6874657
6874667
6874687
6874727
6874733
6874753
6874771
6874781
6874787
6874799
6874823
6874837
6874841
6874843
6874871
6874877
6874909
6874913
6874927
6874939
6874949
6874961
6874981
6874991
6874993
6874997
6875023
6875027
6875041
6875047
6875053
6875101
6875119
6875129
6875153
6875159
6875189
6875203
6875221
6875237
6875269
6875279
6875299
6875311
6875333
6875383
6875387
6875389
6875419
6875423
6875431
6875441
6875443
6875461
6875467
6875513
6875543
6875567
6875573
6875579
6875591
6875593
6875621
6875623
6875717
6875723
6875731
6875749
6875753
6875767
6875779
6875807
6875819
6875833
6875839
6875851
6875861
6875867
6875933
6875941
6875951
6875963
6875977
6875989
6875993
6876029
6876031
6876049
6876071
6876073
6876091
6876097
6876101
6876113
6876131
6876139
6876169
6876179
6876187
6876217
6876223
6876227
6876251
6876253
6876257
6876263
6876293
6876307
6876319
6876323
6876329
6876343
6876349
6876361
6876377
6876403
6876409
6876433
6876439
6876491
6876503
6876533
6876539
6876581
6876587
6876593
6876599
6876601
6876607
6876629
6876631
6876659
6876677
6876731
6876767
6876769
6876773
6876781
6876791
6876809
6876811
6876817
6876827
6876829
6876833
6876851
6876853
6876869
6876901
6876937
6876943
6876949
6876953
6876979
6876983
6877043
6877051
6877109
6877219
6877223
6877229
6877237
6877249
6877261
6877271
6877307
6877327
6877331
6877361
6877399
6877421
6877427
6877433
6877441
6877447
6877471
6877477
6877489
6877501
6877513
6877579
6877583
6877603
6877609
6877613
6877649
6877657
6877679
6877681
6877693
6877697
6877711
6877723
6877729
6877763
6877771
6877789
6877799
6877817
6877837
6877847
6877883
6877889
6877891
6877907
6877919
6877921
6877957
6877963
6877993
6878023
6878029
6878033
6878059
6878071
6878077
6878083
6878087
6878089
6878093
6878099
6878107
6878129
6878141
6878143
6878167
6878203
6878233
6878269
6878273
6878321
6878341
6878351
6878363
6878369
6878371
6878383
6878401
6878407
6878413
6878429
6878453
6878467
6878479
6878491
6878519
6878527
6878533
6878567
6878569
6878579
6878593
6878603
6878617
6878623
6878639
6878647
6878657
6878671
6878699
6878731
6878737
6878743
6878749
6878759
6878777
6878789
6878797
6878803
6878813
6878821
6878827
6878831
6878843
6878849
6878867
6878891
6878903
6878917
6878951
6878953
6878959
6878981
6878983
6879013
6879017
6879023
6879049
6879073
6879079
6879113
6879133
6879163
6879193
6879227
6879253
6879259
6879263
6879307
6879319
6879329
6879331
6879361
6879371
6879419
6879421
6879443
6879451
6879469
6879487
6879491
6879511
6879533
6879541
6879581
6879589
6879643
6879661
6879671
6879673
6879683
6879797
6879811
6879823
6879839
6879857
6879869
6879889
6879893
6879913
6879941
6879947
6879949
6879959
6879973
6879997
6880009
6880021
6880051
6880057
6880061
6880063
6880073
6880099
6880123
6880127
6880141
6880157
6880183
6880193
6880229
6880241
6880249
6880259
6880267
6880271
6880273
6880303
6880319
6880327
6880331
6880369
6880411
6880417
6880429
6880439
6880441
6880477
6880487
6880493
6880507
6880541
6880547
6880561
6880589
6880591
6880609
6880613
6880633
6880637
6880649
6880651
6880673
6880691
6880693
6880721
6880771
6880777
6880781
6880787
6880789
6880807
6880837
6880871
6880873
6880877
6880879
6880891
6880931
6880943
6880963
6880997
6881003
6881009
6881023
6881027
6881041
6881047
6881057
6881081
6881087
6881093
6881113
6881123
6881131
6881167
6881183
6881191
6881197
6881239
6881257
6881261
6881263
6881269
6881291
6881321
6881339
6881341
6881351
6881353
6881359
6881383
6881387
6881389
6881417
6881429
6881437
6881443
6881461
6881489
6881507
6881509
6881513
6881551
6881579
6881603
6881639
6881653
6881657
6881663
6881683
6881713
6881731
6881759
6881773
6881803
6881839
6881843
6881851
6881869
6881873
6881893
6881939
6881947
6881951
6881977
6881981
6881989
6881993
6881999
6882011
6882049
6882067
6882079
6882089
6882091
6882097
6882131
6882149
6882167
6882181
6882191
6882287
6882289
6882311
6882319
6882329
6882353
6882361
6882373
6882377
6882397
6882419
6882431
6882439
6882457
6882461
6882479
6882487
6882493
6882517
6882523
6882529
6882553
6882581
6882583
6882593
6882607
6882611
6882613
6882641
6882643
6882647
6882653
6882677
6882679
6882683
6882697
6882761
6882767
6882779
6882787
6882791
6882797
6882803
6882817
6882823
6882833
6882839
6882853
6882859
6882907
6882917
6882919
6882923
6882937
6882949
6882971
6882979
6882991
6883007
6883027
6883069
6883091
6883099
6883127
6883153
6883159
6883189
6883199
6883213
6883259
6883267
6883297
6883307
6883309
6883313
6883337
6883343
6883361
6883381
6883391
6883399
6883403
6883427
6883447
6883451
6883477
6883489
6883523
6883537
6883543
6883549
6883553
6883559
6883561
6883571
6883577
6883607
6883627
6883649
6883661
6883673
6883687
6883703
6883711
6883717
6883729
6883733
6883753
6883763
6883783
6883841
6883867
6883873
6883897
6883927
6883931
6883951
6884027
6884029
6884039
6884041
6884051
6884057
6884063
6884069
6884081
6884083
6884093
6884123
6884147
6884149
6884159
6884173
6884191
6884197
6884203
6884209
6884221
6884237
6884243
6884279
6884321
6884323
6884333
6884341
6884357
6884359
6884369
6884389
6884393
6884401
6884431
6884447
6884453
6884459
6884483
6884489
6884491
6884497
6884509
6884539
6884599
6884611
6884617
6884639
6884641
6884653
6884671
6884681
6884693
6884699
6884737
6884741
6884743
6884747
6884749
6884777
6884789
6884791
6884831
6884833
6884863
6884869
6884893
6884939
6884947
6884959
6884971
6884989
6884993
6885001
6885019
6885023
6885029
6885041
6885091
6885097
6885127
6885139
6885143
6885161
6885167
6885173
6885199
6885217
6885233
6885251
6885259
6885269
6885313
6885331
6885337
6885371
6885377
6885401
6885407
6885409
6885413
6885419
6885443
6885451
6885457
6885479
6885481
6885511
6885517
6885539
6885551
6885553
6885583
6885587
6885617
6885623
6885631
6885647
6885649
6885667
6885677
6885679
6885691
6885709
6885743
6885761
6885779
6885797
6885821
6885883
6885889
6885899
6885913
6885917
6885941
6885973
6886027
6886043
6886069
6886081
6886091
6886109
6886133
6886141
6886147
6886153
6886171
6886211
6886213
6886283
6886291
6886301
6886331
6886349
6886357
6886367
6886387
6886423
6886441
6886447
6886457
6886469
6886471
6886489
6886501
6886519
6886541
6886549
6886567
6886571
6886577
6886589
6886597
6886609
6886613
6886639
6886643
6886673
6886679
6886727
6886739
6886753
6886757
6886771
6886783
6886799
6886807
6886813
6886823
6886843
6886883
6886897
6886907
6886927
6886933
6886937
6886963
6886967
6886969
6886973
6886981
6887059
6887077
6887093
6887113
6887137
6887147
6887149
6887161
6887171
6887183
6887201
6887219
6887249
6887273
6887339
6887341
6887347
6887357
6887381
6887389
6887393
6887411
6887417
6887429
6887437
6887453
6887473
6887479
6887501
6887527
6887599
6887609
6887627
6887663
6887677
6887681
6887753
6887759
6887767
6887789
6887791
6887807
6887813
6887821
6887831
6887843
6887851
6887863
6887893
6887917
6887927
6887929
6887953
6888019
6888053
6888097
6888103
6888113
6888139
6888143
6888151
6888157
6888163
6888173
6888187
6888197
6888199
6888209
6888221
6888229
6888257
6888263
6888269
6888289
6888311
6888359
6888377
6888379
6888389
6888391
6888397
6888407
6888437
6888439
6888467
6888487
6888521
6888551
6888559
6888571
6888577
6888599
6888613
6888619
6888641
6888647
6888653
6888667
6888671
6888677
6888683
6888709
6888719
6888731
6888733
6888737
6888793
6888809
6888829
6888839
6888841
6888857
6888877
6888941
6888953
6888967
6888971
6888989
6888997
6889009
6889013
6889019
6889027
6889031
6889049
6889079
6889081
6889087
6889133
6889147
6889151
6889171
6889193
6889217
6889219
6889241
6889243
6889247
6889261
6889273
6889283
6889297
6889321
6889339
6889357
6889367
6889373
6889391
6889411
6889427
6889433
6889451
6889453
6889481
6889483
6889499
6889529
6889537
6889541
6889549
6889613
6889621
6889637
6889639
6889643
6889661
6889679
6889703
6889717
6889721
6889739
6889741
6889759
6889789
6889793
6889823
6889853
6889859
6889873
6889891
6889901
6889921
6889931
6889937
6889963
6889969
6889997
6890017
6890033
6890047
6890063
6890077
6890101
6890111
6890123
6890161
6890167
6890171
6890183
6890209
6890227
6890231
6890237
6890239
6890243
6890249
6890263
6890269
6890309
6890327
6890353
6890413
6890437
6890447
6890453
6890497
6890503
6890519
6890531
6890537
6890539
6890549
6890579
6890581
6890591
There are 2032 prime numbers in S437.
