S438(6890617~6922152)
6890633
6890641
6890651
6890657
6890659
6890671
6890677
6890683
6890687
6890699
6890701
6890713
6890753
6890761
6890789
6890791
6890801
6890809
6890813
6890833
6890837
6890861
6890957
6890969
6891011
6891013
6891019
6891029
6891041
6891061
6891077
6891107
6891119
6891133
6891149
6891161
6891169
6891173
6891179
6891193
6891211
6891217
6891221
6891251
6891277
6891289
6891317
6891323
6891337
6891383
6891413
6891427
6891457
6891461
6891487
6891491
6891499
6891503
6891527
6891529
6891539
6891541
6891551
6891557
6891587
6891593
6891601
6891607
6891617
6891629
6891631
6891637
6891673
6891691
6891713
6891721
6891727
6891733
6891769
6891793
6891823
6891869
6891883
6891887
6891901
6891917
6891931
6891943
6891949
6891971
6891979
6891991
6892001
6892007
6892009
6892031
6892051
6892057
6892069
6892073
6892091
6892097
6892099
6892103
6892133
6892159
6892181
6892187
6892201
6892211
6892217
6892219
6892229
6892241
6892243
6892253
6892267
6892271
6892273
6892289
6892313
6892337
6892351
6892363
6892367
6892381
6892393
6892477
6892489
6892499
6892519
6892549
6892553
6892559
6892579
6892583
6892601
6892603
6892621
6892631
6892643
6892651
6892679
6892727
6892729
6892741
6892777
6892799
6892813
6892849
6892859
6892861
6892867
6892891
6892913
6892937
6892957
6892993
6893009
6893011
6893057
6893059
6893083
6893087
6893119
6893167
6893189
6893197
6893203
6893221
6893239
6893251
6893267
6893273
6893281
6893291
6893311
6893321
6893357
6893363
6893389
6893401
6893417
6893423
6893431
6893437
6893441
6893473
6893527
6893533
6893543
6893567
6893573
6893611
6893633
6893639
6893641
6893647
6893651
6893659
6893669
6893681
6893707
6893753
6893839
6893867
6893879
6893911
6893917
6893921
6893933
6893987
6894001
6894011
6894023
6894049
6894053
6894067
6894077
6894079
6894103
6894119
6894127
6894133
6894143
6894149
6894157
6894161
6894179
6894203
6894211
6894241
6894259
6894263
6894269
6894301
6894317
6894323
6894337
6894343
6894421
6894427
6894439
6894463
6894479
6894487
6894499
6894521
6894529
6894541
6894553
6894557
6894581
6894593
6894607
6894619
6894623
6894637
6894649
6894697
6894731
6894743
6894751
6894757
6894761
6894763
6894773
6894781
6894791
6894821
6894827
6894859
6894863
6894869
6894887
6894949
6894959
6894971
6894977
6894983
6894991
6894997
6895001
6895003
6895019
6895033
6895039
6895087
6895099
6895111
6895121
6895123
6895139
6895159
6895201
6895223
6895249
6895253
6895267
6895279
6895289
6895297
6895303
6895327
6895337
6895349
6895363
6895367
6895381
6895393
6895397
6895403
6895411
6895429
6895451
6895477
6895481
6895487
6895517
6895519
6895529
6895531
6895583
6895619
6895639
6895643
6895657
6895661
6895663
6895687
6895739
6895753
6895769
6895771
6895787
6895807
6895813
6895817
6895849
6895853
6895871
6895873
6895901
6895907
6895909
6895927
6895937
6895943
6895951
6895957
6895961
6895963
6895969
6895991
6896003
6896009
6896011
6896053
6896063
6896089
6896117
6896129
6896143
6896173
6896177
6896261
6896269
6896273
6896293
6896303
6896311
6896317
6896327
6896347
6896363
6896371
6896399
6896423
6896429
6896447
6896453
6896459
6896473
6896479
6896489
6896501
6896507
6896531
6896551
6896557
6896597
6896627
6896629
6896647
6896653
6896657
6896683
6896707
6896723
6896737
6896741
6896759
6896761
6896767
6896783
6896789
6896807
6896831
6896833
6896887
6896893
6896909
6896947
6896959
6896963
6896971
6896977
6896999
6897073
6897083
6897091
6897101
6897103
6897119
6897151
6897173
6897199
6897211
6897271
6897299
6897347
6897353
6897403
6897409
6897413
6897431
6897463
6897487
6897491
6897509
6897521
6897523
6897533
6897547
6897557
6897571
6897599
6897607
6897637
6897641
6897643
6897659
6897689
6897691
6897719
6897739
6897743
6897797
6897811
6897823
6897827
6897829
6897857
6897883
6897887
6897899
6897901
6897929
6897949
6897991
6898009
6898019
6898033
6898037
6898051
6898069
6898081
6898097
6898117
6898139
6898163
6898181
6898187
6898231
6898247
6898249
6898267
6898271
6898279
6898313
6898319
6898327
6898357
6898363
6898417
6898483
6898487
6898511
6898531
6898547
6898553
6898571
6898579
6898601
6898609
6898621
6898627
6898637
6898663
6898667
6898739
6898741
6898751
6898769
6898777
6898799
6898807
6898813
6898817
6898819
6898823
6898841
6898861
6898867
6898883
6898891
6898901
6898907
6898921
6898949
6898967
6898973
6898981
6898993
6899023
6899027
6899069
6899077
6899099
6899117
6899201
6899219
6899227
6899231
6899251
6899281
6899293
6899309
6899317
6899323
6899327
6899339
6899351
6899371
6899383
6899423
6899429
6899443
6899447
6899461
6899483
6899491
6899507
6899509
6899533
6899537
6899551
6899561
6899573
6899579
6899587
6899597
6899617
6899657
6899663
6899687
6899719
6899749
6899777
6899779
6899791
6899801
6899803
6899813
6899819
6899863
6899891
6899899
6899923
6899947
6899951
6899969
6899989
6900001
6900053
6900067
6900077
6900083
6900121
6900149
6900151
6900203
6900209
6900221
6900233
6900281
6900293
6900301
6900337
6900359
6900367
6900379
6900403
6900407
6900409
6900427
6900433
6900449
6900469
6900479
6900497
6900499
6900527
6900533
6900539
6900559
6900563
6900577
6900599
6900601
6900613
6900643
6900659
6900679
6900689
6900727
6900731
6900739
6900767
6900787
6900791
6900821
6900823
6900841
6900847
6900853
6900863
6900877
6900889
6900911
6900913
6900917
6900919
6900923
6900937
6900947
6900961
6900967
6900973
6900977
6901007
6901033
6901049
6901061
6901073
6901087
6901091
6901109
6901163
6901187
6901207
6901241
6901253
6901261
6901273
6901291
6901331
6901369
6901379
6901381
6901387
6901397
6901399
6901417
6901429
6901441
6901451
6901459
6901463
6901511
6901513
6901523
6901529
6901547
6901589
6901591
6901597
6901613
6901637
6901651
6901673
6901691
6901717
6901751
6901753
6901777
6901781
6901789
6901799
6901823
6901837
6901849
6901859
6901889
6901891
6901897
6901901
6901907
6901919
6901957
6902003
6902011
6902033
6902053
6902083
6902101
6902107
6902113
6902131
6902141
6902171
6902179
6902183
6902213
6902219
6902237
6902257
6902293
6902297
6902303
6902321
6902341
6902353
6902359
6902381
6902393
6902417
6902431
6902437
6902447
6902479
6902503
6902513
6902537
6902543
6902557
6902591
6902627
6902633
6902657
6902659
6902671
6902689
6902711
6902717
6902741
6902759
6902767
6902789
6902803
6902813
6902827
6902849
6902851
6902881
6902893
6902897
6902911
6902923
6902927
6902933
6902939
6902971
6902983
6902989
6903007
6903041
6903067
6903089
6903103
6903109
6903121
6903161
6903167
6903179
6903191
6903209
6903217
6903227
6903271
6903301
6903311
6903317
6903331
6903341
6903353
6903367
6903371
6903383
6903389
6903397
6903419
6903437
6903439
6903443
6903461
6903467
6903503
6903529
6903563
6903577
6903599
6903601
6903623
6903643
6903647
6903679
6903737
6903739
6903773
6903811
6903901
6903913
6903937
6903977
6904033
6904039
6904063
6904067
6904081
6904097
6904099
6904109
6904129
6904133
6904171
6904181
6904207
6904217
6904229
6904231
6904241
6904279
6904309
6904321
6904333
6904367
6904369
6904379
6904421
6904427
6904433
6904463
6904483
6904487
6904501
6904507
6904519
6904561
6904571
6904591
6904613
6904627
6904631
6904633
6904637
6904643
6904649
6904691
6904693
6904721
6904727
6904747
6904757
6904763
6904789
6904801
6904831
6904883
6904901
6904913
6904921
6904927
6904943
6904957
6904973
6904979
6904981
6904993
6905011
6905027
6905029
6905039
6905053
6905057
6905071
6905123
6905137
6905149
6905167
6905191
6905201
6905203
6905207
6905231
6905233
6905237
6905263
6905291
6905293
6905299
6905323
6905329
6905357
6905363
6905377
6905399
6905401
6905407
6905411
6905443
6905449
6905453
6905461
6905473
6905491
6905513
6905533
6905573
6905579
6905597
6905611
6905629
6905651
6905669
6905677
6905699
6905707
6905713
6905729
6905737
6905771
6905779
6905783
6905803
6905807
6905827
6905831
6905837
6905863
6905867
6905869
6905881
6905923
6905947
6905971
6905981
6906007
6906017
6906041
6906043
6906061
6906071
6906073
6906079
6906103
6906143
6906157
6906167
6906169
6906173
6906203
6906209
6906217
6906223
6906239
6906247
6906257
6906269
6906283
6906313
6906323
6906343
6906401
6906407
6906421
6906461
6906467
6906469
6906499
6906511
6906527
6906541
6906551
6906569
6906577
6906593
6906631
6906637
6906649
6906661
6906677
6906689
6906719
6906761
6906763
6906793
6906797
6906803
6906817
6906821
6906833
6906853
6906857
6906859
6906881
6906883
6906917
6906919
6906931
6906941
6906943
6906973
6906989
6906997
6907001
6907007
6907027
6907031
6907037
6907039
6907063
6907111
6907139
6907157
6907183
6907211
6907217
6907223
6907247
6907259
6907297
6907309
6907319
6907349
6907361
6907363
6907367
6907399
6907409
6907427
6907441
6907463
6907501
6907517
6907531
6907547
6907553
6907561
6907591
6907609
6907619
6907631
6907643
6907673
6907679
6907711
6907723
6907727
6907739
6907741
6907753
6907759
6907781
6907793
6907799
6907819
6907847
6907853
6907867
6907877
6907891
6907909
6907949
6907969
6907987
6908017
6908021
6908047
6908059
6908081
6908101
6908117
6908149
6908183
6908203
6908207
6908249
6908263
6908281
6908287
6908309
6908329
6908357
6908359
6908383
6908387
6908393
6908399
6908411
6908413
6908431
6908453
6908507
6908521
6908527
6908537
6908557
6908569
6908581
6908597
6908599
6908611
6908621
6908633
6908651
6908653
6908687
6908711
6908719
6908729
6908743
6908771
6908777
6908779
6908789
6908801
6908807
6908813
6908827
6908831
6908833
6908857
6908887
6908893
6908897
6908917
6908929
6908969
6908971
6908983
6908999
6909011
6909013
6909017
6909037
6909041
6909053
6909059
6909109
6909113
6909127
6909151
6909167
6909173
6909247
6909257
6909263
6909271
6909281
6909289
6909299
6909317
6909319
6909323
6909341
6909347
6909359
6909379
6909389
6909391
6909437
6909439
6909449
6909457
6909467
6909473
6909493
6909503
6909533
6909547
6909563
6909571
6909583
6909587
6909613
6909629
6909641
6909647
6909659
6909677
6909709
6909719
6909751
6909761
6909781
6909817
6909823
6909827
6909841
6909887
6909899
6909907
6909919
6909923
6909941
6909949
6909967
6909983
6909997
6910027
6910069
6910073
6910103
6910121
6910133
6910147
6910159
6910187
6910201
6910237
6910249
6910261
6910271
6910291
6910301
6910333
6910361
6910369
6910403
6910411
6910429
6910441
6910459
6910481
6910499
6910513
6910523
6910529
6910537
6910597
6910637
6910639
6910679
6910697
6910703
6910733
6910747
6910759
6910763
6910777
6910781
6910801
6910807
6910819
6910853
6910867
6910901
6910909
6910913
6910921
6910931
6910951
6910963
6910973
6910979
6910997
6911029
6911033
6911053
6911057
6911059
6911081
6911087
6911101
6911131
6911141
6911183
6911189
6911207
6911221
6911227
6911249
6911257
6911263
6911273
6911279
6911291
6911321
6911323
6911371
6911381
6911389
6911407
6911413
6911423
6911441
6911447
6911461
6911507
6911539
6911549
6911561
6911579
6911587
6911591
6911603
6911621
6911627
6911633
6911647
6911683
6911693
6911701
6911719
6911731
6911743
6911759
6911761
6911771
6911797
6911819
6911833
6911837
6911857
6911873
6911887
6911897
6911899
6911917
6911939
6911941
6911959
6911969
6911987
6912011
6912019
6912023
6912049
6912071
6912089
6912091
6912131
6912133
6912173
6912187
6912203
6912211
6912223
6912253
6912271
6912277
6912281
6912299
6912329
6912359
6912361
6912407
6912461
6912463
6912487
6912497
6912517
6912539
6912547
6912569
6912583
6912593
6912611
6912613
6912623
6912649
6912677
6912683
6912707
6912709
6912733
6912757
6912769
6912779
6912797
6912833
6912869
6912911
6912929
6912943
6912953
6912959
6912967
6912977
6912989
6913003
6913009
6913013
6913019
6913021
6913073
6913079
6913111
6913121
6913129
6913139
6913141
6913171
6913177
6913189
6913201
6913213
6913229
6913259
6913273
6913301
6913331
6913337
6913351
6913367
6913381
6913393
6913421
6913429
6913433
6913447
6913457
6913469
6913471
6913507
6913519
6913523
6913531
6913541
6913573
6913603
6913607
6913631
6913649
6913661
6913693
6913703
6913723
6913727
6913733
6913741
6913759
6913763
6913793
6913799
6913807
6913813
6913831
6913847
6913859
6913877
6913889
6913897
6913943
6913957
6913969
6913987
6913993
6913997
6914003
6914021
6914059
6914069
6914077
6914101
6914111
6914113
6914129
6914137
6914161
6914177
6914213
6914251
6914263
6914279
6914293
6914339
6914351
6914353
6914371
6914377
6914419
6914429
6914431
6914459
6914471
6914473
6914543
6914569
6914587
6914599
6914603
6914641
6914657
6914659
6914683
6914711
6914717
6914723
6914729
6914759
6914771
6914783
6914797
6914807
6914821
6914861
6914863
6914909
6914923
6914933
6914939
6914951
6914981
6914989
6915011
6915043
6915053
6915061
6915067
6915091
6915119
6915121
6915127
6915149
6915151
6915173
6915179
6915191
6915193
6915197
6915199
6915247
6915269
6915289
6915299
6915319
6915367
6915371
6915407
6915431
6915451
6915457
6915463
6915473
6915497
6915499
6915521
6915529
6915541
6915547
6915589
6915607
6915619
6915661
6915683
6915703
6915737
6915743
6915763
6915817
6915823
6915827
6915841
6915851
6915863
6915869
6915871
6915901
6915907
6915911
6915913
6915967
6915973
6915983
6916001
6916027
6916033
6916051
6916073
6916081
6916099
6916103
6916109
6916121
6916153
6916187
6916199
6916243
6916277
6916289
6916291
6916303
6916313
6916319
6916333
6916337
6916339
6916387
6916397
6916409
6916411
6916439
6916451
6916453
6916489
6916493
6916517
6916519
6916543
6916549
6916561
6916571
6916573
6916601
6916619
6916633
6916673
6916681
6916691
6916697
6916711
6916727
6916769
6916771
6916787
6916799
6916829
6916837
6916873
6916883
6916919
6916933
6916939
6916957
6916961
6916963
6917021
6917047
6917063
6917081
6917093
6917107
6917111
6917143
6917149
6917153
6917173
6917177
6917179
6917191
6917201
6917221
6917243
6917279
6917293
6917297
6917299
6917327
6917329
6917353
6917357
6917359
6917381
6917431
6917441
6917473
6917489
6917497
6917513
6917531
6917543
6917551
6917567
6917579
6917593
6917611
6917621
6917629
6917633
6917663
6917693
6917707
6917723
6917731
6917737
6917753
6917761
6917773
6917783
6917791
6917803
6917821
6917831
6917839
6917857
6917879
6917893
6917899
6917923
6917941
6917947
6917959
6917983
6917993
6918007
6918011
6918013
6918017
6918019
6918029
6918047
6918061
6918083
6918091
6918103
6918127
6918161
6918173
6918179
6918187
6918203
6918221
6918229
6918253
6918257
6918271
6918277
6918287
6918323
6918341
6918343
6918347
6918349
6918361
6918383
6918389
6918391
6918397
6918403
6918409
6918419
6918427
6918433
6918449
6918467
6918481
6918491
6918521
6918533
6918551
6918553
6918577
6918581
6918599
6918619
6918623
6918647
6918649
6918689
6918731
6918739
6918749
6918761
6918763
6918799
6918827
6918839
6918851
6918853
6918943
6918953
6918959
6918973
6918979
6918997
6919009
6919019
6919039
6919043
6919061
6919069
6919093
6919109
6919117
6919141
6919177
6919181
6919189
6919223
6919229
6919247
6919261
6919271
6919277
6919279
6919303
6919307
6919327
6919331
6919361
6919379
6919397
6919399
6919421
6919427
6919433
6919441
6919453
6919463
6919469
6919489
6919499
6919501
6919511
6919519
6919537
6919543
6919547
6919567
6919607
6919613
6919639
6919651
6919673
6919681
6919687
6919691
6919699
6919721
6919723
6919751
6919753
6919769
6919807
6919817
6919853
6919879
6919897
6919903
6919907
6919909
6919919
6919937
6919943
6919963
6919967
6919973
6919981
6919993
6920041
6920059
6920093
6920101
6920129
6920131
6920149
6920189
6920201
6920203
6920219
6920227
6920257
6920273
6920279
6920293
6920297
6920311
6920323
6920339
6920341
6920371
6920383
6920387
6920399
6920423
6920429
6920449
6920453
6920477
6920483
6920489
6920509
6920521
6920569
6920587
6920597
6920629
6920651
6920681
6920707
6920741
6920761
6920773
6920791
6920801
6920803
6920827
6920831
6920833
6920869
6920909
6920917
6920939
6920941
6920951
6920983
6920987
6921007
6921017
6921037
6921041
6921043
6921077
6921097
6921107
6921127
6921133
6921139
6921157
6921179
6921181
6921197
6921209
6921221
6921223
6921247
6921281
6921283
6921307
6921319
6921337
6921347
6921353
6921389
6921403
6921437
6921443
6921449
6921451
6921493
6921503
6921511
6921521
6921527
6921547
6921571
6921583
6921599
6921613
6921617
6921637
6921653
6921671
6921709
6921727
6921763
6921779
6921791
6921793
6921847
6921857
6921869
6921877
6921883
6921917
6921949
6921961
6922001
6922007
6922033
6922037
6922051
6922081
6922087
6922127
6922129
6922141
6922147
There are 2000 prime numbers in S438.
