S44(68113~71280)
68113
68141
68147
68161
68171
68207
68209
68213
68219
68227
68239
68261
68279
68281
68311
68329
68351
68371
68389
68399
68437
68443
68447
68449
68473
68477
68483
68489
68491
68501
68507
68521
68531
68539
68543
68567
68581
68597
68611
68633
68639
68659
68669
68683
68687
68699
68711
68713
68729
68737
68743
68749
68767
68771
68777
68791
68813
68819
68821
68863
68879
68881
68891
68897
68899
68903
68909
68917
68927
68947
68963
68993
69001
69011
69019
69029
69031
69061
69067
69073
69109
69119
69127
69143
69149
69151
69163
69191
69193
69197
69203
69221
69233
69239
69247
69257
69259
69263
69313
69317
69337
69341
69371
69379
69383
69389
69401
69403
69427
69431
69439
69457
69463
69467
69473
69481
69491
69493
69497
69499
69539
69557
69593
69623
69653
69661
69677
69691
69697
69709
69737
69739
69761
69763
69767
69779
69809
69821
69827
69829
69833
69847
69857
69859
69877
69899
69911
69929
69931
69941
69959
69991
69997
70001
70003
70009
70019
70039
70051
70061
70067
70079
70099
70111
70117
70121
70123
70139
70141
70157
70163
70177
70181
70183
70199
70201
70207
70223
70229
70237
70241
70249
70271
70289
70297
70309
70313
70321
70327
70351
70373
70379
70381
70393
70423
70429
70439
70451
70457
70459
70481
70487
70489
70501
70507
70529
70537
70549
70571
70573
70583
70589
70607
70619
70621
70627
70639
70657
70663
70667
70687
70709
70717
70729
70753
70769
70783
70793
70823
70841
70843
70849
70853
70867
70877
70879
70891
70901
70913
70919
70921
70937
70949
70951
70957
70969
70979
70981
70991
70997
70999
71011
71023
71039
71059
71069
71081
71089
71119
71129
71143
71147
71153
71161
71167
71171
71191
71209
71233
71237
71249
71257
71261
71263
There are 274 prime numbers in S44.
