S441(6985441~7017192)
6985441
6985481
6985499
6985513
6985519
6985523
6985553
6985579
6985603
6985609
6985631
6985639
6985679
6985681
6985687
6985697
6985717
6985753
6985763
6985789
6985799
6985829
6985831
6985841
6985871
6985883
6985907
6985931
6985961
6985967
6985969
6985973
6985981
6986011
6986047
6986087
6986093
6986101
6986117
6986123
6986171
6986197
6986219
6986257
6986261
6986297
6986299
6986311
6986321
6986323
6986327
6986333
6986341
6986383
6986389
6986401
6986423
6986431
6986437
6986449
6986453
6986489
6986491
6986519
6986521
6986533
6986537
6986543
6986569
6986587
6986591
6986627
6986647
6986659
6986671
6986689
6986713
6986717
6986719
6986723
6986729
6986731
6986753
6986761
6986773
6986783
6986789
6986801
6986807
6986849
6986869
6986887
6986891
6986909
6986911
6986977
6986981
6987031
6987037
6987047
6987053
6987077
6987083
6987091
6987103
6987107
6987109
6987139
6987163
6987203
6987241
6987247
6987251
6987257
6987263
6987271
6987293
6987359
6987373
6987397
6987403
6987419
6987427
6987433
6987451
6987473
6987499
6987509
6987511
6987517
6987523
6987529
6987551
6987557
6987583
6987593
6987601
6987613
6987619
6987661
6987677
6987683
6987703
6987707
6987713
6987719
6987727
6987737
6987751
6987767
6987769
6987793
6987797
6987817
6987821
6987823
6987847
6987863
6987907
6987923
6987941
6987943
6987949
6987971
6987979
6987983
6988039
6988049
6988057
6988073
6988123
6988127
6988133
6988141
6988169
6988193
6988199
6988211
6988213
6988243
6988253
6988271
6988273
6988307
6988313
6988321
6988357
6988367
6988379
6988417
6988427
6988439
6988451
6988453
6988463
6988483
6988511
6988537
6988543
6988549
6988567
6988589
6988603
6988607
6988621
6988627
6988643
6988669
6988691
6988763
6988769
6988771
6988777
6988799
6988811
6988829
6988841
6988847
6988871
6988873
6988879
6988907
6988909
6988931
6988939
6988991
6988999
6989009
6989039
6989063
6989071
6989107
6989111
6989113
6989119
6989123
6989137
6989153
6989183
6989219
6989233
6989237
6989249
6989267
6989273
6989287
6989293
6989303
6989327
6989341
6989351
6989357
6989369
6989383
6989387
6989419
6989429
6989443
6989449
6989459
6989461
6989491
6989497
6989501
6989509
6989519
6989537
6989573
6989579
6989581
6989599
6989617
6989627
6989651
6989657
6989659
6989687
6989713
6989729
6989743
6989761
6989791
6989809
6989813
6989819
6989821
6989833
6989869
6989921
6989923
6989933
6989947
6989959
6989963
6989987
6990001
6990017
6990019
6990041
6990059
6990107
6990161
6990187
6990199
6990227
6990241
6990251
6990253
6990259
6990289
6990307
6990317
6990323
6990331
6990337
6990341
6990353
6990359
6990371
6990419
6990427
6990439
6990463
6990493
6990517
6990527
6990547
6990559
6990563
6990611
6990617
6990619
6990629
6990667
6990673
6990677
6990679
6990691
6990701
6990703
6990721
6990749
6990751
6990761
6990799
6990821
6990829
6990839
6990853
6990857
6990871
6990881
6990889
6990901
6990911
6990913
6990923
6990953
6990959
6990967
6991003
6991013
6991043
6991091
6991093
6991099
6991111
6991129
6991133
6991147
6991253
6991277
6991289
6991319
6991363
6991381
6991417
6991427
6991447
6991459
6991463
6991493
6991511
6991513
6991531
6991541
6991549
6991553
6991571
6991577
6991597
6991603
6991613
6991619
6991657
6991667
6991687
6991693
6991711
6991723
6991729
6991741
6991783
6991799
6991819
6991823
6991841
6991847
6991877
6991889
6991903
6991939
6991951
6991967
6991969
6991973
6991979
6991991
6991993
6991997
6992039
6992047
6992059
6992119
6992137
6992147
6992177
6992179
6992189
6992191
6992201
6992231
6992233
6992257
6992261
6992269
6992317
6992333
6992339
6992347
6992351
6992353
6992383
6992407
6992417
6992429
6992443
6992467
6992471
6992507
6992543
6992549
6992569
6992581
6992599
6992651
6992653
6992681
6992693
6992731
6992737
6992749
6992753
6992803
6992807
6992809
6992813
6992849
6992879
6992903
6992917
6992927
6992941
6992957
6992959
6992971
6992981
6992983
6993043
6993061
6993067
6993071
6993079
6993131
6993149
6993163
6993167
6993169
6993187
6993221
6993257
6993269
6993277
6993281
6993293
6993299
6993319
6993323
6993367
6993401
6993421
6993451
6993461
6993479
6993499
6993517
6993523
6993533
6993551
6993557
6993559
6993583
6993593
6993599
6993607
6993667
6993671
6993673
6993677
6993689
6993719
6993733
6993737
6993751
6993769
6993773
6993781
6993787
6993799
6993823
6993839
6993853
6993869
6993893
6993913
6993937
6993979
6994007
6994019
6994027
6994049
6994051
6994103
6994111
6994121
6994151
6994153
6994159
6994171
6994177
6994181
6994187
6994201
6994213
6994219
6994237
6994279
6994289
6994291
6994297
6994301
6994303
6994319
6994333
6994363
6994373
6994387
6994409
6994411
6994417
6994433
6994447
6994457
6994459
6994469
6994487
6994511
6994529
6994549
6994567
6994577
6994579
6994583
6994601
6994607
6994613
6994621
6994649
6994661
6994693
6994703
6994711
6994727
6994751
6994759
6994811
6994817
6994843
6994847
6994859
6994873
6994891
6994903
6994913
6994919
6994927
6994951
6994987
6994997
6995017
6995029
6995047
6995069
6995071
6995077
6995089
6995101
6995113
6995117
6995123
6995137
6995147
6995161
6995171
6995179
6995189
6995207
6995227
6995231
6995267
6995281
6995309
6995333
6995341
6995353
6995383
6995389
6995393
6995399
6995407
6995411
6995431
6995497
6995501
6995503
6995509
6995533
6995539
6995557
6995567
6995617
6995623
6995647
6995683
6995693
6995711
6995719
6995753
6995759
6995761
6995777
6995803
6995837
6995839
6995851
6995861
6995899
6995909
6995927
6995941
6995951
6995957
6995977
6995983
6995999
6996001
6996007
6996019
6996037
6996079
6996083
6996089
6996097
6996103
6996109
6996133
6996137
6996149
6996167
6996181
6996191
6996203
6996211
6996217
6996233
6996239
6996257
6996271
6996277
6996289
6996307
6996349
6996377
6996419
6996433
6996461
6996491
6996499
6996523
6996529
6996559
6996611
6996629
6996631
6996643
6996653
6996679
6996701
6996709
6996713
6996721
6996733
6996739
6996823
6996839
6996851
6996907
6996923
6996947
6996961
6996967
6996989
6997021
6997043
6997057
6997063
6997069
6997087
6997093
6997097
6997117
6997139
6997147
6997153
6997157
6997163
6997171
6997201
6997213
6997229
6997231
6997253
6997259
6997273
6997283
6997303
6997307
6997321
6997327
6997343
6997349
6997357
6997363
6997369
6997373
6997379
6997411
6997457
6997469
6997499
6997513
6997531
6997559
6997579
6997597
6997603
6997607
6997609
6997619
6997621
6997631
6997633
6997649
6997651
6997657
6997663
6997687
6997733
6997747
6997789
6997807
6997817
6997841
6997843
6997849
6997867
6997873
6997891
6997901
6997927
6997937
6997967
6998009
6998029
6998039
6998051
6998053
6998059
6998063
6998087
6998093
6998107
6998111
6998113
6998153
6998161
6998171
6998177
6998191
6998197
6998209
6998221
6998261
6998267
6998269
6998287
6998297
6998353
6998357
6998377
6998389
6998393
6998401
6998419
6998423
6998447
6998449
6998461
6998471
6998473
6998489
6998501
6998533
6998561
6998581
6998603
6998617
6998623
6998627
6998681
6998687
6998711
6998737
6998749
6998767
6998779
6998833
6998837
6998851
6998857
6998861
6998863
6998869
6998909
6998921
6998933
6998939
6998941
6998983
6998989
6999007
6999017
6999023
6999037
6999059
6999071
6999073
6999077
6999103
6999131
6999143
6999169
6999173
6999203
6999241
6999263
6999271
6999281
6999283
6999299
6999341
6999361
6999367
6999373
6999379
6999389
6999409
6999413
6999431
6999449
6999457
6999463
6999481
6999491
6999493
6999523
6999533
6999539
6999547
6999589
6999599
6999611
6999647
6999661
6999673
6999703
6999721
6999731
6999749
6999781
6999799
6999821
6999823
6999829
6999857
6999877
6999899
6999911
6999929
6999973
6999989
6999997
7000003
7000009
7000033
7000057
7000061
7000069
7000087
7000109
7000121
7000127
7000129
7000157
7000163
7000171
7000181
7000219
7000241
7000249
7000267
7000297
7000309
7000313
7000333
7000337
7000351
7000373
7000391
7000429
7000459
7000517
7000519
7000523
7000541
7000573
7000577
7000589
7000619
7000633
7000657
7000661
7000663
7000673
7000703
7000727
7000739
7000751
7000757
7000793
7000811
7000831
7000841
7000849
7000913
7000943
7000969
7001003
7001011
7001021
7001041
7001047
7001051
7001069
7001077
7001083
7001087
7001089
7001107
7001123
7001213
7001221
7001233
7001237
7001249
7001273
7001279
7001287
7001311
7001317
7001327
7001341
7001347
7001359
7001369
7001377
7001387
7001411
7001413
7001429
7001431
7001437
7001479
7001507
7001513
7001537
7001581
7001587
7001597
7001639
7001653
7001663
7001669
7001681
7001689
7001713
7001723
7001767
7001779
7001783
7001803
7001831
7001851
7001879
7001887
7001893
7001921
7001923
7001927
7001999
7002019
7002029
7002041
7002053
7002059
7002067
7002071
7002101
7002109
7002131
7002157
7002161
7002167
7002197
7002199
7002217
7002221
7002223
7002227
7002257
7002293
7002319
7002337
7002353
7002367
7002377
7002383
7002397
7002409
7002433
7002439
7002449
7002451
7002491
7002529
7002539
7002551
7002581
7002587
7002599
7002613
7002629
7002631
7002637
7002641
7002673
7002689
7002701
7002703
7002713
7002719
7002733
7002781
7002791
7002803
7002823
7002839
7002871
7002881
7002883
7002889
7002899
7002917
7002973
7002979
7002991
7003021
7003057
7003079
7003081
7003091
7003093
7003097
7003103
7003111
7003121
7003127
7003163
7003189
7003207
7003223
7003231
7003273
7003289
7003313
7003327
7003351
7003357
7003361
7003379
7003393
7003411
7003421
7003463
7003487
7003537
7003543
7003561
7003573
7003589
7003603
7003639
7003651
7003657
7003679
7003687
7003697
7003721
7003727
7003729
7003739
7003741
7003757
7003769
7003771
7003781
7003783
7003807
7003811
7003849
7003859
7003879
7003889
7003901
7003933
7003939
7003943
7003957
7003961
7003963
7003991
7003999
7004009
7004057
7004059
7004069
7004077
7004083
7004087
7004093
7004099
7004111
7004117
7004143
7004149
7004159
7004189
7004191
7004197
7004201
7004237
7004243
7004279
7004281
7004297
7004329
7004339
7004353
7004383
7004401
7004429
7004441
7004461
7004471
7004477
7004497
7004509
7004513
7004593
7004603
7004609
7004611
7004623
7004633
7004651
7004677
7004681
7004713
7004717
7004737
7004741
7004759
7004771
7004797
7004843
7004873
7004887
7004897
7004909
7004911
7004941
7005013
7005017
7005023
7005059
7005077
7005107
7005113
7005121
7005127
7005151
7005161
7005181
7005197
7005199
7005203
7005227
7005239
7005277
7005293
7005331
7005347
7005359
7005371
7005373
7005391
7005403
7005419
7005421
7005451
7005463
7005511
7005521
7005527
7005529
7005541
7005569
7005571
7005613
7005619
7005637
7005643
7005673
7005697
7005703
7005727
7005743
7005763
7005767
7005787
7005809
7005821
7005827
7005847
7005863
7005877
7005899
7005917
7005931
7005941
7005953
7005959
7005979
7005983
7005997
7006063
7006133
7006141
7006147
7006157
7006171
7006177
7006183
7006187
7006189
7006201
7006211
7006247
7006289
7006297
7006303
7006319
7006331
7006343
7006361
7006379
7006381
7006393
7006423
7006451
7006457
7006477
7006481
7006537
7006541
7006553
7006561
7006577
7006607
7006621
7006627
7006633
7006639
7006667
7006679
7006693
7006709
7006723
7006729
7006733
7006751
7006757
7006787
7006799
7006817
7006823
7006829
7006843
7006849
7006871
7006891
7006903
7006933
7006963
7006969
7006981
7006997
7006999
7007003
7007027
7007041
7007069
7007071
7007081
7007083
7007087
7007101
7007107
7007113
7007137
7007149
7007159
7007173
7007177
7007191
7007227
7007267
7007303
7007309
7007311
7007317
7007347
7007353
7007369
7007389
7007401
7007411
7007419
7007423
7007437
7007449
7007459
7007461
7007471
7007477
7007491
7007503
7007509
7007527
7007563
7007569
7007579
7007603
7007633
7007729
7007779
7007783
7007797
7007809
7007813
7007831
7007857
7007867
7007873
7007899
7007909
7007933
7007947
7007951
7007969
7007977
7007983
7007989
7007993
7008013
7008019
7008037
7008041
7008047
7008091
7008101
7008103
7008119
7008121
7008143
7008151
7008163
7008173
7008181
7008191
7008203
7008247
7008251
7008259
7008317
7008319
7008329
7008341
7008361
7008413
7008427
7008451
7008457
7008461
7008467
7008479
7008493
7008523
7008557
7008559
7008563
7008569
7008601
7008611
7008619
7008653
7008671
7008679
7008707
7008713
7008751
7008761
7008763
7008779
7008817
7008829
7008851
7008857
7008887
7008889
7008901
7008917
7008919
7008943
7008977
7009001
7009019
7009031
7009099
7009111
7009133
7009139
7009147
7009159
7009183
7009199
7009201
7009217
7009231
7009279
7009291
7009297
7009307
7009313
7009337
7009349
7009351
7009361
7009363
7009393
7009397
7009399
7009421
7009427
7009447
7009469
7009477
7009481
7009487
7009493
7009507
7009517
7009543
7009547
7009553
7009577
7009601
7009603
7009609
7009637
7009643
7009657
7009663
7009669
7009699
7009711
7009757
7009771
7009777
7009799
7009801
7009823
7009859
7009867
7009889
7009897
7009921
7009969
7009979
7009991
7009997
7010011
7010021
7010023
7010033
7010041
7010051
7010089
7010099
7010111
7010119
7010197
7010209
7010219
7010231
7010281
7010291
7010293
7010317
7010323
7010329
7010347
7010351
7010357
7010359
7010417
7010447
7010453
7010459
7010483
7010491
7010503
7010513
7010537
7010543
7010551
7010569
7010573
7010581
7010603
7010621
7010651
7010657
7010659
7010671
7010687
7010693
7010719
7010789
7010803
7010821
7010831
7010833
7010863
7010879
7010891
7010909
7010917
7010921
7010923
7010951
7010957
7010963
7010977
7011001
7011023
7011031
7011049
7011073
7011079
7011083
7011143
7011181
7011187
7011223
7011229
7011233
7011253
7011283
7011307
7011353
7011377
7011379
7011439
7011479
7011491
7011503
7011547
7011553
7011559
7011593
7011607
7011637
7011647
7011659
7011661
7011671
7011677
7011713
7011721
7011733
7011743
7011749
7011761
7011799
7011811
7011827
7011853
7011877
7011887
7011913
7011919
7011937
7011947
7012001
7012003
7012009
7012013
7012063
7012067
7012069
7012099
7012111
7012141
7012151
7012157
7012193
7012199
7012223
7012241
7012249
7012253
7012261
7012267
7012283
7012319
7012331
7012333
7012337
7012363
7012367
7012373
7012391
7012393
7012409
7012429
7012469
7012471
7012477
7012487
7012507
7012529
7012543
7012547
7012571
7012583
7012613
7012627
7012657
7012661
7012669
7012679
7012697
7012703
7012771
7012777
7012781
7012787
7012793
7012807
7012829
7012847
7012849
7012853
7012877
7012903
7012921
7012937
7012949
7012963
7012969
7012979
7012981
7013029
7013053
7013057
7013063
7013077
7013093
7013117
7013131
7013141
7013143
7013159
7013179
7013203
7013213
7013219
7013243
7013263
7013267
7013269
7013297
7013311
7013317
7013327
7013351
7013371
7013381
7013393
7013407
7013423
7013431
7013443
7013453
7013473
7013477
7013483
7013491
7013521
7013549
7013557
7013561
7013581
7013623
7013653
7013659
7013723
7013729
7013731
7013759
7013771
7013807
7013863
7013887
7013899
7013921
7013927
7013971
7014037
7014043
7014061
7014071
7014089
7014107
7014113
7014121
7014131
7014151
7014187
7014191
7014193
7014209
7014257
7014269
7014283
7014299
7014311
7014313
7014323
7014347
7014367
7014373
7014377
7014383
7014389
7014409
7014419
7014437
7014457
7014467
7014481
7014503
7014509
7014521
7014533
7014541
7014577
7014583
7014611
7014613
7014617
7014619
7014641
7014653
7014671
7014677
7014691
7014739
7014751
7014757
7014767
7014769
7014803
7014809
7014841
7014851
7014859
7014869
7014877
7014881
7014899
7014929
7014947
7014979
7014983
7014989
7014991
7015003
7015039
7015049
7015087
7015097
7015109
7015111
7015139
7015213
7015259
7015273
7015301
7015343
7015363
7015399
7015417
7015423
7015429
7015457
7015471
7015487
7015499
7015501
7015507
7015511
7015523
7015531
7015537
7015553
7015559
7015571
7015583
7015597
7015609
7015627
7015649
7015661
7015691
7015699
7015711
7015717
7015721
7015733
7015739
7015777
7015787
7015817
7015819
7015823
7015891
7015927
7015933
7015949
7015969
7015973
7016011
7016017
7016029
7016041
7016047
7016059
7016063
7016071
7016077
7016083
7016099
7016101
7016117
7016131
7016147
7016153
7016179
7016201
7016213
7016237
7016279
7016287
7016333
7016341
7016363
7016381
7016389
7016413
7016423
7016431
7016437
7016467
7016473
7016479
7016483
7016497
7016501
7016507
7016519
7016531
7016533
7016539
7016561
7016599
7016609
7016629
7016641
7016663
7016683
7016731
7016741
7016743
7016747
7016749
7016759
7016777
7016803
7016809
7016831
7016837
7016873
7016879
7016887
7016899
7016921
7016923
7016941
7016963
7016981
7016983
7017007
7017029
7017071
7017079
7017083
7017089
7017097
7017113
7017119
7017133
7017151
7017163
There are 2005 prime numbers in S441.
