S442(7017193~7049016)
7017203
7017211
7017221
7017223
7017229
7017233
7017239
7017281
7017293
7017301
7017317
7017319
7017331
7017347
7017389
7017419
7017431
7017467
7017473
7017487
7017497
7017499
7017503
7017511
7017533
7017541
7017547
7017559
7017589
7017607
7017611
7017613
7017641
7017653
7017667
7017671
7017697
7017701
7017761
7017763
7017767
7017793
7017799
7017817
7017823
7017833
7017839
7017851
7017869
7017887
7017911
7017919
7017937
7017947
7017953
7017977
7017979
7018019
7018021
7018043
7018061
7018069
7018079
7018097
7018129
7018139
7018169
7018171
7018177
7018189
7018199
7018213
7018259
7018267
7018301
7018303
7018321
7018343
7018351
7018357
7018367
7018379
7018387
7018409
7018423
7018441
7018447
7018457
7018469
7018471
7018481
7018499
7018511
7018513
7018541
7018547
7018549
7018553
7018573
7018577
7018579
7018607
7018633
7018639
7018673
7018691
7018709
7018747
7018751
7018763
7018777
7018799
7018801
7018811
7018813
7018829
7018867
7018871
7018883
7018897
7018901
7018931
7018939
7018951
7018969
7018981
7018997
7019003
7019021
7019029
7019041
7019057
7019069
7019081
7019101
7019119
7019123
7019137
7019149
7019153
7019203
7019219
7019231
7019239
7019263
7019279
7019291
7019297
7019321
7019329
7019377
7019429
7019471
7019473
7019483
7019489
7019503
7019533
7019549
7019561
7019563
7019567
7019587
7019611
7019633
7019641
7019689
7019729
7019731
7019741
7019767
7019773
7019777
7019783
7019801
7019833
7019849
7019851
7019863
7019867
7019893
7019923
7019939
7019951
7019953
7019993
7020023
7020029
7020073
7020077
7020103
7020107
7020109
7020113
7020119
7020131
7020161
7020173
7020187
7020197
7020199
7020227
7020239
7020257
7020271
7020287
7020289
7020301
7020311
7020317
7020319
7020323
7020331
7020341
7020347
7020361
7020379
7020397
7020413
7020427
7020449
7020457
7020463
7020479
7020487
7020499
7020509
7020511
7020529
7020547
7020593
7020613
7020619
7020623
7020641
7020647
7020649
7020667
7020679
7020691
7020701
7020707
7020737
7020743
7020749
7020757
7020781
7020791
7020821
7020829
7020877
7020889
7020901
7020913
7020931
7020953
7020971
7020991
7021033
7021057
7021073
7021081
7021111
7021117
7021139
7021163
7021199
7021211
7021229
7021237
7021249
7021253
7021309
7021319
7021321
7021331
7021361
7021363
7021367
7021381
7021423
7021433
7021439
7021457
7021489
7021501
7021519
7021541
7021543
7021549
7021559
7021571
7021577
7021589
7021607
7021627
7021643
7021657
7021691
7021711
7021723
7021759
7021769
7021789
7021843
7021853
7021879
7021913
7021939
7021951
7021979
7021981
7021997
7021999
7022033
7022051
7022063
7022083
7022087
7022101
7022117
7022123
7022131
7022143
7022149
7022161
7022177
7022179
7022219
7022233
7022237
7022269
7022273
7022293
7022297
7022329
7022333
7022339
7022347
7022359
7022371
7022417
7022441
7022443
7022467
7022507
7022531
7022549
7022551
7022569
7022573
7022591
7022597
7022621
7022627
7022629
7022641
7022651
7022663
7022671
7022677
7022737
7022753
7022777
7022789
7022791
7022831
7022839
7022857
7022861
7022867
7022891
7022893
7022941
7022969
7022971
7022987
7022993
7022999
7023001
7023011
7023043
7023053
7023059
7023067
7023089
7023097
7023109
7023131
7023139
7023151
7023157
7023169
7023173
7023187
7023209
7023221
7023223
7023251
7023271
7023283
7023287
7023299
7023323
7023347
7023353
7023361
7023371
7023383
7023421
7023427
7023433
7023461
7023469
7023473
7023517
7023529
7023551
7023563
7023581
7023589
7023593
7023617
7023619
7023623
7023629
7023631
7023637
7023647
7023683
7023721
7023739
7023767
7023799
7023823
7023847
7023857
7023869
7023881
7023923
7023937
7023943
7023953
7023983
7024021
7024051
7024057
7024081
7024097
7024109
7024123
7024163
7024181
7024183
7024189
7024217
7024231
7024253
7024261
7024267
7024273
7024289
7024301
7024309
7024313
7024387
7024393
7024411
7024421
7024441
7024463
7024469
7024477
7024513
7024517
7024529
7024531
7024541
7024543
7024579
7024597
7024607
7024627
7024691
7024727
7024733
7024739
7024741
7024753
7024763
7024769
7024793
7024799
7024807
7024819
7024847
7024877
7024891
7024907
7024933
7024937
7024939
7024957
7024967
7024987
7024999
7025027
7025059
7025069
7025077
7025087
7025093
7025101
7025107
7025111
7025113
7025129
7025141
7025149
7025167
7025173
7025177
7025197
7025209
7025219
7025243
7025287
7025303
7025311
7025329
7025339
7025387
7025407
7025429
7025467
7025479
7025483
7025489
7025507
7025509
7025531
7025533
7025563
7025567
7025587
7025591
7025617
7025621
7025633
7025639
7025651
7025653
7025657
7025659
7025713
7025723
7025737
7025783
7025791
7025827
7025831
7025861
7025869
7025881
7025891
7025903
7025957
7025969
7025987
7026007
7026013
7026043
7026053
7026059
7026073
7026079
7026121
7026127
7026139
7026167
7026169
7026179
7026197
7026203
7026209
7026233
7026241
7026259
7026277
7026289
7026301
7026307
7026343
7026347
7026377
7026379
7026391
7026421
7026443
7026463
7026473
7026493
7026499
7026517
7026521
7026527
7026533
7026541
7026577
7026619
7026623
7026629
7026631
7026647
7026653
7026667
7026689
7026731
7026737
7026743
7026749
7026769
7026791
7026809
7026821
7026823
7026847
7026853
7026857
7026871
7026881
7026883
7026919
7026973
7026997
7027021
7027043
7027057
7027061
7027063
7027099
7027109
7027117
7027133
7027147
7027159
7027183
7027201
7027211
7027219
7027243
7027253
7027303
7027327
7027333
7027369
7027379
7027403
7027451
7027453
7027457
7027459
7027469
7027481
7027547
7027567
7027571
7027577
7027589
7027591
7027621
7027633
7027649
7027679
7027703
7027711
7027717
7027721
7027723
7027729
7027759
7027771
7027807
7027819
7027837
7027849
7027873
7027879
7027901
7027907
7027913
7027921
7027927
7027931
7027939
7027961
7027973
7027981
7027991
7028011
7028017
7028027
7028029
7028033
7028057
7028059
7028069
7028093
7028101
7028107
7028111
7028137
7028141
7028167
7028173
7028183
7028201
7028209
7028213
7028243
7028249
7028267
7028269
7028279
7028297
7028299
7028311
7028323
7028339
7028341
7028377
7028381
7028389
7028401
7028407
7028431
7028447
7028449
7028459
7028467
7028473
7028477
7028519
7028533
7028563
7028569
7028573
7028579
7028591
7028627
7028657
7028663
7028669
7028677
7028683
7028687
7028699
7028711
7028719
7028741
7028761
7028767
7028771
7028797
7028831
7028839
7028843
7028849
7028851
7028873
7028881
7028887
7028891
7028921
7028941
7028947
7028963
7028977
7029013
7029017
7029023
7029073
7029079
7029089
7029101
7029103
7029133
7029137
7029161
7029173
7029181
7029203
7029227
7029233
7029241
7029257
7029263
7029287
7029293
7029307
7029317
7029331
7029359
7029403
7029427
7029479
7029521
7029527
7029541
7029587
7029599
7029611
7029637
7029641
7029661
7029689
7029691
7029709
7029713
7029719
7029731
7029749
7029767
7029779
7029787
7029797
7029809
7029811
7029817
7029821
7029833
7029863
7029877
7029899
7029917
7029929
7029937
7029947
7029961
7030013
7030033
7030039
7030063
7030091
7030097
7030099
7030117
7030123
7030141
7030159
7030193
7030217
7030237
7030313
7030319
7030343
7030351
7030357
7030363
7030379
7030403
7030421
7030423
7030427
7030451
7030453
7030477
7030487
7030489
7030501
7030523
7030531
7030549
7030561
7030577
7030579
7030603
7030613
7030631
7030637
7030643
7030669
7030687
7030691
7030697
7030717
7030729
7030753
7030757
7030783
7030787
7030811
7030823
7030841
7030873
7030897
7030937
7030943
7030951
7030957
7030981
7030993
7030997
7031023
7031039
7031041
7031051
7031071
7031107
7031111
7031113
7031173
7031177
7031191
7031209
7031243
7031257
7031281
7031293
7031309
7031333
7031347
7031357
7031359
7031363
7031371
7031383
7031393
7031411
7031417
7031419
7031429
7031441
7031461
7031467
7031471
7031473
7031477
7031483
7031503
7031509
7031527
7031533
7031551
7031567
7031573
7031597
7031599
7031603
7031621
7031639
7031641
7031671
7031681
7031737
7031743
7031749
7031753
7031771
7031807
7031819
7031837
7031839
7031861
7031867
7031909
7031939
7031977
7031989
7032013
7032029
7032037
7032041
7032049
7032059
7032079
7032083
7032107
7032121
7032127
7032131
7032167
7032191
7032217
7032229
7032247
7032251
7032283
7032313
7032317
7032359
7032367
7032383
7032391
7032397
7032409
7032437
7032463
7032481
7032497
7032499
7032551
7032569
7032581
7032583
7032589
7032617
7032647
7032653
7032667
7032671
7032677
7032709
7032749
7032787
7032799
7032803
7032829
7032863
7032881
7032889
7032899
7032901
7032911
7032913
7032919
7032929
7032931
7032937
7032947
7032959
7032973
7033031
7033049
7033067
7033069
7033093
7033111
7033151
7033163
7033177
7033199
7033207
7033231
7033237
7033241
7033253
7033267
7033289
7033303
7033321
7033333
7033339
7033357
7033379
7033391
7033421
7033451
7033493
7033501
7033513
7033517
7033547
7033549
7033583
7033601
7033603
7033619
7033627
7033633
7033651
7033657
7033679
7033681
7033703
7033721
7033723
7033729
7033751
7033771
7033787
7033799
7033813
7033823
7033847
7033853
7033877
7033891
7033909
7033927
7033951
7033963
7033967
7033987
7033997
7034003
7034011
7034017
7034023
7034029
7034063
7034077
7034087
7034099
7034119
7034143
7034147
7034171
7034173
7034191
7034219
7034221
7034233
7034249
7034267
7034281
7034299
7034309
7034317
7034323
7034341
7034369
7034371
7034381
7034383
7034429
7034437
7034441
7034449
7034473
7034479
7034491
7034497
7034519
7034563
7034567
7034593
7034603
7034611
7034627
7034639
7034641
7034647
7034653
7034663
7034669
7034681
7034683
7034701
7034717
7034723
7034749
7034761
7034767
7034771
7034779
7034837
7034851
7034857
7034887
7034891
7034899
7034971
7034977
7034999
7035001
7035011
7035037
7035053
7035107
7035151
7035173
7035211
7035221
7035227
7035239
7035251
7035253
7035257
7035269
7035293
7035299
7035307
7035311
7035341
7035367
7035389
7035403
7035409
7035421
7035437
7035449
7035451
7035463
7035473
7035499
7035517
7035527
7035533
7035541
7035547
7035551
7035563
7035577
7035593
7035607
7035629
7035647
7035649
7035659
7035683
7035709
7035713
7035727
7035731
7035733
7035751
7035797
7035799
7035823
7035839
7035851
7035863
7035869
7035881
7035911
7035913
7035971
7035979
7035989
7036021
7036049
7036087
7036097
7036103
7036109
7036123
7036129
7036177
7036187
7036193
7036199
7036207
7036247
7036259
7036261
7036301
7036303
7036307
7036331
7036339
7036343
7036361
7036363
7036373
7036387
7036409
7036423
7036493
7036499
7036501
7036529
7036559
7036573
7036577
7036591
7036637
7036661
7036681
7036703
7036709
7036717
7036741
7036769
7036801
7036807
7036811
7036817
7036819
7036829
7036847
7036867
7036889
7036891
7036901
7036903
7036921
7036933
7036957
7036961
7036979
7036987
7037003
7037029
7037033
7037039
7037071
7037089
7037101
7037123
7037159
7037161
7037171
7037183
7037203
7037207
7037209
7037221
7037231
7037243
7037249
7037267
7037291
7037323
7037347
7037351
7037369
7037383
7037389
7037417
7037453
7037489
7037521
7037531
7037551
7037573
7037587
7037593
7037629
7037647
7037671
7037683
7037687
7037689
7037699
7037707
7037729
7037791
7037831
7037843
7037861
7037867
7037879
7037893
7037897
7037903
7037909
7037917
7037929
7037957
7037963
7037969
7037993
7038001
7038013
7038043
7038047
7038049
7038061
7038067
7038071
7038077
7038079
7038089
7038107
7038121
7038127
7038133
7038167
7038179
7038181
7038191
7038193
7038211
7038247
7038259
7038263
7038277
7038281
7038319
7038331
7038359
7038389
7038397
7038401
7038407
7038419
7038461
7038463
7038469
7038491
7038497
7038509
7038533
7038539
7038553
7038557
7038571
7038583
7038599
7038617
7038623
7038631
7038659
7038671
7038679
7038701
7038709
7038719
7038751
7038763
7038803
7038841
7038853
7038859
7038929
7038931
7038937
7038947
7038959
7039001
7039013
7039027
7039031
7039093
7039103
7039117
7039121
7039129
7039133
7039159
7039169
7039181
7039183
7039187
7039211
7039223
7039243
7039247
7039259
7039261
7039273
7039283
7039321
7039327
7039363
7039381
7039399
7039429
7039433
7039447
7039457
7039477
7039493
7039507
7039517
7039531
7039537
7039559
7039567
7039603
7039607
7039667
7039673
7039691
7039693
7039699
7039727
7039763
7039777
7039783
7039789
7039829
7039841
7039843
7039847
7039849
7039867
7039873
7039897
7039913
7039919
7039943
7039957
7039961
7039973
7039997
7040009
7040017
7040021
7040041
7040053
7040063
7040081
7040113
7040129
7040171
7040179
7040183
7040197
7040213
7040221
7040263
7040269
7040281
7040287
7040321
7040353
7040381
7040387
7040389
7040413
7040443
7040477
7040483
7040513
7040521
7040543
7040549
7040557
7040563
7040569
7040597
7040623
7040629
7040633
7040639
7040651
7040653
7040687
7040711
7040713
7040723
7040731
7040743
7040749
7040791
7040797
7040827
7040837
7040843
7040861
7040867
7040893
7040897
7040899
7040903
7040909
7040911
7040933
7040947
7040951
7040953
7040981
7040983
7040987
7040993
7041011
7041049
7041071
7041091
7041101
7041107
7041109
7041127
7041157
7041161
7041163
7041193
7041227
7041233
7041241
7041253
7041259
7041263
7041271
7041311
7041317
7041319
7041337
7041341
7041367
7041373
7041401
7041407
7041409
7041439
7041449
7041467
7041469
7041479
7041487
7041491
7041523
7041539
7041547
7041569
7041623
7041631
7041641
7041649
7041679
7041701
7041707
7041721
7041731
7041781
7041787
7041817
7041829
7041847
7041863
7041871
7041883
7041899
7041907
7041911
7041941
7041943
7041949
7041953
7041967
7041971
7041977
7042001
7042031
7042033
7042043
7042051
7042069
7042073
7042081
7042093
7042121
7042129
7042183
7042193
7042207
7042219
7042229
7042253
7042271
7042291
7042319
7042327
7042337
7042349
7042367
7042379
7042391
7042421
7042423
7042457
7042459
7042493
7042501
7042517
7042523
7042579
7042589
7042601
7042603
7042619
7042631
7042639
7042643
7042649
7042681
7042723
7042727
7042747
7042753
7042769
7042781
7042801
7042823
7042829
7042843
7042873
7042883
7042907
7042933
7042949
7042961
7042993
7043017
7043041
7043063
7043077
7043123
7043137
7043147
7043159
7043161
7043171
7043173
7043189
7043191
7043203
7043213
7043233
7043237
7043251
7043263
7043273
7043291
7043299
7043339
7043369
7043383
7043401
7043411
7043441
7043447
7043459
7043473
7043483
7043503
7043521
7043527
7043537
7043539
7043557
7043563
7043567
7043573
7043633
7043657
7043669
7043671
7043713
7043717
7043747
7043767
7043783
7043791
7043807
7043821
7043863
7043887
7043909
7043941
7043947
7043969
7043987
7044017
7044019
7044029
7044061
7044073
7044077
7044091
7044101
7044109
7044133
7044139
7044157
7044173
7044181
7044197
7044199
7044203
7044209
7044211
7044221
7044229
7044253
7044259
7044299
7044329
7044337
7044391
7044397
7044413
7044449
7044451
7044469
7044487
7044493
7044503
7044517
7044529
7044539
7044547
7044553
7044589
7044623
7044629
7044637
7044641
7044643
7044679
7044703
7044721
7044731
7044757
7044761
7044769
7044797
7044803
7044811
7044827
7044857
7044859
7044871
7044881
7044889
7044901
7044931
7044943
7044949
7044959
7044977
7044979
7045007
7045009
7045033
7045037
7045039
7045081
7045109
7045111
7045127
7045139
7045177
7045189
7045193
7045223
7045243
7045279
7045301
7045309
7045331
7045373
7045387
7045391
7045393
7045403
7045411
7045427
7045453
7045469
7045487
7045517
7045537
7045541
7045547
7045553
7045589
7045601
7045607
7045627
7045631
7045639
7045657
7045669
7045673
7045681
7045691
7045693
7045697
7045699
7045739
7045757
7045777
7045781
7045783
7045807
7045813
7045823
7045849
7045859
7045867
7045877
7045879
7045901
7045919
7045949
7045963
7045967
7045991
7045999
7046029
7046059
7046069
7046071
7046107
7046129
7046147
7046161
7046167
7046173
7046183
7046201
7046203
7046213
7046227
7046251
7046261
7046309
7046339
7046363
7046387
7046407
7046411
7046423
7046443
7046447
7046461
7046489
7046491
7046497
7046503
7046519
7046521
7046561
7046573
7046581
7046597
7046609
7046639
7046647
7046651
7046707
7046713
7046719
7046723
7046729
7046731
7046737
7046749
7046771
7046791
7046803
7046807
7046833
7046839
7046843
7046861
7046863
7046911
7046917
7046927
7046981
7046987
7046989
7046999
7047011
7047031
7047041
7047049
7047059
7047083
7047091
7047097
7047107
7047113
7047151
7047169
7047179
7047181
7047191
7047211
7047239
7047241
7047263
7047277
7047283
7047289
7047301
7047311
7047317
7047331
7047343
7047371
7047379
7047419
7047421
7047431
7047433
7047451
7047457
7047473
7047487
7047539
7047541
7047553
7047559
7047577
7047587
7047589
7047617
7047619
7047629
7047653
7047659
7047671
7047701
7047713
7047731
7047737
7047739
7047749
7047751
7047773
7047787
7047823
7047839
7047851
7047857
7047863
7047883
7047893
7047907
7047919
7047947
7047967
7047973
7047977
7048003
7048007
7048009
7048021
7048037
7048039
7048043
7048061
7048127
7048133
7048141
7048157
7048163
7048207
7048211
7048213
7048271
7048303
7048309
7048343
7048397
7048399
7048403
7048409
7048441
7048451
7048469
7048477
7048493
7048499
7048519
7048549
7048567
7048571
7048579
7048583
7048589
7048621
7048631
7048633
7048673
7048697
7048709
7048721
7048729
7048747
7048763
7048771
7048777
7048781
7048799
7048801
7048859
7048871
7048883
7048913
7048957
7048967
7048973
There are 2078 prime numbers in S442.
