S443(7049017~7080912)
7049039
7049047
7049111
7049113
7049123
7049131
7049149
7049153
7049167
7049173
7049191
7049197
7049213
7049219
7049239
7049269
7049297
7049303
7049311
7049333
7049347
7049353
7049363
7049381
7049401
7049411
7049429
7049453
7049461
7049473
7049479
7049489
7049501
7049507
7049521
7049527
7049531
7049563
7049579
7049591
7049597
7049599
7049621
7049633
7049657
7049659
7049677
7049681
7049687
7049701
7049717
7049759
7049761
7049773
7049789
7049821
7049839
7049843
7049857
7049879
7049899
7049921
7049947
7049971
7049993
7050013
7050031
7050037
7050049
7050061
7050067
7050077
7050079
7050089
7050107
7050133
7050187
7050191
7050193
7050217
7050227
7050271
7050287
7050293
7050301
7050353
7050391
7050403
7050467
7050499
7050521
7050553
7050557
7050569
7050583
7050587
7050599
7050613
7050619
7050623
7050629
7050679
7050689
7050697
7050707
7050721
7050731
7050737
7050761
7050781
7050787
7050793
7050817
7050859
7050863
7050871
7050877
7050889
7050899
7050917
7050931
7050941
7050947
7050959
7050977
7050983
7050991
7051001
7051003
7051007
7051019
7051049
7051061
7051069
7051091
7051103
7051111
7051123
7051129
7051151
7051153
7051157
7051189
7051199
7051207
7051211
7051249
7051259
7051283
7051327
7051333
7051361
7051367
7051391
7051393
7051397
7051399
7051411
7051427
7051433
7051453
7051459
7051463
7051469
7051523
7051567
7051607
7051633
7051643
7051673
7051687
7051697
7051711
7051721
7051729
7051741
7051757
7051769
7051771
7051841
7051853
7051859
7051879
7051883
7051897
7051903
7051931
7051937
7051939
7051943
7051949
7051981
7051987
7052011
7052029
7052033
7052057
7052069
7052083
7052107
7052113
7052141
7052147
7052197
7052207
7052231
7052273
7052281
7052321
7052323
7052327
7052333
7052341
7052351
7052371
7052377
7052389
7052411
7052417
7052429
7052431
7052483
7052489
7052497
7052503
7052519
7052543
7052557
7052561
7052581
7052599
7052609
7052611
7052699
7052707
7052723
7052737
7052741
7052753
7052809
7052813
7052827
7052833
7052873
7052891
7052893
7052917
7052921
7052939
7052951
7052953
7052957
7052987
7052993
7053001
7053029
7053031
7053049
7053127
7053197
7053217
7053223
7053229
7053239
7053253
7053259
7053269
7053287
7053301
7053307
7053323
7053329
7053331
7053349
7053359
7053367
7053379
7053401
7053407
7053437
7053443
7053451
7053463
7053481
7053493
7053533
7053551
7053577
7053581
7053587
7053593
7053601
7053653
7053667
7053679
7053689
7053703
7053721
7053727
7053733
7053773
7053797
7053817
7053869
7053877
7053899
7053911
7053971
7053973
7054001
7054007
7054039
7054043
7054049
7054057
7054067
7054079
7054093
7054097
7054121
7054127
7054129
7054139
7054171
7054181
7054199
7054207
7054213
7054249
7054259
7054273
7054283
7054297
7054319
7054361
7054381
7054387
7054409
7054417
7054427
7054433
7054441
7054447
7054493
7054499
7054513
7054543
7054591
7054601
7054613
7054633
7054637
7054651
7054657
7054661
7054669
7054687
7054693
7054699
7054727
7054741
7054759
7054769
7054771
7054781
7054783
7054787
7054799
7054811
7054819
7054823
7054849
7054867
7054877
7054891
7054897
7054919
7054961
7054963
7054981
7054987
7055003
7055021
7055047
7055071
7055093
7055107
7055117
7055141
7055143
7055159
7055177
7055183
7055189
7055203
7055219
7055263
7055281
7055287
7055291
7055303
7055309
7055317
7055329
7055339
7055353
7055369
7055371
7055407
7055429
7055437
7055449
7055453
7055471
7055491
7055509
7055513
7055533
7055537
7055563
7055599
7055611
7055617
7055627
7055647
7055651
7055677
7055701
7055723
7055743
7055749
7055761
7055771
7055773
7055803
7055819
7055857
7055899
7055933
7055953
7055989
7056013
7056017
7056029
7056031
7056061
7056067
7056083
7056121
7056167
7056197
7056211
7056227
7056229
7056281
7056289
7056293
7056311
7056317
7056323
7056347
7056349
7056383
7056403
7056407
7056409
7056421
7056451
7056457
7056463
7056481
7056487
7056503
7056509
7056521
7056523
7056557
7056563
7056571
7056593
7056611
7056617
7056631
7056661
7056667
7056689
7056697
7056701
7056703
7056713
7056719
7056727
7056779
7056793
7056799
7056811
7056817
7056821
7056827
7056851
7056857
7056893
7056913
7056937
7056941
7056943
7056949
7057013
7057027
7057033
7057051
7057069
7057081
7057103
7057123
7057133
7057139
7057153
7057157
7057201
7057229
7057247
7057249
7057279
7057283
7057291
7057301
7057319
7057327
7057331
7057333
7057339
7057361
7057373
7057381
7057409
7057441
7057459
7057487
7057489
7057507
7057537
7057549
7057559
7057591
7057637
7057649
7057651
7057667
7057693
7057697
7057709
7057717
7057723
7057741
7057769
7057793
7057811
7057871
7057879
7057889
7057901
7057903
7057931
7057937
7057951
7057961
7057997
7058021
7058047
7058053
7058059
7058069
7058081
7058089
7058141
7058143
7058153
7058159
7058197
7058209
7058221
7058239
7058243
7058251
7058257
7058267
7058287
7058341
7058357
7058393
7058419
7058431
7058449
7058459
7058461
7058473
7058497
7058521
7058531
7058537
7058543
7058551
7058561
7058567
7058581
7058591
7058609
7058627
7058641
7058647
7058659
7058713
7058717
7058719
7058741
7058743
7058759
7058761
7058783
7058813
7058827
7058879
7058903
7058921
7058939
7058951
7058957
7058963
7058969
7058983
7058993
7059007
7059037
7059043
7059047
7059049
7059061
7059077
7059113
7059121
7059133
7059149
7059161
7059163
7059179
7059211
7059251
7059253
7059263
7059271
7059277
7059281
7059307
7059313
7059323
7059359
7059373
7059379
7059407
7059419
7059433
7059443
7059461
7059463
7059467
7059487
7059491
7059529
7059587
7059593
7059617
7059623
7059629
7059631
7059683
7059691
7059707
7059719
7059727
7059733
7059737
7059739
7059751
7059761
7059791
7059863
7059883
7059893
7059911
7059931
7059937
7059953
7060013
7060037
7060043
7060051
7060061
7060069
7060073
7060087
7060093
7060111
7060139
7060187
7060217
7060223
7060231
7060237
7060243
7060247
7060279
7060327
7060357
7060367
7060373
7060399
7060411
7060429
7060439
7060441
7060463
7060483
7060489
7060511
7060513
7060523
7060531
7060549
7060553
7060631
7060639
7060657
7060667
7060681
7060699
7060709
7060741
7060751
7060759
7060771
7060787
7060789
7060813
7060817
7060841
7060847
7060853
7060861
7060871
7060877
7060909
7060919
7060973
7061009
7061017
7061029
7061039
7061051
7061077
7061083
7061101
7061111
7061167
7061189
7061203
7061221
7061237
7061267
7061269
7061279
7061281
7061303
7061311
7061333
7061381
7061393
7061399
7061401
7061419
7061429
7061449
7061473
7061479
7061489
7061501
7061513
7061563
7061567
7061569
7061591
7061603
7061627
7061629
7061633
7061641
7061657
7061671
7061689
7061693
7061701
7061737
7061767
7061771
7061777
7061807
7061827
7061833
7061837
7061849
7061861
7061869
7061917
7061941
7061969
7061981
7061983
7062007
7062049
7062071
7062073
7062101
7062113
7062149
7062199
7062287
7062313
7062323
7062329
7062337
7062353
7062371
7062383
7062413
7062427
7062479
7062493
7062511
7062527
7062529
7062533
7062551
7062557
7062569
7062571
7062581
7062593
7062611
7062659
7062673
7062691
7062703
7062721
7062739
7062751
7062767
7062779
7062787
7062821
7062827
7062859
7062877
7062907
7062911
7062919
7062941
7062943
7063013
7063039
7063097
7063099
7063103
7063123
7063157
7063169
7063171
7063201
7063213
7063229
7063241
7063247
7063253
7063267
7063271
7063321
7063333
7063339
7063349
7063361
7063367
7063403
7063429
7063447
7063451
7063457
7063477
7063487
7063493
7063499
7063513
7063523
7063543
7063571
7063579
7063591
7063597
7063601
7063631
7063703
7063709
7063717
7063723
7063729
7063741
7063747
7063751
7063757
7063769
7063799
7063807
7063817
7063853
7063873
7063897
7063919
7063957
7063981
7064039
7064089
7064111
7064149
7064171
7064173
7064179
7064191
7064201
7064203
7064207
7064221
7064237
7064261
7064263
7064293
7064297
7064303
7064329
7064347
7064357
7064359
7064389
7064419
7064441
7064459
7064479
7064501
7064509
7064527
7064539
7064549
7064557
7064567
7064569
7064579
7064591
7064609
7064627
7064633
7064653
7064663
7064671
7064677
7064689
7064693
7064753
7064767
7064773
7064779
7064791
7064797
7064819
7064831
7064851
7064861
7064881
7064923
7064927
7064947
7064957
7064971
7064977
7065007
7065031
7065041
7065089
7065101
7065127
7065143
7065167
7065173
7065193
7065211
7065221
7065229
7065239
7065257
7065263
7065277
7065293
7065329
7065343
7065367
7065371
7065389
7065403
7065413
7065419
7065433
7065437
7065449
7065467
7065469
7065497
7065503
7065533
7065547
7065559
7065563
7065581
7065601
7065607
7065629
7065637
7065649
7065671
7065673
7065679
7065683
7065689
7065703
7065733
7065749
7065767
7065769
7065791
7065797
7065809
7065811
7065833
7065841
7065847
7065871
7065881
7065911
7065941
7065943
7065953
7065973
7065983
7066019
7066069
7066079
7066091
7066093
7066097
7066117
7066183
7066187
7066207
7066249
7066259
7066261
7066273
7066277
7066303
7066321
7066337
7066351
7066379
7066393
7066399
7066429
7066439
7066453
7066463
7066469
7066483
7066487
7066523
7066541
7066561
7066567
7066571
7066573
7066639
7066643
7066699
7066721
7066723
7066739
7066771
7066777
7066799
7066837
7066847
7066859
7066909
7066931
7066937
7066973
7066979
7066987
7067017
7067063
7067077
7067089
7067117
7067131
7067143
7067147
7067149
7067153
7067161
7067209
7067237
7067239
7067251
7067303
7067309
7067311
7067317
7067341
7067363
7067369
7067377
7067381
7067429
7067443
7067471
7067477
7067483
7067491
7067513
7067519
7067527
7067537
7067611
7067617
7067623
7067651
7067663
7067681
7067689
7067707
7067713
7067729
7067737
7067747
7067761
7067779
7067789
7067833
7067839
7067861
7067873
7067881
7067899
7067911
7067917
7067927
7067939
7067959
7067987
7068007
7068013
7068049
7068059
7068071
7068077
7068101
7068137
7068143
7068157
7068161
7068167
7068179
7068181
7068203
7068223
7068227
7068287
7068301
7068329
7068331
7068343
7068349
7068353
7068389
7068421
7068463
7068511
7068533
7068539
7068559
7068563
7068569
7068571
7068577
7068599
7068601
7068623
7068637
7068653
7068661
7068667
7068673
7068697
7068707
7068749
7068767
7068773
7068781
7068791
7068793
7068823
7068829
7068839
7068857
7068869
7068871
7068911
7068917
7068937
7068959
7068983
7069009
7069019
7069037
7069061
7069067
7069079
7069081
7069099
7069141
7069151
7069187
7069207
7069219
7069267
7069291
7069313
7069357
7069369
7069373
7069409
7069423
7069429
7069451
7069471
7069477
7069481
7069499
7069523
7069529
7069549
7069571
7069583
7069607
7069609
7069613
7069661
7069663
7069681
7069687
7069721
7069771
7069781
7069801
7069847
7069861
7069879
7069883
7069889
7069897
7069921
7069949
7069973
7069987
7070003
7070009
7070027
7070047
7070053
7070057
7070059
7070087
7070093
7070099
7070111
7070117
7070143
7070149
7070153
7070179
7070183
7070191
7070197
7070207
7070209
7070213
7070221
7070227
7070243
7070267
7070291
7070311
7070333
7070341
7070347
7070353
7070363
7070377
7070381
7070389
7070417
7070423
7070431
7070467
7070477
7070507
7070537
7070543
7070551
7070587
7070599
7070611
7070627
7070639
7070653
7070681
7070689
7070731
7070741
7070743
7070747
7070761
7070779
7070801
7070813
7070849
7070863
7070873
7070879
7070893
7070897
7070923
7070933
7070951
7070953
7070957
7070971
7070977
7070993
7071013
7071017
7071023
7071047
7071061
7071073
7071079
7071083
7071121
7071149
7071151
7071187
7071191
7071199
7071217
7071227
7071241
7071257
7071263
7071283
7071299
7071341
7071343
7071353
7071359
7071367
7071409
7071413
7071431
7071433
7071443
7071451
7071457
7071461
7071497
7071499
7071509
7071521
7071587
7071599
7071601
7071607
7071611
7071613
7071619
7071637
7071641
7071697
7071703
7071719
7071739
7071763
7071767
7071769
7071797
7071809
7071817
7071821
7071839
7071859
7071893
7071899
7071901
7071907
7071923
7071943
7071959
7071989
7071991
7071997
7072003
7072007
7072031
7072033
7072057
7072073
7072127
7072129
7072133
7072151
7072171
7072183
7072193
7072243
7072277
7072321
7072337
7072343
7072349
7072363
7072369
7072397
7072399
7072411
7072421
7072441
7072447
7072487
7072501
7072517
7072531
7072537
7072543
7072547
7072553
7072567
7072573
7072577
7072589
7072591
7072601
7072603
7072613
7072621
7072631
7072649
7072657
7072669
7072673
7072699
7072771
7072777
7072801
7072811
7072823
7072831
7072841
7072853
7072873
7072909
7072913
7072927
7072943
7072963
7072981
7072987
7072993
7073023
7073039
7073041
7073069
7073089
7073137
7073147
7073159
7073201
7073203
7073219
7073237
7073243
7073249
7073267
7073273
7073281
7073317
7073323
7073329
7073347
7073369
7073383
7073387
7073399
7073441
7073459
7073467
7073471
7073483
7073501
7073503
7073527
7073533
7073557
7073579
7073597
7073653
7073657
7073699
7073701
7073707
7073741
7073747
7073753
7073761
7073789
7073813
7073821
7073827
7073839
7073851
7073861
7073863
7073867
7073873
7073879
7073917
7073959
7073981
7074013
7074019
7074047
7074049
7074071
7074077
7074083
7074097
7074101
7074121
7074157
7074163
7074167
7074187
7074191
7074203
7074217
7074233
7074247
7074253
7074257
7074313
7074337
7074341
7074359
7074367
7074373
7074391
7074401
7074407
7074433
7074443
7074451
7074469
7074481
7074491
7074523
7074527
7074539
7074563
7074569
7074607
7074623
7074629
7074643
7074647
7074677
7074679
7074701
7074709
7074713
7074757
7074763
7074779
7074797
7074799
7074827
7074829
7074853
7074883
7074887
7074901
7074911
7074923
7074931
7074943
7074959
7074971
7075021
7075027
7075039
7075067
7075073
7075093
7075097
7075141
7075147
7075157
7075183
7075199
7075231
7075241
7075259
7075273
7075279
7075301
7075303
7075337
7075351
7075357
7075361
7075373
7075423
7075433
7075459
7075469
7075483
7075487
7075529
7075597
7075603
7075613
7075633
7075637
7075643
7075661
7075687
7075699
7075741
7075759
7075763
7075777
7075807
7075813
7075819
7075829
7075837
7075841
7075853
7075867
7075877
7075879
7075883
7075907
7075909
7075919
7075921
7075933
7075949
7075969
7075979
7076009
7076033
7076051
7076057
7076077
7076089
7076093
7076099
7076107
7076119
7076137
7076141
7076143
7076177
7076191
7076197
7076207
7076221
7076263
7076281
7076317
7076327
7076393
7076413
7076429
7076431
7076453
7076501
7076521
7076533
7076543
7076581
7076603
7076611
7076621
7076647
7076651
7076669
7076677
7076687
7076701
7076717
7076737
7076749
7076753
7076761
7076791
7076803
7076807
7076809
7076813
7076827
7076833
7076857
7076863
7076869
7076903
7076921
7076933
7076941
7076963
7076989
7076999
7077041
7077061
7077071
7077079
7077113
7077127
7077137
7077149
7077157
7077163
7077167
7077181
7077197
7077199
7077211
7077221
7077223
7077229
7077251
7077263
7077289
7077299
7077311
7077313
7077347
7077349
7077359
7077361
7077377
7077391
7077409
7077419
7077437
7077449
7077467
7077487
7077509
7077527
7077599
7077601
7077611
7077613
7077617
7077667
7077677
7077691
7077727
7077731
7077737
7077739
7077743
7077751
7077761
7077781
7077787
7077793
7077803
7077809
7077821
7077853
7077857
7077877
7077883
7077893
7077901
7077907
7077911
7077923
7077971
7078009
7078033
7078039
7078073
7078079
7078111
7078121
7078129
7078147
7078151
7078177
7078189
7078213
7078219
7078237
7078271
7078277
7078283
7078301
7078303
7078333
7078339
7078343
7078369
7078373
7078387
7078391
7078397
7078399
7078439
7078471
7078481
7078493
7078537
7078559
7078567
7078597
7078667
7078693
7078699
7078711
7078723
7078739
7078759
7078763
7078777
7078781
7078823
7078829
7078837
7078843
7078859
7078873
7078889
7078891
7078901
7078909
7078921
7078931
7078933
7078949
7078957
7078969
7078979
7078991
7079003
7079041
7079053
7079069
7079071
7079081
7079119
7079159
7079203
7079209
7079221
7079231
7079243
7079249
7079251
7079257
7079279
7079291
7079299
7079309
7079311
7079323
7079329
7079353
7079363
7079417
7079431
7079447
7079459
7079473
7079489
7079491
7079507
7079521
7079539
7079549
7079557
7079573
7079591
7079603
7079627
7079641
7079663
7079669
7079671
7079707
7079711
7079713
7079717
7079719
7079767
7079771
7079773
7079783
7079833
7079867
7079879
7079953
7079977
7079981
7080001
7080011
7080043
7080071
7080077
7080097
7080107
7080119
7080131
7080133
7080169
7080173
7080181
7080193
7080233
7080247
7080257
7080259
7080277
7080289
7080317
7080329
7080383
7080391
7080401
7080433
7080439
7080443
7080461
7080487
7080523
7080547
7080569
7080583
7080589
7080599
7080613
7080683
7080701
7080713
7080739
7080769
7080791
7080793
7080809
7080817
7080833
7080839
7080847
7080859
7080869
7080881
7080889
7080893
7080907
There are 2002 prime numbers in S443.
