S444(7080913~7112880)
7080923
7080937
7080947
7080991
7081001
7081021
7081049
7081093
7081099
7081117
7081157
7081169
7081181
7081183
7081187
7081189
7081199
7081201
7081213
7081241
7081247
7081253
7081267
7081279
7081337
7081339
7081351
7081379
7081387
7081411
7081427
7081439
7081441
7081457
7081499
7081553
7081573
7081577
7081579
7081589
7081603
7081619
7081637
7081649
7081663
7081709
7081727
7081747
7081751
7081757
7081759
7081783
7081787
7081831
7081847
7081849
7081853
7081859
7081871
7081891
7081897
7081903
7081909
7081931
7081933
7081937
7081961
7081973
7082011
7082017
7082021
7082029
7082063
7082069
7082071
7082087
7082093
7082099
7082107
7082111
7082123
7082191
7082197
7082209
7082219
7082227
7082233
7082237
7082249
7082311
7082323
7082329
7082333
7082371
7082377
7082389
7082399
7082431
7082461
7082479
7082507
7082519
7082561
7082563
7082567
7082599
7082629
7082657
7082671
7082701
7082723
7082737
7082753
7082807
7082809
7082813
7082833
7082837
7082857
7082861
7082899
7082909
7082921
7082923
7082927
7082941
7082951
7082963
7082981
7082983
7082987
7082993
7083017
7083049
7083053
7083071
7083107
7083113
7083121
7083133
7083151
7083157
7083187
7083191
7083211
7083227
7083247
7083269
7083277
7083289
7083331
7083341
7083343
7083353
7083361
7083367
7083383
7083389
7083431
7083449
7083463
7083487
7083497
7083499
7083521
7083533
7083541
7083547
7083551
7083581
7083589
7083607
7083641
7083667
7083673
7083689
7083697
7083707
7083719
7083737
7083757
7083763
7083767
7083809
7083823
7083871
7083877
7083893
7083911
7083919
7083943
7083959
7083961
7083971
7084043
7084061
7084067
7084073
7084097
7084109
7084117
7084123
7084141
7084153
7084163
7084171
7084193
7084243
7084249
7084261
7084271
7084277
7084327
7084331
7084333
7084361
7084369
7084387
7084403
7084417
7084421
7084423
7084433
7084453
7084459
7084463
7084471
7084477
7084499
7084531
7084537
7084541
7084547
7084559
7084591
7084603
7084607
7084643
7084687
7084697
7084703
7084717
7084741
7084757
7084807
7084811
7084813
7084817
7084843
7084849
7084859
7084867
7084879
7084901
7084907
7084919
7084927
7084951
7084991
7084993
7085003
7085017
7085041
7085047
7085051
7085053
7085059
7085069
7085083
7085101
7085123
7085137
7085147
7085149
7085231
7085237
7085249
7085257
7085261
7085279
7085293
7085339
7085341
7085359
7085371
7085399
7085417
7085437
7085443
7085459
7085467
7085501
7085509
7085521
7085531
7085543
7085563
7085569
7085581
7085629
7085653
7085681
7085713
7085731
7085737
7085779
7085783
7085797
7085801
7085809
7085839
7085843
7085849
7085873
7085933
7085951
7085963
7085971
7085983
7085999
7086029
7086041
7086061
7086067
7086083
7086089
7086097
7086103
7086109
7086113
7086119
7086133
7086169
7086173
7086193
7086217
7086239
7086241
7086251
7086257
7086283
7086293
7086307
7086319
7086341
7086347
7086361
7086367
7086371
7086377
7086397
7086407
7086421
7086427
7086437
7086451
7086479
7086493
7086511
7086517
7086551
7086557
7086571
7086587
7086593
7086617
7086619
7086659
7086661
7086679
7086689
7086719
7086731
7086749
7086763
7086811
7086839
7086881
7086889
7086899
7086907
7086923
7086929
7086949
7086971
7086983
7086997
7087027
7087039
7087043
7087063
7087081
7087097
7087099
7087103
7087109
7087117
7087123
7087207
7087229
7087237
7087261
7087273
7087277
7087307
7087309
7087331
7087349
7087357
7087369
7087391
7087393
7087411
7087429
7087439
7087481
7087501
7087511
7087517
7087543
7087567
7087583
7087601
7087603
7087631
7087667
7087669
7087681
7087697
7087723
7087727
7087753
7087771
7087799
7087807
7087813
7087853
7087867
7087879
7087889
7087891
7087897
7087901
7087907
7087921
7087937
7087973
7087987
7087999
7088009
7088021
7088041
7088047
7088069
7088087
7088089
7088111
7088149
7088171
7088173
7088177
7088183
7088189
7088231
7088233
7088293
7088297
7088299
7088309
7088321
7088339
7088351
7088353
7088359
7088401
7088407
7088447
7088461
7088467
7088479
7088489
7088537
7088551
7088561
7088581
7088611
7088629
7088647
7088659
7088671
7088687
7088693
7088699
7088717
7088737
7088743
7088821
7088827
7088833
7088849
7088891
7088897
7088903
7088911
7088923
7088927
7088929
7088933
7088953
7088971
7089001
7089007
7089011
7089031
7089041
7089059
7089067
7089073
7089091
7089107
7089127
7089133
7089143
7089157
7089161
7089167
7089169
7089191
7089193
7089209
7089211
7089217
7089239
7089241
7089287
7089301
7089307
7089319
7089343
7089353
7089361
7089371
7089373
7089377
7089403
7089409
7089419
7089431
7089443
7089461
7089463
7089517
7089529
7089553
7089559
7089571
7089581
7089583
7089587
7089619
7089637
7089661
7089673
7089683
7089701
7089707
7089737
7089743
7089749
7089767
7089769
7089779
7089781
7089787
7089821
7089857
7089877
7089881
7089889
7089893
7089913
7089931
7089937
7089941
7089991
7090001
7090009
7090043
7090063
7090067
7090079
7090087
7090093
7090117
7090121
7090129
7090133
7090147
7090151
7090157
7090163
7090169
7090177
7090183
7090201
7090219
7090229
7090231
7090247
7090261
7090267
7090327
7090331
7090333
7090387
7090397
7090403
7090427
7090429
7090451
7090469
7090481
7090483
7090511
7090519
7090549
7090583
7090597
7090613
7090619
7090631
7090639
7090651
7090673
7090687
7090691
7090697
7090747
7090771
7090793
7090801
7090813
7090859
7090861
7090871
7090873
7090901
7090931
7090957
7090981
7091003
7091017
7091027
7091039
7091041
7091053
7091069
7091083
7091099
7091113
7091129
7091137
7091143
7091171
7091179
7091191
7091197
7091209
7091233
7091239
7091251
7091263
7091297
7091303
7091317
7091323
7091333
7091339
7091353
7091377
7091411
7091419
7091449
7091471
7091473
7091489
7091507
7091509
7091519
7091527
7091537
7091543
7091549
7091587
7091599
7091621
7091627
7091633
7091663
7091671
7091681
7091683
7091701
7091713
7091717
7091719
7091723
7091743
7091779
7091813
7091831
7091837
7091857
7091879
7091881
7091899
7091911
7091927
7091933
7091939
7091951
7091957
7091999
7092047
7092053
7092091
7092097
7092109
7092131
7092157
7092167
7092191
7092193
7092203
7092223
7092259
7092307
7092311
7092313
7092367
7092431
7092439
7092457
7092479
7092497
7092511
7092539
7092571
7092577
7092581
7092593
7092601
7092647
7092649
7092661
7092667
7092691
7092731
7092749
7092751
7092773
7092779
7092781
7092793
7092851
7092881
7092913
7092919
7092983
7092989
7093001
7093003
7093007
7093013
7093049
7093057
7093067
7093091
7093109
7093111
7093117
7093127
7093147
7093153
7093181
7093201
7093217
7093249
7093277
7093279
7093291
7093297
7093321
7093343
7093391
7093433
7093439
7093447
7093459
7093469
7093501
7093531
7093547
7093553
7093561
7093577
7093579
7093589
7093601
7093621
7093627
7093633
7093643
7093651
7093657
7093673
7093703
7093711
7093717
7093727
7093739
7093763
7093769
7093771
7093787
7093813
7093819
7093831
7093837
7093841
7093883
7093903
7093907
7093909
7093969
7093979
7093987
7094023
7094029
7094041
7094057
7094063
7094069
7094077
7094111
7094119
7094137
7094141
7094147
7094149
7094159
7094173
7094177
7094179
7094203
7094231
7094233
7094251
7094293
7094303
7094369
7094371
7094377
7094383
7094411
7094413
7094449
7094471
7094489
7094519
7094539
7094551
7094579
7094587
7094597
7094611
7094621
7094669
7094671
7094683
7094719
7094749
7094761
7094779
7094807
7094827
7094839
7094851
7094863
7094869
7094881
7094887
7094891
7094897
7094909
7094921
7094993
7095007
7095013
7095029
7095031
7095041
7095059
7095061
7095079
7095119
7095133
7095161
7095181
7095197
7095199
7095203
7095217
7095241
7095271
7095287
7095289
7095299
7095313
7095323
7095359
7095371
7095377
7095437
7095457
7095467
7095479
7095503
7095509
7095521
7095551
7095589
7095611
7095619
7095629
7095631
7095643
7095667
7095679
7095689
7095713
7095727
7095733
7095757
7095761
7095833
7095853
7095857
7095883
7095889
7095899
7095917
7095961
7095967
7095973
7096049
7096051
7096057
7096073
7096079
7096091
7096099
7096109
7096127
7096129
7096147
7096153
7096163
7096169
7096181
7096183
7096211
7096249
7096261
7096283
7096307
7096319
7096337
7096339
7096357
7096363
7096399
7096409
7096421
7096447
7096451
7096457
7096459
7096469
7096477
7096499
7096517
7096543
7096553
7096571
7096601
7096643
7096651
7096657
7096681
7096693
7096699
7096717
7096741
7096751
7096757
7096759
7096777
7096783
7096787
7096853
7096867
7096877
7096879
7096889
7096891
7096897
7096907
7096951
7096961
7096981
7096993
7096997
7097033
7097063
7097093
7097113
7097117
7097119
7097131
7097147
7097149
7097159
7097161
7097173
7097197
7097213
7097227
7097239
7097267
7097269
7097273
7097291
7097297
7097323
7097341
7097353
7097359
7097383
7097399
7097401
7097429
7097443
7097459
7097471
7097473
7097491
7097521
7097549
7097591
7097603
7097647
7097681
7097683
7097689
7097693
7097723
7097737
7097749
7097767
7097801
7097803
7097807
7097809
7097819
7097861
7097873
7097921
7097929
7097939
7097957
7097983
7097989
7097999
7098019
7098031
7098037
7098041
7098079
7098097
7098109
7098121
7098137
7098149
7098151
7098167
7098187
7098193
7098199
7098209
7098227
7098233
7098239
7098263
7098271
7098281
7098293
7098307
7098319
7098323
7098331
7098337
7098353
7098379
7098383
7098391
7098431
7098439
7098463
7098491
7098493
7098499
7098521
7098541
7098577
7098589
7098599
7098607
7098613
7098629
7098653
7098667
7098671
7098677
7098691
7098713
7098719
7098731
7098737
7098769
7098797
7098829
7098841
7098853
7098859
7098887
7098893
7098899
7098901
7098937
7098941
7098943
7098947
7098953
7098967
7098977
7098983
7099007
7099039
7099051
7099063
7099087
7099091
7099123
7099163
7099181
7099193
7099199
7099201
7099207
7099223
7099231
7099237
7099271
7099291
7099307
7099321
7099327
7099357
7099399
7099409
7099439
7099453
7099457
7099459
7099507
7099511
7099537
7099541
7099549
7099553
7099583
7099627
7099633
7099643
7099657
7099691
7099733
7099739
7099769
7099793
7099811
7099817
7099823
7099843
7099853
7099871
7099877
7099913
7099927
7099949
7099957
7099969
7099991
7100003
7100017
7100029
7100059
7100063
7100081
7100083
7100089
7100111
7100113
7100131
7100141
7100143
7100161
7100173
7100179
7100183
7100221
7100227
7100231
7100239
7100267
7100279
7100293
7100309
7100311
7100321
7100323
7100329
7100363
7100371
7100377
7100381
7100383
7100419
7100453
7100477
7100479
7100501
7100521
7100531
7100557
7100579
7100617
7100641
7100647
7100651
7100657
7100659
7100669
7100671
7100677
7100683
7100689
7100693
7100711
7100759
7100761
7100773
7100791
7100809
7100833
7100837
7100839
7100843
7100857
7100867
7100879
7100897
7100909
7100921
7100941
7100957
7100959
7100963
7100971
7100981
7100983
7100987
7100999
7101001
7101037
7101047
7101067
7101091
7101097
7101137
7101161
7101163
7101169
7101179
7101187
7101197
7101229
7101233
7101239
7101247
7101253
7101271
7101287
7101313
7101329
7101337
7101377
7101401
7101431
7101439
7101443
7101463
7101469
7101473
7101481
7101499
7101509
7101533
7101557
7101593
7101599
7101623
7101637
7101643
7101671
7101673
7101683
7101691
7101709
7101719
7101737
7101739
7101761
7101769
7101797
7101811
7101827
7101847
7101851
7101893
7101907
7101949
7101989
7102001
7102031
7102033
7102057
7102079
7102091
7102093
7102099
7102103
7102127
7102153
7102157
7102171
7102177
7102213
7102223
7102229
7102231
7102241
7102247
7102253
7102273
7102279
7102297
7102301
7102313
7102321
7102349
7102357
7102367
7102369
7102373
7102387
7102397
7102411
7102457
7102463
7102489
7102519
7102531
7102573
7102577
7102591
7102609
7102633
7102643
7102649
7102661
7102663
7102679
7102703
7102721
7102741
7102757
7102759
7102763
7102801
7102807
7102817
7102819
7102829
7102847
7102859
7102867
7102873
7102897
7102919
7102933
7102939
7102961
7102967
7102987
7103009
7103029
7103077
7103081
7103101
7103137
7103141
7103143
7103147
7103153
7103171
7103177
7103183
7103227
7103249
7103269
7103279
7103281
7103303
7103333
7103339
7103363
7103387
7103401
7103417
7103429
7103441
7103461
7103477
7103489
7103497
7103507
7103513
7103531
7103539
7103561
7103599
7103611
7103617
7103647
7103651
7103683
7103687
7103689
7103693
7103699
7103731
7103771
7103791
7103801
7103819
7103821
7103827
7103839
7103843
7103851
7103879
7103881
7103897
7103903
7103911
7103923
7103933
7103939
7103953
7103959
7103969
7103981
7104001
7104023
7104059
7104061
7104089
7104103
7104107
7104109
7104127
7104133
7104143
7104179
7104199
7104221
7104241
7104257
7104269
7104277
7104281
7104311
7104319
7104323
7104329
7104341
7104353
7104359
7104389
7104397
7104413
7104437
7104443
7104451
7104463
7104467
7104509
7104533
7104563
7104569
7104583
7104599
7104607
7104619
7104653
7104659
7104667
7104697
7104709
7104719
7104737
7104743
7104749
7104751
7104763
7104821
7104829
7104833
7104857
7104887
7104893
7104919
7104941
7104949
7104961
7104967
7104973
7104989
7104991
7105001
7105027
7105051
7105061
7105067
7105081
7105093
7105117
7105129
7105141
7105151
7105157
7105159
7105207
7105213
7105223
7105243
7105247
7105253
7105289
7105313
7105331
7105361
7105379
7105421
7105477
7105481
7105489
7105499
7105513
7105529
7105573
7105583
7105589
7105613
7105627
7105673
7105697
7105699
7105717
7105723
7105729
7105733
7105741
7105759
7105771
7105807
7105831
7105837
7105843
7105853
7105859
7105907
7105927
7105933
7105991
7105993
7106003
7106041
7106069
7106083
7106089
7106101
7106117
7106147
7106167
7106179
7106201
7106219
7106227
7106237
7106249
7106251
7106261
7106273
7106299
7106303
7106369
7106371
7106389
7106419
7106423
7106431
7106441
7106443
7106497
7106501
7106503
7106531
7106549
7106573
7106579
7106581
7106591
7106597
7106621
7106633
7106639
7106647
7106651
7106669
7106677
7106681
7106707
7106753
7106773
7106777
7106783
7106797
7106819
7106831
7106851
7106857
7106861
7106863
7106903
7106921
7106933
7106941
7106947
7106951
7106959
7106987
7106999
7107031
7107043
7107097
7107109
7107119
7107131
7107137
7107157
7107179
7107187
7107203
7107211
7107229
7107239
7107251
7107259
7107263
7107271
7107281
7107329
7107337
7107371
7107383
7107409
7107421
7107431
7107433
7107461
7107469
7107509
7107511
7107521
7107533
7107557
7107559
7107571
7107593
7107619
7107623
7107631
7107643
7107647
7107677
7107701
7107703
7107707
7107757
7107769
7107797
7107803
7107817
7107827
7107833
7107847
7107889
7107899
7107923
7107949
7107953
7107967
7107973
7107979
7108001
7108009
7108061
7108121
7108141
7108151
7108169
7108177
7108187
7108243
7108249
7108253
7108259
7108273
7108289
7108303
7108313
7108349
7108399
7108411
7108429
7108463
7108469
7108471
7108487
7108511
7108523
7108529
7108537
7108553
7108573
7108583
7108613
7108637
7108639
7108643
7108649
7108663
7108681
7108687
7108693
7108709
7108711
7108721
7108723
7108763
7108807
7108811
7108819
7108823
7108853
7108859
7108861
7108883
7108897
7108931
7108963
7108967
7108979
7108993
7108999
7109027
7109041
7109051
7109057
7109071
7109083
7109099
7109101
7109107
7109119
7109171
7109183
7109191
7109197
7109209
7109257
7109269
7109273
7109293
7109309
7109317
7109327
7109339
7109351
7109353
7109371
7109381
7109387
7109407
7109423
7109429
7109449
7109467
7109471
7109483
7109497
7109503
7109527
7109551
7109561
7109567
7109569
7109623
7109639
7109653
7109659
7109671
7109681
7109731
7109747
7109779
7109789
7109801
7109803
7109807
7109821
7109827
7109849
7109887
7109899
7109903
7109911
7109917
7109923
7109929
7109941
7109953
7109969
7109983
7110001
7110049
7110053
7110083
7110091
7110101
7110119
7110157
7110167
7110203
7110209
7110217
7110239
7110263
7110277
7110317
7110319
7110329
7110347
7110353
7110379
7110413
7110449
7110451
7110457
7110487
7110491
7110497
7110511
7110559
7110569
7110577
7110581
7110601
7110619
7110637
7110647
7110659
7110661
7110673
7110683
7110689
7110707
7110737
7110757
7110791
7110797
7110809
7110839
7110847
7110853
7110871
7110877
7110889
7110907
7110923
7110949
7110989
7110991
7111007
7111019
7111021
7111031
7111033
7111057
7111087
7111099
7111103
7111123
7111127
7111157
7111193
7111199
7111207
7111213
7111243
7111271
7111277
7111303
7111331
7111337
7111399
7111411
7111417
7111427
7111463
7111477
7111499
7111519
7111537
7111549
7111561
7111589
7111603
7111607
7111639
7111649
7111651
7111667
7111697
7111703
7111721
7111747
7111751
7111759
7111771
7111777
7111789
7111799
7111837
7111843
7111861
7111877
7111889
7111903
7111913
7111957
7111963
7111981
7111987
7111997
7112003
7112009
7112011
7112041
7112059
7112089
7112111
7112153
7112167
7112191
7112201
7112227
7112233
7112249
7112263
7112297
7112351
7112377
7112389
7112411
7112429
7112431
7112437
7112447
7112461
7112467
7112503
7112507
7112513
7112531
7112551
7112561
7112563
7112603
7112657
7112659
7112663
7112683
7112687
7112689
7112701
7112711
7112713
7112717
7112731
7112741
7112747
7112753
7112761
7112779
7112837
7112849
There are 2050 prime numbers in S444.
