S445(7112881~7144920)
7112887
7112909
7112927
7112939
7112951
7112983
7112999
7113023
7113037
7113053
7113061
7113097
7113101
7113109
7113133
7113137
7113151
7113173
7113179
7113181
7113203
7113209
7113221
7113299
7113311
7113313
7113319
7113341
7113343
7113373
7113383
7113437
7113461
7113493
7113517
7113527
7113553
7113559
7113563
7113569
7113593
7113611
7113641
7113661
7113677
7113679
7113683
7113697
7113719
7113721
7113727
7113749
7113751
7113763
7113767
7113773
7113781
7113793
7113817
7113823
7113839
7113851
7113857
7113889
7113893
7113907
7113913
7113917
7113937
7113941
7113943
7113983
7113989
7114039
7114057
7114067
7114087
7114091
7114117
7114123
7114139
7114147
7114157
7114169
7114171
7114181
7114213
7114231
7114241
7114277
7114297
7114301
7114319
7114351
7114357
7114363
7114391
7114399
7114403
7114409
7114423
7114427
7114433
7114451
7114453
7114463
7114477
7114487
7114489
7114501
7114553
7114573
7114577
7114579
7114621
7114643
7114649
7114669
7114673
7114699
7114703
7114711
7114727
7114729
7114733
7114753
7114763
7114777
7114817
7114837
7114859
7114867
7114883
7114897
7114937
7114951
7114957
7114963
7114973
7114997
7114999
7115011
7115041
7115051
7115057
7115093
7115107
7115111
7115117
7115153
7115159
7115161
7115183
7115191
7115203
7115209
7115219
7115221
7115233
7115243
7115249
7115279
7115281
7115309
7115327
7115347
7115351
7115357
7115363
7115387
7115389
7115417
7115473
7115477
7115483
7115501
7115513
7115539
7115561
7115567
7115593
7115611
7115617
7115627
7115651
7115657
7115681
7115687
7115737
7115743
7115749
7115777
7115791
7115807
7115819
7115873
7115879
7115881
7115887
7115891
7115893
7115903
7115921
7115959
7115963
7115971
7115981
7115987
7115989
7116023
7116059
7116061
7116071
7116079
7116119
7116121
7116133
7116139
7116209
7116229
7116253
7116287
7116289
7116299
7116301
7116311
7116323
7116331
7116341
7116349
7116367
7116379
7116409
7116419
7116427
7116433
7116437
7116509
7116511
7116533
7116559
7116563
7116581
7116619
7116631
7116647
7116649
7116667
7116679
7116689
7116709
7116737
7116749
7116751
7116779
7116799
7116847
7116869
7116871
7116877
7116899
7116911
7116943
7116983
7116997
7117007
7117021
7117027
7117037
7117057
7117081
7117087
7117109
7117129
7117133
7117141
7117147
7117171
7117177
7117183
7117193
7117199
7117277
7117291
7117303
7117337
7117387
7117417
7117421
7117433
7117447
7117459
7117483
7117501
7117519
7117567
7117589
7117613
7117637
7117639
7117657
7117667
7117697
7117703
7117717
7117729
7117753
7117769
7117823
7117841
7117843
7117861
7117867
7117871
7117889
7117897
7117921
7117927
7117931
7117939
7117967
7117973
7117987
7118077
7118081
7118093
7118099
7118101
7118107
7118113
7118117
7118119
7118123
7118159
7118161
7118183
7118191
7118203
7118207
7118213
7118219
7118231
7118239
7118261
7118317
7118333
7118341
7118381
7118387
7118399
7118411
7118413
7118443
7118459
7118473
7118491
7118497
7118513
7118519
7118591
7118627
7118663
7118669
7118677
7118687
7118701
7118719
7118737
7118791
7118803
7118807
7118857
7118861
7118879
7118893
7118897
7118921
7118963
7118987
7119011
7119061
7119067
7119103
7119109
7119131
7119139
7119149
7119169
7119173
7119193
7119227
7119247
7119253
7119271
7119283
7119289
7119293
7119317
7119323
7119337
7119341
7119347
7119349
7119403
7119407
7119439
7119449
7119473
7119517
7119521
7119523
7119533
7119557
7119569
7119611
7119613
7119653
7119709
7119713
7119727
7119743
7119751
7119779
7119797
7119803
7119817
7119829
7119881
7119899
7119901
7119919
7119929
7119941
7119977
7119979
7120007
7120013
7120031
7120037
7120039
7120063
7120097
7120121
7120123
7120147
7120153
7120159
7120163
7120177
7120181
7120187
7120189
7120213
7120219
7120237
7120277
7120279
7120303
7120319
7120361
7120367
7120369
7120381
7120387
7120411
7120417
7120423
7120447
7120471
7120481
7120489
7120523
7120537
7120541
7120543
7120567
7120571
7120579
7120583
7120621
7120657
7120679
7120697
7120723
7120727
7120733
7120741
7120781
7120783
7120811
7120837
7120847
7120871
7120873
7120879
7120891
7120903
7120907
7120913
7120933
7120963
7120969
7120987
7120999
7121021
7121033
7121071
7121089
7121137
7121141
7121161
7121173
7121203
7121209
7121263
7121267
7121321
7121339
7121341
7121347
7121357
7121377
7121399
7121407
7121417
7121437
7121441
7121473
7121489
7121503
7121509
7121519
7121533
7121539
7121573
7121579
7121591
7121593
7121603
7121629
7121669
7121683
7121687
7121693
7121701
7121707
7121711
7121717
7121731
7121761
7121767
7121773
7121801
7121809
7121819
7121833
7121839
7121867
7121879
7121921
7121923
7121993
7121999
7122001
7122007
7122013
7122029
7122041
7122053
7122061
7122079
7122091
7122103
7122107
7122109
7122119
7122121
7122149
7122179
7122187
7122209
7122253
7122257
7122263
7122289
7122293
7122307
7122319
7122331
7122361
7122373
7122377
7122407
7122413
7122443
7122449
7122457
7122469
7122491
7122497
7122509
7122517
7122551
7122559
7122593
7122607
7122623
7122637
7122641
7122667
7122679
7122691
7122697
7122721
7122733
7122743
7122749
7122757
7122761
7122763
7122769
7122781
7122793
7122799
7122809
7122859
7122887
7122953
7122961
7122989
7123003
7123021
7123027
7123037
7123057
7123063
7123073
7123093
7123099
7123117
7123159
7123177
7123199
7123201
7123213
7123223
7123229
7123231
7123279
7123297
7123301
7123313
7123327
7123331
7123339
7123343
7123379
7123409
7123411
7123421
7123427
7123447
7123453
7123469
7123481
7123489
7123511
7123513
7123547
7123549
7123579
7123591
7123607
7123619
7123657
7123661
7123679
7123691
7123693
7123703
7123729
7123733
7123747
7123751
7123771
7123793
7123847
7123849
7123861
7123877
7123891
7123903
7123957
7123981
7124009
7124023
7124041
7124057
7124081
7124083
7124087
7124093
7124099
7124123
7124147
7124171
7124179
7124231
7124233
7124261
7124267
7124269
7124279
7124287
7124291
7124317
7124321
7124329
7124333
7124339
7124347
7124357
7124393
7124413
7124417
7124431
7124437
7124443
7124477
7124483
7124519
7124521
7124527
7124543
7124561
7124569
7124591
7124597
7124603
7124629
7124651
7124653
7124657
7124669
7124701
7124707
7124731
7124743
7124759
7124771
7124783
7124801
7124833
7124839
7124851
7124869
7124879
7124891
7124903
7124911
7124977
7124987
7124993
7125037
7125043
7125047
7125049
7125061
7125067
7125077
7125113
7125121
7125169
7125187
7125197
7125199
7125203
7125263
7125269
7125277
7125281
7125299
7125337
7125353
7125359
7125379
7125407
7125413
7125421
7125463
7125473
7125527
7125553
7125583
7125611
7125617
7125649
7125661
7125673
7125683
7125689
7125707
7125731
7125743
7125751
7125761
7125787
7125803
7125809
7125821
7125827
7125829
7125847
7125863
7125869
7125887
7125889
7125901
7125947
7125949
7125971
7125973
7125983
7126069
7126109
7126123
7126127
7126153
7126157
7126181
7126183
7126201
7126243
7126253
7126277
7126279
7126289
7126291
7126313
7126331
7126363
7126367
7126381
7126393
7126429
7126439
7126453
7126507
7126517
7126543
7126549
7126583
7126591
7126597
7126601
7126627
7126631
7126633
7126649
7126699
7126703
7126727
7126733
7126739
7126799
7126811
7126817
7126841
7126871
7126883
7126891
7126897
7126901
7126943
7126979
7126981
7126997
7127009
7127027
7127039
7127053
7127077
7127083
7127089
7127129
7127137
7127161
7127173
7127177
7127201
7127203
7127231
7127251
7127257
7127287
7127311
7127327
7127333
7127339
7127353
7127357
7127363
7127371
7127383
7127431
7127441
7127443
7127467
7127473
7127479
7127513
7127567
7127581
7127587
7127623
7127629
7127633
7127639
7127651
7127663
7127689
7127711
7127719
7127753
7127767
7127779
7127797
7127803
7127819
7127893
7127899
7127963
7127971
7127977
7127987
7127993
7128007
7128031
7128071
7128101
7128139
7128167
7128181
7128193
7128221
7128223
7128227
7128259
7128269
7128281
7128293
7128307
7128347
7128353
7128361
7128391
7128427
7128437
7128463
7128467
7128493
7128503
7128509
7128529
7128533
7128581
7128587
7128601
7128617
7128619
7128647
7128673
7128691
7128697
7128701
7128703
7128707
7128727
7128739
7128749
7128761
7128767
7128799
7128817
7128833
7128907
7128931
7128943
7128949
7128973
7128991
7128997
7129027
7129037
7129061
7129079
7129081
7129091
7129093
7129117
7129127
7129159
7129183
7129207
7129211
7129217
7129219
7129229
7129231
7129247
7129249
7129259
7129261
7129267
7129277
7129301
7129321
7129337
7129361
7129373
7129387
7129417
7129439
7129453
7129469
7129481
7129483
7129519
7129543
7129559
7129561
7129583
7129589
7129601
7129637
7129651
7129673
7129687
7129711
7129729
7129781
7129819
7129831
7129847
7129861
7129877
7130003
7130009
7130029
7130051
7130063
7130083
7130113
7130117
7130119
7130141
7130147
7130153
7130171
7130173
7130177
7130197
7130213
7130231
7130237
7130239
7130243
7130251
7130267
7130329
7130359
7130363
7130393
7130407
7130411
7130423
7130441
7130449
7130471
7130479
7130489
7130509
7130533
7130537
7130551
7130573
7130579
7130687
7130707
7130729
7130731
7130737
7130749
7130789
7130791
7130797
7130807
7130813
7130861
7130863
7130867
7130869
7130881
7130891
7130911
7130933
7130941
7130951
7130957
7130993
7131001
7131017
7131037
7131049
7131053
7131119
7131133
7131139
7131191
7131193
7131199
7131217
7131259
7131281
7131301
7131323
7131329
7131337
7131349
7131353
7131359
7131373
7131379
7131407
7131433
7131437
7131461
7131469
7131503
7131511
7131533
7131559
7131569
7131577
7131583
7131601
7131613
7131623
7131629
7131647
7131661
7131689
7131701
7131703
7131727
7131779
7131793
7131797
7131841
7131847
7131853
7131869
7131877
7131889
7131899
7131923
7131947
7131967
7131977
7131983
7131989
7132019
7132031
7132043
7132063
7132091
7132117
7132121
7132123
7132127
7132141
7132159
7132171
7132187
7132189
7132211
7132241
7132243
7132249
7132259
7132261
7132267
7132283
7132291
7132309
7132327
7132337
7132373
7132381
7132393
7132397
7132417
7132421
7132423
7132427
7132459
7132487
7132493
7132523
7132529
7132577
7132583
7132591
7132603
7132627
7132649
7132651
7132661
7132681
7132693
7132703
7132709
7132751
7132781
7132813
7132841
7132849
7132859
7132871
7132891
7132901
7132907
7132919
7132933
7132943
7132949
7132973
7132987
7132997
7133033
7133107
7133117
7133129
7133167
7133171
7133177
7133201
7133207
7133219
7133233
7133239
7133257
7133281
7133293
7133297
7133339
7133363
7133393
7133411
7133443
7133447
7133459
7133479
7133509
7133521
7133527
7133537
7133551
7133561
7133587
7133593
7133597
7133603
7133647
7133663
7133701
7133719
7133729
7133771
7133809
7133821
7133827
7133831
7133837
7133839
7133843
7133849
7133851
7133857
7133869
7133879
7133881
7133891
7133899
7133921
7133927
7133939
7133957
7133963
7133969
7133983
7134031
7134079
7134091
7134107
7134109
7134119
7134131
7134137
7134143
7134157
7134181
7134199
7134223
7134233
7134251
7134263
7134307
7134311
7134317
7134331
7134341
7134353
7134397
7134409
7134427
7134437
7134467
7134497
7134503
7134511
7134527
7134583
7134593
7134601
7134643
7134661
7134683
7134737
7134739
7134767
7134769
7134773
7134791
7134793
7134817
7134833
7134851
7134857
7134859
7134877
7134887
7134893
7134923
7134949
7134973
7134977
7134979
7134989
7135001
7135021
7135027
7135061
7135069
7135099
7135103
7135123
7135133
7135153
7135169
7135171
7135181
7135199
7135207
7135217
7135229
7135237
7135253
7135259
7135277
7135309
7135319
7135321
7135327
7135343
7135351
7135379
7135391
7135423
7135441
7135459
7135483
7135489
7135511
7135547
7135553
7135559
7135573
7135577
7135591
7135607
7135613
7135619
7135633
7135643
7135669
7135691
7135717
7135741
7135747
7135757
7135771
7135781
7135813
7135831
7135847
7135853
7135861
7135871
7135883
7135889
7135901
7135907
7135913
7135939
7135949
7135967
7136021
7136023
7136027
7136033
7136047
7136069
7136071
7136081
7136083
7136089
7136099
7136111
7136123
7136131
7136161
7136167
7136177
7136179
7136201
7136203
7136221
7136249
7136309
7136317
7136369
7136377
7136383
7136401
7136429
7136431
7136443
7136461
7136471
7136473
7136477
7136483
7136489
7136491
7136497
7136537
7136539
7136543
7136567
7136593
7136599
7136611
7136627
7136659
7136663
7136681
7136711
7136729
7136743
7136771
7136791
7136797
7136807
7136863
7136867
7136873
7136879
7136887
7136897
7136917
7136971
7137001
7137029
7137043
7137047
7137071
7137073
7137077
7137083
7137101
7137121
7137131
7137149
7137167
7137181
7137191
7137203
7137209
7137259
7137287
7137301
7137311
7137313
7137343
7137359
7137371
7137379
7137397
7137421
7137437
7137439
7137463
7137491
7137517
7137553
7137583
7137587
7137589
7137593
7137601
7137617
7137623
7137631
7137653
7137677
7137703
7137733
7137737
7137743
7137763
7137769
7137817
7137827
7137829
7137833
7137839
7137847
7137853
7137859
7137877
7137913
7137947
7137961
7137989
7138009
7138039
7138049
7138069
7138121
7138123
7138169
7138177
7138193
7138207
7138217
7138237
7138273
7138279
7138297
7138309
7138331
7138337
7138343
7138363
7138367
7138393
7138399
7138409
7138489
7138513
7138541
7138561
7138577
7138603
7138613
7138619
7138631
7138639
7138643
7138673
7138693
7138697
7138723
7138741
7138751
7138753
7138771
7138777
7138787
7138799
7138801
7138811
7138819
7138829
7138841
7138849
7138853
7138867
7138883
7138919
7138931
7138949
7138973
7138981
7138987
7139009
7139023
7139071
7139089
7139101
7139123
7139189
7139219
7139273
7139287
7139299
7139311
7139323
7139329
7139351
7139357
7139401
7139437
7139449
7139513
7139519
7139521
7139527
7139543
7139567
7139569
7139581
7139603
7139621
7139659
7139663
7139701
7139731
7139753
7139777
7139809
7139833
7139837
7139861
7139897
7139903
7139917
7139933
7139939
7139947
7139971
7139999
7140011
7140031
7140041
7140047
7140053
7140059
7140071
7140079
7140083
7140101
7140113
7140127
7140157
7140163
7140167
7140169
7140173
7140209
7140227
7140247
7140251
7140253
7140271
7140277
7140283
7140299
7140307
7140311
7140317
7140347
7140359
7140361
7140379
7140383
7140401
7140403
7140433
7140439
7140443
7140457
7140473
7140479
7140487
7140499
7140547
7140563
7140611
7140643
7140647
7140671
7140673
7140677
7140689
7140701
7140733
7140767
7140769
7140779
7140797
7140803
7140817
7140823
7140841
7140853
7140857
7140863
7140883
7140899
7140911
7140923
7140937
7140949
7140953
7140961
7140977
7140983
7140997
7141007
7141009
7141021
7141033
7141049
7141051
7141103
7141117
7141153
7141159
7141177
7141181
7141187
7141219
7141231
7141291
7141307
7141319
7141349
7141357
7141361
7141369
7141391
7141417
7141427
7141429
7141441
7141451
7141457
7141471
7141489
7141531
7141567
7141573
7141577
7141601
7141621
7141637
7141639
7141643
7141657
7141669
7141691
7141699
7141709
7141723
7141733
7141759
7141769
7141781
7141787
7141807
7141829
7141843
7141867
7141889
7141903
7141907
7141919
7141931
7141933
7141943
7141949
7141951
7141957
7141963
7141969
7141973
7141991
7142011
7142027
7142039
7142053
7142111
7142117
7142129
7142141
7142173
7142189
7142203
7142209
7142263
7142269
7142293
7142299
7142321
7142341
7142371
7142383
7142413
7142419
7142437
7142479
7142483
7142501
7142503
7142507
7142519
7142521
7142557
7142563
7142593
7142609
7142621
7142623
7142633
7142659
7142699
7142713
7142743
7142749
7142783
7142791
7142809
7142819
7142833
7142851
7142869
7142881
7142893
7142899
7142909
7142923
7142929
7142939
7142951
7142957
7142959
7142981
7142987
7143001
7143007
7143049
7143053
7143067
7143079
7143083
7143089
7143119
7143121
7143127
7143137
7143139
7143163
7143173
7143187
7143211
7143217
7143223
7143233
7143263
7143277
7143313
7143319
7143341
7143347
7143377
7143379
7143391
7143397
7143401
7143413
7143419
7143421
7143439
7143443
7143457
7143467
7143469
7143491
7143517
7143529
7143557
7143569
7143581
7143589
7143613
7143637
7143667
7143673
7143679
7143683
7143691
7143709
7143737
7143739
7143743
7143749
7143761
7143767
7143797
7143821
7143841
7143883
7143887
7143911
7143931
7143959
7143967
7143979
7143989
7144001
7144021
7144031
7144037
7144051
7144061
7144129
7144153
7144201
7144211
7144217
7144223
7144231
7144289
7144307
7144327
7144331
7144339
7144351
7144363
7144387
7144409
7144429
7144433
7144447
7144451
7144457
7144483
7144499
7144507
7144519
7144531
7144547
7144549
7144561
7144591
7144597
7144637
7144691
7144717
7144721
7144757
7144769
7144793
7144843
7144853
7144859
7144861
7144873
7144903
There are 1991 prime numbers in S445.
