S446(7144921~7177032)
7144967
7144979
7144999
7145003
7145011
7145041
7145051
7145063
7145069
7145071
7145087
7145101
7145129
7145137
7145153
7145161
7145179
7145183
7145189
7145191
7145209
7145231
7145233
7145239
7145251
7145291
7145377
7145393
7145399
7145417
7145443
7145473
7145503
7145507
7145527
7145533
7145557
7145563
7145587
7145591
7145597
7145599
7145609
7145623
7145641
7145647
7145651
7145669
7145681
7145689
7145693
7145701
7145707
7145731
7145737
7145759
7145813
7145819
7145821
7145839
7145863
7145867
7145917
7145923
7145947
7145951
7145953
7145969
7145981
7145987
7145993
7146023
7146047
7146049
7146059
7146091
7146133
7146157
7146173
7146193
7146197
7146199
7146203
7146241
7146263
7146277
7146283
7146311
7146313
7146379
7146389
7146401
7146437
7146463
7146497
7146521
7146533
7146539
7146553
7146571
7146589
7146593
7146619
7146649
7146677
7146683
7146691
7146697
7146701
7146703
7146707
7146719
7146739
7146743
7146757
7146761
7146779
7146787
7146791
7146827
7146829
7146857
7146871
7146889
7146929
7146941
7146947
7146949
7146959
7146973
7147001
7147003
7147033
7147037
7147039
7147093
7147109
7147117
7147121
7147139
7147169
7147183
7147193
7147199
7147219
7147223
7147237
7147247
7147271
7147277
7147289
7147297
7147303
7147321
7147333
7147339
7147351
7147397
7147403
7147423
7147451
7147471
7147507
7147523
7147529
7147537
7147541
7147559
7147573
7147583
7147597
7147603
7147607
7147643
7147663
7147681
7147691
7147703
7147709
7147747
7147757
7147759
7147787
7147801
7147813
7147823
7147831
7147849
7147859
7147873
7147879
7147883
7147913
7147927
7147961
7147967
7147969
7147979
7147991
7147997
7148023
7148051
7148069
7148081
7148129
7148131
7148149
7148153
7148171
7148201
7148203
7148243
7148261
7148287
7148291
7148299
7148311
7148341
7148357
7148387
7148399
7148419
7148429
7148461
7148489
7148497
7148501
7148513
7148521
7148597
7148611
7148629
7148633
7148657
7148663
7148683
7148717
7148737
7148749
7148753
7148759
7148809
7148821
7148839
7148849
7148893
7148899
7148917
7148923
7148927
7148951
7148987
7148989
7149007
7149013
7149019
7149041
7149049
7149053
7149059
7149097
7149143
7149161
7149193
7149209
7149221
7149227
7149239
7149253
7149257
7149271
7149277
7149347
7149349
7149353
7149361
7149379
7149403
7149407
7149409
7149413
7149433
7149449
7149463
7149479
7149497
7149509
7149511
7149521
7149523
7149533
7149551
7149557
7149559
7149563
7149581
7149589
7149599
7149601
7149613
7149617
7149641
7149671
7149677
7149691
7149713
7149731
7149733
7149761
7149767
7149799
7149811
7149817
7149823
7149827
7149829
7149841
7149851
7149899
7149907
7149929
7149943
7149959
7149971
7149983
7150007
7150009
7150019
7150027
7150103
7150123
7150133
7150147
7150189
7150193
7150207
7150219
7150223
7150249
7150259
7150279
7150313
7150331
7150333
7150343
7150357
7150379
7150393
7150399
7150417
7150459
7150469
7150477
7150483
7150499
7150519
7150529
7150543
7150567
7150589
7150613
7150639
7150643
7150651
7150673
7150681
7150691
7150729
7150747
7150757
7150763
7150789
7150799
7150807
7150811
7150817
7150831
7150837
7150841
7150853
7150867
7150873
7150961
7150963
7150967
7151009
7151017
7151021
7151041
7151051
7151057
7151059
7151063
7151083
7151093
7151113
7151141
7151143
7151147
7151149
7151167
7151189
7151219
7151227
7151267
7151273
7151279
7151281
7151327
7151329
7151341
7151357
7151369
7151377
7151399
7151401
7151447
7151453
7151489
7151503
7151531
7151533
7151549
7151561
7151569
7151609
7151621
7151623
7151653
7151659
7151663
7151687
7151699
7151707
7151723
7151741
7151779
7151797
7151801
7151819
7151831
7151839
7151843
7151857
7151869
7151887
7151891
7151897
7151909
7151927
7151933
7151939
7151953
7151981
7151983
7152007
7152023
7152031
7152071
7152073
7152083
7152097
7152139
7152143
7152161
7152169
7152181
7152203
7152221
7152239
7152247
7152251
7152263
7152269
7152283
7152323
7152329
7152331
7152337
7152347
7152349
7152367
7152373
7152389
7152391
7152407
7152419
7152487
7152499
7152527
7152547
7152557
7152559
7152571
7152583
7152619
7152623
7152641
7152643
7152653
7152667
7152671
7152697
7152703
7152751
7152779
7152791
7152823
7152829
7152851
7152863
7152889
7152913
7152923
7152941
7152947
7152961
7152967
7152973
7152991
7153049
7153067
7153103
7153109
7153117
7153129
7153151
7153187
7153193
7153199
7153217
7153261
7153297
7153303
7153309
7153313
7153319
7153339
7153369
7153381
7153387
7153397
7153403
7153411
7153423
7153427
7153429
7153457
7153501
7153507
7153513
7153567
7153579
7153589
7153607
7153631
7153637
7153649
7153669
7153673
7153681
7153693
7153697
7153711
7153733
7153763
7153771
7153789
7153801
7153829
7153837
7153843
7153849
7153871
7153873
7153877
7153891
7153921
7153961
7153969
7153999
7154023
7154027
7154047
7154101
7154107
7154123
7154137
7154167
7154177
7154183
7154207
7154221
7154227
7154237
7154239
7154243
7154261
7154267
7154269
7154309
7154321
7154353
7154401
7154437
7154453
7154471
7154479
7154491
7154527
7154549
7154557
7154573
7154591
7154597
7154627
7154639
7154681
7154687
7154699
7154701
7154713
7154717
7154723
7154737
7154759
7154783
7154789
7154837
7154839
7154879
7154911
7154923
7154929
7154933
7154971
7154981
7154993
7154999
7155019
7155037
7155041
7155059
7155061
7155067
7155073
7155091
7155121
7155149
7155151
7155193
7155209
7155217
7155271
7155287
7155289
7155293
7155331
7155341
7155359
7155367
7155383
7155391
7155397
7155403
7155409
7155413
7155439
7155479
7155503
7155509
7155517
7155527
7155529
7155539
7155559
7155601
7155611
7155649
7155653
7155671
7155677
7155751
7155769
7155809
7155821
7155851
7155881
7155887
7155917
7155919
7155943
7155961
7155977
7155983
7155991
7156001
7156033
7156043
7156049
7156063
7156067
7156073
7156091
7156109
7156111
7156183
7156187
7156199
7156213
7156229
7156231
7156271
7156277
7156291
7156307
7156309
7156327
7156333
7156339
7156349
7156351
7156367
7156379
7156393
7156397
7156411
7156441
7156463
7156517
7156529
7156553
7156561
7156571
7156573
7156601
7156603
7156607
7156621
7156627
7156631
7156663
7156697
7156717
7156727
7156741
7156769
7156771
7156777
7156781
7156783
7156811
7156817
7156819
7156829
7156843
7156861
7156883
7156907
7156913
7156927
7156967
7156969
7156973
7156987
7156991
7156999
7157009
7157011
7157023
7157027
7157039
7157041
7157047
7157089
7157093
7157099
7157107
7157131
7157201
7157219
7157237
7157239
7157257
7157261
7157263
7157273
7157299
7157303
7157341
7157377
7157387
7157389
7157401
7157407
7157417
7157429
7157443
7157477
7157483
7157503
7157587
7157603
7157609
7157611
7157627
7157653
7157659
7157681
7157701
7157713
7157719
7157729
7157741
7157747
7157749
7157797
7157803
7157827
7157849
7157863
7157873
7157879
7157881
7157893
7157897
7157933
7157963
7157981
7157987
7157999
7158013
7158017
7158023
7158059
7158061
7158089
7158097
7158119
7158133
7158163
7158197
7158199
7158223
7158227
7158247
7158257
7158271
7158317
7158329
7158337
7158367
7158379
7158391
7158409
7158449
7158461
7158467
7158469
7158491
7158493
7158509
7158517
7158527
7158539
7158553
7158583
7158587
7158607
7158629
7158631
7158637
7158659
7158673
7158689
7158691
7158703
7158707
7158709
7158713
7158719
7158721
7158733
7158761
7158787
7158791
7158803
7158817
7158821
7158829
7158847
7158857
7158881
7158919
7158937
7158947
7158959
7158961
7158967
7158971
7158973
7158997
7159013
7159039
7159063
7159073
7159079
7159099
7159111
7159147
7159157
7159169
7159213
7159223
7159231
7159247
7159303
7159307
7159309
7159319
7159337
7159343
7159349
7159367
7159381
7159421
7159429
7159459
7159469
7159487
7159489
7159501
7159507
7159511
7159513
7159517
7159519
7159541
7159583
7159589
7159597
7159609
7159627
7159657
7159661
7159673
7159681
7159699
7159741
7159777
7159787
7159799
7159811
7159813
7159837
7159843
7159891
7159921
7159927
7159931
7159937
7159939
7159949
7159963
7159987
7160003
7160011
7160033
7160051
7160053
7160057
7160081
7160099
7160113
7160123
7160147
7160149
7160177
7160189
7160227
7160347
7160369
7160381
7160389
7160401
7160407
7160437
7160441
7160449
7160467
7160507
7160533
7160539
7160551
7160557
7160561
7160581
7160599
7160603
7160623
7160669
7160683
7160693
7160711
7160717
7160731
7160743
7160801
7160821
7160827
7160861
7160887
7160899
7160917
7160921
7160939
7160947
7160963
7160971
7160977
7160983
7160987
7161013
7161023
7161047
7161071
7161103
7161107
7161109
7161137
7161139
7161151
7161179
7161197
7161223
7161229
7161251
7161269
7161277
7161293
7161299
7161317
7161331
7161337
7161359
7161379
7161421
7161433
7161443
7161449
7161457
7161467
7161493
7161503
7161509
7161547
7161559
7161569
7161577
7161599
7161619
7161629
7161653
7161667
7161673
7161703
7161751
7161761
7161769
7161773
7161787
7161793
7161823
7161851
7161853
7161857
7161859
7161863
7161877
7161887
7161929
7161937
7161971
7161991
7161997
7162007
7162009
7162021
7162033
7162073
7162087
7162093
7162109
7162171
7162229
7162237
7162241
7162247
7162273
7162289
7162303
7162307
7162339
7162403
7162439
7162469
7162513
7162523
7162549
7162583
7162609
7162613
7162619
7162633
7162667
7162679
7162697
7162699
7162703
7162711
7162733
7162747
7162751
7162759
7162781
7162783
7162807
7162843
7162849
7162853
7162861
7162871
7162873
7162889
7162907
7162919
7162921
7162931
7162951
7162963
7162993
7162997
7162999
7163011
7163017
7163033
7163041
7163053
7163059
7163113
7163147
7163173
7163179
7163197
7163213
7163227
7163251
7163267
7163269
7163279
7163287
7163297
7163309
7163339
7163347
7163357
7163363
7163383
7163393
7163407
7163423
7163447
7163461
7163501
7163503
7163509
7163537
7163539
7163623
7163633
7163659
7163669
7163677
7163683
7163711
7163713
7163719
7163729
7163731
7163747
7163773
7163777
7163797
7163803
7163809
7163831
7163869
7163873
7163909
7163911
7163917
7163927
7163941
7163951
7163983
7163993
7164011
7164019
7164029
7164037
7164043
7164071
7164077
7164107
7164119
7164127
7164137
7164139
7164151
7164167
7164173
7164203
7164239
7164251
7164253
7164263
7164307
7164319
7164329
7164331
7164413
7164433
7164491
7164499
7164527
7164529
7164533
7164541
7164551
7164557
7164559
7164571
7164581
7164583
7164587
7164623
7164629
7164631
7164649
7164673
7164697
7164713
7164719
7164721
7164733
7164737
7164757
7164761
7164763
7164793
7164797
7164847
7164853
7164863
7164887
7164889
7164893
7164917
7164923
7164929
7164931
7164953
7165003
7165021
7165027
7165031
7165043
7165049
7165051
7165057
7165069
7165079
7165091
7165097
7165139
7165187
7165189
7165199
7165253
7165267
7165273
7165289
7165321
7165339
7165343
7165363
7165387
7165399
7165409
7165421
7165423
7165427
7165463
7165471
7165493
7165519
7165541
7165553
7165567
7165577
7165579
7165597
7165601
7165621
7165633
7165661
7165663
7165699
7165729
7165733
7165757
7165777
7165783
7165787
7165859
7165883
7165889
7165909
7165913
7165933
7165943
7165973
7165979
7165981
7165997
7166057
7166063
7166099
7166113
7166141
7166143
7166147
7166149
7166153
7166167
7166171
7166209
7166221
7166227
7166233
7166261
7166279
7166297
7166321
7166339
7166353
7166371
7166377
7166389
7166407
7166413
7166417
7166443
7166447
7166459
7166461
7166479
7166491
7166507
7166531
7166543
7166561
7166563
7166569
7166581
7166597
7166603
7166609
7166633
7166647
7166659
7166689
7166693
7166699
7166729
7166749
7166771
7166773
7166791
7166813
7166827
7166833
7166839
7166851
7166867
7166891
7166897
7166899
7166909
7166941
7166963
7166969
7166977
7166987
7166989
7166993
7167001
7167019
7167029
7167059
7167101
7167103
7167119
7167151
7167157
7167163
7167187
7167211
7167221
7167227
7167239
7167241
7167253
7167287
7167289
7167301
7167323
7167331
7167343
7167361
7167367
7167373
7167409
7167431
7167463
7167469
7167481
7167491
7167509
7167527
7167551
7167571
7167607
7167613
7167619
7167623
7167647
7167673
7167701
7167707
7167737
7167739
7167757
7167767
7167791
7167841
7167871
7167887
7167911
7167917
7167967
7167991
7168001
7168069
7168093
7168097
7168159
7168163
7168177
7168181
7168193
7168211
7168219
7168243
7168267
7168277
7168279
7168283
7168289
7168297
7168313
7168319
7168331
7168333
7168349
7168351
7168361
7168379
7168391
7168411
7168459
7168477
7168489
7168493
7168507
7168517
7168541
7168547
7168561
7168583
7168589
7168613
7168619
7168631
7168649
7168661
7168669
7168691
7168703
7168723
7168729
7168739
7168741
7168751
7168789
7168813
7168817
7168841
7168853
7168859
7168873
7168877
7168897
7168901
7168907
7168919
7168921
7168927
7168943
7168949
7168963
7168969
7168981
7168991
7168999
7169017
7169021
7169033
7169047
7169101
7169131
7169159
7169161
7169167
7169179
7169221
7169233
7169243
7169249
7169273
7169311
7169317
7169369
7169411
7169413
7169429
7169447
7169471
7169489
7169501
7169551
7169557
7169581
7169599
7169609
7169611
7169627
7169633
7169647
7169653
7169663
7169671
7169677
7169689
7169713
7169741
7169753
7169779
7169809
7169819
7169831
7169837
7169843
7169849
7169861
7169887
7169909
7169923
7169927
7169941
7169947
7169977
7169983
7169993
7170013
7170017
7170019
7170041
7170067
7170071
7170103
7170113
7170127
7170161
7170173
7170197
7170199
7170253
7170257
7170259
7170263
7170271
7170299
7170313
7170343
7170377
7170403
7170419
7170421
7170431
7170439
7170451
7170469
7170487
7170539
7170577
7170601
7170607
7170643
7170659
7170671
7170673
7170679
7170689
7170721
7170731
7170739
7170749
7170763
7170767
7170769
7170773
7170781
7170791
7170797
7170803
7170811
7170829
7170833
7170851
7170869
7170881
7170883
7170887
7170901
7170907
7170949
7170959
7170967
7170971
7170983
7171019
7171049
7171051
7171057
7171063
7171069
7171079
7171097
7171103
7171111
7171133
7171139
7171159
7171181
7171183
7171201
7171217
7171223
7171237
7171249
7171259
7171267
7171279
7171291
7171327
7171337
7171357
7171387
7171393
7171397
7171429
7171441
7171453
7171471
7171499
7171513
7171529
7171553
7171559
7171573
7171579
7171621
7171651
7171657
7171663
7171667
7171691
7171711
7171741
7171751
7171753
7171783
7171789
7171793
7171799
7171811
7171847
7171849
7171861
7171891
7171933
7171937
7171939
7171951
7171979
7171991
7171999
7172003
7172029
7172093
7172107
7172131
7172167
7172189
7172201
7172219
7172237
7172267
7172287
7172311
7172327
7172369
7172383
7172387
7172411
7172423
7172447
7172467
7172479
7172497
7172507
7172549
7172567
7172569
7172587
7172591
7172597
7172603
7172617
7172639
7172677
7172681
7172707
7172719
7172723
7172729
7172731
7172791
7172797
7172839
7172843
7172863
7172881
7172897
7172911
7172923
7172927
7172939
7172969
7172989
7172993
7173017
7173029
7173071
7173083
7173091
7173097
7173137
7173139
7173143
7173149
7173157
7173191
7173193
7173209
7173233
7173239
7173251
7173277
7173293
7173347
7173349
7173377
7173379
7173409
7173433
7173479
7173503
7173533
7173547
7173559
7173571
7173577
7173581
7173589
7173599
7173611
7173613
7173619
7173629
7173653
7173689
7173703
7173721
7173737
7173739
7173743
7173781
7173787
7173799
7173809
7173821
7173823
7173853
7173857
7173863
7173877
7173889
7173899
7173913
7173917
7173919
7173923
7173931
7173941
7173977
7173979
7174007
7174009
7174021
7174043
7174061
7174073
7174093
7174109
7174117
7174129
7174147
7174157
7174171
7174177
7174199
7174231
7174241
7174247
7174253
7174301
7174313
7174331
7174369
7174373
7174399
7174403
7174417
7174439
7174441
7174471
7174481
7174501
7174523
7174529
7174589
7174591
7174613
7174619
7174627
7174639
7174649
7174681
7174693
7174703
7174711
7174721
7174747
7174751
7174753
7174777
7174787
7174793
7174801
7174807
7174819
7174823
7174841
7174883
7174889
7174891
7174907
7174927
7174933
7174949
7174967
7174987
7174991
7174997
7175033
7175039
7175053
7175059
7175107
7175117
7175153
7175159
7175191
7175197
7175219
7175239
7175249
7175251
7175261
7175279
7175303
7175317
7175323
7175327
7175351
7175359
7175417
7175437
7175449
7175459
7175461
7175501
7175503
7175549
7175551
7175561
7175569
7175587
7175591
7175593
7175611
7175629
7175647
7175653
7175657
7175677
7175687
7175699
7175761
7175783
7175813
7175821
7175843
7175873
7175941
7175953
7175957
7175983
7176011
7176019
7176047
7176089
7176121
7176133
7176179
7176181
7176203
7176241
7176259
7176269
7176277
7176317
7176331
7176343
7176349
7176371
7176419
7176457
7176461
7176473
7176479
7176497
7176511
7176527
7176551
7176629
7176683
7176691
7176707
7176721
7176733
7176773
7176781
7176823
7176863
7176881
7176901
7176929
7176971
7176979
7176997
7177013
7177031
There are 2015 prime numbers in S446.
