S447(7177033~7209216)
7177033
7177039
7177061
7177063
7177067
7177069
7177103
7177109
7177133
7177139
7177147
7177153
7177201
7177217
7177237
7177243
7177253
7177267
7177271
7177273
7177327
7177343
7177351
7177367
7177381
7177393
7177397
7177411
7177427
7177441
7177463
7177481
7177531
7177537
7177601
7177609
7177613
7177619
7177627
7177637
7177657
7177661
7177663
7177669
7177673
7177691
7177693
7177697
7177711
7177717
7177733
7177739
7177783
7177811
7177823
7177837
7177853
7177879
7177921
7177979
7177987
7177997
7178011
7178021
7178023
7178027
7178057
7178069
7178071
7178077
7178107
7178113
7178137
7178141
7178159
7178189
7178201
7178203
7178209
7178221
7178243
7178251
7178261
7178273
7178287
7178293
7178299
7178351
7178363
7178387
7178393
7178401
7178411
7178417
7178443
7178449
7178459
7178467
7178477
7178489
7178531
7178537
7178609
7178617
7178621
7178623
7178627
7178653
7178657
7178659
7178687
7178693
7178719
7178723
7178729
7178741
7178749
7178767
7178771
7178779
7178819
7178833
7178837
7178839
7178869
7178909
7178917
7178939
7178953
7178957
7178971
7178987
7179001
7179019
7179041
7179043
7179047
7179071
7179077
7179079
7179091
7179097
7179101
7179127
7179143
7179157
7179217
7179233
7179239
7179241
7179247
7179301
7179343
7179373
7179377
7179413
7179421
7179439
7179461
7179467
7179479
7179481
7179493
7179521
7179527
7179547
7179553
7179607
7179619
7179629
7179643
7179647
7179671
7179677
7179707
7179709
7179737
7179743
7179779
7179803
7179811
7179827
7179829
7179833
7179859
7179889
7179911
7179919
7179923
7179937
7179943
7179947
7179971
7179983
7180009
7180031
7180039
7180051
7180067
7180079
7180087
7180091
7180093
7180099
7180169
7180177
7180193
7180223
7180259
7180279
7180291
7180297
7180319
7180321
7180333
7180337
7180339
7180351
7180363
7180391
7180399
7180421
7180427
7180483
7180489
7180507
7180513
7180543
7180549
7180567
7180573
7180583
7180597
7180633
7180643
7180673
7180697
7180703
7180717
7180721
7180729
7180739
7180741
7180751
7180759
7180769
7180793
7180799
7180819
7180829
7180843
7180861
7180883
7180889
7180897
7180903
7180909
7180931
7180969
7180973
7181017
7181033
7181039
7181051
7181063
7181081
7181087
7181093
7181099
7181113
7181131
7181147
7181149
7181171
7181173
7181189
7181197
7181203
7181227
7181231
7181249
7181257
7181309
7181323
7181371
7181381
7181399
7181423
7181431
7181443
7181453
7181477
7181479
7181507
7181513
7181527
7181533
7181549
7181567
7181597
7181609
7181611
7181621
7181623
7181641
7181687
7181689
7181693
7181717
7181719
7181729
7181747
7181761
7181827
7181831
7181843
7181849
7181851
7181861
7181869
7181873
7181887
7181891
7181897
7181963
7181971
7181983
7182001
7182047
7182061
7182067
7182089
7182101
7182113
7182121
7182137
7182139
7182151
7182157
7182193
7182221
7182223
7182271
7182281
7182283
7182299
7182317
7182353
7182367
7182377
7182433
7182451
7182473
7182529
7182541
7182563
7182583
7182629
7182649
7182661
7182671
7182683
7182697
7182701
7182709
7182727
7182743
7182751
7182757
7182767
7182797
7182809
7182827
7182829
7182853
7182859
7182863
7182883
7182899
7182943
7182971
7182997
7183049
7183063
7183067
7183081
7183093
7183109
7183139
7183201
7183207
7183219
7183223
7183237
7183243
7183261
7183277
7183301
7183313
7183327
7183331
7183373
7183403
7183409
7183411
7183453
7183459
7183471
7183483
7183511
7183531
7183541
7183559
7183591
7183609
7183633
7183637
7183643
7183667
7183679
7183681
7183699
7183703
7183717
7183721
7183727
7183739
7183769
7183777
7183783
7183801
7183811
7183837
7183853
7183859
7183907
7183927
7183933
7183961
7183963
7183973
7183987
7184011
7184041
7184057
7184059
7184063
7184077
7184113
7184117
7184129
7184137
7184159
7184197
7184207
7184213
7184249
7184269
7184273
7184291
7184321
7184341
7184351
7184363
7184369
7184377
7184381
7184383
7184399
7184407
7184423
7184447
7184453
7184459
7184461
7184473
7184479
7184501
7184531
7184537
7184539
7184543
7184581
7184621
7184629
7184633
7184647
7184651
7184657
7184669
7184677
7184699
7184701
7184713
7184753
7184773
7184783
7184789
7184797
7184833
7184851
7184857
7184861
7184867
7184873
7184917
7184921
7184923
7184939
7184977
7184981
7185019
7185029
7185037
7185041
7185043
7185047
7185053
7185083
7185091
7185109
7185119
7185121
7185133
7185137
7185151
7185161
7185163
7185179
7185187
7185193
7185221
7185247
7185253
7185307
7185319
7185323
7185337
7185341
7185349
7185391
7185403
7185421
7185427
7185449
7185473
7185491
7185517
7185523
7185539
7185571
7185623
7185641
7185643
7185677
7185719
7185727
7185757
7185767
7185779
7185833
7185863
7185869
7185887
7185889
7185907
7185911
7185929
7185931
7185943
7185961
7185967
7185973
7185979
7185989
7186007
7186033
7186037
7186093
7186129
7186133
7186147
7186163
7186169
7186183
7186187
7186279
7186297
7186301
7186303
7186307
7186331
7186337
7186343
7186367
7186369
7186391
7186397
7186423
7186433
7186457
7186463
7186469
7186477
7186481
7186489
7186499
7186523
7186537
7186559
7186561
7186583
7186589
7186607
7186639
7186643
7186651
7186657
7186667
7186679
7186681
7186703
7186759
7186771
7186799
7186813
7186831
7186841
7186847
7186859
7186877
7186897
7186901
7186909
7186919
7186951
7186973
7186981
7186987
7186999
7187027
7187051
7187077
7187087
7187093
7187113
7187119
7187129
7187153
7187161
7187189
7187197
7187207
7187221
7187227
7187233
7187251
7187267
7187269
7187281
7187317
7187333
7187347
7187363
7187393
7187399
7187417
7187459
7187461
7187471
7187473
7187497
7187503
7187581
7187599
7187627
7187641
7187647
7187683
7187743
7187759
7187767
7187771
7187773
7187777
7187779
7187783
7187801
7187857
7187861
7187881
7187897
7187933
7187941
7187951
7187963
7187981
7187987
7187989
7187993
7188007
7188011
7188017
7188031
7188037
7188047
7188109
7188113
7188119
7188149
7188151
7188157
7188163
7188173
7188191
7188193
7188197
7188211
7188217
7188221
7188241
7188277
7188281
7188287
7188329
7188341
7188347
7188361
7188371
7188413
7188431
7188437
7188449
7188451
7188457
7188481
7188499
7188523
7188541
7188553
7188557
7188563
7188583
7188613
7188689
7188691
7188703
7188733
7188743
7188757
7188787
7188793
7188809
7188833
7188847
7188871
7188889
7188893
7188901
7188913
7188917
7188919
7188953
7188991
7189003
7189027
7189037
7189081
7189097
7189103
7189123
7189151
7189157
7189159
7189207
7189253
7189267
7189289
7189307
7189319
7189321
7189333
7189339
7189421
7189423
7189439
7189459
7189463
7189513
7189519
7189537
7189541
7189549
7189561
7189571
7189573
7189577
7189591
7189603
7189607
7189627
7189649
7189661
7189667
7189669
7189717
7189727
7189739
7189747
7189751
7189757
7189781
7189783
7189849
7189859
7189867
7189873
7189879
7189907
7189921
7189933
7189939
7189943
7189993
7190003
7190021
7190023
7190039
7190063
7190081
7190087
7190119
7190123
7190137
7190177
7190179
7190213
7190219
7190243
7190263
7190273
7190279
7190299
7190311
7190317
7190353
7190363
7190369
7190377
7190413
7190423
7190429
7190437
7190441
7190471
7190479
7190489
7190527
7190537
7190567
7190581
7190593
7190597
7190611
7190633
7190647
7190657
7190663
7190693
7190699
7190737
7190749
7190773
7190783
7190801
7190803
7190837
7190851
7190857
7190891
7190893
7190917
7190921
7190929
7190941
7190947
7190957
7190969
7190971
7190999
7191001
7191007
7191029
7191049
7191053
7191059
7191077
7191127
7191131
7191161
7191167
7191169
7191179
7191181
7191193
7191211
7191241
7191251
7191281
7191293
7191299
7191319
7191343
7191347
7191383
7191403
7191407
7191413
7191419
7191421
7191439
7191461
7191469
7191487
7191491
7191511
7191533
7191539
7191551
7191581
7191589
7191593
7191599
7191601
7191641
7191647
7191649
7191689
7191703
7191757
7191761
7191763
7191827
7191829
7191841
7191853
7191857
7191859
7191869
7191881
7191889
7191911
7191931
7191953
7191959
7191967
7191983
7191991
7191997
7192019
7192021
7192027
7192039
7192043
7192057
7192067
7192079
7192091
7192103
7192117
7192121
7192151
7192183
7192187
7192201
7192231
7192243
7192247
7192301
7192303
7192313
7192321
7192331
7192333
7192349
7192373
7192417
7192429
7192439
7192441
7192447
7192459
7192483
7192489
7192501
7192529
7192543
7192553
7192561
7192573
7192579
7192643
7192657
7192681
7192709
7192711
7192727
7192741
7192771
7192777
7192793
7192807
7192847
7192873
7192877
7192883
7192897
7192901
7192903
7192931
7192979
7192981
7193009
7193051
7193063
7193071
7193093
7193101
7193113
7193117
7193149
7193171
7193177
7193203
7193231
7193257
7193297
7193299
7193309
7193323
7193357
7193371
7193377
7193383
7193387
7193393
7193401
7193437
7193441
7193449
7193497
7193509
7193521
7193579
7193587
7193591
7193611
7193621
7193671
7193699
7193707
7193713
7193729
7193731
7193749
7193783
7193789
7193807
7193833
7193861
7193899
7193903
7193971
7193981
7193987
7194013
7194023
7194041
7194053
7194067
7194071
7194079
7194107
7194113
7194119
7194151
7194163
7194181
7194221
7194227
7194251
7194269
7194289
7194307
7194323
7194347
7194353
7194361
7194367
7194403
7194419
7194427
7194433
7194487
7194491
7194497
7194503
7194529
7194563
7194599
7194611
7194647
7194659
7194667
7194679
7194701
7194703
7194727
7194731
7194739
7194751
7194773
7194799
7194809
7194833
7194841
7194857
7194877
7194881
7194899
7194907
7194917
7194919
7194923
7194959
7194973
7194989
7194997
7195003
7195037
7195039
7195051
7195079
7195087
7195141
7195151
7195157
7195163
7195189
7195217
7195247
7195249
7195259
7195261
7195283
7195289
7195291
7195303
7195313
7195327
7195337
7195351
7195361
7195367
7195373
7195387
7195411
7195423
7195453
7195457
7195469
7195493
7195511
7195523
7195549
7195571
7195579
7195597
7195667
7195679
7195681
7195687
7195691
7195697
7195717
7195729
7195753
7195759
7195789
7195807
7195823
7195847
7195897
7195907
7195933
7195939
7195949
7195963
7195967
7195997
7196009
7196011
7196023
7196047
7196087
7196099
7196107
7196131
7196141
7196159
7196173
7196177
7196191
7196209
7196227
7196237
7196243
7196251
7196261
7196291
7196297
7196303
7196317
7196323
7196327
7196339
7196341
7196359
7196363
7196369
7196377
7196381
7196417
7196467
7196477
7196479
7196513
7196521
7196533
7196561
7196569
7196591
7196603
7196617
7196621
7196633
7196639
7196641
7196647
7196653
7196659
7196701
7196731
7196753
7196767
7196789
7196803
7196869
7196881
7196887
7196897
7196909
7196941
7196951
7196989
7196993
7197011
7197019
7197023
7197031
7197041
7197049
7197061
7197079
7197089
7197101
7197107
7197119
7197131
7197139
7197209
7197221
7197227
7197259
7197283
7197287
7197299
7197313
7197349
7197353
7197389
7197391
7197397
7197401
7197419
7197431
7197433
7197457
7197461
7197467
7197503
7197517
7197527
7197529
7197557
7197571
7197583
7197601
7197607
7197653
7197683
7197731
7197733
7197739
7197779
7197791
7197793
7197803
7197809
7197833
7197847
7197857
7197863
7197881
7197893
7197907
7197923
7197929
7197937
7197961
7197977
7198013
7198039
7198043
7198067
7198073
7198099
7198109
7198133
7198141
7198151
7198153
7198159
7198181
7198187
7198199
7198223
7198237
7198267
7198271
7198277
7198297
7198343
7198349
7198363
7198369
7198403
7198421
7198423
7198447
7198481
7198483
7198523
7198537
7198553
7198561
7198571
7198579
7198589
7198601
7198613
7198621
7198643
7198669
7198691
7198693
7198721
7198771
7198783
7198799
7198811
7198813
7198847
7198879
7198883
7198897
7198907
7198909
7198963
7198969
7198987
7198999
7199009
7199011
7199021
7199029
7199039
7199051
7199057
7199063
7199077
7199089
7199107
7199111
7199113
7199147
7199167
7199173
7199183
7199197
7199219
7199261
7199263
7199267
7199323
7199327
7199359
7199369
7199371
7199377
7199383
7199389
7199407
7199411
7199417
7199419
7199429
7199431
7199441
7199443
7199519
7199527
7199539
7199561
7199567
7199579
7199603
7199609
7199617
7199623
7199639
7199659
7199663
7199681
7199683
7199701
7199707
7199729
7199737
7199747
7199749
7199767
7199807
7199809
7199813
7199839
7199861
7199869
7199909
7199911
7199921
7199957
7200007
7200023
7200043
7200047
7200059
7200073
7200097
7200101
7200121
7200131
7200143
7200157
7200187
7200191
7200203
7200211
7200217
7200223
7200227
7200229
7200233
7200239
7200241
7200253
7200269
7200283
7200287
7200313
7200317
7200331
7200337
7200343
7200377
7200397
7200409
7200443
7200451
7200467
7200481
7200493
7200511
7200517
7200521
7200551
7200553
7200559
7200569
7200619
7200629
7200643
7200659
7200701
7200703
7200719
7200733
7200751
7200763
7200769
7200803
7200811
7200821
7200859
7200887
7200889
7200899
7200913
7200923
7200937
7200971
7200983
7201031
7201037
7201049
7201063
7201091
7201097
7201099
7201109
7201123
7201147
7201153
7201157
7201189
7201211
7201237
7201241
7201267
7201279
7201297
7201307
7201351
7201357
7201423
7201427
7201429
7201457
7201499
7201531
7201543
7201547
7201573
7201577
7201583
7201619
7201631
7201633
7201637
7201639
7201651
7201673
7201687
7201697
7201699
7201709
7201751
7201759
7201793
7201801
7201811
7201813
7201823
7201847
7201861
7201867
7201871
7201919
7201927
7201949
7201963
7201973
7201979
7201981
7201991
7202003
7202017
7202021
7202051
7202053
7202057
7202077
7202093
7202099
7202119
7202131
7202149
7202177
7202201
7202219
7202269
7202287
7202291
7202303
7202317
7202357
7202359
7202369
7202401
7202413
7202417
7202431
7202467
7202471
7202477
7202513
7202561
7202579
7202597
7202599
7202621
7202627
7202639
7202641
7202651
7202659
7202669
7202683
7202693
7202711
7202717
7202761
7202803
7202813
7202857
7202861
7202869
7202903
7202927
7202963
7202977
7202981
7202999
7203023
7203041
7203043
7203061
7203073
7203089
7203101
7203149
7203151
7203187
7203193
7203227
7203233
7203239
7203241
7203247
7203263
7203289
7203293
7203319
7203341
7203349
7203353
7203367
7203379
7203401
7203407
7203409
7203431
7203433
7203437
7203467
7203473
7203479
7203481
7203491
7203503
7203509
7203517
7203523
7203541
7203583
7203593
7203607
7203611
7203613
7203617
7203649
7203667
7203683
7203689
7203697
7203739
7203743
7203769
7203797
7203799
7203839
7203851
7203857
7203881
7203883
7203887
7203901
7203913
7203929
7203941
7203943
7203949
7203961
7203979
7204003
7204009
7204013
7204031
7204033
7204051
7204061
7204079
7204103
7204117
7204123
7204133
7204147
7204163
7204189
7204193
7204201
7204261
7204271
7204273
7204279
7204289
7204333
7204339
7204391
7204403
7204423
7204427
7204471
7204501
7204507
7204513
7204517
7204523
7204531
7204567
7204579
7204609
7204619
7204621
7204697
7204699
7204733
7204739
7204759
7204777
7204783
7204793
7204801
7204811
7204823
7204829
7204831
7204849
7204853
7204859
7204861
7204891
7204913
7204919
7204921
7204943
7204949
7204987
7204997
7205039
7205041
7205069
7205087
7205111
7205119
7205167
7205171
7205179
7205183
7205189
7205203
7205213
7205243
7205249
7205309
7205321
7205327
7205329
7205333
7205339
7205347
7205357
7205383
7205437
7205461
7205477
7205483
7205507
7205521
7205531
7205533
7205537
7205551
7205557
7205563
7205587
7205629
7205641
7205657
7205687
7205743
7205753
7205761
7205771
7205797
7205813
7205819
7205843
7205851
7205893
7205911
7205929
7205941
7205963
7205971
7206019
7206053
7206097
7206103
7206109
7206127
7206131
7206191
7206197
7206203
7206223
7206233
7206247
7206259
7206289
7206307
7206313
7206323
7206347
7206359
7206391
7206403
7206431
7206443
7206449
7206469
7206473
7206509
7206517
7206523
7206533
7206541
7206547
7206581
7206593
7206607
7206629
7206631
7206649
7206677
7206697
7206701
7206737
7206739
7206743
7206767
7206769
7206811
7206817
7206821
7206841
7206847
7206907
7206917
7206919
7206943
7206949
7206959
7206961
7206977
7207001
7207009
7207019
7207033
7207037
7207043
7207049
7207069
7207087
7207093
7207129
7207141
7207147
7207153
7207163
7207169
7207171
7207181
7207223
7207229
7207231
7207237
7207243
7207247
7207297
7207301
7207331
7207339
7207351
7207367
7207379
7207393
7207411
7207427
7207481
7207493
7207511
7207561
7207597
7207619
7207621
7207633
7207649
7207657
7207661
7207667
7207687
7207691
7207693
7207709
7207729
7207757
7207769
7207771
7207799
7207829
7207831
7207861
7207867
7207877
7207883
7207891
7207909
7207919
7207957
7207987
7207997
7208059
7208099
7208107
7208129
7208141
7208143
7208147
7208161
7208171
7208189
7208209
7208281
7208297
7208317
7208347
7208351
7208363
7208381
7208389
7208413
7208419
7208449
7208473
7208489
7208491
7208507
7208519
7208521
7208533
7208557
7208569
7208573
7208603
7208611
7208623
7208627
7208653
7208659
7208693
7208699
7208711
7208717
7208723
7208753
7208759
7208779
7208807
7208827
7208837
7208869
7208879
7208881
7208893
7208899
7208909
7208917
7208941
7208951
7208977
7208983
7209011
7209031
7209091
7209109
7209119
7209121
7209157
7209179
7209187
7209199
7209211
There are 2043 prime numbers in S447.
