S448(7209217~7241472)
7209229
7209233
7209239
7209247
7209259
7209271
7209277
7209311
7209347
7209359
7209361
7209383
7209421
7209427
7209439
7209451
7209457
7209467
7209491
7209523
7209533
7209539
7209541
7209551
7209589
7209599
7209611
7209613
7209637
7209641
7209647
7209667
7209673
7209679
7209689
7209703
7209731
7209737
7209757
7209779
7209781
7209793
7209823
7209827
7209841
7209863
7209871
7209877
7209889
7209919
7209947
7210001
7210031
7210037
7210043
7210061
7210117
7210123
7210169
7210187
7210207
7210237
7210243
7210249
7210267
7210277
7210297
7210319
7210327
7210337
7210349
7210361
7210373
7210403
7210421
7210433
7210451
7210453
7210457
7210471
7210529
7210537
7210549
7210561
7210573
7210583
7210591
7210603
7210639
7210663
7210667
7210681
7210699
7210717
7210729
7210733
7210739
7210751
7210757
7210759
7210781
7210807
7210811
7210877
7210897
7210901
7210909
7210939
7210943
7210949
7210963
7210969
7210991
7210997
7210999
7211011
7211027
7211033
7211063
7211081
7211093
7211107
7211119
7211129
7211131
7211147
7211173
7211177
7211201
7211231
7211249
7211261
7211273
7211287
7211291
7211297
7211311
7211329
7211333
7211341
7211353
7211363
7211371
7211377
7211381
7211429
7211447
7211483
7211509
7211513
7211521
7211527
7211537
7211569
7211591
7211593
7211599
7211639
7211641
7211651
7211653
7211663
7211713
7211717
7211741
7211753
7211761
7211783
7211801
7211803
7211839
7211843
7211861
7211863
7211873
7211879
7211899
7211909
7211921
7211977
7211993
7212011
7212013
7212019
7212059
7212061
7212083
7212157
7212169
7212173
7212193
7212209
7212211
7212239
7212253
7212259
7212263
7212277
7212311
7212319
7212323
7212341
7212353
7212371
7212377
7212379
7212383
7212389
7212397
7212487
7212493
7212497
7212509
7212523
7212529
7212551
7212577
7212599
7212637
7212661
7212703
7212719
7212721
7212727
7212757
7212767
7212769
7212773
7212791
7212797
7212833
7212839
7212841
7212859
7212871
7212893
7212899
7212917
7212943
7212971
7212973
7212979
7212983
7213009
7213021
7213033
7213061
7213069
7213079
7213081
7213091
7213097
7213123
7213133
7213139
7213169
7213177
7213201
7213223
7213229
7213243
7213273
7213277
7213279
7213291
7213303
7213307
7213309
7213313
7213337
7213343
7213351
7213391
7213397
7213441
7213469
7213471
7213477
7213487
7213541
7213543
7213553
7213561
7213567
7213571
7213601
7213603
7213621
7213639
7213667
7213681
7213699
7213709
7213747
7213751
7213769
7213771
7213781
7213819
7213841
7213847
7213849
7213859
7213861
7213897
7213903
7213919
7213937
7214023
7214027
7214029
7214059
7214063
7214099
7214101
7214131
7214143
7214161
7214173
7214177
7214183
7214191
7214197
7214257
7214269
7214279
7214293
7214299
7214303
7214323
7214369
7214377
7214393
7214399
7214423
7214437
7214447
7214503
7214507
7214513
7214521
7214527
7214549
7214551
7214573
7214611
7214633
7214639
7214651
7214657
7214671
7214717
7214747
7214771
7214773
7214791
7214843
7214861
7214863
7214873
7214887
7214917
7214947
7214951
7214959
7214983
7214989
7215001
7215007
7215011
7215053
7215059
7215067
7215119
7215121
7215127
7215133
7215167
7215179
7215199
7215209
7215217
7215223
7215227
7215239
7215277
7215283
7215301
7215323
7215347
7215401
7215413
7215419
7215427
7215433
7215437
7215449
7215451
7215457
7215479
7215499
7215503
7215547
7215553
7215557
7215601
7215643
7215647
7215661
7215671
7215679
7215697
7215709
7215739
7215749
7215779
7215797
7215811
7215821
7215827
7215829
7215869
7215893
7215899
7215911
7215919
7215941
7215961
7215979
7216009
7216037
7216049
7216061
7216063
7216081
7216091
7216129
7216141
7216151
7216159
7216163
7216169
7216193
7216199
7216213
7216241
7216247
7216277
7216291
7216301
7216309
7216343
7216351
7216357
7216367
7216373
7216403
7216421
7216423
7216439
7216453
7216471
7216493
7216507
7216513
7216537
7216543
7216567
7216577
7216589
7216597
7216609
7216613
7216631
7216633
7216661
7216663
7216667
7216673
7216691
7216711
7216717
7216723
7216757
7216763
7216787
7216799
7216801
7216837
7216879
7216889
7216919
7216927
7216931
7216967
7216973
7216981
7216987
7216997
7217033
7217047
7217059
7217071
7217081
7217123
7217137
7217149
7217159
7217167
7217191
7217213
7217219
7217237
7217251
7217267
7217279
7217281
7217323
7217339
7217369
7217407
7217417
7217429
7217527
7217557
7217563
7217569
7217579
7217591
7217603
7217611
7217629
7217657
7217659
7217671
7217687
7217713
7217719
7217731
7217747
7217753
7217759
7217767
7217779
7217783
7217797
7217801
7217807
7217831
7217863
7217887
7217893
7217909
7217939
7217941
7217953
7217963
7218019
7218049
7218053
7218059
7218083
7218121
7218139
7218143
7218161
7218179
7218181
7218193
7218199
7218209
7218221
7218227
7218247
7218259
7218269
7218311
7218317
7218331
7218349
7218371
7218391
7218397
7218403
7218433
7218439
7218451
7218457
7218469
7218479
7218503
7218529
7218551
7218559
7218569
7218577
7218581
7218599
7218623
7218637
7218649
7218661
7218677
7218697
7218713
7218721
7218749
7218763
7218769
7218787
7218791
7218793
7218817
7218821
7218839
7218853
7218859
7218889
7218899
7218907
7218919
7218929
7218947
7218973
7218977
7218979
7218983
7218997
7219007
7219013
7219019
7219021
7219073
7219081
7219109
7219111
7219129
7219133
7219139
7219213
7219241
7219253
7219273
7219283
7219307
7219327
7219337
7219343
7219361
7219391
7219427
7219469
7219483
7219507
7219519
7219523
7219561
7219603
7219643
7219661
7219669
7219673
7219687
7219703
7219727
7219739
7219741
7219757
7219801
7219831
7219841
7219843
7219859
7219871
7219879
7219903
7219913
7219939
7219963
7219973
7219997
7220027
7220033
7220089
7220107
7220111
7220113
7220123
7220131
7220149
7220153
7220167
7220177
7220201
7220219
7220231
7220237
7220249
7220261
7220263
7220299
7220347
7220371
7220377
7220383
7220407
7220417
7220441
7220443
7220453
7220483
7220491
7220497
7220519
7220531
7220557
7220569
7220573
7220581
7220611
7220621
7220671
7220677
7220693
7220701
7220711
7220713
7220729
7220743
7220747
7220761
7220789
7220803
7220821
7220849
7220867
7220891
7220897
7220921
7220933
7220953
7220977
7220981
7220999
7221013
7221017
7221037
7221041
7221077
7221079
7221089
7221101
7221131
7221143
7221157
7221161
7221163
7221169
7221173
7221199
7221251
7221257
7221259
7221281
7221283
7221293
7221299
7221301
7221307
7221353
7221367
7221373
7221391
7221439
7221449
7221457
7221499
7221509
7221523
7221547
7221569
7221587
7221589
7221611
7221619
7221629
7221631
7221649
7221661
7221689
7221707
7221733
7221737
7221743
7221749
7221757
7221769
7221779
7221811
7221829
7221847
7221859
7221869
7221871
7221911
7221917
7221937
7221953
7221961
7221967
7221983
7222001
7222009
7222021
7222031
7222037
7222043
7222063
7222087
7222091
7222097
7222099
7222121
7222123
7222129
7222133
7222153
7222177
7222181
7222183
7222199
7222219
7222279
7222291
7222321
7222343
7222357
7222361
7222373
7222379
7222427
7222429
7222493
7222499
7222507
7222517
7222549
7222559
7222561
7222571
7222573
7222591
7222609
7222613
7222627
7222643
7222661
7222673
7222687
7222723
7222729
7222757
7222763
7222771
7222781
7222799
7222811
7222823
7222849
7222903
7222931
7222937
7222939
7222981
7222991
7223017
7223033
7223039
7223053
7223087
7223119
7223123
7223137
7223143
7223159
7223171
7223179
7223189
7223191
7223197
7223201
7223221
7223239
7223243
7223261
7223267
7223303
7223323
7223369
7223417
7223443
7223467
7223483
7223497
7223519
7223533
7223537
7223543
7223549
7223551
7223563
7223603
7223609
7223627
7223641
7223647
7223659
7223683
7223701
7223707
7223717
7223719
7223729
7223731
7223737
7223747
7223761
7223767
7223773
7223791
7223807
7223809
7223833
7223851
7223893
7223897
7223911
7223921
7223941
7223959
7223981
7223999
7224029
7224073
7224089
7224097
7224101
7224109
7224121
7224127
7224131
7224143
7224149
7224181
7224197
7224211
7224221
7224233
7224251
7224281
7224289
7224311
7224341
7224359
7224367
7224379
7224391
7224401
7224407
7224419
7224431
7224433
7224443
7224449
7224479
7224493
7224499
7224517
7224521
7224551
7224557
7224577
7224601
7224611
7224641
7224647
7224661
7224667
7224671
7224673
7224689
7224697
7224709
7224743
7224751
7224761
7224773
7224809
7224823
7224839
7224869
7224911
7224923
7224937
7224941
7224947
7225007
7225019
7225033
7225037
7225039
7225063
7225069
7225091
7225123
7225133
7225177
7225189
7225193
7225217
7225241
7225271
7225277
7225279
7225303
7225327
7225349
7225363
7225373
7225403
7225417
7225429
7225441
7225469
7225483
7225487
7225489
7225513
7225531
7225541
7225571
7225579
7225583
7225601
7225607
7225651
7225661
7225667
7225679
7225709
7225711
7225723
7225739
7225747
7225781
7225783
7225793
7225807
7225811
7225819
7225831
7225837
7225853
7225879
7225913
7225931
7225943
7225949
7225951
7225957
7225973
7225987
7225997
7226027
7226057
7226059
7226077
7226081
7226083
7226101
7226111
7226119
7226123
7226159
7226183
7226189
7226201
7226227
7226267
7226269
7226281
7226321
7226333
7226341
7226357
7226363
7226369
7226371
7226381
7226431
7226437
7226447
7226467
7226491
7226501
7226509
7226519
7226521
7226563
7226567
7226573
7226587
7226617
7226629
7226633
7226641
7226663
7226671
7226693
7226699
7226741
7226753
7226759
7226831
7226833
7226839
7226903
7226909
7226917
7226929
7226939
7226941
7226953
7226959
7226981
7226987
7226993
7227007
7227013
7227041
7227047
7227071
7227109
7227127
7227131
7227137
7227167
7227197
7227211
7227229
7227251
7227287
7227289
7227301
7227317
7227343
7227377
7227379
7227403
7227419
7227449
7227457
7227461
7227527
7227541
7227547
7227551
7227667
7227679
7227683
7227713
7227719
7227721
7227739
7227751
7227793
7227797
7227799
7227811
7227817
7227823
7227859
7227877
7227881
7227887
7227937
7227943
7227953
7227967
7227971
7227973
7227977
7228021
7228033
7228093
7228121
7228129
7228147
7228153
7228183
7228201
7228211
7228217
7228223
7228229
7228237
7228253
7228321
7228373
7228391
7228393
7228399
7228411
7228427
7228433
7228447
7228471
7228477
7228483
7228499
7228517
7228523
7228547
7228567
7228577
7228591
7228609
7228619
7228631
7228651
7228657
7228681
7228691
7228699
7228703
7228717
7228729
7228733
7228747
7228769
7228783
7228789
7228811
7228817
7228853
7228861
7228867
7228883
7228889
7228891
7228909
7228913
7228933
7228939
7228943
7228951
7228979
7228981
7228999
7229003
7229009
7229011
7229021
7229039
7229059
7229069
7229077
7229129
7229137
7229141
7229143
7229191
7229197
7229219
7229239
7229279
7229281
7229297
7229333
7229347
7229377
7229419
7229441
7229449
7229459
7229473
7229477
7229513
7229531
7229569
7229581
7229591
7229609
7229611
7229617
7229623
7229639
7229687
7229707
7229711
7229713
7229741
7229753
7229771
7229791
7229809
7229813
7229857
7229867
7229897
7229909
7229939
7229941
7229951
7229953
7229969
7230023
7230043
7230053
7230061
7230071
7230103
7230109
7230121
7230131
7230137
7230163
7230173
7230199
7230221
7230229
7230239
7230277
7230299
7230319
7230323
7230331
7230479
7230481
7230511
7230521
7230563
7230571
7230581
7230611
7230617
7230647
7230649
7230653
7230673
7230677
7230701
7230709
7230731
7230749
7230761
7230767
7230787
7230827
7230851
7230857
7230859
7230871
7230911
7230929
7230943
7230961
7230991
7231013
7231019
7231027
7231031
7231033
7231051
7231057
7231073
7231117
7231127
7231139
7231141
7231151
7231157
7231163
7231183
7231187
7231193
7231199
7231201
7231219
7231247
7231261
7231283
7231291
7231309
7231319
7231333
7231369
7231397
7231403
7231429
7231459
7231487
7231501
7231537
7231559
7231583
7231607
7231633
7231657
7231663
7231669
7231709
7231747
7231751
7231769
7231771
7231781
7231787
7231793
7231801
7231813
7231831
7231849
7231853
7231871
7231879
7231883
7231907
7231943
7231957
7231963
7231967
7231969
7231979
7231981
7231997
7232003
7232011
7232053
7232059
7232111
7232153
7232167
7232171
7232209
7232227
7232231
7232233
7232243
7232249
7232261
7232341
7232363
7232377
7232383
7232389
7232411
7232413
7232431
7232443
7232453
7232503
7232527
7232543
7232549
7232551
7232569
7232573
7232581
7232623
7232627
7232639
7232647
7232657
7232663
7232669
7232671
7232707
7232713
7232737
7232759
7232761
7232779
7232789
7232801
7232807
7232809
7232839
7232873
7232887
7232891
7232893
7232899
7232909
7232917
7232947
7232993
7233001
7233011
7233029
7233047
7233049
7233071
7233077
7233089
7233101
7233103
7233139
7233169
7233173
7233181
7233217
7233229
7233257
7233263
7233277
7233283
7233287
7233299
7233311
7233329
7233337
7233371
7233377
7233397
7233407
7233419
7233437
7233439
7233481
7233487
7233511
7233529
7233559
7233593
7233607
7233617
7233637
7233641
7233647
7233659
7233683
7233691
7233701
7233703
7233719
7233727
7233739
7233749
7233767
7233773
7233791
7233827
7233829
7233869
7233871
7233883
7233887
7233893
7233899
7233901
7233913
7233953
7233971
7233979
7233991
7234001
7234063
7234069
7234091
7234093
7234111
7234141
7234151
7234153
7234159
7234169
7234177
7234181
7234211
7234243
7234289
7234303
7234309
7234313
7234319
7234321
7234349
7234361
7234387
7234391
7234399
7234433
7234453
7234457
7234471
7234477
7234481
7234483
7234511
7234517
7234541
7234547
7234589
7234597
7234609
7234613
7234637
7234651
7234679
7234681
7234691
7234693
7234709
7234723
7234729
7234739
7234753
7234771
7234781
7234813
7234817
7234831
7234841
7234847
7234849
7234853
7234859
7234897
7234937
7234951
7234961
7234973
7234987
7235009
7235071
7235101
7235153
7235167
7235177
7235191
7235201
7235203
7235209
7235237
7235273
7235279
7235281
7235299
7235323
7235339
7235341
7235351
7235383
7235419
7235477
7235479
7235483
7235497
7235513
7235533
7235537
7235551
7235573
7235581
7235597
7235623
7235633
7235663
7235671
7235699
7235707
7235737
7235743
7235749
7235771
7235783
7235797
7235807
7235821
7235843
7235861
7235873
7235939
7235947
7235951
7235953
7235957
7235959
7235983
7236001
7236011
7236013
7236043
7236121
7236133
7236161
7236193
7236197
7236209
7236211
7236217
7236223
7236241
7236269
7236289
7236293
7236301
7236311
7236319
7236331
7236343
7236353
7236367
7236371
7236389
7236403
7236413
7236419
7236431
7236443
7236487
7236499
7236503
7236529
7236539
7236617
7236643
7236683
7236703
7236707
7236721
7236727
7236767
7236773
7236797
7236809
7236811
7236821
7236829
7236851
7236877
7236893
7236899
7236937
7236947
7236949
7236961
7237003
7237007
7237031
7237039
7237057
7237067
7237091
7237093
7237103
7237127
7237129
7237133
7237141
7237151
7237169
7237183
7237193
7237207
7237247
7237253
7237259
7237277
7237283
7237297
7237301
7237303
7237331
7237333
7237339
7237343
7237367
7237369
7237397
7237409
7237421
7237453
7237457
7237469
7237481
7237487
7237493
7237513
7237519
7237523
7237547
7237553
7237561
7237567
7237579
7237609
7237621
7237639
7237661
7237673
7237697
7237723
7237729
7237739
7237753
7237757
7237777
7237781
7237817
7237819
7237823
7237837
7237873
7237897
7237949
7237961
7237969
7237987
7238041
7238057
7238071
7238089
7238093
7238113
7238129
7238131
7238149
7238167
7238191
7238207
7238267
7238269
7238293
7238299
7238303
7238339
7238351
7238377
7238381
7238383
7238389
7238401
7238419
7238467
7238503
7238507
7238519
7238527
7238551
7238573
7238579
7238587
7238599
7238633
7238653
7238659
7238683
7238701
7238711
7238743
7238761
7238773
7238783
7238797
7238827
7238831
7238863
7238879
7238897
7238909
7238911
7238927
7238941
7238953
7238969
7238977
7238983
7238999
7239031
7239041
7239047
7239061
7239073
7239101
7239107
7239109
7239131
7239139
7239143
7239157
7239163
7239173
7239187
7239233
7239251
7239289
7239293
7239311
7239317
7239347
7239371
7239389
7239391
7239409
7239413
7239443
7239469
7239487
7239497
7239499
7239517
7239521
7239539
7239559
7239563
7239577
7239581
7239587
7239643
7239649
7239653
7239667
7239691
7239719
7239721
7239751
7239823
7239839
7239847
7239851
7239857
7239863
7239887
7239899
7239913
7239919
7239923
7239961
7239979
7240001
7240031
7240033
7240063
7240069
7240073
7240091
7240097
7240109
7240117
7240133
7240139
7240153
7240157
7240183
7240187
7240201
7240241
7240243
7240253
7240279
7240291
7240301
7240309
7240319
7240333
7240361
7240381
7240393
7240403
7240411
7240439
7240447
7240481
7240523
7240529
7240531
7240549
7240553
7240573
7240579
7240603
7240613
7240627
7240631
7240637
7240643
7240663
7240669
7240687
7240693
7240721
7240733
7240741
7240769
7240787
7240799
7240811
7240841
7240847
7240853
7240859
7240873
7240889
7240897
7240901
7240907
7240921
7240973
7240991
7241009
7241027
7241029
7241041
7241053
7241063
7241083
7241093
7241111
7241131
7241137
7241141
7241173
7241177
7241183
7241189
7241207
7241257
7241263
7241279
7241281
7241291
7241317
7241347
7241357
7241363
7241393
7241441
7241447
7241453
7241459
7241471
There are 2043 prime numbers in S448.
