S449(7241473~7273800)
7241491
7241497
7241513
7241519
7241537
7241551
7241567
7241579
7241581
7241617
7241623
7241627
7241657
7241671
7241699
7241701
7241723
7241743
7241747
7241753
7241771
7241797
7241891
7241903
7241911
7241947
7241951
7241959
7241977
7241989
7242007
7242023
7242029
7242043
7242049
7242061
7242077
7242091
7242101
7242113
7242133
7242139
7242143
7242149
7242181
7242203
7242233
7242241
7242247
7242259
7242271
7242307
7242329
7242337
7242341
7242349
7242359
7242379
7242383
7242409
7242419
7242449
7242451
7242457
7242479
7242481
7242511
7242523
7242551
7242569
7242589
7242593
7242601
7242617
7242637
7242643
7242649
7242661
7242673
7242679
7242707
7242727
7242733
7242737
7242751
7242793
7242803
7242839
7242847
7242853
7242863
7242887
7242943
7242947
7242967
7242979
7243001
7243007
7243021
7243109
7243111
7243129
7243147
7243153
7243163
7243189
7243213
7243259
7243261
7243267
7243277
7243289
7243297
7243339
7243381
7243387
7243391
7243399
7243403
7243409
7243421
7243441
7243451
7243469
7243471
7243477
7243487
7243517
7243519
7243529
7243531
7243549
7243573
7243583
7243627
7243631
7243667
7243673
7243697
7243711
7243721
7243741
7243763
7243771
7243777
7243787
7243837
7243849
7243861
7243867
7243871
7243877
7243879
7243889
7243891
7243903
7243927
7243931
7243937
7243949
7243967
7243979
7243993
7244021
7244047
7244053
7244077
7244087
7244089
7244099
7244117
7244131
7244141
7244143
7244161
7244179
7244183
7244189
7244191
7244233
7244243
7244257
7244269
7244273
7244291
7244311
7244351
7244353
7244357
7244371
7244383
7244389
7244399
7244407
7244437
7244441
7244443
7244449
7244507
7244513
7244521
7244539
7244557
7244569
7244579
7244591
7244599
7244621
7244647
7244651
7244687
7244707
7244717
7244723
7244753
7244761
7244767
7244773
7244789
7244791
7244803
7244813
7244849
7244857
7244921
7244927
7244953
7244957
7244959
7244999
7245001
7245019
7245059
7245071
7245127
7245143
7245167
7245181
7245197
7245209
7245239
7245241
7245257
7245263
7245283
7245307
7245311
7245317
7245353
7245361
7245373
7245409
7245439
7245461
7245467
7245499
7245503
7245509
7245521
7245523
7245533
7245551
7245571
7245583
7245619
7245671
7245677
7245701
7245703
7245709
7245739
7245743
7245751
7245769
7245779
7245787
7245809
7245829
7245863
7245869
7245871
7245877
7245881
7245883
7245919
7245923
7245929
7245937
7245941
7245949
7245991
7246039
7246051
7246069
7246079
7246091
7246093
7246123
7246133
7246139
7246159
7246171
7246177
7246181
7246193
7246207
7246229
7246243
7246249
7246279
7246307
7246313
7246333
7246363
7246367
7246387
7246397
7246417
7246427
7246453
7246483
7246501
7246513
7246523
7246537
7246553
7246559
7246609
7246643
7246663
7246667
7246691
7246693
7246699
7246711
7246717
7246727
7246753
7246763
7246819
7246823
7246843
7246867
7246871
7246891
7246903
7246927
7246933
7246949
7246951
7246969
7246991
7246997
7247011
7247021
7247033
7247057
7247069
7247077
7247089
7247099
7247101
7247137
7247159
7247179
7247213
7247237
7247243
7247249
7247257
7247267
7247269
7247281
7247291
7247293
7247297
7247327
7247333
7247351
7247363
7247371
7247377
7247393
7247399
7247407
7247411
7247441
7247453
7247479
7247497
7247533
7247543
7247551
7247557
7247561
7247567
7247573
7247579
7247587
7247623
7247629
7247641
7247663
7247687
7247699
7247701
7247717
7247719
7247731
7247741
7247753
7247761
7247839
7247843
7247881
7247897
7247927
7247953
7247969
7247971
7247983
7248019
7248049
7248053
7248077
7248083
7248089
7248113
7248119
7248167
7248179
7248191
7248193
7248211
7248217
7248223
7248229
7248233
7248251
7248277
7248299
7248313
7248317
7248323
7248343
7248359
7248377
7248379
7248401
7248407
7248413
7248457
7248469
7248497
7248503
7248517
7248551
7248581
7248587
7248599
7248601
7248607
7248643
7248653
7248667
7248697
7248719
7248727
7248737
7248739
7248751
7248793
7248821
7248833
7248881
7248893
7248949
7248959
7248977
7248991
7249001
7249007
7249019
7249027
7249031
7249049
7249091
7249093
7249097
7249111
7249129
7249141
7249183
7249211
7249213
7249223
7249237
7249247
7249261
7249283
7249331
7249337
7249339
7249343
7249349
7249369
7249379
7249387
7249397
7249399
7249427
7249441
7249457
7249483
7249493
7249511
7249513
7249523
7249537
7249549
7249553
7249573
7249589
7249591
7249603
7249631
7249643
7249657
7249663
7249709
7249717
7249727
7249729
7249733
7249747
7249763
7249829
7249831
7249841
7249867
7249873
7249889
7249897
7249901
7249919
7249927
7249937
7249943
7249961
7249981
7249997
7250011
7250017
7250021
7250027
7250051
7250053
7250059
7250069
7250099
7250119
7250123
7250161
7250183
7250189
7250197
7250209
7250219
7250231
7250237
7250239
7250263
7250281
7250291
7250293
7250297
7250323
7250339
7250363
7250389
7250393
7250401
7250407
7250413
7250423
7250429
7250491
7250501
7250519
7250527
7250561
7250599
7250629
7250669
7250671
7250693
7250701
7250707
7250717
7250759
7250777
7250791
7250801
7250833
7250839
7250843
7250861
7250863
7250879
7250897
7250921
7250939
7250987
7251011
7251031
7251037
7251053
7251059
7251071
7251091
7251143
7251157
7251169
7251199
7251221
7251227
7251239
7251269
7251311
7251313
7251317
7251329
7251337
7251341
7251379
7251389
7251397
7251481
7251487
7251523
7251529
7251557
7251577
7251599
7251617
7251637
7251691
7251701
7251703
7251709
7251719
7251721
7251731
7251733
7251757
7251773
7251779
7251781
7251791
7251823
7251833
7251847
7251851
7251857
7251883
7251887
7251899
7251919
7251929
7251941
7251947
7251949
7251961
7251973
7251983
7251989
7251997
7252019
7252027
7252031
7252051
7252057
7252073
7252087
7252151
7252169
7252181
7252187
7252207
7252237
7252253
7252303
7252327
7252363
7252373
7252381
7252393
7252409
7252411
7252417
7252447
7252459
7252463
7252499
7252501
7252513
7252517
7252519
7252529
7252559
7252571
7252601
7252607
7252631
7252633
7252649
7252657
7252669
7252733
7252771
7252783
7252801
7252807
7252837
7252867
7252879
7252907
7252909
7252937
7252957
7252963
7252967
7252979
7252991
7253009
7253017
7253053
7253063
7253089
7253093
7253107
7253123
7253137
7253167
7253173
7253177
7253179
7253189
7253201
7253261
7253263
7253293
7253321
7253329
7253333
7253347
7253359
7253381
7253387
7253399
7253419
7253429
7253447
7253461
7253471
7253479
7253483
7253507
7253513
7253531
7253537
7253539
7253581
7253593
7253599
7253639
7253641
7253647
7253657
7253669
7253699
7253707
7253711
7253723
7253773
7253777
7253789
7253819
7253833
7253837
7253861
7253879
7253881
7253893
7253899
7253903
7253927
7253941
7253957
7253959
7254001
7254011
7254041
7254043
7254047
7254073
7254077
7254097
7254101
7254119
7254127
7254133
7254167
7254173
7254179
7254193
7254199
7254211
7254259
7254281
7254307
7254319
7254323
7254337
7254343
7254347
7254349
7254383
7254389
7254397
7254419
7254421
7254451
7254469
7254473
7254509
7254517
7254539
7254551
7254557
7254571
7254593
7254601
7254617
7254619
7254623
7254629
7254673
7254679
7254703
7254719
7254743
7254749
7254761
7254803
7254847
7254857
7254881
7254887
7254893
7254977
7254983
7255007
7255009
7255019
7255021
7255037
7255043
7255057
7255067
7255069
7255081
7255099
7255103
7255121
7255151
7255153
7255159
7255163
7255181
7255187
7255201
7255211
7255231
7255247
7255253
7255267
7255301
7255357
7255403
7255453
7255459
7255463
7255477
7255487
7255489
7255499
7255513
7255529
7255609
7255621
7255627
7255639
7255681
7255693
7255709
7255711
7255723
7255727
7255733
7255757
7255763
7255783
7255799
7255817
7255841
7255847
7255867
7255883
7255901
7255909
7255951
7255961
7255979
7255993
7255999
7256023
7256027
7256047
7256087
7256089
7256099
7256111
7256113
7256141
7256147
7256149
7256153
7256173
7256203
7256209
7256213
7256251
7256257
7256261
7256287
7256311
7256321
7256341
7256357
7256363
7256369
7256393
7256401
7256497
7256503
7256519
7256527
7256531
7256533
7256539
7256581
7256591
7256593
7256609
7256611
7256617
7256629
7256657
7256681
7256693
7256719
7256737
7256741
7256771
7256779
7256791
7256827
7256849
7256903
7256911
7256947
7256999
7257001
7257013
7257017
7257023
7257037
7257043
7257073
7257077
7257083
7257091
7257097
7257127
7257137
7257139
7257157
7257179
7257227
7257241
7257247
7257253
7257281
7257293
7257311
7257323
7257361
7257389
7257401
7257409
7257421
7257431
7257463
7257469
7257491
7257517
7257527
7257529
7257553
7257559
7257571
7257577
7257629
7257659
7257667
7257707
7257709
7257721
7257739
7257749
7257773
7257781
7257797
7257799
7257821
7257823
7257839
7257847
7257851
7257853
7257863
7257893
7257907
7257911
7257941
7257947
7257989
7258001
7258007
7258021
7258049
7258063
7258067
7258073
7258079
7258081
7258093
7258109
7258129
7258169
7258187
7258211
7258243
7258261
7258291
7258313
7258319
7258331
7258333
7258343
7258373
7258387
7258411
7258417
7258421
7258469
7258477
7258483
7258487
7258519
7258571
7258583
7258631
7258651
7258661
7258673
7258709
7258747
7258753
7258789
7258807
7258831
7258837
7258861
7258871
7258877
7258883
7258897
7258921
7258943
7258957
7258963
7258967
7258973
7259003
7259011
7259027
7259041
7259059
7259069
7259081
7259089
7259101
7259117
7259137
7259167
7259267
7259279
7259297
7259299
7259327
7259347
7259359
7259407
7259423
7259431
7259443
7259449
7259453
7259477
7259489
7259491
7259507
7259519
7259533
7259557
7259563
7259597
7259621
7259633
7259639
7259677
7259689
7259711
7259713
7259717
7259723
7259737
7259741
7259753
7259783
7259801
7259803
7259809
7259839
7259849
7259851
7259869
7259897
7259899
7259909
7259933
7259971
7259977
7259999
7260007
7260023
7260031
7260049
7260059
7260067
7260079
7260083
7260089
7260119
7260133
7260181
7260191
7260193
7260199
7260217
7260221
7260229
7260269
7260277
7260283
7260287
7260301
7260307
7260313
7260329
7260347
7260349
7260371
7260373
7260397
7260401
7260427
7260431
7260439
7260443
7260457
7260493
7260511
7260521
7260529
7260551
7260553
7260559
7260563
7260569
7260601
7260611
7260613
7260619
7260667
7260689
7260691
7260697
7260703
7260713
7260719
7260739
7260767
7260787
7260791
7260797
7260821
7260823
7260839
7260859
7260871
7260901
7260941
7260959
7260961
7261003
7261027
7261039
7261061
7261063
7261069
7261073
7261081
7261087
7261153
7261157
7261183
7261187
7261207
7261231
7261271
7261279
7261283
7261291
7261313
7261337
7261349
7261357
7261369
7261381
7261391
7261403
7261433
7261447
7261451
7261459
7261481
7261483
7261511
7261523
7261531
7261561
7261577
7261607
7261613
7261627
7261637
7261651
7261663
7261673
7261679
7261691
7261699
7261739
7261747
7261757
7261763
7261783
7261789
7261801
7261817
7261823
7261841
7261847
7261871
7261909
7261921
7261927
7261939
7261949
7261963
7261973
7261979
7261981
7261999
7262023
7262039
7262051
7262071
7262081
7262117
7262131
7262149
7262173
7262191
7262201
7262243
7262257
7262261
7262291
7262303
7262309
7262347
7262357
7262419
7262429
7262443
7262459
7262461
7262467
7262473
7262483
7262501
7262513
7262531
7262533
7262569
7262597
7262603
7262609
7262639
7262653
7262659
7262669
7262677
7262719
7262729
7262737
7262753
7262797
7262819
7262821
7262833
7262837
7262851
7262861
7262873
7262891
7262909
7262923
7262933
7262939
7262947
7262953
7263013
7263031
7263037
7263041
7263043
7263049
7263103
7263107
7263127
7263143
7263161
7263163
7263197
7263203
7263227
7263241
7263287
7263293
7263299
7263307
7263317
7263323
7263337
7263341
7263343
7263353
7263367
7263383
7263391
7263401
7263407
7263409
7263419
7263439
7263463
7263467
7263493
7263523
7263551
7263559
7263563
7263583
7263589
7263593
7263611
7263623
7263629
7263637
7263673
7263677
7263679
7263727
7263731
7263749
7263787
7263793
7263799
7263821
7263829
7263857
7263859
7263863
7263887
7263901
7263917
7263931
7263937
7263953
7263959
7263967
7263973
7263983
7263989
7264003
7264009
7264043
7264069
7264111
7264121
7264141
7264171
7264183
7264189
7264193
7264211
7264217
7264237
7264267
7264277
7264319
7264351
7264363
7264373
7264379
7264381
7264391
7264393
7264399
7264489
7264501
7264511
7264513
7264531
7264553
7264577
7264583
7264589
7264591
7264597
7264601
7264613
7264637
7264643
7264651
7264679
7264717
7264723
7264727
7264739
7264759
7264787
7264799
7264801
7264811
7264813
7264823
7264841
7264871
7264889
7264903
7264927
7264937
7264963
7264991
7264997
7265003
7265017
7265023
7265047
7265057
7265101
7265107
7265131
7265147
7265149
7265189
7265207
7265221
7265227
7265231
7265243
7265249
7265281
7265287
7265303
7265317
7265329
7265333
7265339
7265347
7265369
7265371
7265381
7265473
7265491
7265507
7265509
7265513
7265519
7265537
7265549
7265593
7265603
7265623
7265633
7265641
7265659
7265663
7265701
7265707
7265711
7265729
7265759
7265761
7265779
7265807
7265813
7265837
7265857
7265887
7265899
7265911
7265917
7265933
7265963
7265971
7265981
7265983
7265989
7266001
7266019
7266031
7266047
7266067
7266071
7266073
7266079
7266101
7266109
7266139
7266163
7266169
7266187
7266197
7266221
7266223
7266251
7266253
7266289
7266299
7266313
7266349
7266403
7266407
7266419
7266421
7266433
7266449
7266451
7266461
7266481
7266491
7266509
7266557
7266601
7266653
7266661
7266673
7266697
7266709
7266713
7266719
7266737
7266751
7266773
7266817
7266823
7266829
7266839
7266851
7266859
7266877
7266893
7266923
7266929
7266947
7266979
7267009
7267019
7267027
7267031
7267033
7267049
7267061
7267069
7267079
7267087
7267097
7267111
7267121
7267123
7267147
7267153
7267163
7267171
7267181
7267193
7267213
7267217
7267219
7267229
7267243
7267259
7267297
7267303
7267349
7267363
7267391
7267399
7267411
7267417
7267433
7267441
7267451
7267453
7267457
7267459
7267493
7267499
7267511
7267529
7267549
7267571
7267583
7267591
7267597
7267613
7267621
7267627
7267639
7267669
7267717
7267739
7267753
7267769
7267787
7267811
7267831
7267849
7267877
7267889
7267901
7267907
7267927
7267933
7267961
7267991
7268003
7268017
7268039
7268081
7268087
7268101
7268117
7268119
7268141
7268143
7268153
7268159
7268201
7268213
7268267
7268297
7268321
7268323
7268329
7268347
7268351
7268383
7268399
7268411
7268423
7268441
7268453
7268467
7268497
7268509
7268533
7268549
7268551
7268561
7268563
7268567
7268581
7268593
7268633
7268641
7268693
7268717
7268743
7268747
7268749
7268777
7268783
7268803
7268819
7268827
7268857
7268881
7268903
7268923
7268953
7268969
7268971
7268981
7268999
7269007
7269023
7269043
7269061
7269079
7269089
7269133
7269137
7269139
7269151
7269167
7269181
7269203
7269209
7269233
7269239
7269247
7269281
7269289
7269293
7269307
7269347
7269371
7269373
7269439
7269461
7269481
7269487
7269491
7269511
7269527
7269529
7269539
7269569
7269589
7269601
7269611
7269641
7269643
7269667
7269671
7269683
7269697
7269719
7269733
7269737
7269763
7269781
7269793
7269811
7269827
7269853
7269869
7269893
7269929
7269937
7269949
7269953
7269959
7269971
7269991
7270009
7270031
7270057
7270061
7270091
7270099
7270121
7270127
7270147
7270171
7270181
7270189
7270253
7270259
7270267
7270309
7270327
7270343
7270349
7270379
7270391
7270411
7270421
7270447
7270451
7270457
7270481
7270493
7270517
7270519
7270547
7270567
7270573
7270579
7270591
7270609
7270621
7270643
7270649
7270661
7270663
7270693
7270721
7270733
7270751
7270763
7270789
7270807
7270811
7270819
7270831
7270843
7270847
7270859
7270871
7270891
7270903
7270919
7270931
7270933
7270937
7270969
7270987
7270993
7270997
7271003
7271009
7271027
7271057
7271111
7271113
7271137
7271177
7271183
7271191
7271213
7271221
7271233
7271237
7271273
7271279
7271317
7271321
7271387
7271413
7271477
7271479
7271483
7271497
7271501
7271503
7271513
7271521
7271531
7271533
7271543
7271557
7271569
7271587
7271591
7271599
7271609
7271617
7271629
7271651
7271669
7271683
7271689
7271723
7271731
7271777
7271783
7271791
7271821
7271839
7271843
7271867
7271881
7271897
7271911
7271917
7271921
7271939
7271963
7271969
7271977
7271987
7271989
7272007
7272049
7272059
7272061
7272119
7272121
7272131
7272137
7272143
7272149
7272151
7272173
7272179
7272191
7272217
7272227
7272229
7272257
7272283
7272319
7272337
7272361
7272367
7272373
7272409
7272427
7272431
7272437
7272449
7272491
7272493
7272509
7272511
7272527
7272557
7272563
7272581
7272593
7272599
7272637
7272641
7272647
7272659
7272673
7272677
7272679
7272689
7272691
7272697
7272721
7272737
7272751
7272767
7272779
7272791
7272799
7272803
7272809
7272829
7272833
7272841
7272869
7272883
7272887
7272907
7272911
7272929
7272943
7272971
7273001
7273033
7273039
7273061
7273069
7273073
7273087
7273099
7273151
7273159
7273177
7273187
7273199
7273237
7273241
7273249
7273283
7273289
7273303
7273309
7273337
7273363
7273367
7273379
7273393
7273411
7273429
7273463
7273477
7273481
7273489
7273507
7273529
7273547
7273583
7273597
7273601
7273619
7273627
7273633
7273639
7273661
7273663
7273691
7273711
7273723
7273759
7273771
There are 2058 prime numbers in S449.
