S45(71281~74520)
71287
71293
71317
71327
71329
71333
71339
71341
71347
71353
71359
71363
71387
71389
71399
71411
71413
71419
71429
71437
71443
71453
71471
71473
71479
71483
71503
71527
71537
71549
71551
71563
71569
71593
71597
71633
71647
71663
71671
71693
71699
71707
71711
71713
71719
71741
71761
71777
71789
71807
71809
71821
71837
71843
71849
71861
71867
71879
71881
71887
71899
71909
71917
71933
71941
71947
71963
71971
71983
71987
71993
71999
72019
72031
72043
72047
72053
72073
72077
72089
72091
72101
72103
72109
72139
72161
72167
72169
72173
72211
72221
72223
72227
72229
72251
72253
72269
72271
72277
72287
72307
72313
72337
72341
72353
72367
72379
72383
72421
72431
72461
72467
72469
72481
72493
72497
72503
72533
72547
72551
72559
72577
72613
72617
72623
72643
72647
72649
72661
72671
72673
72679
72689
72701
72707
72719
72727
72733
72739
72763
72767
72797
72817
72823
72859
72869
72871
72883
72889
72893
72901
72907
72911
72923
72931
72937
72949
72953
72959
72973
72977
72997
73009
73013
73019
73037
73039
73043
73061
73063
73079
73091
73121
73127
73133
73141
73181
73189
73237
73243
73259
73277
73291
73303
73309
73327
73331
73351
73361
73363
73369
73379
73387
73417
73421
73433
73453
73459
73471
73477
73483
73517
73523
73529
73547
73553
73561
73571
73583
73589
73597
73607
73609
73613
73637
73643
73651
73673
73679
73681
73693
73699
73709
73721
73727
73751
73757
73771
73783
73819
73823
73847
73849
73859
73867
73877
73883
73897
73907
73939
73943
73951
73961
73973
73999
74017
74021
74027
74047
74051
74071
74077
74093
74099
74101
74131
74143
74149
74159
74161
74167
74177
74189
74197
74201
74203
74209
74219
74231
74257
74279
74287
74293
74297
74311
74317
74323
74353
74357
74363
74377
74381
74383
74411
74413
74419
74441
74449
74453
74471
74489
74507
74509
There are 293 prime numbers in S45.
