S450(7273801~7306200)
7273801
7273811
7273817
7273829
7273843
7273901
7273913
7273921
7273927
7273951
7273961
7273991
7273993
7273997
7273999
7274053
7274063
7274081
7274087
7274101
7274107
7274117
7274129
7274153
7274159
7274171
7274173
7274177
7274191
7274213
7274251
7274263
7274269
7274291
7274327
7274339
7274341
7274347
7274357
7274383
7274401
7274411
7274413
7274431
7274437
7274441
7274461
7274467
7274479
7274489
7274513
7274537
7274543
7274569
7274591
7274629
7274639
7274651
7274653
7274699
7274711
7274717
7274719
7274767
7274779
7274789
7274791
7274807
7274857
7274879
7274887
7274893
7274951
7274957
7275001
7275007
7275011
7275017
7275019
7275077
7275091
7275161
7275181
7275187
7275193
7275197
7275209
7275211
7275217
7275221
7275227
7275239
7275263
7275283
7275311
7275313
7275353
7275361
7275377
7275379
7275391
7275397
7275403
7275427
7275431
7275451
7275479
7275487
7275497
7275503
7275511
7275529
7275533
7275551
7275563
7275571
7275589
7275599
7275601
7275623
7275629
7275637
7275673
7275707
7275713
7275721
7275733
7275739
7275743
7275757
7275769
7275773
7275809
7275811
7275823
7275833
7275857
7275869
7275883
7275911
7275923
7275937
7275943
7275967
7275971
7275973
7275977
7276001
7276007
7276021
7276039
7276043
7276063
7276081
7276097
7276099
7276121
7276123
7276127
7276163
7276169
7276177
7276189
7276193
7276219
7276223
7276271
7276277
7276279
7276333
7276337
7276363
7276369
7276387
7276397
7276403
7276427
7276429
7276433
7276447
7276463
7276471
7276517
7276559
7276597
7276609
7276631
7276637
7276699
7276727
7276733
7276739
7276771
7276777
7276781
7276813
7276837
7276849
7276853
7276877
7276879
7276889
7276897
7276903
7276931
7276957
7276979
7276987
7277009
7277021
7277027
7277063
7277069
7277077
7277093
7277099
7277141
7277147
7277183
7277189
7277201
7277203
7277279
7277293
7277299
7277317
7277321
7277327
7277329
7277341
7277351
7277371
7277381
7277423
7277471
7277489
7277503
7277519
7277531
7277533
7277537
7277549
7277573
7277593
7277597
7277609
7277617
7277639
7277651
7277657
7277659
7277663
7277681
7277687
7277719
7277723
7277731
7277737
7277759
7277761
7277783
7277833
7277843
7277857
7277861
7277873
7277891
7277899
7277909
7277929
7277947
7277953
7277981
7277987
7277993
7278001
7278017
7278031
7278041
7278053
7278059
7278067
7278071
7278107
7278133
7278151
7278157
7278199
7278209
7278239
7278241
7278251
7278253
7278259
7278263
7278269
7278343
7278347
7278377
7278379
7278389
7278407
7278421
7278473
7278527
7278541
7278547
7278563
7278571
7278587
7278599
7278613
7278617
7278619
7278641
7278643
7278647
7278659
7278721
7278727
7278773
7278779
7278781
7278793
7278811
7278827
7278829
7278841
7278847
7278857
7278883
7278917
7278949
7278959
7278961
7279003
7279037
7279039
7279057
7279061
7279067
7279117
7279157
7279177
7279187
7279199
7279211
7279229
7279231
7279241
7279249
7279253
7279267
7279273
7279301
7279309
7279333
7279351
7279369
7279379
7279411
7279421
7279429
7279439
7279457
7279463
7279471
7279499
7279507
7279529
7279541
7279543
7279549
7279567
7279579
7279607
7279631
7279669
7279687
7279691
7279729
7279733
7279759
7279763
7279813
7279817
7279829
7279849
7279879
7279897
7279931
7279939
7279963
7279969
7279981
7279997
7279999
7280011
7280033
7280041
7280051
7280089
7280093
7280099
7280101
7280113
7280129
7280137
7280149
7280183
7280197
7280263
7280279
7280291
7280293
7280309
7280311
7280323
7280341
7280389
7280393
7280417
7280461
7280491
7280503
7280513
7280521
7280531
7280549
7280563
7280569
7280579
7280593
7280599
7280617
7280621
7280633
7280639
7280671
7280687
7280701
7280731
7280737
7280747
7280771
7280807
7280809
7280831
7280863
7280869
7280881
7280891
7280927
7280941
7280951
7280953
7280993
7281011
7281031
7281077
7281089
7281097
7281103
7281167
7281181
7281203
7281223
7281229
7281247
7281251
7281257
7281277
7281283
7281289
7281301
7281353
7281401
7281403
7281437
7281451
7281467
7281473
7281487
7281517
7281539
7281557
7281587
7281629
7281649
7281653
7281679
7281707
7281709
7281737
7281739
7281751
7281767
7281773
7281787
7281803
7281853
7281863
7281877
7281881
7281889
7281893
7281913
7281917
7281919
7281941
7281943
7281947
7281977
7282003
7282019
7282027
7282057
7282063
7282087
7282097
7282109
7282123
7282127
7282129
7282151
7282153
7282157
7282169
7282183
7282213
7282217
7282259
7282267
7282271
7282279
7282291
7282309
7282333
7282361
7282367
7282391
7282397
7282411
7282423
7282459
7282463
7282481
7282487
7282501
7282507
7282519
7282537
7282549
7282573
7282577
7282589
7282591
7282601
7282619
7282621
7282657
7282661
7282679
7282739
7282753
7282763
7282771
7282777
7282787
7282801
7282811
7282813
7282819
7282823
7282831
7282843
7282853
7282883
7282903
7282939
7282943
7282981
7282997
7282999
7283041
7283071
7283077
7283093
7283113
7283119
7283131
7283141
7283149
7283173
7283219
7283231
7283257
7283273
7283291
7283299
7283303
7283317
7283351
7283399
7283401
7283407
7283411
7283417
7283431
7283443
7283447
7283459
7283513
7283533
7283537
7283539
7283569
7283579
7283587
7283603
7283623
7283651
7283657
7283659
7283693
7283699
7283711
7283719
7283723
7283741
7283747
7283753
7283761
7283777
7283789
7283797
7283807
7283833
7283839
7283863
7283873
7283891
7283909
7283921
7283929
7283933
7283951
7283953
7283989
7283999
7284023
7284029
7284073
7284113
7284119
7284131
7284149
7284181
7284187
7284197
7284217
7284223
7284229
7284241
7284253
7284257
7284259
7284293
7284341
7284367
7284371
7284377
7284401
7284413
7284419
7284421
7284443
7284463
7284493
7284499
7284521
7284527
7284533
7284569
7284617
7284623
7284631
7284647
7284649
7284689
7284749
7284769
7284799
7284811
7284817
7284821
7284833
7284853
7284869
7284877
7284899
7284941
7284943
7284971
7284973
7285001
7285007
7285049
7285067
7285081
7285099
7285127
7285133
7285139
7285147
7285199
7285219
7285237
7285241
7285247
7285253
7285277
7285283
7285339
7285349
7285373
7285387
7285391
7285393
7285427
7285429
7285441
7285463
7285483
7285501
7285507
7285519
7285529
7285541
7285543
7285547
7285591
7285601
7285613
7285631
7285643
7285661
7285679
7285697
7285703
7285711
7285723
7285727
7285739
7285753
7285771
7285787
7285813
7285819
7285841
7285847
7285849
7285879
7285891
7285897
7285903
7285907
7285919
7285973
7285981
7285997
7286011
7286033
7286053
7286099
7286107
7286113
7286119
7286129
7286131
7286137
7286159
7286171
7286173
7286189
7286197
7286219
7286243
7286261
7286297
7286311
7286339
7286347
7286369
7286381
7286399
7286413
7286417
7286429
7286437
7286449
7286483
7286497
7286501
7286537
7286603
7286621
7286681
7286683
7286687
7286689
7286701
7286707
7286777
7286779
7286803
7286809
7286813
7286831
7286843
7286849
7286857
7286887
7286921
7286947
7286963
7286969
7286989
7287001
7287017
7287019
7287029
7287037
7287043
7287047
7287061
7287083
7287097
7287103
7287107
7287131
7287193
7287199
7287211
7287229
7287233
7287277
7287281
7287289
7287331
7287337
7287359
7287361
7287367
7287383
7287433
7287437
7287451
7287457
7287473
7287493
7287499
7287547
7287551
7287563
7287569
7287571
7287601
7287607
7287617
7287629
7287647
7287677
7287691
7287701
7287703
7287727
7287733
7287743
7287751
7287767
7287799
7287817
7287851
7287859
7287899
7287911
7287919
7287947
7287953
7287979
7287983
7287991
7287997
7288013
7288031
7288049
7288051
7288063
7288103
7288109
7288111
7288123
7288129
7288157
7288159
7288163
7288181
7288213
7288231
7288271
7288273
7288277
7288301
7288331
7288339
7288349
7288357
7288361
7288397
7288399
7288423
7288429
7288433
7288439
7288451
7288459
7288471
7288481
7288499
7288511
7288517
7288531
7288553
7288559
7288577
7288583
7288591
7288601
7288607
7288637
7288639
7288643
7288649
7288651
7288661
7288691
7288703
7288711
7288727
7288739
7288753
7288759
7288763
7288817
7288819
7288823
7288843
7288849
7288877
7288891
7288909
7288927
7288933
7288949
7288969
7288979
7288993
7289003
7289017
7289033
7289041
7289047
7289057
7289071
7289077
7289081
7289083
7289099
7289119
7289129
7289167
7289203
7289213
7289221
7289239
7289279
7289281
7289287
7289323
7289327
7289339
7289341
7289363
7289377
7289423
7289437
7289441
7289449
7289467
7289479
7289507
7289519
7289531
7289543
7289587
7289599
7289603
7289609
7289621
7289657
7289663
7289669
7289687
7289693
7289713
7289729
7289731
7289741
7289767
7289771
7289773
7289813
7289819
7289837
7289857
7289861
7289911
7289917
7289921
7289959
7289987
7289993
7290001
7290037
7290043
7290061
7290077
7290089
7290119
7290121
7290187
7290191
7290193
7290233
7290271
7290289
7290307
7290317
7290323
7290341
7290343
7290347
7290359
7290373
7290377
7290389
7290391
7290401
7290403
7290449
7290463
7290469
7290511
7290523
7290527
7290529
7290533
7290541
7290551
7290553
7290557
7290589
7290631
7290641
7290643
7290653
7290691
7290697
7290721
7290749
7290757
7290769
7290799
7290809
7290821
7290853
7290863
7290883
7290893
7290947
7290949
7290971
7290979
7290991
7291001
7291033
7291049
7291073
7291091
7291103
7291111
7291121
7291129
7291133
7291139
7291159
7291177
7291187
7291211
7291217
7291241
7291247
7291259
7291261
7291303
7291309
7291321
7291327
7291357
7291363
7291367
7291411
7291423
7291429
7291447
7291457
7291469
7291477
7291489
7291507
7291519
7291547
7291567
7291577
7291597
7291601
7291607
7291619
7291631
7291643
7291663
7291693
7291703
7291717
7291723
7291769
7291813
7291819
7291829
7291831
7291871
7291883
7291901
7291903
7291919
7291927
7291931
7291939
7291969
7291979
7291981
7292011
7292023
7292039
7292041
7292053
7292059
7292063
7292083
7292093
7292101
7292107
7292113
7292149
7292177
7292183
7292203
7292221
7292227
7292237
7292239
7292251
7292267
7292273
7292279
7292287
7292291
7292317
7292353
7292359
7292381
7292401
7292407
7292431
7292479
7292491
7292497
7292501
7292513
7292521
7292531
7292563
7292573
7292581
7292591
7292651
7292653
7292669
7292687
7292693
7292707
7292729
7292731
7292759
7292767
7292777
7292797
7292819
7292821
7292837
7292839
7292851
7292867
7292869
7292917
7292933
7292969
7292981
7292993
7293023
7293059
7293067
7293071
7293073
7293079
7293089
7293157
7293179
7293197
7293199
7293217
7293233
7293257
7293271
7293281
7293317
7293331
7293337
7293353
7293371
7293373
7293379
7293389
7293409
7293431
7293437
7293439
7293443
7293457
7293467
7293487
7293491
7293497
7293509
7293523
7293547
7293569
7293571
7293577
7293607
7293619
7293623
7293641
7293653
7293659
7293667
7293679
7293683
7293707
7293719
7293763
7293827
7293851
7293863
7293889
7293899
7293907
7293911
7293919
7293931
7293943
7293971
7293973
7293983
7293989
7294093
7294097
7294117
7294121
7294127
7294129
7294141
7294163
7294169
7294193
7294201
7294213
7294237
7294267
7294279
7294333
7294349
7294361
7294373
7294409
7294421
7294453
7294459
7294543
7294559
7294571
7294577
7294601
7294603
7294619
7294633
7294643
7294673
7294681
7294687
7294697
7294699
7294709
7294711
7294723
7294733
7294757
7294783
7294799
7294811
7294849
7294871
7294873
7294897
7294913
7294943
7294949
7295003
7295017
7295033
7295047
7295053
7295059
7295081
7295083
7295087
7295111
7295131
7295143
7295177
7295191
7295201
7295203
7295213
7295219
7295231
7295243
7295279
7295287
7295303
7295317
7295377
7295381
7295383
7295399
7295461
7295471
7295473
7295543
7295551
7295557
7295569
7295579
7295611
7295621
7295647
7295657
7295671
7295683
7295689
7295699
7295719
7295723
7295731
7295759
7295773
7295777
7295779
7295797
7295803
7295809
7295833
7295837
7295843
7295863
7295921
7295923
7295933
7295963
7295983
7295987
7295989
7296001
7296011
7296013
7296017
7296041
7296053
7296059
7296061
7296089
7296097
7296101
7296103
7296119
7296127
7296161
7296167
7296181
7296187
7296193
7296217
7296239
7296241
7296259
7296293
7296299
7296301
7296329
7296379
7296403
7296407
7296413
7296427
7296449
7296481
7296491
7296493
7296521
7296529
7296547
7296557
7296571
7296581
7296593
7296617
7296629
7296643
7296649
7296671
7296673
7296691
7296697
7296701
7296739
7296743
7296761
7296763
7296767
7296781
7296803
7296827
7296841
7296851
7296853
7296857
7296869
7296871
7296907
7296917
7296937
7296941
7296953
7296959
7296973
7296979
7296983
7297027
7297033
7297051
7297091
7297099
7297109
7297117
7297123
7297127
7297133
7297181
7297189
7297231
7297237
7297243
7297253
7297271
7297291
7297321
7297333
7297379
7297397
7297421
7297429
7297453
7297457
7297481
7297483
7297489
7297559
7297561
7297567
7297571
7297583
7297603
7297627
7297637
7297649
7297669
7297681
7297711
7297747
7297753
7297781
7297789
7297813
7297837
7297847
7297861
7297867
7297889
7297891
7297897
7297921
7297931
7297933
7297963
7297967
7297973
7297993
7298017
7298059
7298069
7298077
7298087
7298131
7298143
7298167
7298173
7298177
7298191
7298197
7298201
7298209
7298231
7298233
7298281
7298297
7298323
7298339
7298381
7298387
7298393
7298399
7298407
7298437
7298441
7298443
7298453
7298479
7298483
7298497
7298503
7298507
7298591
7298597
7298611
7298617
7298639
7298647
7298663
7298699
7298719
7298741
7298803
7298827
7298839
7298849
7298867
7298891
7298897
7298903
7298909
7298911
7298939
7298947
7298957
7298971
7298989
7298999
7299011
7299023
7299041
7299049
7299079
7299091
7299109
7299113
7299133
7299143
7299151
7299163
7299179
7299203
7299209
7299217
7299233
7299247
7299251
7299289
7299317
7299359
7299367
7299407
7299427
7299431
7299437
7299463
7299469
7299493
7299499
7299527
7299529
7299557
7299563
7299577
7299587
7299623
7299631
7299673
7299689
7299703
7299707
7299709
7299769
7299779
7299791
7299797
7299821
7299823
7299889
7299907
7299923
7299937
7299949
7299959
7299961
7300001
7300003
7300037
7300043
7300049
7300079
7300109
7300127
7300133
7300169
7300171
7300187
7300207
7300213
7300231
7300243
7300261
7300277
7300301
7300303
7300333
7300339
7300357
7300367
7300399
7300409
7300417
7300441
7300451
7300457
7300459
7300477
7300481
7300487
7300523
7300529
7300543
7300549
7300571
7300577
7300619
7300621
7300639
7300649
7300673
7300751
7300753
7300801
7300819
7300831
7300861
7300901
7300919
7300963
7300967
7300981
7300991
7301033
7301039
7301071
7301081
7301087
7301123
7301131
7301137
7301159
7301179
7301183
7301197
7301209
7301221
7301249
7301257
7301291
7301299
7301311
7301323
7301341
7301353
7301363
7301369
7301389
7301401
7301423
7301431
7301473
7301477
7301479
7301507
7301513
7301519
7301537
7301561
7301563
7301587
7301597
7301621
7301633
7301641
7301677
7301699
7301717
7301729
7301737
7301743
7301753
7301783
7301803
7301807
7301821
7301831
7301849
7301851
7301893
7301897
7301923
7301927
7301929
7301933
7301951
7301981
7301989
7301999
7302013
7302037
7302047
7302079
7302101
7302103
7302107
7302149
7302151
7302179
7302187
7302241
7302259
7302271
7302301
7302307
7302311
7302313
7302319
7302331
7302349
7302377
7302443
7302457
7302467
7302473
7302487
7302509
7302553
7302583
7302587
7302599
7302601
7302613
7302619
7302629
7302641
7302667
7302677
7302683
7302709
7302731
7302739
7302749
7302761
7302767
7302773
7302781
7302787
7302791
7302793
7302829
7302833
7302871
7302901
7302917
7302929
7302931
7302941
7302943
7303003
7303031
7303061
7303063
7303069
7303091
7303111
7303117
7303129
7303133
7303141
7303147
7303151
7303159
7303181
7303211
7303243
7303279
7303291
7303297
7303301
7303339
7303349
7303357
7303369
7303403
7303423
7303441
7303451
7303463
7303481
7303493
7303511
7303519
7303547
7303561
7303567
7303573
7303633
7303651
7303663
7303687
7303691
7303711
7303717
7303729
7303739
7303757
7303783
7303789
7303819
7303823
7303843
7303861
7303889
7303909
7303913
7303921
7303939
7303943
7303951
7303973
7303979
7303991
7303993
7304009
7304051
7304053
7304057
7304081
7304107
7304117
7304123
7304131
7304137
7304149
7304159
7304173
7304183
7304257
7304279
7304287
7304291
7304309
7304327
7304329
7304333
7304357
7304359
7304383
7304387
7304389
7304393
7304399
7304431
7304443
7304447
7304449
7304483
7304527
7304537
7304587
7304597
7304603
7304621
7304653
7304669
7304681
7304699
7304701
7304707
7304719
7304729
7304749
7304753
7304789
7304821
7304837
7304851
7304879
7304887
7304903
7304909
7304939
7304963
7304971
7304981
7304989
7304993
7305041
7305047
7305049
7305061
7305073
7305097
7305161
7305217
7305239
7305241
7305269
7305293
7305301
7305307
7305323
7305343
7305371
7305373
7305377
7305379
7305383
7305407
7305409
7305413
7305437
7305449
7305457
7305469
7305499
7305509
7305511
7305517
7305521
7305523
7305547
7305569
7305581
7305583
7305587
7305601
7305607
7305611
7305637
7305643
7305647
7305653
7305659
7305673
7305691
7305707
7305731
7305751
7305757
7305763
7305791
7305797
7305817
7305827
7305839
7305871
7305901
7305923
7305959
7305989
7306007
7306021
7306027
7306063
7306069
7306081
7306093
7306097
7306121
7306129
7306151
7306177
There are 2053 prime numbers in S450.
