S451(7306201~7338672)
7306207
7306213
7306217
7306223
7306237
7306267
7306301
7306303
7306319
7306337
7306339
7306363
7306367
7306373
7306381
7306423
7306471
7306489
7306499
7306531
7306543
7306553
7306567
7306589
7306609
7306613
7306661
7306679
7306687
7306699
7306711
7306729
7306771
7306781
7306799
7306807
7306829
7306837
7306841
7306853
7306877
7306883
7306891
7306909
7306931
7306933
7306961
7306967
7306987
7306993
7307009
7307011
7307017
7307051
7307063
7307089
7307099
7307147
7307189
7307203
7307207
7307213
7307219
7307239
7307273
7307299
7307303
7307309
7307323
7307329
7307359
7307383
7307387
7307393
7307401
7307411
7307429
7307441
7307459
7307477
7307483
7307497
7307527
7307543
7307551
7307557
7307561
7307581
7307593
7307621
7307627
7307633
7307659
7307669
7307683
7307719
7307731
7307743
7307749
7307771
7307777
7307803
7307819
7307821
7307827
7307831
7307849
7307857
7307863
7307869
7307873
7307897
7307929
7307939
7307941
7307969
7307987
7308001
7308013
7308019
7308031
7308047
7308073
7308121
7308137
7308173
7308221
7308239
7308241
7308247
7308251
7308253
7308263
7308269
7308289
7308307
7308311
7308313
7308337
7308347
7308361
7308401
7308403
7308437
7308439
7308451
7308463
7308473
7308491
7308523
7308569
7308577
7308583
7308601
7308611
7308629
7308643
7308649
7308671
7308683
7308689
7308703
7308709
7308713
7308739
7308751
7308767
7308773
7308781
7308803
7308809
7308817
7308893
7308907
7308913
7308919
7308941
7308949
7308967
7308971
7308989
7308991
7309013
7309019
7309021
7309039
7309051
7309079
7309117
7309121
7309123
7309139
7309151
7309153
7309157
7309163
7309171
7309187
7309207
7309217
7309219
7309223
7309249
7309261
7309279
7309297
7309301
7309307
7309321
7309343
7309369
7309373
7309391
7309403
7309427
7309529
7309567
7309579
7309619
7309637
7309639
7309651
7309697
7309723
7309741
7309747
7309751
7309787
7309801
7309811
7309817
7309843
7309859
7309877
7309879
7309891
7309903
7309921
7309933
7309987
7310011
7310027
7310029
7310033
7310063
7310071
7310087
7310123
7310137
7310161
7310167
7310189
7310197
7310213
7310227
7310257
7310263
7310299
7310311
7310351
7310353
7310399
7310411
7310417
7310419
7310431
7310441
7310447
7310467
7310483
7310489
7310491
7310507
7310509
7310543
7310551
7310579
7310593
7310603
7310621
7310627
7310651
7310671
7310701
7310707
7310747
7310753
7310773
7310783
7310819
7310827
7310843
7310851
7310857
7310869
7310893
7310899
7310917
7310921
7310959
7310981
7310993
7311011
7311041
7311047
7311091
7311113
7311119
7311121
7311127
7311149
7311197
7311209
7311211
7311223
7311253
7311259
7311287
7311313
7311323
7311329
7311341
7311347
7311349
7311373
7311383
7311413
7311431
7311449
7311463
7311467
7311497
7311583
7311587
7311593
7311659
7311673
7311679
7311701
7311709
7311737
7311779
7311797
7311803
7311809
7311823
7311833
7311839
7311859
7311883
7311893
7311937
7311943
7311949
7311959
7311991
7312007
7312013
7312037
7312061
7312069
7312079
7312087
7312099
7312103
7312127
7312133
7312139
7312141
7312153
7312157
7312171
7312177
7312231
7312237
7312243
7312267
7312271
7312297
7312301
7312339
7312381
7312387
7312399
7312411
7312427
7312439
7312441
7312453
7312469
7312489
7312493
7312517
7312531
7312541
7312561
7312583
7312631
7312633
7312639
7312681
7312693
7312699
7312751
7312757
7312759
7312819
7312831
7312841
7312859
7312861
7312867
7312909
7312913
7312933
7312957
7312961
7312969
7312979
7312997
7313063
7313083
7313113
7313123
7313143
7313167
7313183
7313203
7313221
7313239
7313261
7313291
7313297
7313323
7313381
7313389
7313393
7313401
7313407
7313419
7313429
7313441
7313443
7313447
7313459
7313503
7313513
7313543
7313561
7313567
7313611
7313617
7313633
7313641
7313659
7313671
7313693
7313707
7313729
7313749
7313759
7313773
7313777
7313809
7313819
7313833
7313837
7313849
7313857
7313863
7313869
7313881
7313903
7313951
7313953
7313981
7313983
7314037
7314067
7314071
7314077
7314079
7314101
7314127
7314137
7314143
7314163
7314173
7314193
7314211
7314217
7314239
7314269
7314313
7314317
7314331
7314337
7314353
7314361
7314397
7314401
7314421
7314431
7314443
7314499
7314509
7314511
7314533
7314547
7314557
7314577
7314589
7314599
7314611
7314617
7314631
7314649
7314653
7314661
7314679
7314683
7314719
7314731
7314733
7314779
7314781
7314793
7314803
7314823
7314833
7314869
7314871
7314877
7314883
7314887
7314907
7314911
7314919
7314941
7314949
7314953
7314961
7314971
7314973
7315001
7315003
7315013
7315027
7315067
7315093
7315141
7315169
7315207
7315213
7315223
7315229
7315249
7315271
7315309
7315313
7315333
7315339
7315367
7315379
7315391
7315397
7315417
7315421
7315447
7315459
7315463
7315471
7315487
7315489
7315499
7315543
7315571
7315579
7315601
7315619
7315621
7315631
7315657
7315667
7315673
7315687
7315727
7315739
7315747
7315757
7315793
7315807
7315811
7315813
7315829
7315843
7315849
7315853
7315877
7315883
7315901
7315921
7315939
7315949
7315951
7315963
7315981
7315991
7316009
7316017
7316021
7316027
7316039
7316041
7316077
7316107
7316119
7316129
7316131
7316143
7316167
7316191
7316203
7316213
7316227
7316233
7316249
7316251
7316263
7316291
7316293
7316297
7316299
7316317
7316329
7316359
7316371
7316389
7316429
7316431
7316447
7316453
7316459
7316471
7316473
7316483
7316509
7316513
7316521
7316549
7316557
7316567
7316587
7316591
7316593
7316611
7316627
7316641
7316657
7316663
7316693
7316707
7316711
7316719
7316723
7316741
7316747
7316761
7316791
7316797
7316801
7316831
7316833
7316849
7316857
7316867
7316873
7316887
7316893
7316909
7316917
7316927
7316929
7316941
7316951
7316971
7316977
7317029
7317041
7317043
7317053
7317067
7317073
7317091
7317097
7317103
7317113
7317119
7317131
7317139
7317143
7317161
7317169
7317173
7317179
7317187
7317203
7317253
7317283
7317329
7317347
7317371
7317391
7317397
7317407
7317433
7317437
7317487
7317493
7317503
7317511
7317517
7317523
7317547
7317553
7317577
7317587
7317617
7317619
7317631
7317637
7317647
7317659
7317671
7317689
7317719
7317731
7317781
7317787
7317797
7317809
7317833
7317839
7317851
7317859
7317881
7317911
7317929
7317943
7317977
7318009
7318013
7318019
7318033
7318037
7318039
7318061
7318067
7318093
7318099
7318159
7318189
7318247
7318271
7318273
7318303
7318307
7318309
7318319
7318321
7318327
7318349
7318351
7318361
7318379
7318397
7318429
7318453
7318457
7318499
7318513
7318523
7318529
7318543
7318601
7318613
7318627
7318631
7318681
7318723
7318733
7318739
7318757
7318769
7318777
7318813
7318849
7318867
7318889
7318903
7318919
7318921
7318931
7318943
7318967
7318973
7318979
7319003
7319017
7319041
7319057
7319063
7319071
7319087
7319089
7319099
7319119
7319173
7319201
7319203
7319219
7319227
7319233
7319239
7319243
7319251
7319287
7319309
7319321
7319371
7319381
7319383
7319387
7319393
7319437
7319467
7319479
7319483
7319509
7319531
7319551
7319561
7319569
7319581
7319597
7319621
7319623
7319633
7319657
7319659
7319699
7319713
7319723
7319737
7319743
7319779
7319789
7319791
7319849
7319857
7319863
7319867
7319869
7319881
7319891
7319909
7319941
7319947
7319971
7319987
7320011
7320023
7320031
7320037
7320041
7320067
7320077
7320083
7320091
7320101
7320119
7320121
7320127
7320133
7320169
7320197
7320199
7320211
7320239
7320241
7320259
7320311
7320317
7320337
7320343
7320347
7320359
7320403
7320409
7320419
7320437
7320451
7320461
7320473
7320497
7320503
7320527
7320541
7320553
7320589
7320617
7320623
7320637
7320653
7320667
7320679
7320697
7320701
7320721
7320737
7320749
7320763
7320773
7320787
7320799
7320811
7320821
7320823
7320827
7320853
7320883
7320941
7320949
7320959
7320961
7320979
7320983
7320997
7321003
7321007
7321031
7321043
7321063
7321073
7321081
7321091
7321103
7321109
7321117
7321121
7321123
7321129
7321147
7321151
7321163
7321183
7321189
7321201
7321207
7321217
7321219
7321231
7321241
7321267
7321277
7321319
7321357
7321361
7321393
7321399
7321439
7321451
7321453
7321469
7321507
7321529
7321541
7321583
7321619
7321621
7321627
7321661
7321663
7321687
7321697
7321703
7321709
7321729
7321753
7321757
7321789
7321813
7321829
7321837
7321861
7321877
7321913
7321927
7321943
7321969
7321987
7322023
7322033
7322069
7322071
7322111
7322113
7322129
7322131
7322137
7322153
7322173
7322179
7322213
7322219
7322221
7322233
7322251
7322261
7322269
7322299
7322309
7322351
7322389
7322401
7322407
7322437
7322489
7322521
7322531
7322537
7322551
7322561
7322569
7322593
7322611
7322617
7322621
7322663
7322669
7322677
7322681
7322683
7322743
7322753
7322779
7322797
7322807
7322813
7322827
7322837
7322839
7322873
7322891
7322893
7322897
7322911
7322921
7322927
7322933
7322963
7322981
7323013
7323053
7323089
7323137
7323143
7323149
7323157
7323163
7323179
7323181
7323203
7323229
7323259
7323289
7323313
7323317
7323319
7323331
7323353
7323359
7323367
7323377
7323391
7323397
7323419
7323439
7323469
7323473
7323479
7323497
7323509
7323523
7323527
7323539
7323557
7323571
7323577
7323581
7323623
7323647
7323661
7323731
7323733
7323737
7323763
7323773
7323779
7323793
7323839
7323851
7323857
7323859
7323881
7323917
7323919
7323931
7323937
7323941
7323947
7323977
7323997
7324007
7324013
7324027
7324033
7324069
7324073
7324081
7324103
7324111
7324133
7324171
7324223
7324237
7324267
7324271
7324307
7324313
7324337
7324349
7324351
7324357
7324379
7324381
7324403
7324411
7324417
7324423
7324439
7324451
7324459
7324469
7324477
7324487
7324517
7324531
7324549
7324561
7324571
7324579
7324589
7324591
7324607
7324613
7324619
7324651
7324661
7324703
7324717
7324721
7324727
7324753
7324763
7324769
7324771
7324777
7324783
7324799
7324817
7324831
7324843
7324847
7324871
7324873
7324901
7324931
7324939
7324949
7324951
7324957
7324963
7324969
7325029
7325053
7325069
7325099
7325119
7325137
7325159
7325191
7325209
7325231
7325239
7325243
7325267
7325273
7325281
7325321
7325333
7325341
7325363
7325399
7325407
7325411
7325413
7325443
7325447
7325449
7325459
7325471
7325473
7325491
7325503
7325509
7325531
7325533
7325543
7325557
7325587
7325627
7325629
7325653
7325671
7325683
7325693
7325723
7325729
7325761
7325767
7325779
7325797
7325803
7325807
7325837
7325881
7325897
7325909
7325947
7325957
7325959
7325977
7325987
7326017
7326019
7326041
7326047
7326071
7326079
7326083
7326101
7326107
7326139
7326157
7326173
7326197
7326203
7326239
7326247
7326257
7326271
7326289
7326301
7326307
7326311
7326317
7326359
7326401
7326409
7326427
7326433
7326461
7326467
7326491
7326497
7326511
7326547
7326559
7326593
7326607
7326617
7326619
7326661
7326691
7326713
7326721
7326731
7326733
7326743
7326749
7326827
7326833
7326841
7326853
7326883
7326887
7326889
7326901
7326911
7326923
7326931
7326967
7326997
7327009
7327031
7327037
7327043
7327057
7327093
7327109
7327121
7327127
7327139
7327181
7327183
7327211
7327219
7327237
7327241
7327249
7327261
7327279
7327297
7327319
7327337
7327361
7327367
7327393
7327399
7327403
7327417
7327427
7327447
7327451
7327469
7327511
7327513
7327543
7327571
7327583
7327601
7327603
7327613
7327627
7327657
7327679
7327693
7327699
7327703
7327709
7327721
7327751
7327763
7327769
7327781
7327843
7327847
7327861
7327871
7327877
7327897
7327909
7327921
7327933
7327949
7327963
7327967
7327973
7328011
7328021
7328023
7328029
7328033
7328051
7328077
7328117
7328131
7328149
7328161
7328177
7328197
7328201
7328231
7328239
7328249
7328263
7328273
7328303
7328333
7328351
7328353
7328359
7328383
7328401
7328413
7328423
7328429
7328437
7328441
7328443
7328473
7328491
7328501
7328521
7328539
7328551
7328591
7328609
7328621
7328647
7328669
7328693
7328719
7328747
7328749
7328753
7328771
7328773
7328777
7328779
7328801
7328807
7328821
7328831
7328837
7328843
7328879
7328891
7328899
7328903
7328939
7328941
7328953
7328957
7329013
7329031
7329059
7329073
7329097
7329103
7329107
7329109
7329121
7329131
7329139
7329151
7329163
7329167
7329169
7329173
7329181
7329187
7329209
7329229
7329241
7329247
7329251
7329263
7329271
7329277
7329313
7329353
7329359
7329403
7329407
7329409
7329461
7329473
7329503
7329559
7329587
7329593
7329613
7329653
7329659
7329661
7329677
7329713
7329719
7329731
7329743
7329761
7329769
7329781
7329793
7329809
7329841
7329851
7329853
7329899
7329937
7329961
7329967
7329977
7329989
7330013
7330019
7330027
7330039
7330049
7330051
7330097
7330117
7330121
7330153
7330157
7330163
7330171
7330177
7330207
7330223
7330241
7330259
7330289
7330303
7330363
7330373
7330391
7330439
7330457
7330471
7330481
7330493
7330501
7330517
7330541
7330559
7330571
7330579
7330607
7330619
7330627
7330633
7330667
7330669
7330693
7330703
7330711
7330717
7330747
7330753
7330781
7330783
7330831
7330837
7330889
7330901
7330909
7330913
7330931
7330933
7330943
7330993
7331011
7331021
7331033
7331039
7331047
7331053
7331059
7331083
7331111
7331147
7331167
7331173
7331179
7331183
7331189
7331213
7331237
7331249
7331293
7331299
7331309
7331323
7331339
7331347
7331353
7331377
7331381
7331383
7331393
7331413
7331431
7331447
7331453
7331477
7331479
7331501
7331509
7331537
7331557
7331561
7331563
7331581
7331591
7331627
7331633
7331647
7331657
7331683
7331689
7331711
7331719
7331761
7331771
7331789
7331813
7331839
7331881
7331897
7331899
7331921
7331923
7331969
7331999
7332001
7332023
7332029
7332037
7332077
7332079
7332113
7332121
7332131
7332161
7332181
7332187
7332191
7332203
7332209
7332257
7332289
7332301
7332313
7332319
7332341
7332349
7332361
7332373
7332379
7332407
7332419
7332421
7332427
7332433
7332487
7332503
7332509
7332511
7332541
7332551
7332569
7332581
7332583
7332601
7332629
7332641
7332659
7332691
7332707
7332713
7332733
7332751
7332779
7332811
7332821
7332847
7332863
7332877
7332887
7332901
7332943
7332947
7332953
7332959
7332971
7332991
7333003
7333033
7333037
7333043
7333049
7333057
7333061
7333099
7333129
7333147
7333153
7333189
7333211
7333231
7333243
7333247
7333253
7333279
7333303
7333321
7333327
7333331
7333357
7333367
7333369
7333387
7333393
7333397
7333423
7333427
7333429
7333441
7333463
7333483
7333489
7333493
7333499
7333541
7333561
7333567
7333591
7333597
7333609
7333621
7333633
7333657
7333687
7333709
7333717
7333741
7333751
7333771
7333789
7333831
7333853
7333883
7333891
7333901
7333933
7333961
7333979
7333999
7334023
7334027
7334051
7334059
7334069
7334077
7334081
7334099
7334111
7334137
7334147
7334161
7334179
7334189
7334207
7334219
7334269
7334273
7334287
7334291
7334333
7334347
7334357
7334359
7334363
7334387
7334389
7334407
7334413
7334417
7334441
7334443
7334489
7334521
7334533
7334549
7334567
7334581
7334609
7334611
7334623
7334647
7334653
7334659
7334687
7334689
7334699
7334711
7334713
7334731
7334749
7334753
7334759
7334771
7334783
7334809
7334813
7334827
7334839
7334851
7334857
7334863
7334869
7334881
7334903
7334989
7335019
7335047
7335059
7335061
7335079
7335089
7335101
7335103
7335161
7335179
7335193
7335217
7335221
7335239
7335247
7335257
7335277
7335281
7335283
7335299
7335301
7335319
7335331
7335343
7335353
7335379
7335389
7335403
7335407
7335409
7335421
7335439
7335467
7335481
7335487
7335533
7335541
7335547
7335553
7335563
7335569
7335589
7335593
7335611
7335613
7335617
7335641
7335659
7335661
7335667
7335673
7335683
7335701
7335707
7335709
7335733
7335743
7335751
7335787
7335793
7335803
7335833
7335851
7335863
7335907
7335917
7335931
7335941
7335943
7335947
7335949
7335961
7335967
7335971
7335973
7335983
7335997
7336037
7336039
7336079
7336081
7336093
7336097
7336099
7336127
7336169
7336267
7336279
7336289
7336297
7336309
7336327
7336349
7336369
7336387
7336403
7336421
7336423
7336447
7336457
7336481
7336513
7336529
7336561
7336577
7336601
7336607
7336613
7336627
7336633
7336657
7336661
7336687
7336691
7336699
7336711
7336727
7336729
7336733
7336759
7336781
7336787
7336799
7336807
7336829
7336859
7336873
7336891
7336919
7336921
7336933
7336963
7337003
7337009
7337017
7337039
7337041
7337053
7337089
7337101
7337107
7337153
7337221
7337227
7337269
7337279
7337327
7337333
7337339
7337357
7337381
7337413
7337419
7337459
7337467
7337497
7337503
7337509
7337521
7337567
7337569
7337633
7337641
7337651
7337663
7337677
7337683
7337689
7337699
7337717
7337723
7337749
7337767
7337777
7337789
7337791
7337809
7337831
7337839
7337843
7337861
7337879
7337909
7337929
7337959
7337983
7337987
7338011
7338013
7338031
7338043
7338059
7338061
7338077
7338109
7338119
7338137
7338181
7338211
7338217
7338241
7338263
7338269
7338293
7338299
7338301
7338307
7338343
7338367
7338371
7338377
7338379
7338391
7338431
7338493
7338497
7338511
7338521
7338557
7338607
7338619
7338623
7338629
7338641
There are 2041 prime numbers in S451.
