S453(7371217~7403832)
7371223
7371227
7371257
7371269
7371277
7371311
7371341
7371389
7371391
7371409
7371437
7371443
7371451
7371457
7371491
7371509
7371571
7371577
7371589
7371593
7371631
7371641
7371643
7371647
7371649
7371653
7371673
7371697
7371731
7371733
7371743
7371751
7371773
7371787
7371797
7371803
7371817
7371821
7371827
7371839
7371869
7371883
7371901
7371913
7371941
7371953
7371967
7371989
7372009
7372037
7372063
7372069
7372093
7372103
7372111
7372117
7372147
7372151
7372159
7372163
7372187
7372217
7372219
7372229
7372241
7372243
7372283
7372301
7372303
7372319
7372357
7372369
7372411
7372429
7372439
7372447
7372481
7372487
7372499
7372523
7372553
7372571
7372591
7372601
7372619
7372633
7372639
7372649
7372667
7372721
7372753
7372837
7372861
7372867
7372919
7372921
7372933
7372943
7372957
7372961
7372987
7372993
7372997
7373011
7373017
7373033
7373039
7373057
7373059
7373063
7373077
7373099
7373123
7373129
7373147
7373161
7373183
7373209
7373213
7373227
7373231
7373237
7373243
7373251
7373269
7373287
7373293
7373299
7373321
7373351
7373357
7373369
7373411
7373447
7373449
7373459
7373479
7373489
7373491
7373503
7373507
7373521
7373537
7373543
7373549
7373573
7373579
7373591
7373599
7373603
7373609
7373617
7373621
7373633
7373651
7373659
7373701
7373711
7373719
7373749
7373771
7373789
7373791
7373797
7373813
7373831
7373851
7373857
7373887
7373893
7373911
7373921
7373923
7373983
7373987
7373999
7374011
7374013
7374019
7374023
7374043
7374067
7374077
7374083
7374127
7374151
7374161
7374163
7374167
7374173
7374179
7374193
7374197
7374247
7374251
7374259
7374271
7374281
7374287
7374293
7374307
7374317
7374331
7374361
7374377
7374391
7374403
7374407
7374427
7374431
7374449
7374461
7374463
7374511
7374539
7374569
7374589
7374599
7374607
7374611
7374643
7374649
7374659
7374667
7374673
7374677
7374691
7374707
7374709
7374727
7374739
7374749
7374751
7374767
7374769
7374779
7374797
7374811
7374853
7374859
7374863
7374883
7374893
7374929
7374943
7374947
7374953
7374967
7374989
7375009
7375013
7375037
7375057
7375073
7375079
7375091
7375183
7375187
7375213
7375217
7375223
7375243
7375253
7375273
7375283
7375339
7375343
7375349
7375393
7375411
7375421
7375429
7375441
7375447
7375471
7375481
7375513
7375517
7375547
7375549
7375559
7375573
7375579
7375583
7375597
7375601
7375609
7375619
7375631
7375633
7375681
7375721
7375729
7375751
7375763
7375769
7375787
7375789
7375793
7375811
7375813
7375817
7375843
7375867
7375871
7375873
7375883
7375981
7375997
7375999
7376021
7376027
7376029
7376041
7376051
7376069
7376071
7376087
7376101
7376107
7376111
7376141
7376143
7376153
7376167
7376189
7376191
7376207
7376219
7376279
7376297
7376311
7376323
7376329
7376339
7376359
7376363
7376371
7376377
7376387
7376407
7376417
7376423
7376441
7376443
7376449
7376489
7376497
7376507
7376513
7376533
7376539
7376561
7376563
7376569
7376573
7376599
7376627
7376651
7376659
7376683
7376689
7376713
7376773
7376797
7376833
7376849
7376851
7376857
7376867
7376879
7376899
7376917
7376923
7376953
7376981
7376983
7377053
7377061
7377077
7377103
7377109
7377119
7377131
7377137
7377143
7377151
7377191
7377203
7377211
7377221
7377233
7377241
7377259
7377277
7377283
7377311
7377317
7377361
7377367
7377373
7377443
7377463
7377481
7377493
7377497
7377521
7377533
7377551
7377569
7377577
7377583
7377589
7377593
7377607
7377611
7377613
7377631
7377647
7377649
7377661
7377673
7377683
7377697
7377701
7377739
7377749
7377751
7377761
7377791
7377793
7377817
7377841
7377857
7377859
7377899
7377943
7377989
7378027
7378039
7378043
7378057
7378067
7378079
7378081
7378087
7378097
7378117
7378121
7378123
7378141
7378157
7378159
7378211
7378219
7378229
7378243
7378271
7378291
7378297
7378307
7378333
7378337
7378339
7378361
7378369
7378373
7378379
7378387
7378421
7378439
7378447
7378453
7378457
7378463
7378513
7378531
7378541
7378543
7378549
7378571
7378597
7378601
7378603
7378627
7378639
7378661
7378687
7378691
7378711
7378739
7378741
7378771
7378781
7378793
7378807
7378829
7378841
7378849
7378853
7378871
7378879
7378909
7378919
7378937
7378951
7378979
7378981
7378993
7378997
7379027
7379063
7379069
7379077
7379083
7379107
7379117
7379123
7379129
7379131
7379167
7379171
7379213
7379237
7379249
7379263
7379287
7379291
7379327
7379347
7379357
7379387
7379399
7379401
7379413
7379419
7379431
7379441
7379453
7379461
7379483
7379501
7379503
7379507
7379569
7379591
7379599
7379629
7379639
7379677
7379681
7379689
7379707
7379731
7379747
7379753
7379759
7379797
7379807
7379839
7379851
7379861
7379873
7379929
7379947
7379951
7380031
7380059
7380067
7380073
7380083
7380089
7380103
7380157
7380161
7380167
7380179
7380187
7380199
7380209
7380223
7380229
7380257
7380271
7380283
7380293
7380301
7380311
7380319
7380361
7380371
7380389
7380403
7380419
7380421
7380463
7380467
7380469
7380473
7380479
7380481
7380491
7380509
7380517
7380523
7380547
7380557
7380589
7380599
7380613
7380619
7380623
7380641
7380643
7380661
7380673
7380679
7380689
7380691
7380701
7380713
7380719
7380731
7380743
7380757
7380767
7380773
7380781
7380799
7380851
7380869
7380887
7380889
7380913
7380917
7380931
7380937
7380977
7380983
7381067
7381097
7381117
7381123
7381141
7381159
7381163
7381169
7381211
7381217
7381259
7381261
7381267
7381277
7381279
7381301
7381343
7381403
7381411
7381433
7381447
7381453
7381483
7381501
7381511
7381531
7381547
7381601
7381607
7381613
7381639
7381651
7381663
7381691
7381711
7381721
7381729
7381733
7381739
7381741
7381753
7381789
7381819
7381831
7381837
7381841
7381849
7381877
7381879
7381889
7381897
7381909
7381931
7381943
7381949
7381963
7381967
7382003
7382017
7382033
7382047
7382077
7382087
7382093
7382099
7382119
7382143
7382171
7382189
7382201
7382209
7382227
7382237
7382321
7382339
7382357
7382363
7382377
7382387
7382399
7382407
7382411
7382413
7382449
7382467
7382477
7382489
7382491
7382521
7382527
7382537
7382549
7382561
7382567
7382579
7382581
7382593
7382597
7382633
7382653
7382657
7382671
7382677
7382689
7382717
7382719
7382737
7382761
7382779
7382783
7382819
7382821
7382833
7382857
7382863
7382873
7382899
7382951
7382957
7382959
7382983
7382987
7382989
7383007
7383011
7383031
7383037
7383041
7383073
7383097
7383109
7383113
7383127
7383137
7383149
7383163
7383179
7383193
7383209
7383217
7383221
7383223
7383227
7383241
7383269
7383281
7383283
7383289
7383317
7383323
7383329
7383347
7383359
7383367
7383373
7383413
7383421
7383433
7383449
7383469
7383473
7383479
7383511
7383521
7383527
7383547
7383557
7383587
7383599
7383631
7383637
7383641
7383671
7383689
7383697
7383709
7383721
7383751
7383767
7383773
7383809
7383811
7383823
7383829
7383833
7383839
7383847
7383853
7383863
7383923
7383973
7383997
7384019
7384021
7384033
7384049
7384061
7384079
7384087
7384093
7384099
7384121
7384129
7384147
7384187
7384189
7384193
7384229
7384243
7384253
7384277
7384297
7384301
7384303
7384343
7384393
7384397
7384411
7384439
7384441
7384451
7384457
7384459
7384463
7384471
7384493
7384501
7384523
7384547
7384549
7384561
7384567
7384577
7384591
7384627
7384651
7384667
7384697
7384709
7384733
7384739
7384747
7384757
7384799
7384801
7384813
7384847
7384877
7384903
7384921
7384933
7384943
7385009
7385011
7385017
7385029
7385039
7385057
7385069
7385083
7385101
7385107
7385117
7385137
7385153
7385159
7385171
7385219
7385233
7385267
7385269
7385291
7385299
7385351
7385359
7385363
7385381
7385407
7385419
7385447
7385449
7385467
7385489
7385503
7385519
7385527
7385557
7385569
7385579
7385591
7385597
7385639
7385641
7385647
7385659
7385663
7385669
7385683
7385687
7385743
7385759
7385761
7385767
7385771
7385801
7385831
7385839
7385849
7385869
7385881
7385897
7385953
7385969
7385999
7386011
7386023
7386031
7386053
7386061
7386073
7386089
7386149
7386157
7386179
7386187
7386209
7386227
7386229
7386241
7386257
7386293
7386311
7386319
7386361
7386367
7386373
7386391
7386413
7386443
7386469
7386481
7386493
7386523
7386529
7386571
7386593
7386607
7386637
7386641
7386667
7386713
7386719
7386739
7386761
7386767
7386779
7386803
7386809
7386811
7386833
7386871
7386893
7386901
7386931
7386937
7386947
7386961
7387019
7387031
7387033
7387043
7387073
7387091
7387103
7387109
7387111
7387139
7387147
7387157
7387169
7387187
7387201
7387217
7387223
7387243
7387253
7387277
7387291
7387349
7387361
7387363
7387411
7387417
7387441
7387453
7387459
7387543
7387553
7387559
7387573
7387613
7387631
7387643
7387651
7387657
7387661
7387691
7387733
7387759
7387799
7387813
7387817
7387871
7387909
7387927
7387943
7387957
7387967
7387969
7387973
7387987
7387993
7388009
7388021
7388027
7388033
7388057
7388089
7388099
7388167
7388191
7388201
7388203
7388209
7388219
7388231
7388237
7388287
7388299
7388309
7388327
7388341
7388351
7388357
7388363
7388369
7388371
7388377
7388429
7388431
7388441
7388443
7388449
7388461
7388467
7388477
7388483
7388519
7388527
7388551
7388573
7388593
7388603
7388617
7388621
7388639
7388653
7388669
7388683
7388699
7388723
7388737
7388741
7388749
7388753
7388779
7388803
7388813
7388831
7388837
7388839
7388851
7388861
7388873
7388893
7388921
7388923
7388933
7388959
7388981
7388993
7389013
7389023
7389029
7389037
7389079
7389091
7389097
7389103
7389127
7389131
7389139
7389149
7389181
7389197
7389209
7389223
7389247
7389257
7389259
7389269
7389281
7389289
7389331
7389353
7389383
7389397
7389401
7389433
7389443
7389451
7389469
7389491
7389493
7389541
7389589
7389607
7389619
7389623
7389637
7389649
7389659
7389661
7389703
7389709
7389721
7389757
7389761
7389769
7389779
7389787
7389791
7389793
7389817
7389839
7389871
7389901
7389913
7389929
7389959
7389961
7389971
7389989
7390007
7390013
7390021
7390027
7390039
7390043
7390051
7390057
7390079
7390081
7390111
7390129
7390151
7390217
7390219
7390231
7390261
7390277
7390283
7390289
7390321
7390349
7390351
7390379
7390381
7390391
7390423
7390451
7390457
7390459
7390469
7390477
7390483
7390499
7390507
7390519
7390531
7390541
7390547
7390553
7390561
7390573
7390633
7390651
7390667
7390673
7390693
7390723
7390729
7390759
7390763
7390771
7390777
7390813
7390819
7390907
7390913
7390921
7390931
7390951
7390961
7390967
7390973
7390979
7390987
7391011
7391017
7391053
7391071
7391077
7391081
7391093
7391099
7391101
7391117
7391123
7391129
7391147
7391149
7391159
7391179
7391261
7391269
7391291
7391333
7391339
7391353
7391381
7391387
7391393
7391401
7391407
7391429
7391473
7391519
7391543
7391567
7391581
7391599
7391621
7391623
7391653
7391663
7391689
7391693
7391701
7391759
7391773
7391777
7391789
7391803
7391807
7391819
7391827
7391837
7391863
7391873
7391899
7391911
7391927
7391929
7391939
7391941
7391953
7391983
7391999
7392017
7392029
7392101
7392103
7392137
7392139
7392149
7392157
7392179
7392181
7392191
7392211
7392239
7392241
7392247
7392257
7392293
7392313
7392317
7392323
7392367
7392373
7392377
7392403
7392409
7392443
7392457
7392503
7392527
7392533
7392547
7392551
7392559
7392611
7392617
7392629
7392631
7392647
7392701
7392719
7392761
7392779
7392793
7392823
7392839
7392851
7392871
7392907
7392937
7392949
7392953
7392967
7392991
7393003
7393013
7393019
7393027
7393039
7393063
7393069
7393091
7393093
7393103
7393117
7393121
7393123
7393171
7393187
7393201
7393207
7393219
7393259
7393273
7393279
7393297
7393313
7393333
7393343
7393357
7393363
7393369
7393411
7393417
7393433
7393459
7393471
7393483
7393499
7393537
7393543
7393567
7393577
7393609
7393613
7393621
7393643
7393663
7393667
7393681
7393697
7393733
7393739
7393751
7393777
7393781
7393783
7393819
7393849
7393873
7393877
7393891
7393901
7393913
7393921
7393931
7393933
7393957
7394029
7394041
7394047
7394081
7394111
7394119
7394129
7394131
7394137
7394141
7394143
7394171
7394203
7394239
7394279
7394281
7394297
7394347
7394351
7394353
7394357
7394377
7394417
7394419
7394459
7394467
7394483
7394489
7394503
7394509
7394521
7394531
7394533
7394549
7394551
7394599
7394627
7394687
7394693
7394701
7394713
7394729
7394731
7394741
7394759
7394767
7394773
7394809
7394831
7394837
7394867
7394869
7394873
7394879
7394897
7394909
7394911
7394941
7394963
7394977
7394987
7395007
7395013
7395023
7395043
7395049
7395061
7395067
7395071
7395127
7395139
7395163
7395169
7395197
7395209
7395229
7395233
7395239
7395253
7395257
7395263
7395287
7395299
7395307
7395341
7395359
7395373
7395379
7395413
7395419
7395463
7395467
7395469
7395491
7395547
7395559
7395569
7395587
7395589
7395593
7395601
7395607
7395637
7395649
7395677
7395683
7395691
7395749
7395757
7395767
7395781
7395793
7395797
7395803
7395809
7395821
7395847
7395851
7395859
7395917
7395919
7395931
7395943
7395961
7396001
7396007
7396009
7396019
7396021
7396027
7396033
7396091
7396127
7396171
7396223
7396229
7396237
7396243
7396253
7396267
7396273
7396289
7396297
7396303
7396307
7396369
7396373
7396381
7396397
7396399
7396423
7396439
7396447
7396463
7396469
7396481
7396483
7396511
7396517
7396553
7396577
7396591
7396601
7396619
7396621
7396657
7396661
7396663
7396667
7396673
7396679
7396699
7396721
7396723
7396729
7396747
7396783
7396793
7396801
7396841
7396843
7396847
7396859
7396897
7396901
7396913
7396919
7396951
7396967
7396969
7396973
7396981
7397009
7397063
7397069
7397083
7397087
7397101
7397107
7397113
7397119
7397141
7397147
7397171
7397183
7397219
7397267
7397279
7397293
7397303
7397321
7397347
7397353
7397381
7397389
7397393
7397399
7397443
7397461
7397473
7397483
7397491
7397501
7397527
7397539
7397549
7397557
7397609
7397617
7397629
7397633
7397647
7397699
7397711
7397713
7397729
7397749
7397773
7397777
7397801
7397851
7397857
7397861
7397867
7397869
7397879
7397909
7397911
7397921
7397953
7397981
7397993
7398007
7398023
7398037
7398047
7398067
7398089
7398091
7398109
7398121
7398133
7398191
7398197
7398199
7398211
7398227
7398229
7398241
7398253
7398329
7398343
7398359
7398361
7398389
7398397
7398403
7398421
7398427
7398431
7398439
7398473
7398493
7398529
7398539
7398563
7398569
7398577
7398583
7398613
7398647
7398653
7398661
7398667
7398701
7398731
7398763
7398793
7398803
7398817
7398823
7398827
7398829
7398883
7398887
7398899
7398913
7398929
7398931
7398949
7398953
7398971
7399003
7399009
7399027
7399033
7399039
7399043
7399057
7399079
7399103
7399153
7399181
7399237
7399241
7399243
7399283
7399289
7399291
7399309
7399313
7399319
7399331
7399339
7399373
7399391
7399409
7399411
7399433
7399439
7399459
7399463
7399477
7399529
7399577
7399591
7399597
7399619
7399627
7399631
7399643
7399649
7399661
7399663
7399687
7399697
7399703
7399723
7399751
7399753
7399771
7399783
7399789
7399817
7399831
7399837
7399841
7399853
7399867
7399871
7399883
7399897
7399907
7399933
7399961
7399993
7400011
7400021
7400023
7400051
7400069
7400077
7400123
7400137
7400147
7400153
7400189
7400203
7400207
7400209
7400243
7400251
7400269
7400279
7400293
7400297
7400299
7400303
7400317
7400347
7400369
7400381
7400399
7400453
7400461
7400467
7400473
7400489
7400501
7400507
7400527
7400531
7400551
7400567
7400579
7400587
7400621
7400647
7400651
7400663
7400683
7400711
7400717
7400719
7400737
7400741
7400803
7400807
7400821
7400837
7400839
7400863
7400873
7400879
7400891
7400893
7400903
7400923
7400927
7400989
7400993
7401041
7401047
7401049
7401071
7401077
7401091
7401109
7401131
7401133
7401139
7401143
7401167
7401181
7401187
7401211
7401227
7401263
7401283
7401287
7401311
7401319
7401323
7401337
7401347
7401349
7401353
7401367
7401379
7401403
7401413
7401479
7401497
7401521
7401533
7401539
7401553
7401571
7401577
7401599
7401617
7401619
7401623
7401629
7401637
7401649
7401677
7401703
7401707
7401721
7401731
7401767
7401769
7401781
7401787
7401799
7401803
7401809
7401827
7401841
7401871
7401899
7401907
7401917
7401937
7401943
7401949
7401971
7402007
7402009
7402037
7402049
7402051
7402061
7402097
7402103
7402147
7402169
7402201
7402207
7402217
7402223
7402231
7402237
7402253
7402303
7402309
7402313
7402349
7402363
7402399
7402403
7402433
7402441
7402471
7402489
7402501
7402519
7402523
7402541
7402559
7402561
7402613
7402631
7402649
7402693
7402709
7402721
7402739
7402741
7402771
7402781
7402783
7402841
7402867
7402873
7402877
7402891
7402921
7402933
7402937
7402949
7402961
7402963
7402979
7402981
7403023
7403029
7403047
7403051
7403089
7403101
7403113
7403117
7403119
7403129
7403131
7403153
7403167
7403183
7403191
7403197
7403213
7403233
7403239
7403243
7403251
7403257
7403269
7403273
7403281
7403317
7403321
7403339
7403359
7403371
7403419
7403423
7403453
7403471
7403479
7403527
7403531
7403533
7403549
7403569
7403573
7403593
7403629
7403633
7403639
7403707
7403717
7403771
7403791
7403797
7403807
7403813
7403819
7403827
There are 2055 prime numbers in S453.
