S455(7436521~7469280)
7436587
7436591
7436609
7436629
7436647
7436707
7436713
7436719
7436777
7436783
7436833
7436839
7436861
7436881
7436887
7436899
7436921
7436941
7436971
7436983
7436987
7437029
7437047
7437061
7437071
7437077
7437083
7437091
7437103
7437121
7437149
7437161
7437163
7437191
7437217
7437293
7437299
7437301
7437329
7437361
7437371
7437373
7437383
7437389
7437401
7437413
7437431
7437457
7437461
7437491
7437497
7437499
7437503
7437511
7437553
7437557
7437587
7437589
7437611
7437623
7437631
7437637
7437673
7437697
7437701
7437707
7437709
7437739
7437743
7437757
7437761
7437779
7437803
7437821
7437887
7437917
7437971
7437973
7438001
7438033
7438037
7438091
7438099
7438117
7438127
7438153
7438169
7438213
7438217
7438219
7438241
7438247
7438271
7438289
7438309
7438331
7438337
7438339
7438349
7438363
7438373
7438381
7438399
7438423
7438427
7438433
7438439
7438447
7438463
7438477
7438489
7438493
7438511
7438513
7438547
7438567
7438597
7438619
7438621
7438631
7438663
7438687
7438693
7438721
7438727
7438759
7438777
7438787
7438789
7438793
7438801
7438807
7438829
7438841
7438891
7438901
7438909
7438927
7438931
7438939
7438967
7438973
7438987
7438997
7439023
7439053
7439059
7439083
7439087
7439093
7439099
7439111
7439147
7439153
7439161
7439177
7439191
7439197
7439209
7439213
7439219
7439231
7439233
7439249
7439273
7439297
7439323
7439339
7439347
7439371
7439401
7439407
7439417
7439423
7439449
7439459
7439477
7439501
7439527
7439543
7439561
7439567
7439569
7439623
7439639
7439647
7439651
7439669
7439671
7439681
7439687
7439699
7439717
7439749
7439767
7439791
7439801
7439813
7439827
7439843
7439851
7439857
7439867
7439909
7439917
7439933
7439951
7439953
7439977
7440011
7440047
7440049
7440061
7440089
7440091
7440107
7440113
7440127
7440151
7440163
7440187
7440221
7440227
7440263
7440289
7440317
7440319
7440347
7440383
7440397
7440409
7440413
7440421
7440427
7440437
7440467
7440469
7440481
7440491
7440529
7440539
7440547
7440583
7440593
7440619
7440637
7440649
7440659
7440689
7440691
7440703
7440709
7440731
7440739
7440749
7440757
7440767
7440779
7440821
7440857
7440859
7440863
7440869
7440893
7440943
7440947
7440997
7441003
7441009
7441037
7441039
7441061
7441067
7441073
7441097
7441099
7441111
7441123
7441127
7441151
7441153
7441157
7441177
7441183
7441219
7441229
7441237
7441243
7441261
7441283
7441289
7441319
7441339
7441349
7441363
7441367
7441381
7441387
7441391
7441409
7441411
7441417
7441471
7441513
7441523
7441561
7441583
7441591
7441601
7441607
7441619
7441633
7441639
7441657
7441663
7441667
7441669
7441691
7441739
7441747
7441751
7441769
7441771
7441793
7441823
7441831
7441849
7441867
7441871
7441877
7441883
7441897
7441909
7441927
7441961
7441963
7441969
7441981
7441997
7441999
7442023
7442047
7442081
7442093
7442117
7442119
7442137
7442147
7442153
7442161
7442189
7442203
7442213
7442231
7442233
7442249
7442333
7442339
7442341
7442371
7442377
7442381
7442399
7442431
7442453
7442459
7442467
7442489
7442507
7442521
7442551
7442557
7442563
7442621
7442627
7442653
7442657
7442663
7442681
7442749
7442767
7442783
7442797
7442801
7442833
7442849
7442863
7442867
7442881
7442887
7442893
7442917
7442933
7442947
7442951
7442959
7442969
7442983
7442987
7442989
7443011
7443013
7443043
7443047
7443067
7443077
7443083
7443091
7443109
7443113
7443119
7443133
7443157
7443167
7443173
7443199
7443203
7443209
7443211
7443221
7443223
7443239
7443259
7443277
7443287
7443313
7443323
7443349
7443367
7443377
7443389
7443407
7443413
7443419
7443451
7443463
7443473
7443481
7443487
7443493
7443539
7443563
7443571
7443577
7443587
7443607
7443613
7443629
7443643
7443679
7443727
7443757
7443803
7443809
7443811
7443823
7443833
7443889
7443899
7443911
7443941
7443949
7443959
7443979
7444027
7444033
7444043
7444069
7444081
7444093
7444109
7444153
7444159
7444163
7444183
7444193
7444201
7444223
7444231
7444237
7444243
7444253
7444267
7444273
7444277
7444301
7444313
7444319
7444331
7444343
7444357
7444361
7444369
7444397
7444399
7444403
7444427
7444429
7444439
7444441
7444457
7444477
7444483
7444499
7444529
7444559
7444579
7444597
7444601
7444621
7444627
7444631
7444639
7444643
7444649
7444651
7444669
7444673
7444687
7444721
7444727
7444729
7444757
7444771
7444781
7444799
7444813
7444823
7444841
7444859
7444873
7444883
7444889
7444897
7444907
7444937
7444949
7444951
7444961
7444981
7444993
7445003
7445023
7445047
7445159
7445161
7445173
7445189
7445203
7445219
7445237
7445279
7445287
7445293
7445299
7445309
7445311
7445323
7445327
7445369
7445377
7445393
7445437
7445441
7445443
7445461
7445467
7445479
7445519
7445521
7445527
7445531
7445551
7445569
7445593
7445597
7445639
7445653
7445687
7445689
7445707
7445719
7445729
7445731
7445749
7445759
7445761
7445771
7445773
7445803
7445831
7445839
7445857
7445869
7445873
7445897
7445939
7445941
7445959
7445989
7445993
7446001
7446053
7446067
7446071
7446079
7446083
7446097
7446121
7446149
7446151
7446167
7446191
7446211
7446223
7446239
7446247
7446253
7446259
7446269
7446277
7446317
7446337
7446343
7446349
7446367
7446377
7446407
7446419
7446421
7446437
7446443
7446463
7446469
7446487
7446557
7446589
7446601
7446617
7446623
7446631
7446643
7446679
7446709
7446739
7446743
7446763
7446773
7446793
7446839
7446853
7446863
7446889
7446893
7446911
7446931
7446947
7446961
7446979
7447007
7447019
7447021
7447043
7447049
7447051
7447057
7447061
7447067
7447073
7447079
7447081
7447087
7447091
7447109
7447123
7447133
7447151
7447163
7447201
7447211
7447217
7447243
7447247
7447267
7447277
7447289
7447303
7447313
7447333
7447357
7447361
7447399
7447417
7447439
7447459
7447483
7447493
7447499
7447501
7447523
7447529
7447537
7447541
7447549
7447589
7447597
7447631
7447637
7447651
7447669
7447681
7447697
7447703
7447721
7447763
7447771
7447777
7447789
7447799
7447801
7447813
7447877
7447879
7447889
7447903
7447919
7447933
7447939
7447961
7447963
7447991
7447997
7448003
7448017
7448027
7448047
7448053
7448059
7448069
7448071
7448081
7448083
7448087
7448093
7448107
7448131
7448141
7448149
7448167
7448179
7448269
7448291
7448293
7448303
7448317
7448333
7448351
7448387
7448407
7448453
7448471
7448473
7448477
7448479
7448489
7448491
7448501
7448509
7448521
7448537
7448543
7448557
7448561
7448569
7448579
7448599
7448603
7448629
7448633
7448641
7448647
7448657
7448663
7448687
7448689
7448699
7448713
7448717
7448719
7448723
7448743
7448797
7448813
7448821
7448863
7448867
7448887
7448923
7448953
7448971
7449011
7449017
7449023
7449037
7449047
7449059
7449067
7449103
7449133
7449151
7449181
7449187
7449193
7449199
7449209
7449223
7449227
7449229
7449241
7449271
7449287
7449289
7449301
7449307
7449313
7449319
7449329
7449341
7449353
7449367
7449373
7449397
7449461
7449473
7449487
7449509
7449511
7449523
7449581
7449613
7449619
7449623
7449643
7449667
7449679
7449683
7449721
7449731
7449737
7449749
7449773
7449787
7449809
7449811
7449821
7449833
7449847
7449853
7449857
7449863
7449877
7449941
7449971
7449973
7449979
7450007
7450021
7450031
7450039
7450043
7450067
7450073
7450099
7450117
7450123
7450127
7450139
7450169
7450171
7450181
7450193
7450211
7450213
7450231
7450249
7450277
7450291
7450297
7450349
7450351
7450409
7450427
7450463
7450501
7450507
7450511
7450519
7450523
7450537
7450543
7450549
7450559
7450577
7450589
7450609
7450637
7450673
7450693
7450699
7450721
7450747
7450763
7450787
7450789
7450823
7450829
7450837
7450843
7450853
7450867
7450897
7450901
7450909
7450921
7450931
7450969
7450987
7451009
7451033
7451071
7451161
7451167
7451177
7451179
7451189
7451203
7451209
7451221
7451261
7451263
7451267
7451273
7451281
7451309
7451317
7451351
7451369
7451387
7451399
7451413
7451417
7451419
7451441
7451449
7451461
7451473
7451489
7451551
7451557
7451581
7451597
7451603
7451617
7451623
7451669
7451671
7451677
7451681
7451683
7451693
7451711
7451713
7451723
7451777
7451789
7451809
7451813
7451849
7451861
7451867
7451879
7451891
7451893
7451909
7451957
7451963
7451981
7451987
7451993
7452007
7452013
7452017
7452019
7452077
7452079
7452091
7452127
7452143
7452157
7452163
7452169
7452191
7452223
7452271
7452293
7452301
7452311
7452317
7452323
7452329
7452337
7452377
7452397
7452407
7452433
7452451
7452457
7452469
7452479
7452491
7452499
7452509
7452521
7452527
7452547
7452559
7452563
7452569
7452583
7452587
7452619
7452659
7452673
7452691
7452719
7452727
7452751
7452773
7452787
7452791
7452811
7452827
7452829
7452833
7452839
7452859
7452869
7452877
7452901
7452917
7452923
7452961
7452967
7452979
7453003
7453007
7453009
7453027
7453031
7453049
7453063
7453067
7453079
7453133
7453181
7453223
7453241
7453247
7453253
7453297
7453309
7453321
7453343
7453363
7453409
7453421
7453441
7453447
7453451
7453471
7453477
7453487
7453499
7453517
7453553
7453561
7453573
7453583
7453601
7453603
7453637
7453639
7453657
7453697
7453703
7453709
7453723
7453753
7453799
7453807
7453829
7453843
7453847
7453861
7453879
7453891
7453933
7453961
7453967
7453987
7453991
7454021
7454053
7454063
7454071
7454081
7454101
7454107
7454113
7454129
7454149
7454173
7454191
7454201
7454207
7454243
7454257
7454269
7454273
7454281
7454297
7454303
7454309
7454311
7454357
7454387
7454389
7454399
7454411
7454413
7454423
7454467
7454471
7454521
7454533
7454563
7454611
7454639
7454641
7454651
7454701
7454731
7454753
7454767
7454779
7454791
7454807
7454809
7454851
7454861
7454869
7454879
7454899
7454903
7454933
7454947
7454957
7454969
7454971
7454983
7455017
7455029
7455031
7455053
7455067
7455073
7455083
7455101
7455103
7455109
7455121
7455179
7455193
7455223
7455257
7455269
7455307
7455373
7455379
7455431
7455433
7455443
7455479
7455493
7455499
7455527
7455533
7455541
7455551
7455577
7455583
7455587
7455589
7455599
7455601
7455629
7455631
7455649
7455659
7455667
7455671
7455683
7455691
7455737
7455739
7455743
7455769
7455803
7455823
7455829
7455863
7455893
7455901
7455913
7455937
7455947
7455949
7455977
7455983
7455991
7455997
7456003
7456021
7456039
7456051
7456061
7456063
7456121
7456159
7456171
7456177
7456181
7456187
7456231
7456237
7456247
7456249
7456259
7456261
7456271
7456279
7456283
7456289
7456291
7456321
7456327
7456333
7456357
7456373
7456381
7456429
7456433
7456441
7456459
7456481
7456483
7456507
7456511
7456513
7456549
7456583
7456601
7456609
7456613
7456619
7456621
7456639
7456663
7456667
7456733
7456739
7456747
7456751
7456769
7456783
7456811
7456837
7456843
7456859
7456861
7456901
7456907
7456909
7456921
7456963
7456997
7457011
7457053
7457071
7457077
7457111
7457113
7457119
7457123
7457137
7457141
7457159
7457171
7457179
7457231
7457243
7457257
7457269
7457273
7457279
7457287
7457299
7457309
7457323
7457347
7457357
7457371
7457419
7457477
7457479
7457503
7457561
7457573
7457581
7457587
7457591
7457603
7457621
7457629
7457641
7457647
7457687
7457689
7457693
7457707
7457711
7457717
7457731
7457759
7457771
7457797
7457803
7457833
7457839
7457867
7457881
7457909
7457927
7457929
7457953
7457987
7457993
7457999
7458029
7458047
7458067
7458083
7458103
7458119
7458137
7458151
7458167
7458169
7458173
7458179
7458193
7458211
7458229
7458263
7458271
7458281
7458299
7458313
7458379
7458389
7458403
7458419
7458421
7458443
7458449
7458487
7458499
7458511
7458523
7458527
7458533
7458551
7458559
7458587
7458589
7458593
7458611
7458613
7458623
7458643
7458667
7458683
7458707
7458797
7458809
7458827
7458833
7458883
7458889
7458907
7458917
7458931
7458949
7458953
7458959
7458989
7458991
7459013
7459027
7459033
7459037
7459057
7459069
7459079
7459087
7459093
7459097
7459121
7459139
7459147
7459159
7459169
7459181
7459183
7459201
7459211
7459247
7459261
7459279
7459297
7459301
7459321
7459349
7459367
7459373
7459399
7459421
7459433
7459451
7459471
7459477
7459493
7459531
7459559
7459577
7459601
7459603
7459619
7459637
7459649
7459667
7459679
7459693
7459703
7459709
7459717
7459721
7459801
7459811
7459813
7459831
7459841
7459861
7459877
7459883
7459897
7459937
7459967
7459997
7459999
7460003
7460017
7460039
7460053
7460071
7460077
7460087
7460111
7460129
7460143
7460149
7460191
7460197
7460203
7460209
7460231
7460251
7460261
7460291
7460317
7460329
7460351
7460419
7460423
7460437
7460449
7460459
7460461
7460471
7460477
7460489
7460503
7460507
7460513
7460611
7460617
7460623
7460641
7460653
7460657
7460669
7460683
7460693
7460699
7460731
7460737
7460741
7460753
7460771
7460777
7460779
7460813
7460833
7460837
7460851
7460857
7460861
7460879
7460881
7460891
7460897
7460927
7460951
7460983
7460989
7461007
7461017
7461019
7461029
7461031
7461043
7461073
7461089
7461101
7461121
7461127
7461169
7461193
7461211
7461247
7461299
7461329
7461343
7461353
7461371
7461397
7461401
7461469
7461479
7461491
7461527
7461529
7461557
7461563
7461569
7461599
7461611
7461647
7461653
7461667
7461677
7461689
7461697
7461757
7461761
7461763
7461781
7461809
7461847
7461869
7461941
7461943
7461983
7462033
7462043
7462057
7462111
7462127
7462151
7462157
7462159
7462199
7462223
7462229
7462243
7462277
7462319
7462321
7462333
7462381
7462387
7462391
7462397
7462457
7462463
7462471
7462487
7462513
7462523
7462529
7462547
7462549
7462579
7462583
7462589
7462591
7462601
7462619
7462621
7462627
7462639
7462691
7462703
7462727
7462747
7462751
7462753
7462769
7462799
7462817
7462823
7462841
7462843
7462849
7462853
7462907
7462913
7462919
7462921
7462927
7462957
7462967
7462979
7462981
7462997
7462999
7463021
7463039
7463041
7463059
7463077
7463081
7463101
7463147
7463149
7463171
7463191
7463207
7463213
7463227
7463231
7463249
7463279
7463297
7463317
7463321
7463329
7463341
7463347
7463359
7463363
7463377
7463387
7463399
7463413
7463429
7463453
7463461
7463497
7463501
7463509
7463549
7463551
7463563
7463567
7463579
7463581
7463657
7463669
7463671
7463693
7463699
7463723
7463737
7463747
7463761
7463773
7463783
7463791
7463801
7463803
7463809
7463843
7463873
7463879
7463881
7463887
7463921
7463923
7463947
7463957
7463959
7463971
7464007
7464013
7464019
7464059
7464073
7464113
7464137
7464179
7464187
7464199
7464217
7464227
7464229
7464239
7464253
7464263
7464271
7464293
7464313
7464329
7464371
7464407
7464409
7464421
7464433
7464461
7464463
7464517
7464529
7464533
7464551
7464553
7464557
7464559
7464563
7464577
7464593
7464617
7464623
7464703
7464731
7464749
7464763
7464767
7464799
7464823
7464833
7464839
7464841
7464851
7464859
7464871
7464881
7464883
7464889
7464901
7464913
7464923
7464943
7464959
7464979
7465013
7465027
7465039
7465063
7465097
7465099
7465109
7465111
7465121
7465127
7465169
7465189
7465219
7465243
7465291
7465303
7465307
7465313
7465331
7465333
7465343
7465357
7465369
7465373
7465387
7465399
7465429
7465439
7465481
7465483
7465487
7465489
7465511
7465529
7465573
7465583
7465603
7465631
7465657
7465663
7465681
7465687
7465693
7465697
7465723
7465741
7465747
7465751
7465753
7465763
7465769
7465793
7465831
7465837
7465859
7465867
7465891
7465937
7465957
7465979
7466033
7466093
7466101
7466131
7466149
7466159
7466167
7466189
7466201
7466209
7466231
7466233
7466243
7466287
7466293
7466323
7466359
7466377
7466401
7466419
7466423
7466429
7466441
7466447
7466453
7466471
7466483
7466491
7466531
7466549
7466579
7466581
7466593
7466611
7466647
7466653
7466671
7466699
7466713
7466729
7466731
7466741
7466747
7466759
7466773
7466807
7466813
7466819
7466831
7466839
7466861
7466873
7466887
7466917
7466959
7466969
7466989
7467023
7467037
7467049
7467059
7467073
7467107
7467121
7467127
7467137
7467139
7467143
7467151
7467167
7467169
7467197
7467221
7467253
7467259
7467281
7467307
7467347
7467401
7467409
7467431
7467443
7467457
7467469
7467487
7467503
7467511
7467563
7467611
7467631
7467659
7467661
7467667
7467671
7467697
7467721
7467737
7467751
7467763
7467773
7467793
7467799
7467841
7467857
7467871
7467881
7467899
7467907
7467959
7467979
7467989
7467991
7467997
7468001
7468009
7468037
7468039
7468061
7468063
7468067
7468093
7468103
7468129
7468147
7468157
7468183
7468187
7468189
7468199
7468207
7468211
7468213
7468229
7468249
7468259
7468313
7468319
7468337
7468367
7468381
7468393
7468403
7468429
7468451
7468453
7468459
7468507
7468523
7468529
7468543
7468547
7468567
7468597
7468607
7468619
7468651
7468663
7468667
7468679
7468693
7468697
7468711
7468733
7468753
7468759
7468771
7468781
7468787
7468793
7468801
7468807
7468819
7468841
7468871
7468891
7468927
7468943
7468973
7468991
7468999
7469009
7469017
7469027
7469039
7469053
7469081
7469083
7469101
7469107
7469113
7469117
7469123
7469159
7469177
7469179
7469183
7469207
7469243
7469249
7469279
There are 2044 prime numbers in S455.
