S456(7469281~7502112)
7469303
7469309
7469311
7469317
7469347
7469351
7469353
7469359
7469369
7469387
7469393
7469431
7469447
7469453
7469461
7469507
7469521
7469537
7469591
7469593
7469599
7469653
7469669
7469699
7469741
7469753
7469771
7469773
7469789
7469797
7469807
7469837
7469843
7469857
7469881
7469887
7469899
7469911
7469921
7469923
7469933
7469939
7469941
7469947
7469951
7469993
7470007
7470079
7470103
7470107
7470137
7470143
7470149
7470179
7470181
7470187
7470223
7470233
7470247
7470251
7470257
7470271
7470283
7470301
7470311
7470329
7470367
7470383
7470389
7470391
7470427
7470443
7470457
7470461
7470467
7470479
7470481
7470499
7470511
7470527
7470611
7470613
7470623
7470637
7470641
7470643
7470647
7470677
7470689
7470703
7470709
7470713
7470761
7470763
7470767
7470773
7470809
7470811
7470821
7470823
7470839
7470851
7470887
7470889
7470919
7470941
7470961
7470977
7470989
7471033
7471049
7471081
7471099
7471127
7471133
7471147
7471157
7471171
7471193
7471213
7471249
7471271
7471291
7471301
7471309
7471339
7471349
7471361
7471367
7471369
7471391
7471393
7471417
7471423
7471439
7471441
7471501
7471511
7471549
7471561
7471571
7471591
7471601
7471603
7471621
7471649
7471679
7471691
7471733
7471771
7471801
7471811
7471831
7471873
7471889
7471897
7471913
7471931
7471939
7471943
7471957
7471967
7471973
7471979
7471991
7471999
7472011
7472051
7472063
7472089
7472123
7472161
7472167
7472177
7472189
7472191
7472221
7472237
7472243
7472273
7472293
7472321
7472323
7472359
7472369
7472383
7472419
7472429
7472431
7472449
7472461
7472489
7472513
7472533
7472579
7472587
7472603
7472609
7472611
7472617
7472627
7472659
7472693
7472737
7472747
7472761
7472771
7472819
7472827
7472849
7472863
7472867
7472869
7472873
7472893
7472903
7472921
7472929
7472951
7472989
7473007
7473017
7473031
7473041
7473101
7473119
7473121
7473127
7473143
7473173
7473203
7473209
7473211
7473227
7473233
7473253
7473259
7473281
7473287
7473299
7473307
7473311
7473313
7473317
7473331
7473337
7473341
7473359
7473373
7473377
7473383
7473391
7473397
7473451
7473461
7473463
7473467
7473491
7473493
7473509
7473541
7473553
7473581
7473607
7473617
7473623
7473679
7473709
7473731
7473733
7473743
7473779
7473797
7473811
7473833
7473839
7473841
7473871
7473887
7473913
7473923
7473929
7473937
7473979
7474001
7474003
7474009
7474031
7474063
7474073
7474079
7474097
7474109
7474121
7474123
7474153
7474171
7474183
7474189
7474211
7474213
7474223
7474267
7474273
7474283
7474289
7474301
7474307
7474321
7474343
7474361
7474367
7474381
7474387
7474393
7474409
7474417
7474421
7474433
7474459
7474463
7474469
7474477
7474483
7474499
7474501
7474507
7474553
7474559
7474567
7474573
7474591
7474603
7474631
7474633
7474661
7474673
7474681
7474693
7474711
7474717
7474759
7474783
7474799
7474801
7474807
7474823
7474829
7474867
7474871
7474877
7474889
7474903
7474933
7474939
7474949
7474967
7474969
7474979
7475009
7475029
7475033
7475047
7475057
7475071
7475081
7475089
7475101
7475107
7475129
7475137
7475141
7475159
7475179
7475197
7475201
7475213
7475233
7475261
7475263
7475267
7475287
7475317
7475327
7475333
7475357
7475381
7475383
7475387
7475389
7475411
7475441
7475453
7475459
7475467
7475473
7475509
7475521
7475527
7475537
7475543
7475551
7475581
7475599
7475603
7475609
7475617
7475623
7475627
7475639
7475641
7475647
7475651
7475687
7475701
7475723
7475737
7475747
7475749
7475761
7475771
7475789
7475807
7475827
7475861
7475891
7475917
7475921
7475933
7475947
7475957
7475959
7475999
7476013
7476017
7476019
7476043
7476047
7476071
7476083
7476137
7476143
7476151
7476167
7476211
7476247
7476251
7476263
7476283
7476289
7476307
7476319
7476341
7476349
7476353
7476377
7476383
7476397
7476409
7476433
7476437
7476439
7476451
7476467
7476493
7476499
7476527
7476529
7476559
7476569
7476589
7476593
7476607
7476613
7476641
7476643
7476653
7476659
7476661
7476683
7476691
7476697
7476739
7476743
7476767
7476773
7476779
7476793
7476803
7476829
7476841
7476851
7476853
7476877
7476919
7476941
7476947
7476961
7476971
7477007
7477021
7477031
7477037
7477069
7477103
7477109
7477111
7477117
7477121
7477123
7477147
7477159
7477163
7477177
7477181
7477189
7477193
7477243
7477259
7477289
7477303
7477307
7477321
7477339
7477357
7477361
7477391
7477403
7477409
7477427
7477451
7477453
7477471
7477493
7477499
7477511
7477517
7477523
7477543
7477573
7477577
7477627
7477643
7477651
7477661
7477667
7477711
7477733
7477741
7477751
7477777
7477781
7477787
7477801
7477817
7477831
7477861
7477889
7477919
7477927
7477961
7477979
7477991
7477993
7477997
7477999
7478017
7478069
7478089
7478111
7478117
7478129
7478131
7478137
7478189
7478203
7478209
7478257
7478269
7478279
7478287
7478293
7478299
7478327
7478333
7478357
7478363
7478369
7478371
7478389
7478407
7478411
7478413
7478423
7478447
7478467
7478479
7478507
7478543
7478563
7478567
7478573
7478579
7478587
7478621
7478629
7478633
7478651
7478677
7478683
7478701
7478707
7478717
7478729
7478743
7478753
7478767
7478771
7478791
7478813
7478831
7478869
7478873
7478893
7478941
7478959
7478971
7478983
7479001
7479019
7479037
7479053
7479061
7479089
7479113
7479127
7479137
7479161
7479191
7479203
7479223
7479229
7479233
7479257
7479259
7479281
7479289
7479299
7479341
7479349
7479391
7479397
7479421
7479427
7479431
7479467
7479469
7479487
7479491
7479497
7479503
7479517
7479539
7479547
7479557
7479599
7479601
7479611
7479617
7479629
7479631
7479683
7479691
7479697
7479701
7479727
7479733
7479737
7479743
7479803
7479811
7479817
7479821
7479839
7479841
7479851
7479859
7479887
7479911
7479929
7479931
7479937
7479971
7480013
7480027
7480069
7480093
7480111
7480127
7480147
7480157
7480159
7480171
7480177
7480181
7480199
7480219
7480223
7480229
7480259
7480271
7480283
7480301
7480307
7480339
7480351
7480397
7480411
7480441
7480457
7480481
7480511
7480513
7480519
7480591
7480597
7480601
7480607
7480619
7480639
7480651
7480657
7480673
7480679
7480687
7480721
7480723
7480729
7480741
7480757
7480763
7480769
7480783
7480793
7480817
7480829
7480831
7480853
7480861
7480903
7480909
7480933
7480937
7481009
7481021
7481051
7481083
7481087
7481093
7481107
7481143
7481167
7481179
7481191
7481197
7481203
7481209
7481219
7481249
7481263
7481281
7481291
7481293
7481297
7481317
7481339
7481351
7481359
7481381
7481387
7481389
7481401
7481407
7481491
7481503
7481531
7481543
7481549
7481563
7481567
7481587
7481599
7481603
7481609
7481629
7481653
7481701
7481713
7481723
7481753
7481759
7481779
7481783
7481809
7481857
7481861
7481879
7481911
7481917
7481927
7481933
7481939
7481983
7481987
7481993
7482001
7482017
7482037
7482053
7482089
7482113
7482119
7482121
7482157
7482161
7482173
7482179
7482217
7482221
7482239
7482263
7482269
7482283
7482287
7482311
7482313
7482317
7482323
7482331
7482347
7482389
7482407
7482421
7482451
7482469
7482479
7482539
7482569
7482577
7482583
7482611
7482647
7482649
7482653
7482661
7482679
7482689
7482691
7482697
7482701
7482733
7482743
7482757
7482767
7482779
7482781
7482791
7482799
7482821
7482829
7482857
7482859
7482863
7482877
7482883
7482901
7482949
7482961
7482983
7483001
7483013
7483019
7483037
7483039
7483057
7483079
7483109
7483127
7483141
7483153
7483159
7483171
7483237
7483241
7483243
7483253
7483271
7483277
7483309
7483313
7483319
7483327
7483337
7483339
7483373
7483379
7483391
7483403
7483423
7483447
7483457
7483477
7483559
7483561
7483577
7483601
7483603
7483627
7483643
7483649
7483661
7483667
7483681
7483691
7483733
7483747
7483781
7483783
7483787
7483789
7483813
7483829
7483837
7483843
7483867
7483871
7483913
7483919
7483933
7483939
7483969
7483979
7483981
7483991
7484003
7484011
7484023
7484041
7484047
7484089
7484093
7484111
7484129
7484149
7484159
7484189
7484251
7484261
7484287
7484293
7484297
7484303
7484311
7484317
7484333
7484341
7484357
7484363
7484371
7484377
7484383
7484401
7484413
7484429
7484431
7484441
7484473
7484483
7484489
7484513
7484551
7484557
7484567
7484579
7484593
7484599
7484657
7484699
7484707
7484723
7484731
7484747
7484779
7484783
7484801
7484809
7484833
7484839
7484843
7484861
7484899
7484923
7484927
7484933
7484941
7484963
7485019
7485047
7485061
7485073
7485077
7485089
7485091
7485131
7485133
7485187
7485193
7485197
7485227
7485251
7485263
7485293
7485299
7485301
7485337
7485341
7485367
7485377
7485383
7485391
7485403
7485427
7485437
7485461
7485469
7485473
7485479
7485497
7485503
7485529
7485551
7485571
7485623
7485631
7485637
7485641
7485659
7485679
7485689
7485691
7485697
7485707
7485713
7485721
7485727
7485749
7485757
7485809
7485811
7485823
7485847
7485851
7485869
7485889
7485893
7485901
7485941
7485949
7485953
7485997
7486009
7486013
7486033
7486043
7486051
7486079
7486093
7486139
7486163
7486187
7486189
7486217
7486243
7486253
7486261
7486279
7486289
7486309
7486319
7486327
7486337
7486357
7486373
7486393
7486411
7486417
7486421
7486439
7486441
7486459
7486463
7486471
7486481
7486499
7486529
7486537
7486541
7486561
7486571
7486573
7486603
7486607
7486631
7486649
7486673
7486693
7486711
7486729
7486733
7486747
7486763
7486793
7486819
7486823
7486847
7486867
7486873
7486877
7486907
7486933
7486951
7486961
7486979
7486981
7487047
7487057
7487069
7487087
7487107
7487113
7487119
7487131
7487149
7487171
7487177
7487189
7487243
7487261
7487269
7487281
7487287
7487299
7487321
7487329
7487339
7487341
7487369
7487371
7487377
7487393
7487401
7487407
7487413
7487419
7487437
7487449
7487453
7487503
7487507
7487549
7487573
7487591
7487593
7487603
7487611
7487621
7487639
7487651
7487657
7487677
7487687
7487723
7487737
7487741
7487743
7487747
7487759
7487761
7487783
7487797
7487813
7487819
7487827
7487839
7487863
7487911
7487917
7487923
7487927
7487941
7487969
7487989
7488017
7488031
7488053
7488059
7488067
7488079
7488101
7488127
7488137
7488163
7488227
7488233
7488259
7488263
7488269
7488277
7488289
7488307
7488311
7488323
7488361
7488373
7488379
7488401
7488419
7488427
7488431
7488433
7488473
7488479
7488499
7488511
7488521
7488539
7488553
7488571
7488581
7488589
7488617
7488629
7488643
7488659
7488667
7488671
7488673
7488683
7488707
7488713
7488737
7488739
7488769
7488779
7488797
7488829
7488863
7488881
7488893
7488947
7488973
7488991
7489033
7489043
7489051
7489067
7489093
7489103
7489117
7489123
7489127
7489171
7489177
7489189
7489201
7489213
7489241
7489243
7489253
7489303
7489351
7489357
7489387
7489393
7489399
7489423
7489457
7489463
7489481
7489501
7489523
7489529
7489541
7489549
7489561
7489567
7489579
7489607
7489609
7489619
7489633
7489649
7489681
7489709
7489711
7489721
7489733
7489739
7489771
7489787
7489829
7489841
7489847
7489849
7489871
7489913
7489919
7489931
7489939
7489943
7489949
7489957
7489981
7489987
7490023
7490029
7490051
7490089
7490099
7490101
7490113
7490141
7490143
7490159
7490179
7490191
7490209
7490221
7490233
7490239
7490257
7490297
7490303
7490309
7490363
7490369
7490377
7490401
7490407
7490411
7490419
7490423
7490443
7490453
7490459
7490491
7490513
7490537
7490551
7490573
7490597
7490599
7490611
7490629
7490647
7490653
7490683
7490723
7490737
7490759
7490767
7490771
7490783
7490797
7490803
7490827
7490831
7490839
7490851
7490869
7490927
7490981
7491007
7491049
7491059
7491061
7491089
7491091
7491137
7491161
7491167
7491199
7491217
7491221
7491223
7491229
7491241
7491247
7491257
7491259
7491269
7491287
7491299
7491311
7491313
7491343
7491347
7491361
7491371
7491389
7491401
7491403
7491439
7491457
7491467
7491469
7491493
7491551
7491557
7491559
7491607
7491619
7491623
7491641
7491647
7491667
7491689
7491691
7491697
7491727
7491733
7491749
7491763
7491779
7491791
7491811
7491821
7491823
7491839
7491851
7491853
7491893
7491901
7491907
7491923
7491929
7491937
7491943
7491949
7491973
7492031
7492057
7492097
7492103
7492127
7492153
7492157
7492249
7492253
7492267
7492307
7492313
7492343
7492361
7492369
7492391
7492423
7492477
7492481
7492487
7492519
7492523
7492531
7492547
7492553
7492561
7492567
7492591
7492609
7492657
7492673
7492697
7492703
7492711
7492717
7492741
7492747
7492753
7492757
7492777
7492781
7492799
7492819
7492831
7492841
7492853
7492861
7492867
7492909
7492921
7492943
7493029
7493033
7493053
7493063
7493077
7493081
7493093
7493099
7493111
7493117
7493159
7493237
7493249
7493251
7493261
7493263
7493287
7493293
7493303
7493329
7493333
7493341
7493357
7493363
7493371
7493383
7493389
7493393
7493399
7493401
7493417
7493419
7493443
7493449
7493461
7493471
7493491
7493527
7493587
7493597
7493621
7493623
7493627
7493639
7493671
7493701
7493729
7493737
7493747
7493777
7493807
7493813
7493831
7493833
7493839
7493851
7493867
7493879
7493881
7493887
7493891
7493903
7493917
7493921
7493947
7494001
7494023
7494029
7494031
7494049
7494073
7494101
7494119
7494131
7494139
7494163
7494181
7494203
7494217
7494257
7494269
7494271
7494287
7494329
7494337
7494367
7494371
7494373
7494401
7494407
7494413
7494437
7494439
7494457
7494469
7494491
7494497
7494517
7494523
7494563
7494587
7494623
7494631
7494661
7494679
7494703
7494719
7494733
7494737
7494743
7494749
7494763
7494869
7494871
7494881
7494917
7494919
7494953
7494959
7495003
7495013
7495039
7495049
7495051
7495069
7495073
7495097
7495121
7495153
7495193
7495199
7495247
7495289
7495303
7495307
7495321
7495339
7495361
7495379
7495381
7495387
7495393
7495409
7495429
7495463
7495469
7495511
7495531
7495573
7495577
7495591
7495597
7495637
7495639
7495679
7495687
7495703
7495711
7495727
7495739
7495771
7495777
7495783
7495811
7495837
7495841
7495849
7495879
7495883
7495903
7495909
7495913
7495931
7495973
7495981
7495991
7495993
7496011
7496029
7496053
7496057
7496059
7496087
7496117
7496143
7496149
7496173
7496189
7496191
7496227
7496243
7496249
7496287
7496299
7496323
7496347
7496369
7496407
7496449
7496483
7496497
7496501
7496519
7496537
7496539
7496543
7496549
7496557
7496579
7496581
7496603
7496623
7496627
7496639
7496651
7496653
7496701
7496719
7496729
7496743
7496767
7496771
7496791
7496807
7496821
7496833
7496843
7496851
7496857
7496861
7496893
7496899
7496917
7496933
7496939
7496959
7496971
7496987
7496989
7497019
7497023
7497029
7497031
7497043
7497053
7497059
7497067
7497073
7497089
7497101
7497107
7497121
7497143
7497157
7497181
7497209
7497223
7497253
7497263
7497293
7497311
7497313
7497349
7497353
7497377
7497397
7497401
7497407
7497409
7497431
7497439
7497467
7497499
7497509
7497541
7497557
7497587
7497593
7497601
7497641
7497649
7497703
7497709
7497727
7497733
7497739
7497767
7497797
7497817
7497821
7497823
7497827
7497859
7497869
7497871
7497881
7497883
7497887
7497907
7497911
7497943
7497961
7497967
7498009
7498019
7498031
7498033
7498067
7498093
7498109
7498111
7498151
7498157
7498159
7498189
7498199
7498201
7498229
7498237
7498247
7498273
7498289
7498291
7498301
7498313
7498319
7498321
7498363
7498417
7498423
7498429
7498459
7498471
7498481
7498499
7498507
7498511
7498537
7498549
7498553
7498577
7498583
7498609
7498637
7498643
7498663
7498693
7498697
7498703
7498721
7498739
7498741
7498747
7498763
7498769
7498781
7498783
7498789
7498831
7498861
7498867
7498871
7498879
7498903
7498927
7498937
7498957
7498961
7498979
7498987
7498999
7499027
7499029
7499039
7499069
7499083
7499111
7499119
7499131
7499137
7499147
7499153
7499161
7499171
7499183
7499201
7499203
7499207
7499209
7499231
7499237
7499249
7499251
7499257
7499263
7499287
7499291
7499321
7499333
7499347
7499369
7499381
7499389
7499411
7499413
7499441
7499483
7499491
7499507
7499519
7499537
7499539
7499543
7499561
7499579
7499627
7499651
7499663
7499677
7499683
7499689
7499693
7499729
7499741
7499747
7499753
7499773
7499809
7499819
7499867
7499887
7499939
7499969
7499981
7500013
7500029
7500049
7500061
7500071
7500091
7500113
7500121
7500127
7500169
7500197
7500203
7500217
7500221
7500223
7500271
7500293
7500313
7500319
7500347
7500373
7500397
7500407
7500413
7500439
7500443
7500457
7500463
7500491
7500539
7500547
7500557
7500569
7500607
7500631
7500641
7500673
7500679
7500707
7500709
7500721
7500739
7500749
7500767
7500781
7500797
7500799
7500803
7500811
7500817
7500833
7500841
7500863
7500881
7500901
7500917
7500919
7500923
7500943
7500947
7500949
7500979
7501003
7501027
7501031
7501033
7501061
7501069
7501103
7501141
7501147
7501157
7501159
7501189
7501211
7501217
7501297
7501309
7501313
7501339
7501367
7501379
7501391
7501433
7501441
7501451
7501463
7501511
7501513
7501537
7501541
7501579
7501583
7501601
7501609
7501643
7501649
7501667
7501687
7501693
7501723
7501727
7501733
7501757
7501759
7501771
7501801
7501817
7501843
7501849
7501859
7501867
7501873
7501889
7501891
7501937
7501939
7501951
7501961
7501987
7501993
7501997
7502003
7502029
7502051
7502107
7502111
There are 2062 prime numbers in S456.
