S459(7567993~7601040)
7568021
7568039
7568047
7568051
7568053
7568059
7568063
7568069
7568083
7568089
7568161
7568177
7568201
7568207
7568257
7568261
7568303
7568329
7568339
7568369
7568381
7568389
7568399
7568419
7568423
7568489
7568497
7568501
7568503
7568527
7568531
7568537
7568549
7568569
7568581
7568591
7568611
7568629
7568647
7568651
7568663
7568699
7568719
7568741
7568747
7568761
7568767
7568777
7568801
7568809
7568849
7568857
7568879
7568917
7568921
7568947
7568959
7568963
7568987
7568993
7568999
7569013
7569017
7569031
7569043
7569061
7569071
7569077
7569083
7569091
7569101
7569103
7569119
7569143
7569157
7569167
7569173
7569179
7569181
7569187
7569197
7569217
7569241
7569251
7569271
7569281
7569283
7569293
7569299
7569313
7569343
7569347
7569383
7569389
7569409
7569427
7569431
7569433
7569439
7569449
7569451
7569469
7569473
7569481
7569503
7569509
7569511
7569533
7569547
7569559
7569613
7569629
7569631
7569649
7569659
7569671
7569697
7569703
7569713
7569721
7569739
7569787
7569791
7569799
7569817
7569823
7569827
7569833
7569839
7569851
7569857
7569869
7569893
7569901
7569907
7569911
7569931
7569971
7569979
7569997
7570007
7570009
7570019
7570033
7570061
7570063
7570067
7570093
7570103
7570111
7570141
7570183
7570201
7570207
7570217
7570259
7570261
7570267
7570271
7570273
7570291
7570309
7570327
7570331
7570369
7570373
7570391
7570399
7570439
7570463
7570477
7570481
7570487
7570489
7570501
7570523
7570529
7570543
7570553
7570561
7570567
7570583
7570601
7570613
7570631
7570637
7570663
7570669
7570699
7570723
7570733
7570747
7570793
7570819
7570837
7570847
7570867
7570877
7570897
7570921
7570931
7570961
7570973
7570991
7570993
7571009
7571017
7571021
7571023
7571029
7571033
7571041
7571077
7571087
7571147
7571149
7571153
7571159
7571167
7571173
7571203
7571231
7571269
7571297
7571299
7571303
7571309
7571323
7571351
7571357
7571383
7571387
7571401
7571419
7571423
7571437
7571441
7571453
7571461
7571491
7571537
7571539
7571549
7571563
7571567
7571573
7571587
7571591
7571611
7571617
7571651
7571687
7571689
7571699
7571701
7571731
7571743
7571771
7571777
7571803
7571819
7571821
7571833
7571849
7571857
7571891
7571909
7571911
7571933
7571957
7571989
7572043
7572067
7572073
7572077
7572109
7572137
7572181
7572211
7572223
7572233
7572247
7572263
7572289
7572337
7572347
7572371
7572373
7572391
7572403
7572427
7572437
7572449
7572503
7572529
7572563
7572613
7572637
7572641
7572661
7572673
7572689
7572707
7572713
7572739
7572749
7572751
7572767
7572779
7572791
7572793
7572833
7572863
7572881
7572889
7572893
7572899
7572907
7572919
7572937
7572941
7572977
7572989
7572991
7572997
7573009
7573037
7573043
7573051
7573057
7573087
7573091
7573133
7573213
7573217
7573219
7573243
7573249
7573253
7573261
7573297
7573327
7573351
7573367
7573387
7573403
7573409
7573427
7573451
7573471
7573477
7573481
7573507
7573519
7573537
7573543
7573589
7573591
7573597
7573607
7573639
7573673
7573679
7573691
7573697
7573729
7573733
7573751
7573759
7573763
7573801
7573817
7573829
7573847
7573849
7573871
7573873
7573883
7573903
7573921
7573931
7573933
7573939
7573949
7573987
7573991
7574023
7574029
7574033
7574041
7574087
7574101
7574111
7574123
7574143
7574173
7574183
7574207
7574221
7574239
7574251
7574269
7574317
7574341
7574353
7574387
7574393
7574443
7574449
7574467
7574471
7574477
7574491
7574507
7574531
7574533
7574549
7574569
7574617
7574647
7574683
7574687
7574717
7574719
7574747
7574759
7574761
7574767
7574783
7574789
7574803
7574807
7574821
7574839
7574891
7574893
7574921
7574927
7574947
7574969
7574971
7574993
7574999
7575019
7575049
7575059
7575077
7575103
7575109
7575133
7575179
7575193
7575209
7575223
7575229
7575233
7575277
7575289
7575307
7575311
7575329
7575371
7575383
7575401
7575461
7575473
7575481
7575511
7575527
7575559
7575569
7575571
7575577
7575587
7575593
7575619
7575637
7575643
7575647
7575653
7575691
7575703
7575709
7575739
7575779
7575781
7575791
7575793
7575803
7575833
7575853
7575877
7575881
7575899
7575923
7575929
7575937
7575949
7575973
7576027
7576043
7576057
7576073
7576081
7576087
7576091
7576099
7576109
7576133
7576181
7576187
7576199
7576207
7576211
7576229
7576243
7576253
7576273
7576301
7576319
7576321
7576333
7576351
7576357
7576381
7576399
7576411
7576433
7576463
7576477
7576483
7576487
7576529
7576531
7576559
7576567
7576571
7576607
7576609
7576619
7576651
7576661
7576669
7576691
7576697
7576703
7576711
7576733
7576753
7576757
7576769
7576843
7576847
7576853
7576861
7576873
7576931
7576949
7576973
7576981
7576997
7577027
7577041
7577047
7577057
7577069
7577071
7577077
7577081
7577093
7577099
7577107
7577117
7577123
7577137
7577147
7577177
7577183
7577197
7577209
7577243
7577263
7577279
7577287
7577309
7577321
7577329
7577351
7577363
7577369
7577389
7577407
7577459
7577467
7577491
7577501
7577509
7577513
7577527
7577551
7577567
7577593
7577629
7577639
7577653
7577657
7577659
7577663
7577677
7577701
7577723
7577749
7577753
7577771
7577777
7577807
7577809
7577831
7577849
7577861
7577909
7577923
7577953
7578001
7578013
7578029
7578037
7578041
7578047
7578049
7578059
7578079
7578089
7578097
7578101
7578113
7578121
7578143
7578161
7578163
7578173
7578187
7578199
7578223
7578227
7578239
7578257
7578269
7578271
7578281
7578287
7578301
7578331
7578343
7578407
7578427
7578479
7578503
7578521
7578533
7578551
7578553
7578559
7578607
7578619
7578643
7578677
7578679
7578691
7578709
7578721
7578731
7578733
7578749
7578751
7578763
7578803
7578811
7578817
7578829
7578833
7578859
7578877
7578899
7578913
7578919
7578959
7578971
7579001
7579003
7579027
7579069
7579073
7579087
7579109
7579111
7579123
7579139
7579163
7579171
7579193
7579207
7579261
7579277
7579279
7579307
7579333
7579349
7579357
7579367
7579373
7579387
7579391
7579417
7579427
7579441
7579457
7579471
7579493
7579513
7579541
7579543
7579571
7579573
7579577
7579591
7579601
7579619
7579631
7579633
7579639
7579657
7579679
7579697
7579699
7579703
7579721
7579769
7579771
7579801
7579823
7579829
7579837
7579861
7579867
7579937
7579973
7580009
7580017
7580021
7580047
7580051
7580057
7580059
7580071
7580081
7580093
7580119
7580123
7580149
7580161
7580171
7580197
7580239
7580257
7580263
7580269
7580299
7580303
7580311
7580329
7580357
7580359
7580371
7580381
7580383
7580387
7580389
7580401
7580423
7580437
7580459
7580483
7580509
7580519
7580527
7580533
7580561
7580567
7580569
7580579
7580591
7580627
7580663
7580669
7580681
7580701
7580707
7580711
7580717
7580723
7580737
7580743
7580747
7580767
7580773
7580801
7580813
7580821
7580879
7580887
7580891
7580917
7580933
7580939
7580999
7581001
7581017
7581037
7581043
7581047
7581061
7581073
7581089
7581103
7581113
7581127
7581131
7581149
7581157
7581163
7581179
7581253
7581289
7581311
7581313
7581317
7581341
7581347
7581349
7581389
7581403
7581407
7581461
7581463
7581479
7581481
7581487
7581493
7581517
7581527
7581529
7581533
7581599
7581601
7581611
7581641
7581647
7581649
7581659
7581667
7581671
7581683
7581733
7581737
7581793
7581823
7581839
7581841
7581851
7581859
7581901
7581911
7581919
7581923
7581941
7581943
7581947
7581953
7581989
7581997
7582009
7582013
7582049
7582063
7582093
7582109
7582123
7582219
7582229
7582231
7582243
7582277
7582283
7582327
7582363
7582381
7582403
7582409
7582429
7582453
7582489
7582511
7582517
7582529
7582537
7582541
7582559
7582567
7582607
7582613
7582649
7582661
7582681
7582699
7582703
7582721
7582733
7582747
7582787
7582807
7582811
7582819
7582823
7582829
7582853
7582873
7582903
7582907
7582937
7582987
7582997
7582999
7583011
7583029
7583053
7583083
7583101
7583111
7583117
7583119
7583137
7583143
7583153
7583171
7583203
7583209
7583227
7583243
7583263
7583267
7583287
7583327
7583333
7583339
7583341
7583431
7583449
7583467
7583501
7583503
7583507
7583509
7583531
7583533
7583539
7583567
7583573
7583579
7583599
7583617
7583621
7583633
7583651
7583657
7583659
7583669
7583689
7583699
7583707
7583711
7583713
7583749
7583753
7583759
7583773
7583789
7583791
7583803
7583827
7583833
7583837
7583879
7583881
7583899
7583963
7583969
7583977
7583981
7584013
7584041
7584067
7584107
7584121
7584127
7584133
7584151
7584163
7584217
7584233
7584253
7584259
7584263
7584271
7584281
7584289
7584293
7584299
7584323
7584337
7584359
7584361
7584373
7584389
7584407
7584413
7584427
7584449
7584461
7584463
7584497
7584517
7584539
7584541
7584559
7584569
7584571
7584581
7584587
7584589
7584613
7584617
7584637
7584701
7584749
7584757
7584761
7584793
7584799
7584803
7584809
7584851
7584893
7584901
7584931
7584937
7584947
7584949
7584961
7584977
7584991
7585013
7585021
7585051
7585057
7585079
7585087
7585103
7585117
7585129
7585133
7585139
7585163
7585181
7585223
7585261
7585273
7585301
7585309
7585321
7585363
7585367
7585373
7585379
7585387
7585393
7585397
7585429
7585433
7585439
7585447
7585463
7585499
7585511
7585517
7585549
7585573
7585597
7585603
7585609
7585631
7585639
7585657
7585687
7585741
7585763
7585771
7585789
7585813
7585843
7585867
7585871
7585873
7585909
7585913
7585967
7585969
7585987
7586003
7586011
7586027
7586039
7586057
7586077
7586119
7586123
7586141
7586167
7586171
7586177
7586191
7586219
7586231
7586239
7586303
7586311
7586321
7586347
7586363
7586393
7586399
7586401
7586419
7586479
7586483
7586497
7586507
7586531
7586543
7586549
7586581
7586587
7586597
7586609
7586629
7586639
7586651
7586659
7586687
7586699
7586737
7586741
7586767
7586771
7586779
7586783
7586797
7586801
7586809
7586819
7586827
7586837
7586857
7586863
7586867
7586903
7586939
7586959
7586993
7587001
7587007
7587011
7587017
7587031
7587043
7587053
7587059
7587071
7587089
7587103
7587121
7587133
7587191
7587199
7587227
7587233
7587247
7587259
7587269
7587277
7587301
7587317
7587329
7587367
7587373
7587379
7587383
7587407
7587413
7587421
7587431
7587443
7587449
7587451
7587469
7587497
7587499
7587509
7587511
7587521
7587563
7587581
7587617
7587623
7587637
7587641
7587659
7587667
7587673
7587689
7587703
7587709
7587731
7587733
7587739
7587743
7587751
7587757
7587761
7587773
7587779
7587787
7587791
7587793
7587799
7587803
7587809
7587863
7587883
7587887
7587917
7587919
7587941
7587961
7587977
7587991
7588003
7588013
7588027
7588033
7588039
7588057
7588067
7588073
7588093
7588099
7588117
7588129
7588151
7588153
7588159
7588199
7588241
7588249
7588279
7588297
7588303
7588309
7588331
7588337
7588349
7588351
7588387
7588393
7588411
7588417
7588447
7588453
7588457
7588463
7588481
7588499
7588501
7588507
7588519
7588523
7588561
7588591
7588627
7588687
7588697
7588703
7588709
7588723
7588727
7588751
7588793
7588829
7588843
7588853
7588877
7588879
7588891
7588897
7588927
7588951
7588957
7588963
7588979
7589009
7589047
7589051
7589053
7589077
7589081
7589083
7589129
7589159
7589171
7589173
7589177
7589201
7589207
7589209
7589221
7589233
7589243
7589269
7589273
7589279
7589317
7589353
7589357
7589363
7589369
7589381
7589383
7589401
7589423
7589473
7589489
7589507
7589521
7589557
7589573
7589587
7589597
7589611
7589623
7589627
7589639
7589641
7589651
7589657
7589671
7589707
7589723
7589731
7589783
7589809
7589821
7589833
7589843
7589849
7589863
7589867
7589893
7589899
7589903
7589951
7589963
7589969
7589993
7589999
7590001
7590013
7590019
7590031
7590053
7590061
7590067
7590073
7590103
7590119
7590127
7590157
7590197
7590221
7590223
7590227
7590277
7590281
7590293
7590301
7590311
7590353
7590361
7590377
7590383
7590389
7590461
7590463
7590487
7590493
7590503
7590509
7590523
7590571
7590581
7590589
7590593
7590623
7590643
7590659
7590673
7590679
7590689
7590701
7590703
7590733
7590743
7590757
7590787
7590811
7590827
7590839
7590841
7590871
7590887
7590889
7590893
7590941
7590949
7590967
7590971
7590977
7591007
7591039
7591043
7591079
7591093
7591139
7591141
7591159
7591169
7591183
7591193
7591217
7591229
7591237
7591247
7591271
7591277
7591289
7591291
7591303
7591313
7591361
7591369
7591387
7591411
7591427
7591439
7591447
7591457
7591459
7591481
7591483
7591499
7591501
7591513
7591531
7591547
7591553
7591603
7591609
7591631
7591637
7591643
7591657
7591687
7591711
7591721
7591723
7591729
7591751
7591783
7591799
7591819
7591841
7591873
7591889
7591907
7591937
7591981
7592003
7592023
7592029
7592033
7592063
7592071
7592087
7592089
7592107
7592119
7592159
7592161
7592173
7592201
7592203
7592227
7592237
7592261
7592279
7592309
7592311
7592317
7592329
7592341
7592359
7592383
7592393
7592401
7592423
7592471
7592477
7592479
7592483
7592513
7592537
7592539
7592549
7592561
7592567
7592573
7592579
7592633
7592653
7592713
7592719
7592729
7592747
7592759
7592773
7592777
7592779
7592789
7592801
7592821
7592839
7592843
7592873
7592899
7592903
7592933
7592941
7592957
7592969
7592987
7592993
7593007
7593011
7593023
7593119
7593127
7593133
7593137
7593139
7593163
7593167
7593191
7593211
7593221
7593247
7593253
7593259
7593277
7593301
7593307
7593317
7593319
7593329
7593343
7593347
7593349
7593353
7593371
7593403
7593409
7593433
7593479
7593491
7593497
7593517
7593527
7593529
7593539
7593541
7593557
7593571
7593589
7593613
7593617
7593623
7593629
7593637
7593643
7593647
7593659
7593661
7593689
7593701
7593721
7593727
7593731
7593767
7593779
7593793
7593799
7593809
7593811
7593823
7593827
7593857
7593871
7593899
7593913
7593953
7593959
7593961
7593967
7593973
7593983
7593997
7594003
7594009
7594021
7594049
7594057
7594079
7594123
7594141
7594157
7594159
7594183
7594193
7594199
7594207
7594241
7594253
7594271
7594283
7594289
7594337
7594339
7594397
7594399
7594403
7594441
7594453
7594481
7594487
7594501
7594513
7594519
7594537
7594541
7594567
7594571
7594603
7594619
7594627
7594663
7594667
7594673
7594681
7594687
7594693
7594709
7594751
7594759
7594771
7594787
7594819
7594841
7594859
7594861
7594877
7594901
7594913
7594933
7594943
7594949
7594957
7594973
7594997
7594999
7595017
7595023
7595033
7595057
7595087
7595089
7595111
7595113
7595123
7595131
7595167
7595173
7595179
7595183
7595191
7595207
7595227
7595239
7595251
7595281
7595309
7595333
7595339
7595351
7595353
7595369
7595387
7595407
7595411
7595429
7595443
7595453
7595461
7595473
7595479
7595491
7595519
7595557
7595561
7595569
7595587
7595629
7595633
7595639
7595657
7595663
7595671
7595677
7595761
7595813
7595827
7595843
7595849
7595867
7595873
7595881
7595891
7595909
7595927
7595969
7595971
7595977
7596007
7596011
7596019
7596031
7596041
7596047
7596091
7596097
7596107
7596139
7596157
7596203
7596217
7596221
7596227
7596241
7596247
7596283
7596299
7596313
7596341
7596343
7596373
7596377
7596383
7596397
7596431
7596443
7596451
7596473
7596493
7596497
7596541
7596551
7596553
7596557
7596571
7596577
7596583
7596587
7596593
7596607
7596613
7596619
7596623
7596629
7596653
7596691
7596697
7596703
7596727
7596731
7596733
7596769
7596779
7596791
7596793
7596833
7596839
7596851
7596857
7596859
7596887
7596937
7596947
7596983
7597003
7597021
7597027
7597039
7597049
7597067
7597069
7597081
7597087
7597091
7597097
7597133
7597141
7597157
7597171
7597189
7597211
7597231
7597273
7597277
7597301
7597309
7597313
7597327
7597339
7597349
7597357
7597393
7597399
7597411
7597417
7597427
7597433
7597441
7597459
7597481
7597483
7597493
7597501
7597531
7597537
7597547
7597553
7597561
7597631
7597643
7597651
7597661
7597717
7597729
7597753
7597757
7597763
7597769
7597823
7597829
7597847
7597859
7597873
7597901
7597949
7597951
7597979
7598033
7598047
7598051
7598053
7598077
7598083
7598089
7598111
7598113
7598117
7598159
7598179
7598189
7598191
7598219
7598231
7598237
7598249
7598251
7598263
7598287
7598323
7598341
7598359
7598389
7598399
7598411
7598429
7598447
7598453
7598467
7598477
7598483
7598501
7598509
7598519
7598531
7598543
7598593
7598597
7598599
7598611
7598621
7598641
7598681
7598687
7598693
7598699
7598707
7598741
7598749
7598753
7598771
7598797
7598827
7598837
7598839
7598849
7598863
7598867
7598869
7598873
7598893
7598959
7599029
7599037
7599041
7599043
7599047
7599049
7599071
7599079
7599091
7599121
7599127
7599143
7599157
7599161
7599167
7599169
7599173
7599181
7599191
7599203
7599239
7599257
7599281
7599283
7599287
7599301
7599311
7599313
7599337
7599349
7599367
7599379
7599401
7599413
7599419
7599451
7599457
7599481
7599497
7599509
7599533
7599539
7599551
7599577
7599593
7599607
7599623
7599661
7599673
7599707
7599749
7599751
7599773
7599793
7599797
7599817
7599841
7599847
7599857
7599859
7599871
7599887
7599919
7599941
7599971
7599989
7600013
7600031
7600039
7600067
7600069
7600079
7600093
7600141
7600157
7600163
7600169
7600181
7600183
7600193
7600199
7600217
7600231
7600259
7600273
7600277
7600289
7600297
7600303
7600319
7600331
7600339
7600357
7600391
7600403
7600421
7600423
7600427
7600433
7600451
7600459
7600469
7600471
7600499
7600517
7600543
7600561
7600573
7600597
7600601
7600613
7600631
7600633
7600667
7600727
7600729
7600757
7600771
7600777
7600781
7600807
7600811
7600829
7600837
7600843
7600849
7600861
7600883
7600907
7600913
7600927
7600933
7600973
7600991
7600993
7601039
There are 2098 prime numbers in S459.
