S46(74521~77832)
74521
74527
74531
74551
74561
74567
74573
74587
74597
74609
74611
74623
74653
74687
74699
74707
74713
74717
74719
74729
74731
74747
74759
74761
74771
74779
74797
74821
74827
74831
74843
74857
74861
74869
74873
74887
74891
74897
74903
74923
74929
74933
74941
74959
75011
75013
75017
75029
75037
75041
75079
75083
75109
75133
75149
75161
75167
75169
75181
75193
75209
75211
75217
75223
75227
75239
75253
75269
75277
75289
75307
75323
75329
75337
75347
75353
75367
75377
75389
75391
75401
75403
75407
75431
75437
75479
75503
75511
75521
75527
75533
75539
75541
75553
75557
75571
75577
75583
75611
75617
75619
75629
75641
75653
75659
75679
75683
75689
75703
75707
75709
75721
75731
75743
75767
75773
75781
75787
75793
75797
75821
75833
75853
75869
75883
75913
75931
75937
75941
75967
75979
75983
75989
75991
75997
76001
76003
76031
76039
76079
76081
76091
76099
76103
76123
76129
76147
76157
76159
76163
76207
76213
76231
76243
76249
76253
76259
76261
76283
76289
76303
76333
76343
76367
76369
76379
76387
76403
76421
76423
76441
76463
76471
76481
76487
76493
76507
76511
76519
76537
76541
76543
76561
76579
76597
76603
76607
76631
76649
76651
76667
76673
76679
76697
76717
76733
76753
76757
76771
76777
76781
76801
76819
76829
76831
76837
76847
76871
76873
76883
76907
76913
76919
76943
76949
76961
76963
76991
77003
77017
77023
77029
77041
77047
77069
77081
77093
77101
77137
77141
77153
77167
77171
77191
77201
77213
77237
77239
77243
77249
77261
77263
77267
77269
77279
77291
77317
77323
77339
77347
77351
77359
77369
77377
77383
77417
77419
77431
77447
77471
77477
77479
77489
77491
77509
77513
77521
77527
77543
77549
77551
77557
77563
77569
77573
77587
77591
77611
77617
77621
77641
77647
77659
77681
77687
77689
77699
77711
77713
77719
77723
77731
77743
77747
77761
77773
77783
77797
77801
77813
There are 300 prime numbers in S46.
