S460(7601041~7634160)
7601051
7601053
7601059
7601081
7601089
7601093
7601117
7601119
7601123
7601131
7601137
7601141
7601177
7601183
7601213
7601249
7601257
7601287
7601303
7601323
7601327
7601353
7601369
7601371
7601413
7601423
7601443
7601453
7601467
7601483
7601507
7601519
7601521
7601543
7601597
7601621
7601641
7601647
7601651
7601681
7601689
7601701
7601731
7601749
7601777
7601779
7601791
7601801
7601807
7601809
7601833
7601837
7601861
7601879
7601897
7601903
7601929
7601947
7601953
7601963
7601989
7602011
7602017
7602047
7602059
7602079
7602107
7602137
7602143
7602151
7602187
7602191
7602193
7602211
7602233
7602251
7602253
7602269
7602277
7602307
7602311
7602313
7602319
7602359
7602367
7602377
7602389
7602401
7602403
7602421
7602433
7602449
7602461
7602481
7602487
7602499
7602503
7602509
7602521
7602523
7602547
7602577
7602593
7602619
7602629
7602631
7602643
7602653
7602677
7602697
7602703
7602709
7602733
7602737
7602743
7602769
7602773
7602779
7602817
7602823
7602841
7602863
7602899
7602913
7602929
7602937
7602943
7602997
7603007
7603027
7603033
7603051
7603061
7603069
7603111
7603121
7603147
7603157
7603159
7603171
7603201
7603213
7603229
7603231
7603259
7603279
7603283
7603289
7603333
7603367
7603397
7603399
7603417
7603429
7603441
7603451
7603457
7603459
7603493
7603499
7603511
7603517
7603529
7603559
7603567
7603577
7603601
7603627
7603669
7603679
7603691
7603703
7603721
7603723
7603789
7603793
7603831
7603837
7603853
7603867
7603891
7603903
7603909
7603931
7603957
7603969
7603993
7603997
7604017
7604027
7604033
7604057
7604059
7604081
7604087
7604101
7604131
7604137
7604159
7604173
7604197
7604213
7604231
7604239
7604243
7604279
7604309
7604327
7604347
7604357
7604369
7604371
7604381
7604407
7604411
7604437
7604447
7604449
7604473
7604479
7604489
7604497
7604501
7604521
7604533
7604549
7604563
7604581
7604587
7604659
7604669
7604671
7604683
7604689
7604711
7604717
7604719
7604749
7604759
7604767
7604771
7604801
7604819
7604843
7604867
7604879
7604893
7604903
7604911
7604939
7604953
7604957
7604963
7604977
7604983
7604999
7605011
7605029
7605061
7605071
7605089
7605113
7605119
7605121
7605127
7605133
7605151
7605179
7605193
7605197
7605209
7605217
7605223
7605229
7605233
7605271
7605287
7605289
7605293
7605331
7605349
7605379
7605383
7605397
7605413
7605421
7605427
7605431
7605457
7605463
7605469
7605473
7605487
7605497
7605517
7605523
7605527
7605557
7605593
7605601
7605607
7605641
7605671
7605677
7605679
7605707
7605713
7605721
7605727
7605737
7605751
7605769
7605779
7605791
7605799
7605803
7605809
7605821
7605839
7605841
7605853
7605887
7605929
7605959
7605967
7605971
7606009
7606019
7606051
7606063
7606097
7606111
7606121
7606139
7606147
7606153
7606171
7606177
7606211
7606217
7606229
7606231
7606237
7606243
7606271
7606283
7606297
7606303
7606321
7606331
7606337
7606343
7606373
7606387
7606393
7606397
7606409
7606421
7606451
7606471
7606477
7606481
7606499
7606559
7606561
7606579
7606597
7606603
7606609
7606619
7606661
7606663
7606679
7606681
7606691
7606733
7606789
7606799
7606801
7606817
7606843
7606847
7606849
7606877
7606901
7606913
7606967
7606969
7606981
7606987
7607021
7607029
7607069
7607071
7607081
7607107
7607123
7607137
7607141
7607161
7607167
7607179
7607189
7607203
7607207
7607209
7607221
7607231
7607233
7607261
7607267
7607269
7607291
7607293
7607297
7607317
7607357
7607359
7607363
7607387
7607393
7607417
7607423
7607441
7607443
7607447
7607489
7607491
7607497
7607507
7607521
7607527
7607557
7607627
7607629
7607669
7607671
7607693
7607701
7607707
7607729
7607753
7607759
7607777
7607813
7607827
7607839
7607849
7607869
7607879
7607881
7607893
7607909
7607911
7607921
7607933
7607939
7607983
7608017
7608043
7608049
7608053
7608077
7608079
7608131
7608143
7608157
7608169
7608187
7608221
7608233
7608241
7608257
7608259
7608269
7608281
7608311
7608323
7608371
7608383
7608409
7608413
7608427
7608439
7608457
7608467
7608473
7608487
7608499
7608509
7608511
7608529
7608551
7608553
7608577
7608589
7608599
7608613
7608631
7608641
7608649
7608659
7608661
7608703
7608709
7608719
7608737
7608743
7608749
7608751
7608761
7608773
7608779
7608793
7608829
7608833
7608841
7608847
7608851
7608889
7608901
7608907
7608941
7608943
7608947
7608973
7608977
7609001
7609031
7609033
7609039
7609057
7609073
7609099
7609103
7609153
7609193
7609207
7609211
7609213
7609219
7609241
7609243
7609271
7609279
7609321
7609333
7609337
7609373
7609417
7609423
7609451
7609453
7609463
7609471
7609487
7609493
7609501
7609529
7609541
7609543
7609577
7609607
7609627
7609639
7609649
7609661
7609669
7609673
7609681
7609691
7609699
7609769
7609781
7609799
7609807
7609813
7609831
7609837
7609841
7609843
7609871
7609891
7609907
7609909
7609957
7609963
7610003
7610039
7610041
7610063
7610077
7610081
7610107
7610117
7610129
7610131
7610143
7610179
7610189
7610201
7610231
7610243
7610257
7610293
7610303
7610311
7610333
7610341
7610347
7610359
7610363
7610371
7610377
7610387
7610399
7610459
7610483
7610497
7610501
7610503
7610513
7610521
7610563
7610573
7610599
7610609
7610627
7610639
7610651
7610671
7610689
7610693
7610741
7610749
7610783
7610807
7610809
7610819
7610821
7610839
7610843
7610857
7610873
7610879
7610921
7610923
7610927
7610929
7610947
7610971
7610989
7611007
7611041
7611047
7611061
7611101
7611113
7611119
7611127
7611139
7611157
7611161
7611167
7611169
7611179
7611187
7611209
7611211
7611217
7611239
7611269
7611283
7611287
7611293
7611313
7611353
7611371
7611377
7611379
7611389
7611407
7611421
7611431
7611437
7611449
7611463
7611469
7611479
7611497
7611521
7611553
7611557
7611581
7611589
7611607
7611613
7611661
7611673
7611713
7611719
7611743
7611787
7611809
7611823
7611841
7611853
7611859
7611889
7611917
7611931
7611941
7611977
7611997
7612037
7612043
7612049
7612051
7612063
7612079
7612091
7612097
7612117
7612127
7612153
7612169
7612193
7612201
7612207
7612211
7612219
7612223
7612229
7612273
7612289
7612291
7612307
7612313
7612321
7612327
7612351
7612399
7612403
7612427
7612441
7612457
7612469
7612487
7612489
7612531
7612537
7612547
7612601
7612603
7612621
7612643
7612663
7612723
7612727
7612751
7612769
7612771
7612777
7612783
7612789
7612799
7612831
7612837
7612841
7612859
7612873
7612879
7612883
7612897
7612903
7612907
7612909
7612937
7612961
7612963
7612981
7612987
7613017
7613033
7613057
7613063
7613071
7613101
7613131
7613141
7613147
7613153
7613159
7613171
7613209
7613233
7613251
7613261
7613267
7613273
7613329
7613339
7613369
7613377
7613381
7613387
7613461
7613497
7613519
7613533
7613539
7613579
7613581
7613629
7613647
7613651
7613653
7613677
7613701
7613707
7613717
7613719
7613729
7613779
7613791
7613797
7613803
7613819
7613831
7613843
7613849
7613867
7613923
7613981
7613999
7614007
7614017
7614067
7614071
7614083
7614091
7614097
7614107
7614121
7614137
7614143
7614163
7614169
7614179
7614197
7614199
7614223
7614239
7614259
7614263
7614293
7614331
7614361
7614371
7614391
7614401
7614427
7614433
7614463
7614469
7614493
7614511
7614527
7614547
7614553
7614571
7614601
7614613
7614619
7614647
7614661
7614667
7614683
7614689
7614697
7614701
7614707
7614709
7614773
7614811
7614833
7614847
7614911
7614947
7614967
7614983
7615009
7615037
7615039
7615043
7615051
7615061
7615073
7615079
7615103
7615109
7615123
7615147
7615159
7615163
7615177
7615187
7615207
7615211
7615249
7615261
7615319
7615331
7615351
7615357
7615379
7615417
7615441
7615459
7615471
7615477
7615481
7615483
7615519
7615547
7615549
7615571
7615577
7615583
7615589
7615607
7615649
7615669
7615697
7615723
7615733
7615757
7615759
7615763
7615781
7615807
7615877
7615879
7615931
7615961
7615963
7615981
7615991
7615999
7616003
7616027
7616039
7616041
7616053
7616057
7616069
7616123
7616137
7616143
7616179
7616233
7616239
7616249
7616261
7616263
7616267
7616281
7616291
7616293
7616333
7616347
7616377
7616393
7616407
7616423
7616431
7616443
7616489
7616503
7616509
7616513
7616533
7616551
7616563
7616573
7616599
7616621
7616659
7616677
7616689
7616699
7616711
7616717
7616729
7616737
7616767
7616771
7616797
7616803
7616831
7616837
7616839
7616863
7616881
7616897
7616899
7616911
7616923
7616957
7616963
7616971
7616981
7616989
7617007
7617019
7617031
7617047
7617083
7617091
7617109
7617133
7617143
7617151
7617161
7617179
7617191
7617199
7617221
7617251
7617263
7617277
7617283
7617293
7617299
7617317
7617341
7617353
7617359
7617361
7617367
7617397
7617403
7617419
7617427
7617433
7617451
7617473
7617503
7617509
7617527
7617529
7617553
7617557
7617559
7617563
7617569
7617583
7617593
7617601
7617607
7617679
7617697
7617719
7617763
7617773
7617809
7617829
7617851
7617859
7617877
7617881
7617889
7617913
7617931
7617941
7617947
7617949
7617959
7617977
7618001
7618003
7618019
7618027
7618073
7618103
7618147
7618151
7618153
7618201
7618211
7618217
7618223
7618231
7618241
7618243
7618249
7618301
7618319
7618327
7618357
7618367
7618381
7618393
7618399
7618409
7618423
7618427
7618441
7618447
7618459
7618517
7618537
7618547
7618549
7618607
7618609
7618613
7618621
7618649
7618651
7618657
7618679
7618687
7618691
7618711
7618757
7618769
7618789
7618811
7618823
7618859
7618861
7618883
7618889
7618913
7618921
7618927
7618931
7618951
7618969
7618973
7619011
7619021
7619047
7619069
7619089
7619099
7619107
7619119
7619147
7619167
7619177
7619191
7619197
7619207
7619237
7619263
7619267
7619291
7619321
7619329
7619341
7619357
7619377
7619389
7619393
7619411
7619419
7619473
7619497
7619503
7619527
7619533
7619537
7619543
7619581
7619597
7619603
7619609
7619617
7619653
7619659
7619683
7619699
7619713
7619747
7619749
7619753
7619767
7619771
7619783
7619789
7619797
7619827
7619839
7619861
7619867
7619881
7619897
7619903
7619917
7619921
7619999
7620013
7620023
7620049
7620101
7620143
7620161
7620167
7620169
7620191
7620227
7620241
7620247
7620259
7620271
7620289
7620293
7620323
7620329
7620343
7620373
7620391
7620407
7620421
7620427
7620443
7620449
7620461
7620469
7620491
7620497
7620523
7620527
7620541
7620559
7620593
7620619
7620671
7620673
7620677
7620703
7620733
7620737
7620749
7620757
7620787
7620839
7620863
7620869
7620871
7620883
7620887
7620911
7620931
7620941
7620959
7620979
7621037
7621043
7621057
7621079
7621087
7621093
7621099
7621111
7621123
7621177
7621181
7621189
7621213
7621217
7621249
7621259
7621399
7621409
7621417
7621421
7621433
7621463
7621483
7621507
7621513
7621517
7621541
7621543
7621547
7621573
7621583
7621609
7621619
7621633
7621639
7621643
7621673
7621681
7621687
7621703
7621723
7621759
7621769
7621799
7621813
7621837
7621843
7621883
7621891
7621903
7621909
7621919
7621927
7621961
7621981
7621997
7622053
7622057
7622081
7622093
7622101
7622113
7622123
7622141
7622143
7622179
7622201
7622203
7622213
7622231
7622257
7622267
7622281
7622291
7622317
7622339
7622353
7622371
7622399
7622411
7622423
7622429
7622431
7622449
7622491
7622519
7622561
7622581
7622611
7622617
7622627
7622633
7622639
7622663
7622669
7622677
7622689
7622711
7622717
7622731
7622753
7622767
7622779
7622837
7622863
7622873
7622891
7622897
7622917
7622941
7622983
7623013
7623017
7623023
7623029
7623037
7623067
7623079
7623101
7623107
7623113
7623127
7623137
7623163
7623167
7623173
7623197
7623211
7623227
7623229
7623247
7623251
7623257
7623269
7623271
7623289
7623311
7623323
7623337
7623349
7623359
7623367
7623377
7623397
7623403
7623409
7623437
7623439
7623457
7623479
7623481
7623493
7623523
7623529
7623559
7623589
7623593
7623611
7623619
7623647
7623653
7623661
7623689
7623709
7623713
7623727
7623779
7623809
7623817
7623851
7623859
7623893
7623899
7623907
7623911
7623919
7623929
7623947
7623953
7623977
7623983
7624003
7624009
7624021
7624027
7624033
7624037
7624061
7624081
7624087
7624091
7624093
7624117
7624121
7624139
7624151
7624189
7624217
7624219
7624229
7624231
7624241
7624261
7624271
7624273
7624277
7624291
7624307
7624327
7624333
7624349
7624403
7624411
7624423
7624427
7624429
7624433
7624439
7624457
7624471
7624531
7624537
7624549
7624559
7624571
7624577
7624579
7624597
7624601
7624607
7624609
7624613
7624649
7624657
7624663
7624679
7624691
7624711
7624723
7624733
7624741
7624759
7624769
7624783
7624807
7624819
7624829
7624831
7624847
7624861
7624867
7624873
7624913
7624919
7624921
7624931
7624949
7624957
7624963
7624973
7625003
7625011
7625017
7625021
7625041
7625077
7625089
7625113
7625119
7625143
7625171
7625209
7625227
7625249
7625257
7625273
7625281
7625291
7625297
7625309
7625323
7625339
7625341
7625357
7625363
7625369
7625377
7625389
7625393
7625417
7625419
7625437
7625477
7625483
7625509
7625543
7625551
7625561
7625591
7625599
7625603
7625617
7625621
7625677
7625687
7625689
7625699
7625701
7625729
7625731
7625743
7625747
7625771
7625777
7625789
7625801
7625819
7625837
7625851
7625867
7625899
7625923
7625939
7625941
7625951
7625987
7626023
7626029
7626061
7626071
7626077
7626083
7626097
7626119
7626127
7626137
7626139
7626167
7626197
7626221
7626233
7626247
7626253
7626259
7626299
7626301
7626313
7626337
7626349
7626371
7626373
7626397
7626401
7626407
7626413
7626469
7626473
7626481
7626503
7626511
7626539
7626559
7626569
7626583
7626587
7626599
7626601
7626613
7626629
7626631
7626637
7626649
7626667
7626691
7626701
7626719
7626721
7626743
7626757
7626763
7626793
7626799
7626803
7626833
7626851
7626881
7626887
7626889
7626893
7626901
7626929
7626947
7626959
7626977
7626979
7626991
7627003
7627021
7627027
7627063
7627091
7627093
7627111
7627121
7627127
7627129
7627141
7627153
7627157
7627187
7627199
7627223
7627229
7627231
7627241
7627247
7627273
7627289
7627307
7627309
7627327
7627331
7627351
7627357
7627381
7627393
7627423
7627429
7627447
7627453
7627523
7627537
7627541
7627547
7627549
7627573
7627589
7627591
7627597
7627603
7627619
7627637
7627649
7627663
7627691
7627703
7627717
7627729
7627733
7627751
7627799
7627811
7627817
7627819
7627831
7627847
7627853
7627889
7627913
7627931
7627943
7627969
7627979
7627981
7628011
7628021
7628039
7628041
7628069
7628081
7628083
7628107
7628113
7628119
7628129
7628143
7628171
7628183
7628191
7628197
7628209
7628221
7628251
7628293
7628317
7628321
7628323
7628333
7628339
7628347
7628377
7628389
7628399
7628407
7628417
7628437
7628441
7628471
7628483
7628497
7628513
7628521
7628527
7628561
7628567
7628581
7628591
7628603
7628609
7628627
7628629
7628657
7628659
7628681
7628689
7628717
7628723
7628741
7628773
7628807
7628809
7628837
7628839
7628867
7628897
7628909
7628917
7628927
7628947
7628963
7628981
7628987
7629029
7629043
7629071
7629079
7629091
7629121
7629133
7629137
7629143
7629161
7629173
7629179
7629187
7629197
7629199
7629217
7629221
7629263
7629283
7629299
7629301
7629329
7629359
7629371
7629487
7629493
7629497
7629521
7629527
7629529
7629539
7629547
7629569
7629607
7629623
7629631
7629637
7629683
7629691
7629701
7629707
7629737
7629749
7629757
7629781
7629799
7629841
7629847
7629851
7629863
7629883
7629901
7629911
7629913
7629917
7629949
7629959
7629961
7629967
7629983
7629989
7630009
7630019
7630037
7630067
7630069
7630079
7630081
7630087
7630111
7630159
7630163
7630171
7630199
7630201
7630211
7630213
7630241
7630243
7630253
7630261
7630279
7630289
7630291
7630303
7630321
7630333
7630349
7630367
7630369
7630379
7630421
7630423
7630453
7630459
7630477
7630487
7630499
7630523
7630559
7630573
7630577
7630589
7630607
7630613
7630639
7630643
7630657
7630663
7630669
7630709
7630717
7630751
7630757
7630789
7630793
7630811
7630813
7630817
7630829
7630849
7630891
7630901
7630907
7630921
7630927
7630939
7630979
7630999
7631021
7631051
7631077
7631083
7631123
7631131
7631149
7631191
7631209
7631231
7631251
7631279
7631329
7631341
7631357
7631359
7631381
7631383
7631387
7631401
7631411
7631441
7631461
7631489
7631537
7631551
7631563
7631567
7631581
7631599
7631609
7631633
7631641
7631677
7631693
7631737
7631761
7631779
7631783
7631801
7631803
7631831
7631851
7631857
7631881
7631891
7631909
7631917
7631951
7631957
7631969
7631971
7631999
7632007
7632011
7632013
7632043
7632047
7632049
7632059
7632083
7632089
7632143
7632151
7632161
7632179
7632187
7632211
7632217
7632221
7632239
7632253
7632263
7632271
7632311
7632329
7632347
7632353
7632367
7632379
7632467
7632487
7632497
7632511
7632517
7632533
7632563
7632593
7632607
7632613
7632617
7632641
7632649
7632673
7632679
7632697
7632701
7632719
7632721
7632731
7632733
7632791
7632797
7632809
7632817
7632853
7632871
7632883
7632971
7633009
7633039
7633091
7633103
7633111
7633123
7633147
7633163
7633181
7633237
7633253
7633259
7633267
7633291
7633303
7633321
7633337
7633349
7633363
7633369
7633393
7633399
7633429
7633469
7633499
7633517
7633519
7633523
7633531
7633541
7633543
7633547
7633559
7633567
7633579
7633603
7633621
7633627
7633679
7633733
7633751
7633753
7633793
7633807
7633817
7633819
7633841
7633859
7633897
7633903
7633909
7633921
7633937
7633939
7633949
7633957
7633963
7633979
7633981
7633987
7634009
7634021
7634027
7634041
7634057
7634083
7634087
7634093
7634111
7634113
7634119
7634131
7634147
7634149
There are 2103 prime numbers in S460.
