S461(7634161~7667352)
7634161
7634189
7634203
7634243
7634281
7634293
7634299
7634327
7634353
7634357
7634359
7634369
7634381
7634387
7634437
7634441
7634443
7634467
7634477
7634519
7634527
7634537
7634563
7634567
7634573
7634593
7634603
7634623
7634629
7634647
7634657
7634677
7634681
7634719
7634723
7634729
7634741
7634749
7634807
7634831
7634849
7634863
7634867
7634899
7634911
7634923
7634927
7634929
7634933
7634953
7634969
7634993
7634999
7635029
7635031
7635049
7635053
7635059
7635077
7635079
7635101
7635139
7635151
7635157
7635167
7635179
7635181
7635191
7635217
7635223
7635239
7635259
7635263
7635281
7635293
7635311
7635317
7635319
7635337
7635343
7635347
7635349
7635377
7635391
7635403
7635443
7635449
7635461
7635469
7635491
7635503
7635539
7635557
7635583
7635619
7635629
7635631
7635647
7635689
7635697
7635707
7635757
7635773
7635779
7635781
7635791
7635809
7635821
7635857
7635899
7635911
7635959
7635973
7635997
7636003
7636007
7636021
7636037
7636049
7636051
7636067
7636073
7636093
7636099
7636117
7636133
7636147
7636159
7636177
7636229
7636267
7636273
7636303
7636313
7636331
7636337
7636339
7636351
7636357
7636361
7636379
7636381
7636397
7636403
7636411
7636441
7636477
7636481
7636487
7636493
7636511
7636561
7636579
7636583
7636597
7636627
7636661
7636663
7636669
7636703
7636709
7636721
7636751
7636771
7636777
7636781
7636787
7636789
7636793
7636807
7636813
7636829
7636873
7636931
7636949
7636957
7636963
7636997
7636999
7637011
7637033
7637053
7637057
7637083
7637093
7637117
7637143
7637153
7637197
7637213
7637243
7637249
7637251
7637291
7637323
7637327
7637341
7637351
7637363
7637381
7637401
7637407
7637419
7637423
7637447
7637467
7637473
7637477
7637533
7637537
7637543
7637549
7637551
7637561
7637569
7637599
7637611
7637629
7637647
7637659
7637681
7637711
7637719
7637741
7637779
7637797
7637803
7637807
7637813
7637827
7637831
7637857
7637941
7637953
7637969
7637977
7638011
7638023
7638031
7638053
7638061
7638073
7638077
7638089
7638143
7638149
7638167
7638173
7638227
7638229
7638233
7638269
7638271
7638283
7638289
7638313
7638331
7638347
7638373
7638383
7638401
7638403
7638473
7638497
7638503
7638509
7638517
7638523
7638541
7638557
7638569
7638577
7638601
7638619
7638641
7638643
7638689
7638707
7638721
7638727
7638733
7638767
7638773
7638791
7638823
7638853
7638859
7638877
7638881
7638889
7638901
7638929
7638937
7638941
7638947
7638949
7638971
7638973
7638979
7638991
7639031
7639067
7639111
7639117
7639123
7639127
7639147
7639153
7639189
7639193
7639199
7639217
7639249
7639253
7639259
7639271
7639277
7639283
7639297
7639309
7639319
7639327
7639339
7639363
7639369
7639397
7639399
7639417
7639421
7639433
7639439
7639481
7639487
7639549
7639573
7639589
7639601
7639603
7639607
7639633
7639637
7639663
7639699
7639717
7639721
7639727
7639739
7639759
7639771
7639799
7639831
7639859
7639873
7639883
7639913
7639921
7639927
7639993
7639997
7639999
7640023
7640029
7640047
7640053
7640069
7640131
7640141
7640161
7640173
7640177
7640183
7640219
7640221
7640249
7640263
7640279
7640287
7640329
7640333
7640341
7640351
7640357
7640359
7640363
7640371
7640377
7640411
7640419
7640443
7640453
7640471
7640483
7640519
7640579
7640617
7640621
7640681
7640683
7640707
7640723
7640749
7640767
7640771
7640777
7640821
7640827
7640861
7640873
7640879
7640887
7640903
7640909
7640929
7640933
7640987
7640989
7640993
7640999
7641001
7641013
7641017
7641061
7641071
7641077
7641079
7641103
7641107
7641113
7641121
7641131
7641133
7641197
7641223
7641241
7641251
7641253
7641259
7641281
7641289
7641311
7641317
7641323
7641329
7641341
7641353
7641367
7641371
7641373
7641377
7641379
7641383
7641427
7641437
7641461
7641479
7641493
7641509
7641511
7641527
7641533
7641611
7641637
7641649
7641671
7641677
7641679
7641691
7641709
7641737
7641791
7641793
7641811
7641817
7641839
7641847
7641863
7641883
7641913
7641923
7641937
7641941
7641947
7641961
7641967
7641973
7641979
7641983
7641989
7642007
7642013
7642039
7642043
7642069
7642111
7642121
7642127
7642133
7642139
7642157
7642169
7642171
7642181
7642183
7642241
7642249
7642253
7642267
7642273
7642301
7642321
7642331
7642343
7642361
7642373
7642403
7642487
7642493
7642499
7642501
7642513
7642543
7642561
7642567
7642577
7642619
7642627
7642669
7642681
7642711
7642729
7642781
7642783
7642787
7642813
7642829
7642837
7642847
7642849
7642853
7642861
7642867
7642871
7642913
7642931
7642939
7642963
7643017
7643021
7643023
7643029
7643033
7643039
7643057
7643059
7643063
7643123
7643131
7643137
7643161
7643191
7643197
7643203
7643213
7643219
7643227
7643249
7643257
7643287
7643297
7643347
7643351
7643357
7643359
7643371
7643381
7643393
7643399
7643411
7643413
7643417
7643431
7643473
7643533
7643539
7643543
7643549
7643593
7643609
7643621
7643633
7643663
7643677
7643683
7643687
7643707
7643717
7643731
7643737
7643747
7643767
7643807
7643813
7643827
7643861
7643869
7643873
7643879
7643893
7643899
7643927
7643953
7643957
7643959
7643969
7644001
7644017
7644019
7644029
7644037
7644041
7644047
7644053
7644059
7644071
7644079
7644083
7644103
7644107
7644157
7644167
7644193
7644199
7644223
7644229
7644253
7644269
7644281
7644293
7644317
7644347
7644353
7644367
7644389
7644391
7644421
7644431
7644433
7644443
7644449
7644467
7644493
7644521
7644523
7644529
7644541
7644547
7644551
7644587
7644599
7644601
7644617
7644653
7644709
7644739
7644797
7644799
7644803
7644823
7644853
7644887
7644899
7644907
7644913
7644919
7644937
7644953
7644961
7644991
7644997
7645007
7645061
7645073
7645117
7645159
7645171
7645219
7645237
7645283
7645289
7645301
7645307
7645327
7645331
7645333
7645343
7645387
7645403
7645411
7645423
7645433
7645447
7645483
7645487
7645489
7645501
7645507
7645513
7645523
7645577
7645579
7645601
7645607
7645661
7645663
7645667
7645669
7645681
7645691
7645697
7645709
7645739
7645753
7645783
7645789
7645817
7645837
7645843
7645853
7645861
7645889
7645909
7645943
7645951
7645991
7645997
7646011
7646017
7646027
7646029
7646033
7646047
7646059
7646071
7646083
7646099
7646117
7646123
7646129
7646137
7646147
7646153
7646179
7646183
7646201
7646231
7646263
7646273
7646279
7646293
7646297
7646299
7646321
7646323
7646329
7646351
7646369
7646393
7646423
7646437
7646453
7646461
7646473
7646479
7646497
7646501
7646503
7646519
7646567
7646581
7646621
7646641
7646659
7646663
7646671
7646687
7646699
7646711
7646729
7646731
7646747
7646761
7646789
7646803
7646831
7646843
7646861
7646887
7646897
7646909
7646921
7646953
7646959
7646993
7647001
7647019
7647023
7647037
7647061
7647071
7647091
7647103
7647131
7647149
7647151
7647181
7647191
7647193
7647221
7647223
7647259
7647319
7647337
7647347
7647373
7647377
7647379
7647391
7647427
7647439
7647457
7647461
7647463
7647469
7647487
7647491
7647499
7647517
7647527
7647539
7647571
7647583
7647587
7647589
7647599
7647613
7647617
7647643
7647659
7647667
7647683
7647691
7647701
7647733
7647743
7647749
7647763
7647781
7647791
7647839
7647877
7647881
7647883
7647889
7647901
7647923
7647931
7647949
7647973
7647989
7648001
7648009
7648019
7648027
7648031
7648057
7648061
7648073
7648093
7648097
7648163
7648171
7648177
7648183
7648211
7648217
7648219
7648237
7648243
7648261
7648309
7648313
7648327
7648331
7648337
7648343
7648349
7648369
7648387
7648391
7648411
7648439
7648441
7648447
7648463
7648481
7648493
7648499
7648513
7648523
7648549
7648559
7648609
7648633
7648637
7648643
7648649
7648687
7648703
7648727
7648747
7648757
7648763
7648777
7648789
7648813
7648841
7648843
7648871
7648877
7648891
7648897
7648913
7648931
7648939
7648943
7648951
7648967
7648981
7648987
7649003
7649009
7649021
7649023
7649029
7649063
7649071
7649113
7649137
7649143
7649177
7649209
7649231
7649237
7649249
7649251
7649261
7649263
7649273
7649311
7649347
7649353
7649377
7649393
7649413
7649431
7649443
7649449
7649459
7649471
7649479
7649489
7649513
7649539
7649557
7649561
7649567
7649573
7649599
7649617
7649641
7649651
7649671
7649689
7649693
7649737
7649749
7649783
7649791
7649797
7649801
7649833
7649849
7649867
7649879
7649893
7649897
7649899
7649933
7649953
7649959
7649969
7649977
7650011
7650023
7650031
7650047
7650077
7650121
7650197
7650199
7650239
7650241
7650257
7650263
7650277
7650299
7650301
7650311
7650317
7650319
7650337
7650343
7650347
7650361
7650367
7650373
7650389
7650413
7650451
7650457
7650479
7650499
7650541
7650547
7650551
7650553
7650563
7650593
7650611
7650623
7650631
7650647
7650653
7650683
7650701
7650719
7650733
7650739
7650757
7650761
7650763
7650791
7650817
7650827
7650847
7650883
7650917
7650919
7650941
7650949
7650959
7650961
7651009
7651013
7651043
7651073
7651087
7651093
7651097
7651103
7651121
7651151
7651153
7651159
7651187
7651211
7651219
7651261
7651277
7651289
7651339
7651373
7651403
7651421
7651477
7651499
7651507
7651517
7651529
7651537
7651541
7651559
7651573
7651591
7651603
7651607
7651613
7651619
7651627
7651639
7651643
7651673
7651681
7651723
7651739
7651747
7651753
7651759
7651771
7651783
7651793
7651817
7651829
7651849
7651867
7651873
7651879
7651907
7651913
7651949
7651951
7651961
7651993
7651999
7652011
7652017
7652053
7652059
7652083
7652111
7652119
7652129
7652171
7652189
7652191
7652207
7652213
7652219
7652251
7652273
7652287
7652291
7652297
7652321
7652347
7652357
7652369
7652387
7652401
7652413
7652417
7652423
7652453
7652471
7652483
7652501
7652503
7652509
7652521
7652531
7652543
7652551
7652569
7652641
7652647
7652657
7652677
7652693
7652717
7652731
7652761
7652779
7652783
7652819
7652837
7652857
7652863
7652881
7652891
7652917
7652921
7652929
7652947
7652959
7652977
7652987
7652989
7653007
7653017
7653031
7653047
7653049
7653053
7653083
7653091
7653103
7653119
7653157
7653193
7653211
7653229
7653251
7653259
7653263
7653271
7653277
7653293
7653299
7653301
7653307
7653313
7653323
7653329
7653353
7653367
7653391
7653403
7653427
7653431
7653439
7653449
7653467
7653509
7653517
7653533
7653551
7653557
7653577
7653601
7653623
7653631
7653649
7653661
7653671
7653673
7653691
7653697
7653707
7653727
7653749
7653761
7653781
7653797
7653799
7653803
7653847
7653901
7653953
7653959
7653967
7654001
7654007
7654019
7654037
7654051
7654067
7654069
7654081
7654109
7654121
7654133
7654139
7654189
7654211
7654217
7654223
7654237
7654243
7654253
7654259
7654271
7654277
7654291
7654319
7654337
7654349
7654357
7654363
7654379
7654391
7654399
7654411
7654429
7654441
7654457
7654477
7654481
7654499
7654513
7654529
7654541
7654567
7654571
7654627
7654649
7654679
7654681
7654687
7654693
7654697
7654729
7654763
7654769
7654771
7654781
7654793
7654807
7654813
7654831
7654847
7654859
7654873
7654897
7654901
7654909
7654919
7654939
7654973
7655003
7655017
7655023
7655027
7655051
7655057
7655071
7655107
7655183
7655201
7655203
7655213
7655227
7655231
7655237
7655239
7655257
7655273
7655279
7655281
7655299
7655303
7655311
7655341
7655363
7655369
7655377
7655381
7655383
7655387
7655413
7655429
7655443
7655467
7655489
7655503
7655519
7655521
7655533
7655569
7655579
7655587
7655597
7655611
7655639
7655647
7655657
7655693
7655701
7655719
7655723
7655737
7655759
7655761
7655777
7655779
7655789
7655801
7655821
7655839
7655881
7655891
7655897
7655939
7655953
7656007
7656041
7656043
7656059
7656073
7656097
7656109
7656133
7656149
7656161
7656211
7656247
7656281
7656301
7656323
7656331
7656379
7656413
7656431
7656437
7656457
7656469
7656497
7656499
7656527
7656529
7656533
7656577
7656589
7656611
7656619
7656637
7656641
7656643
7656653
7656661
7656673
7656679
7656689
7656697
7656713
7656731
7656763
7656787
7656809
7656821
7656823
7656839
7656863
7656877
7656893
7656931
7656941
7656947
7656949
7656959
7656989
7656991
7657003
7657007
7657009
7657049
7657061
7657103
7657109
7657121
7657127
7657159
7657253
7657271
7657289
7657291
7657297
7657303
7657313
7657333
7657339
7657357
7657379
7657423
7657427
7657511
7657519
7657523
7657541
7657543
7657561
7657571
7657579
7657591
7657607
7657609
7657613
7657679
7657687
7657691
7657709
7657717
7657721
7657723
7657751
7657777
7657789
7657807
7657813
7657831
7657841
7657849
7657861
7657877
7657891
7657901
7657907
7657933
7657963
7657967
7657987
7657997
7658009
7658017
7658071
7658081
7658087
7658089
7658099
7658113
7658137
7658173
7658201
7658207
7658213
7658237
7658249
7658269
7658281
7658293
7658309
7658317
7658323
7658351
7658363
7658369
7658383
7658393
7658401
7658419
7658459
7658461
7658467
7658473
7658491
7658507
7658531
7658579
7658587
7658591
7658597
7658621
7658627
7658633
7658641
7658647
7658657
7658663
7658669
7658671
7658681
7658683
7658689
7658713
7658723
7658737
7658743
7658779
7658831
7658867
7658869
7658879
7658899
7658921
7658927
7658933
7658939
7658947
7658951
7658969
7659011
7659013
7659017
7659019
7659053
7659059
7659079
7659097
7659101
7659107
7659137
7659143
7659149
7659187
7659199
7659209
7659227
7659241
7659247
7659257
7659271
7659283
7659329
7659341
7659347
7659361
7659383
7659403
7659419
7659427
7659467
7659493
7659499
7659517
7659521
7659541
7659563
7659569
7659577
7659581
7659583
7659599
7659601
7659611
7659623
7659647
7659721
7659727
7659737
7659749
7659787
7659791
7659803
7659811
7659853
7659887
7659889
7659893
7659901
7659917
7659923
7659929
7659937
7659991
7659997
7660001
7660027
7660039
7660057
7660061
7660067
7660087
7660099
7660129
7660139
7660181
7660199
7660207
7660223
7660231
7660243
7660271
7660291
7660297
7660307
7660309
7660339
7660349
7660361
7660397
7660409
7660417
7660423
7660427
7660459
7660469
7660507
7660529
7660531
7660559
7660561
7660573
7660589
7660603
7660607
7660621
7660643
7660649
7660699
7660703
7660711
7660717
7660721
7660729
7660747
7660753
7660787
7660801
7660811
7660823
7660841
7660871
7660883
7660889
7660907
7660921
7660943
7660957
7660969
7660993
7661029
7661039
7661053
7661057
7661077
7661081
7661083
7661089
7661099
7661111
7661119
7661189
7661197
7661207
7661221
7661233
7661239
7661279
7661281
7661293
7661299
7661317
7661321
7661333
7661347
7661393
7661399
7661411
7661471
7661473
7661483
7661491
7661497
7661531
7661567
7661581
7661603
7661639
7661663
7661671
7661677
7661707
7661723
7661741
7661749
7661777
7661789
7661803
7661821
7661827
7661831
7661833
7661837
7661851
7661881
7661897
7661903
7661939
7661947
7661963
7661981
7661989
7661993
7662001
7662023
7662029
7662047
7662077
7662079
7662089
7662091
7662103
7662139
7662143
7662169
7662173
7662211
7662217
7662227
7662241
7662247
7662307
7662313
7662329
7662331
7662337
7662353
7662371
7662397
7662401
7662407
7662419
7662433
7662451
7662463
7662469
7662481
7662493
7662517
7662617
7662619
7662647
7662659
7662667
7662701
7662751
7662761
7662773
7662803
7662827
7662847
7662877
7662913
7662917
7662929
7662961
7663009
7663049
7663063
7663069
7663081
7663087
7663093
7663109
7663127
7663133
7663147
7663153
7663157
7663171
7663177
7663189
7663193
7663207
7663211
7663223
7663241
7663261
7663267
7663273
7663283
7663297
7663319
7663343
7663349
7663361
7663367
7663373
7663387
7663399
7663421
7663427
7663459
7663471
7663489
7663499
7663501
7663507
7663529
7663567
7663633
7663637
7663693
7663697
7663709
7663729
7663739
7663741
7663751
7663769
7663781
7663793
7663813
7663823
7663829
7663871
7663907
7663927
7663951
7663967
7663969
7663993
7664009
7664021
7664023
7664029
7664047
7664053
7664077
7664123
7664147
7664177
7664179
7664203
7664219
7664227
7664231
7664249
7664273
7664281
7664309
7664311
7664329
7664341
7664351
7664357
7664369
7664407
7664453
7664477
7664483
7664507
7664519
7664537
7664549
7664551
7664557
7664561
7664563
7664597
7664611
7664627
7664633
7664641
7664651
7664653
7664669
7664687
7664717
7664737
7664753
7664791
7664803
7664821
7664849
7664851
7664863
7664873
7664887
7664929
7664933
7664939
7664953
7664963
7664971
7664983
7665017
7665023
7665061
7665071
7665083
7665101
7665107
7665127
7665131
7665143
7665149
7665167
7665191
7665197
7665239
7665247
7665257
7665271
7665311
7665313
7665347
7665353
7665389
7665397
7665407
7665431
7665439
7665451
7665461
7665491
7665503
7665517
7665527
7665533
7665547
7665557
7665571
7665583
7665613
7665641
7665667
7665703
7665731
7665733
7665737
7665743
7665751
7665769
7665781
7665787
7665821
7665829
7665851
7665859
7665863
7665881
7665899
7665907
7665913
7665953
7665967
7665979
7666003
7666013
7666027
7666037
7666039
7666069
7666091
7666093
7666103
7666117
7666151
7666157
7666159
7666163
7666171
7666181
7666213
7666247
7666249
7666261
7666273
7666277
7666279
7666313
7666333
7666349
7666357
7666381
7666409
7666423
7666433
7666453
7666459
7666487
7666493
7666501
7666531
7666543
7666553
7666559
7666573
7666583
7666591
7666597
7666619
7666621
7666639
7666661
7666667
7666669
7666693
7666699
7666717
7666741
7666787
7666819
7666849
7666853
7666859
7666903
7666909
7666913
7666973
7666993
7666999
7667003
7667021
7667047
7667053
7667057
7667069
7667111
7667113
7667129
7667147
7667159
7667173
7667183
7667207
7667237
7667243
7667267
7667269
7667293
7667329
7667333
There are 2093 prime numbers in S461.
