S462(7667353~7700616)
7667377
7667381
7667383
7667417
7667449
7667453
7667461
7667467
7667477
7667483
7667519
7667531
7667537
7667551
7667567
7667599
7667603
7667609
7667641
7667651
7667677
7667707
7667711
7667713
7667719
7667729
7667747
7667749
7667767
7667771
7667783
7667791
7667801
7667827
7667839
7667857
7667873
7667893
7667903
7667911
7667923
7667953
7667971
7667999
7668007
7668019
7668029
7668049
7668079
7668091
7668113
7668137
7668149
7668161
7668197
7668203
7668251
7668257
7668281
7668299
7668313
7668337
7668389
7668391
7668403
7668421
7668433
7668449
7668467
7668481
7668527
7668541
7668559
7668587
7668589
7668601
7668611
7668613
7668629
7668631
7668653
7668667
7668671
7668677
7668691
7668697
7668701
7668707
7668709
7668757
7668823
7668827
7668833
7668839
7668851
7668877
7668883
7668889
7668893
7668901
7668911
7668919
7668937
7668977
7669001
7669003
7669019
7669033
7669043
7669049
7669063
7669069
7669087
7669163
7669169
7669171
7669177
7669213
7669231
7669247
7669267
7669273
7669279
7669301
7669303
7669309
7669339
7669367
7669393
7669411
7669421
7669429
7669447
7669451
7669457
7669463
7669489
7669517
7669547
7669549
7669553
7669561
7669579
7669589
7669663
7669667
7669681
7669687
7669699
7669721
7669723
7669751
7669759
7669777
7669793
7669811
7669813
7669817
7669819
7669843
7669847
7669859
7669877
7669943
7669951
7669967
7669979
7670021
7670023
7670027
7670083
7670087
7670141
7670147
7670153
7670161
7670171
7670191
7670197
7670203
7670207
7670231
7670233
7670249
7670251
7670261
7670269
7670303
7670317
7670363
7670381
7670389
7670393
7670401
7670441
7670461
7670473
7670489
7670491
7670501
7670503
7670527
7670539
7670543
7670561
7670573
7670639
7670653
7670693
7670701
7670711
7670713
7670749
7670771
7670797
7670801
7670807
7670809
7670827
7670833
7670837
7670843
7670869
7670879
7670881
7670903
7670941
7670947
7670963
7670969
7670987
7670989
7671017
7671023
7671049
7671089
7671091
7671101
7671113
7671143
7671149
7671163
7671179
7671187
7671217
7671227
7671241
7671263
7671277
7671289
7671319
7671343
7671359
7671361
7671371
7671373
7671407
7671413
7671451
7671463
7671467
7671473
7671487
7671493
7671509
7671511
7671523
7671541
7671553
7671569
7671571
7671577
7671583
7671637
7671679
7671721
7671731
7671733
7671737
7671751
7671757
7671779
7671791
7671799
7671809
7671817
7671821
7671893
7671899
7671901
7671907
7671929
7671941
7671959
7671967
7671971
7671977
7672003
7672009
7672013
7672019
7672033
7672039
7672057
7672073
7672099
7672109
7672111
7672123
7672127
7672141
7672163
7672169
7672177
7672199
7672201
7672229
7672241
7672261
7672267
7672307
7672319
7672337
7672339
7672349
7672391
7672417
7672429
7672487
7672493
7672507
7672513
7672529
7672541
7672543
7672549
7672571
7672589
7672597
7672631
7672633
7672657
7672663
7672669
7672697
7672711
7672739
7672741
7672759
7672783
7672787
7672793
7672799
7672853
7672859
7672867
7672879
7672883
7672901
7672909
7672913
7672927
7672937
7672943
7672981
7672993
7672999
7673011
7673047
7673051
7673059
7673117
7673119
7673143
7673167
7673179
7673209
7673219
7673227
7673231
7673243
7673261
7673269
7673279
7673297
7673311
7673317
7673327
7673333
7673357
7673383
7673387
7673401
7673423
7673431
7673453
7673489
7673503
7673509
7673521
7673527
7673531
7673537
7673539
7673543
7673569
7673581
7673597
7673621
7673657
7673671
7673693
7673707
7673713
7673723
7673747
7673753
7673759
7673779
7673791
7673801
7673819
7673843
7673903
7673917
7673959
7673969
7673977
7673989
7673993
7673999
7674001
7674031
7674047
7674049
7674091
7674101
7674109
7674131
7674137
7674179
7674181
7674197
7674209
7674223
7674269
7674287
7674311
7674323
7674353
7674367
7674377
7674379
7674389
7674413
7674419
7674431
7674437
7674439
7674451
7674467
7674481
7674487
7674521
7674523
7674533
7674551
7674553
7674587
7674619
7674629
7674673
7674691
7674697
7674707
7674713
7674721
7674731
7674743
7674767
7674773
7674781
7674809
7674829
7674869
7674881
7674883
7674899
7674911
7674971
7674977
7675009
7675013
7675033
7675049
7675067
7675099
7675103
7675121
7675141
7675193
7675207
7675219
7675229
7675247
7675267
7675273
7675289
7675303
7675309
7675331
7675337
7675351
7675357
7675363
7675427
7675433
7675469
7675471
7675477
7675489
7675511
7675553
7675567
7675571
7675579
7675589
7675621
7675637
7675649
7675669
7675673
7675727
7675729
7675741
7675747
7675763
7675769
7675771
7675793
7675847
7675853
7675873
7675931
7675939
7675949
7675957
7675961
7675991
7675999
7676021
7676041
7676083
7676113
7676173
7676177
7676191
7676233
7676243
7676269
7676293
7676297
7676311
7676321
7676341
7676359
7676363
7676371
7676377
7676419
7676447
7676477
7676491
7676507
7676519
7676527
7676531
7676563
7676567
7676569
7676579
7676593
7676597
7676609
7676611
7676621
7676633
7676671
7676699
7676719
7676743
7676783
7676791
7676803
7676807
7676819
7676821
7676827
7676849
7676857
7676861
7676887
7676923
7676939
7676947
7676957
7676959
7676971
7676987
7676989
7677001
7677011
7677029
7677031
7677049
7677053
7677067
7677071
7677073
7677079
7677097
7677113
7677151
7677161
7677169
7677179
7677203
7677211
7677223
7677227
7677253
7677269
7677281
7677283
7677323
7677359
7677379
7677409
7677413
7677433
7677437
7677487
7677503
7677511
7677533
7677569
7677581
7677587
7677589
7677599
7677601
7677613
7677623
7677661
7677673
7677679
7677713
7677751
7677757
7677793
7677797
7677799
7677809
7677811
7677823
7677877
7677889
7677893
7677911
7677937
7677959
7677961
7677973
7677991
7678003
7678031
7678043
7678051
7678087
7678091
7678093
7678171
7678183
7678189
7678211
7678217
7678273
7678283
7678291
7678309
7678313
7678327
7678331
7678361
7678367
7678379
7678387
7678397
7678403
7678409
7678453
7678459
7678477
7678507
7678511
7678513
7678523
7678571
7678589
7678597
7678609
7678613
7678621
7678631
7678633
7678637
7678661
7678663
7678667
7678681
7678709
7678733
7678751
7678771
7678787
7678789
7678817
7678841
7678859
7678861
7678873
7678889
7678927
7678933
7678961
7678963
7678967
7678999
7679003
7679039
7679081
7679099
7679101
7679123
7679129
7679149
7679153
7679197
7679201
7679207
7679213
7679233
7679267
7679281
7679299
7679317
7679323
7679383
7679389
7679429
7679437
7679443
7679459
7679467
7679479
7679491
7679509
7679513
7679521
7679557
7679561
7679579
7679627
7679653
7679687
7679689
7679701
7679713
7679719
7679747
7679761
7679773
7679797
7679849
7679873
7679879
7679887
7679911
7679921
7679923
7679927
7679951
7679957
7679963
7679977
7679981
7679993
7680017
7680019
7680037
7680059
7680067
7680103
7680119
7680131
7680149
7680173
7680181
7680191
7680217
7680247
7680251
7680259
7680269
7680287
7680289
7680293
7680329
7680341
7680377
7680383
7680419
7680437
7680469
7680479
7680493
7680509
7680523
7680527
7680539
7680553
7680559
7680581
7680613
7680637
7680649
7680667
7680671
7680677
7680691
7680697
7680727
7680733
7680763
7680779
7680791
7680809
7680811
7680847
7680859
7680863
7680877
7680887
7680929
7680973
7680979
7680989
7681007
7681013
7681021
7681031
7681039
7681109
7681123
7681147
7681153
7681169
7681199
7681213
7681231
7681243
7681283
7681307
7681337
7681357
7681361
7681363
7681367
7681369
7681403
7681409
7681411
7681417
7681489
7681493
7681507
7681511
7681519
7681537
7681543
7681573
7681577
7681589
7681591
7681613
7681631
7681651
7681657
7681691
7681693
7681711
7681753
7681763
7681771
7681783
7681787
7681789
7681799
7681811
7681813
7681819
7681837
7681867
7681879
7681889
7681937
7681939
7681969
7681991
7682021
7682029
7682053
7682057
7682083
7682089
7682093
7682107
7682111
7682117
7682119
7682149
7682159
7682173
7682189
7682201
7682219
7682221
7682237
7682239
7682261
7682281
7682309
7682321
7682329
7682333
7682341
7682359
7682369
7682377
7682383
7682387
7682393
7682399
7682417
7682431
7682471
7682489
7682491
7682527
7682533
7682551
7682557
7682581
7682629
7682639
7682641
7682659
7682683
7682687
7682693
7682711
7682737
7682743
7682749
7682771
7682789
7682809
7682813
7682819
7682833
7682837
7682849
7682869
7682879
7682881
7682891
7682893
7682911
7682923
7682951
7682977
7682993
7683017
7683029
7683037
7683041
7683047
7683077
7683089
7683101
7683107
7683131
7683233
7683241
7683253
7683259
7683271
7683287
7683293
7683307
7683317
7683341
7683343
7683367
7683409
7683413
7683421
7683479
7683497
7683517
7683527
7683539
7683547
7683553
7683583
7683593
7683601
7683617
7683649
7683653
7683673
7683707
7683719
7683721
7683727
7683749
7683757
7683773
7683787
7683821
7683829
7683839
7683859
7683899
7683931
7683943
7683967
7683989
7684007
7684009
7684021
7684087
7684091
7684133
7684147
7684169
7684207
7684211
7684213
7684247
7684253
7684267
7684273
7684283
7684301
7684319
7684361
7684367
7684381
7684399
7684403
7684421
7684423
7684429
7684441
7684447
7684477
7684483
7684489
7684519
7684529
7684549
7684583
7684603
7684619
7684639
7684661
7684667
7684669
7684673
7684693
7684709
7684711
7684751
7684757
7684763
7684769
7684771
7684777
7684793
7684801
7684813
7684819
7684837
7684871
7684877
7684889
7684891
7684903
7684939
7684951
7684979
7684997
7685021
7685023
7685033
7685047
7685057
7685077
7685107
7685129
7685137
7685141
7685143
7685149
7685189
7685201
7685231
7685257
7685269
7685297
7685341
7685351
7685383
7685387
7685389
7685401
7685423
7685429
7685437
7685459
7685467
7685497
7685501
7685521
7685527
7685543
7685549
7685593
7685627
7685641
7685647
7685651
7685653
7685663
7685669
7685681
7685687
7685693
7685701
7685707
7685719
7685729
7685759
7685761
7685767
7685789
7685791
7685801
7685807
7685809
7685827
7685833
7685849
7685851
7685857
7685879
7685891
7685893
7685903
7685911
7685941
7686011
7686017
7686037
7686053
7686067
7686083
7686101
7686103
7686139
7686143
7686149
7686157
7686179
7686181
7686187
7686191
7686199
7686221
7686223
7686257
7686271
7686277
7686319
7686323
7686331
7686391
7686443
7686449
7686541
7686589
7686593
7686617
7686619
7686631
7686649
7686689
7686691
7686719
7686727
7686733
7686739
7686751
7686817
7686821
7686851
7686857
7686859
7686863
7686869
7686871
7686883
7686893
7686911
7686919
7686923
7686947
7686953
7686979
7686983
7687003
7687013
7687021
7687061
7687063
7687073
7687079
7687081
7687087
7687093
7687103
7687123
7687133
7687139
7687181
7687217
7687219
7687223
7687237
7687261
7687271
7687283
7687289
7687297
7687321
7687327
7687331
7687387
7687399
7687409
7687439
7687447
7687483
7687487
7687499
7687501
7687517
7687573
7687579
7687607
7687619
7687627
7687637
7687651
7687663
7687699
7687711
7687717
7687733
7687739
7687741
7687763
7687777
7687793
7687811
7687829
7687831
7687847
7687853
7687861
7687873
7687919
7687921
7687937
7687943
7687949
7687963
7687991
7687993
7688011
7688017
7688039
7688047
7688071
7688077
7688101
7688117
7688129
7688143
7688159
7688171
7688173
7688189
7688209
7688237
7688243
7688273
7688297
7688299
7688309
7688321
7688327
7688333
7688389
7688399
7688413
7688419
7688431
7688449
7688459
7688491
7688497
7688503
7688537
7688543
7688561
7688581
7688591
7688627
7688663
7688671
7688677
7688687
7688729
7688731
7688753
7688789
7688797
7688809
7688839
7688843
7688861
7688881
7688887
7688893
7688921
7688929
7688951
7688957
7688963
7688971
7688983
7688999
7689043
7689047
7689103
7689109
7689119
7689137
7689139
7689191
7689193
7689197
7689211
7689221
7689223
7689239
7689257
7689299
7689301
7689323
7689343
7689359
7689391
7689397
7689401
7689419
7689467
7689497
7689499
7689503
7689527
7689533
7689557
7689571
7689607
7689629
7689631
7689653
7689667
7689707
7689713
7689719
7689739
7689743
7689761
7689779
7689793
7689817
7689827
7689833
7689839
7689859
7689863
7689881
7689911
7689917
7689923
7689931
7689937
7689943
7689949
7689961
7689971
7689973
7690013
7690021
7690031
7690051
7690061
7690091
7690099
7690129
7690157
7690159
7690169
7690181
7690259
7690261
7690271
7690283
7690297
7690301
7690313
7690321
7690343
7690357
7690379
7690391
7690399
7690433
7690439
7690457
7690483
7690489
7690519
7690537
7690541
7690549
7690559
7690567
7690583
7690589
7690603
7690607
7690609
7690619
7690621
7690637
7690643
7690651
7690663
7690691
7690693
7690699
7690703
7690721
7690733
7690741
7690807
7690831
7690843
7690849
7690861
7690867
7690873
7690897
7690927
7690951
7690961
7690967
7690973
7690981
7691017
7691027
7691041
7691051
7691059
7691071
7691083
7691129
7691137
7691147
7691171
7691179
7691183
7691197
7691209
7691213
7691261
7691329
7691339
7691347
7691357
7691377
7691381
7691389
7691401
7691419
7691443
7691473
7691479
7691483
7691491
7691507
7691557
7691569
7691603
7691617
7691623
7691639
7691659
7691669
7691707
7691741
7691743
7691773
7691777
7691779
7691839
7691851
7691861
7691863
7691891
7691897
7691899
7691911
7691923
7691933
7691951
7691977
7692001
7692019
7692037
7692043
7692053
7692079
7692089
7692101
7692103
7692119
7692127
7692137
7692149
7692193
7692233
7692241
7692253
7692257
7692271
7692277
7692287
7692301
7692323
7692329
7692331
7692341
7692343
7692389
7692407
7692409
7692437
7692439
7692469
7692491
7692533
7692539
7692541
7692547
7692577
7692583
7692589
7692599
7692611
7692617
7692623
7692647
7692661
7692683
7692691
7692697
7692719
7692731
7692733
7692757
7692767
7692799
7692809
7692821
7692827
7692847
7692851
7692863
7692869
7692887
7692889
7692901
7692911
7692943
7692977
7692983
7693009
7693031
7693039
7693057
7693067
7693073
7693079
7693093
7693097
7693123
7693159
7693181
7693183
7693211
7693223
7693243
7693267
7693291
7693297
7693303
7693313
7693327
7693331
7693349
7693351
7693369
7693393
7693403
7693417
7693453
7693459
7693481
7693493
7693507
7693513
7693529
7693531
7693577
7693583
7693589
7693597
7693619
7693633
7693643
7693667
7693681
7693687
7693703
7693709
7693717
7693739
7693757
7693769
7693771
7693793
7693801
7693837
7693867
7693909
7693919
7693927
7693951
7693963
7693967
7693999
7694003
7694009
7694021
7694051
7694111
7694117
7694123
7694143
7694147
7694153
7694173
7694189
7694209
7694233
7694237
7694243
7694279
7694287
7694303
7694311
7694321
7694327
7694329
7694339
7694369
7694383
7694389
7694431
7694437
7694459
7694497
7694501
7694527
7694539
7694543
7694567
7694569
7694579
7694633
7694647
7694651
7694663
7694669
7694671
7694683
7694689
7694737
7694747
7694833
7694861
7694881
7694891
7694917
7694923
7694933
7694971
7694977
7694987
7694993
7695007
7695011
7695043
7695049
7695097
7695109
7695113
7695137
7695139
7695157
7695173
7695197
7695221
7695227
7695239
7695241
7695253
7695257
7695269
7695293
7695299
7695307
7695313
7695319
7695329
7695341
7695343
7695349
7695379
7695421
7695461
7695463
7695481
7695487
7695491
7695503
7695517
7695521
7695539
7695557
7695599
7695601
7695613
7695617
7695629
7695637
7695641
7695661
7695671
7695683
7695697
7695707
7695739
7695749
7695763
7695769
7695791
7695797
7695833
7695859
7695871
7695881
7695887
7695913
7695929
7695937
7695949
7695959
7695973
7695977
7695979
7696021
7696033
7696063
7696079
7696103
7696123
7696127
7696133
7696141
7696177
7696181
7696193
7696201
7696207
7696211
7696217
7696219
7696229
7696243
7696303
7696321
7696343
7696361
7696363
7696369
7696411
7696433
7696457
7696477
7696483
7696489
7696511
7696531
7696537
7696573
7696583
7696657
7696669
7696679
7696681
7696693
7696709
7696721
7696739
7696747
7696753
7696763
7696811
7696823
7696841
7696849
7696859
7696867
7696873
7696877
7696879
7696933
7696951
7696967
7696979
7696993
7697003
7697009
7697017
7697029
7697057
7697059
7697099
7697113
7697119
7697153
7697159
7697177
7697189
7697219
7697231
7697257
7697273
7697279
7697281
7697303
7697309
7697321
7697351
7697357
7697363
7697399
7697401
7697453
7697461
7697477
7697483
7697497
7697507
7697509
7697533
7697539
7697551
7697567
7697581
7697593
7697611
7697623
7697633
7697639
7697653
7697693
7697713
7697741
7697759
7697761
7697771
7697803
7697819
7697843
7697849
7697857
7697863
7697881
7697909
7697929
7697947
7697969
7697971
7697993
7698007
7698029
7698043
7698049
7698101
7698113
7698121
7698133
7698151
7698157
7698179
7698193
7698241
7698259
7698269
7698277
7698289
7698319
7698337
7698349
7698371
7698373
7698377
7698403
7698413
7698437
7698443
7698451
7698461
7698469
7698487
7698521
7698527
7698539
7698541
7698547
7698619
7698631
7698641
7698643
7698679
7698703
7698707
7698709
7698731
7698737
7698791
7698797
7698829
7698853
7698863
7698869
7698883
7698893
7698913
7698917
7698931
7698937
7698961
7698973
7698991
7699057
7699061
7699063
7699073
7699099
7699141
7699157
7699189
7699207
7699213
7699229
7699231
7699243
7699247
7699259
7699271
7699291
7699333
7699337
7699343
7699357
7699369
7699379
7699387
7699397
7699403
7699409
7699423
7699499
7699511
7699519
7699547
7699553
7699561
7699567
7699591
7699597
7699607
7699609
7699633
7699639
7699649
7699673
7699697
7699717
7699721
7699723
7699729
7699739
7699753
7699777
7699781
7699789
7699801
7699823
7699829
7699837
7699849
7699889
7699891
7699897
7699919
7699931
7699961
7699973
7699981
7700071
7700081
7700117
7700131
7700179
7700227
7700233
7700237
7700249
7700257
7700261
7700279
7700281
7700291
7700293
7700299
7700309
7700321
7700327
7700347
7700351
7700387
7700389
7700393
7700419
7700437
7700467
7700471
7700479
7700489
7700501
7700509
7700513
7700519
7700531
7700557
7700587
7700599
7700603
There are 2118 prime numbers in S462.
