S463(7700617~7733952)
7700629
7700639
7700647
7700659
7700687
7700717
7700723
7700729
7700753
7700789
7700807
7700831
7700839
7700879
7700911
7700923
7700933
7700939
7700941
7700963
7700969
7700977
7701011
7701013
7701019
7701049
7701053
7701073
7701103
7701107
7701131
7701163
7701167
7701191
7701223
7701227
7701229
7701247
7701263
7701283
7701307
7701313
7701319
7701347
7701409
7701451
7701497
7701503
7701511
7701521
7701523
7701541
7701557
7701569
7701571
7701581
7701599
7701607
7701611
7701623
7701643
7701647
7701649
7701689
7701713
7701721
7701761
7701763
7701767
7701769
7701779
7701797
7701817
7701823
7701829
7701847
7701853
7701871
7701877
7701893
7701917
7701923
7701931
7701961
7701977
7701979
7701983
7701989
7701997
7702001
7702063
7702069
7702073
7702099
7702103
7702111
7702127
7702141
7702153
7702199
7702213
7702243
7702259
7702271
7702297
7702319
7702333
7702349
7702363
7702379
7702397
7702399
7702427
7702433
7702451
7702459
7702469
7702507
7702511
7702517
7702529
7702559
7702561
7702567
7702571
7702573
7702687
7702727
7702729
7702757
7702763
7702781
7702801
7702811
7702829
7702831
7702837
7702841
7702843
7702889
7702901
7702909
7702913
7702949
7702969
7702987
7702997
7703011
7703021
7703027
7703029
7703041
7703071
7703107
7703131
7703153
7703161
7703173
7703219
7703231
7703233
7703237
7703239
7703249
7703257
7703273
7703281
7703309
7703317
7703351
7703383
7703387
7703389
7703411
7703419
7703447
7703461
7703467
7703491
7703513
7703537
7703539
7703581
7703587
7703609
7703621
7703639
7703653
7703671
7703681
7703701
7703711
7703719
7703741
7703743
7703749
7703753
7703767
7703791
7703809
7703851
7703939
7703951
7703953
7703957
7703963
7703999
7704007
7704013
7704017
7704041
7704049
7704071
7704083
7704097
7704119
7704121
7704127
7704131
7704163
7704173
7704217
7704233
7704271
7704289
7704299
7704311
7704331
7704341
7704407
7704409
7704421
7704449
7704457
7704467
7704497
7704511
7704527
7704533
7704539
7704551
7704559
7704577
7704581
7704617
7704623
7704629
7704661
7704667
7704677
7704713
7704731
7704737
7704773
7704787
7704803
7704841
7704863
7704871
7704877
7704887
7704911
7704913
7704919
7704929
7704941
7704943
7704953
7704959
7705003
7705031
7705037
7705043
7705057
7705073
7705079
7705091
7705129
7705153
7705157
7705169
7705183
7705211
7705219
7705249
7705283
7705297
7705303
7705307
7705331
7705333
7705339
7705363
7705367
7705409
7705427
7705433
7705441
7705519
7705567
7705591
7705597
7705601
7705609
7705651
7705669
7705679
7705693
7705699
7705721
7705741
7705757
7705769
7705783
7705787
7705799
7705837
7705847
7705853
7705861
7705883
7705903
7705921
7705927
7705933
7705937
7705961
7705993
7706003
7706047
7706051
7706059
7706063
7706071
7706087
7706119
7706143
7706161
7706177
7706201
7706203
7706221
7706227
7706239
7706317
7706327
7706329
7706333
7706341
7706393
7706399
7706459
7706473
7706497
7706509
7706513
7706519
7706527
7706539
7706551
7706561
7706579
7706591
7706617
7706641
7706669
7706681
7706701
7706717
7706719
7706749
7706753
7706759
7706789
7706807
7706821
7706833
7706843
7706851
7706857
7706869
7706873
7706887
7706903
7706921
7706929
7707023
7707043
7707053
7707061
7707067
7707097
7707113
7707157
7707163
7707187
7707199
7707223
7707233
7707241
7707253
7707269
7707283
7707353
7707377
7707383
7707397
7707431
7707439
7707473
7707481
7707487
7707509
7707517
7707541
7707569
7707571
7707587
7707607
7707643
7707659
7707677
7707697
7707709
7707719
7707727
7707761
7707767
7707769
7707773
7707779
7707797
7707811
7707839
7707857
7707883
7707907
7707923
7707943
7707979
7707991
7708003
7708007
7708009
7708027
7708037
7708039
7708049
7708061
7708067
7708081
7708087
7708093
7708117
7708133
7708139
7708147
7708177
7708189
7708193
7708199
7708213
7708237
7708241
7708249
7708271
7708273
7708279
7708301
7708303
7708307
7708313
7708331
7708333
7708397
7708411
7708439
7708447
7708453
7708457
7708483
7708499
7708501
7708507
7708529
7708573
7708607
7708621
7708627
7708651
7708669
7708711
7708717
7708721
7708777
7708781
7708783
7708823
7708847
7708849
7708859
7708879
7708891
7708901
7708907
7708919
7708937
7708949
7708969
7708991
7709011
7709017
7709033
7709047
7709059
7709063
7709069
7709089
7709113
7709131
7709153
7709161
7709197
7709213
7709227
7709257
7709263
7709267
7709287
7709291
7709293
7709309
7709323
7709329
7709369
7709371
7709417
7709419
7709441
7709453
7709479
7709501
7709519
7709521
7709557
7709561
7709567
7709587
7709609
7709617
7709629
7709659
7709683
7709693
7709699
7709711
7709717
7709719
7709777
7709783
7709813
7709827
7709843
7709861
7709869
7709879
7709881
7709887
7709903
7709921
7709929
7709951
7709957
7710007
7710013
7710071
7710089
7710107
7710127
7710133
7710139
7710149
7710161
7710167
7710169
7710193
7710233
7710247
7710251
7710253
7710277
7710301
7710323
7710331
7710343
7710349
7710361
7710377
7710421
7710449
7710473
7710481
7710511
7710539
7710553
7710559
7710569
7710581
7710587
7710611
7710613
7710629
7710641
7710667
7710701
7710709
7710719
7710733
7710739
7710743
7710757
7710761
7710767
7710797
7710799
7710817
7710823
7710851
7710853
7710863
7710893
7710907
7710947
7710977
7711001
7711009
7711019
7711031
7711057
7711069
7711079
7711087
7711103
7711127
7711139
7711159
7711181
7711189
7711201
7711211
7711229
7711259
7711261
7711267
7711271
7711273
7711309
7711339
7711349
7711351
7711357
7711373
7711391
7711399
7711409
7711433
7711439
7711441
7711453
7711469
7711471
7711519
7711537
7711541
7711573
7711579
7711589
7711603
7711607
7711609
7711637
7711643
7711661
7711667
7711687
7711699
7711703
7711723
7711733
7711741
7711747
7711751
7711757
7711763
7711783
7711789
7711817
7711819
7711841
7711843
7711849
7711861
7711889
7711903
7711909
7711927
7711933
7711943
7711981
7711987
7712011
7712027
7712041
7712051
7712063
7712071
7712099
7712123
7712161
7712171
7712207
7712209
7712213
7712219
7712249
7712267
7712269
7712281
7712297
7712321
7712323
7712359
7712381
7712399
7712431
7712479
7712483
7712501
7712503
7712527
7712531
7712557
7712563
7712581
7712587
7712597
7712603
7712623
7712641
7712699
7712701
7712711
7712729
7712737
7712741
7712767
7712773
7712777
7712807
7712813
7712819
7712821
7712833
7712857
7712891
7712897
7712899
7712921
7712923
7712933
7712959
7712977
7712987
7712989
7713047
7713071
7713077
7713089
7713109
7713127
7713133
7713137
7713157
7713161
7713163
7713179
7713187
7713191
7713193
7713197
7713263
7713281
7713317
7713397
7713401
7713413
7713443
7713479
7713491
7713539
7713547
7713569
7713571
7713577
7713611
7713613
7713659
7713661
7713689
7713697
7713701
7713707
7713709
7713721
7713743
7713749
7713757
7713799
7713817
7713841
7713847
7713859
7713907
7713919
7713941
7713961
7713967
7713997
7714001
7714033
7714061
7714067
7714099
7714111
7714117
7714123
7714127
7714139
7714153
7714159
7714183
7714193
7714207
7714211
7714219
7714229
7714237
7714249
7714283
7714303
7714307
7714327
7714349
7714367
7714387
7714393
7714409
7714417
7714423
7714451
7714471
7714477
7714489
7714517
7714523
7714541
7714543
7714559
7714561
7714571
7714573
7714613
7714621
7714631
7714643
7714649
7714661
7714669
7714687
7714697
7714699
7714739
7714747
7714757
7714799
7714801
7714843
7714871
7714873
7714879
7714891
7714897
7714921
7714943
7714951
7714963
7714997
7714999
7715027
7715033
7715053
7715069
7715077
7715101
7715173
7715177
7715179
7715261
7715287
7715291
7715293
7715299
7715317
7715333
7715359
7715381
7715401
7715423
7715453
7715459
7715471
7715483
7715549
7715551
7715563
7715579
7715593
7715611
7715629
7715633
7715657
7715681
7715689
7715699
7715713
7715723
7715737
7715759
7715761
7715777
7715797
7715801
7715803
7715809
7715821
7715837
7715857
7715861
7715863
7715867
7715887
7715891
7715927
7715933
7715959
7715969
7715989
7715999
7716019
7716053
7716089
7716103
7716119
7716127
7716143
7716151
7716161
7716169
7716187
7716199
7716229
7716271
7716277
7716281
7716329
7716341
7716343
7716353
7716367
7716377
7716383
7716391
7716409
7716421
7716463
7716473
7716491
7716497
7716503
7716517
7716539
7716547
7716557
7716559
7716563
7716571
7716587
7716607
7716619
7716629
7716637
7716673
7716689
7716701
7716713
7716721
7716743
7716763
7716767
7716773
7716809
7716811
7716829
7716833
7716847
7716881
7716889
7716893
7716899
7716913
7716941
7716953
7716967
7716971
7716991
7717001
7717007
7717009
7717013
7717033
7717037
7717043
7717063
7717117
7717147
7717153
7717159
7717183
7717187
7717189
7717207
7717231
7717247
7717313
7717321
7717331
7717343
7717373
7717379
7717387
7717399
7717403
7717427
7717429
7717433
7717483
7717499
7717513
7717519
7717547
7717579
7717607
7717631
7717651
7717679
7717681
7717709
7717727
7717733
7717751
7717763
7717783
7717789
7717837
7717859
7717873
7717883
7717889
7717891
7717901
7717907
7717909
7717937
7717939
7717951
7717981
7717993
7718003
7718057
7718083
7718093
7718107
7718111
7718129
7718131
7718143
7718159
7718173
7718177
7718189
7718201
7718219
7718251
7718257
7718279
7718297
7718299
7718309
7718327
7718329
7718341
7718369
7718393
7718401
7718407
7718413
7718423
7718449
7718461
7718471
7718483
7718519
7718551
7718563
7718567
7718569
7718587
7718621
7718653
7718671
7718677
7718687
7718707
7718713
7718719
7718729
7718743
7718747
7718749
7718771
7718773
7718791
7718803
7718813
7718839
7718861
7718863
7718891
7718897
7718939
7718941
7718981
7718993
7719067
7719109
7719119
7719121
7719157
7719167
7719181
7719197
7719203
7719209
7719211
7719221
7719227
7719247
7719253
7719259
7719269
7719281
7719289
7719311
7719319
7719323
7719337
7719353
7719359
7719373
7719379
7719389
7719401
7719407
7719419
7719427
7719443
7719451
7719457
7719473
7719487
7719497
7719511
7719557
7719631
7719667
7719689
7719721
7719727
7719739
7719763
7719769
7719773
7719787
7719793
7719799
7719809
7719827
7719841
7719869
7719883
7719889
7719893
7719917
7719923
7719937
7719967
7719979
7719997
7720001
7720021
7720039
7720049
7720051
7720067
7720081
7720093
7720103
7720109
7720121
7720123
7720151
7720171
7720183
7720187
7720189
7720201
7720211
7720241
7720247
7720283
7720313
7720319
7720331
7720337
7720357
7720369
7720373
7720381
7720393
7720399
7720429
7720439
7720451
7720481
7720487
7720507
7720529
7720561
7720589
7720597
7720619
7720621
7720633
7720637
7720639
7720649
7720667
7720673
7720697
7720717
7720721
7720723
7720729
7720759
7720813
7720819
7720841
7720849
7720861
7720871
7720877
7720903
7720943
7720949
7720957
7720967
7720969
7721003
7721023
7721029
7721053
7721057
7721059
7721069
7721071
7721101
7721117
7721143
7721149
7721167
7721173
7721191
7721249
7721251
7721267
7721269
7721293
7721303
7721339
7721347
7721359
7721369
7721377
7721393
7721401
7721423
7721437
7721459
7721477
7721479
7721501
7721521
7721611
7721671
7721711
7721713
7721717
7721761
7721827
7721837
7721843
7721849
7721873
7721891
7721911
7721921
7721947
7721953
7721963
7721969
7721977
7721993
7722017
7722041
7722049
7722061
7722067
7722107
7722119
7722139
7722163
7722167
7722179
7722191
7722217
7722229
7722251
7722257
7722269
7722271
7722277
7722283
7722287
7722331
7722343
7722349
7722361
7722367
7722371
7722373
7722383
7722397
7722401
7722409
7722419
7722431
7722443
7722467
7722479
7722527
7722551
7722557
7722563
7722571
7722623
7722629
7722643
7722647
7722653
7722667
7722679
7722691
7722707
7722731
7722739
7722749
7722761
7722769
7722773
7722791
7722823
7722829
7722833
7722839
7722851
7722857
7722877
7722919
7722931
7722941
7722943
7722983
7723003
7723007
7723013
7723039
7723081
7723097
7723099
7723127
7723169
7723201
7723207
7723217
7723231
7723241
7723267
7723279
7723283
7723297
7723337
7723349
7723351
7723357
7723361
7723363
7723379
7723381
7723403
7723411
7723439
7723447
7723453
7723459
7723477
7723493
7723501
7723511
7723517
7723537
7723543
7723549
7723553
7723567
7723579
7723589
7723603
7723609
7723613
7723643
7723679
7723697
7723721
7723733
7723753
7723777
7723783
7723811
7723817
7723829
7723841
7723843
7723853
7723871
7723907
7723913
7723927
7723939
7723943
7723957
7723973
7723979
7723997
7723999
7724033
7724039
7724099
7724107
7724111
7724117
7724131
7724191
7724201
7724257
7724261
7724263
7724281
7724293
7724323
7724329
7724371
7724419
7724447
7724449
7724459
7724461
7724473
7724513
7724531
7724539
7724543
7724551
7724593
7724597
7724599
7724609
7724617
7724627
7724663
7724683
7724723
7724737
7724741
7724747
7724753
7724771
7724777
7724791
7724807
7724819
7724831
7724837
7724839
7724861
7724869
7724879
7724881
7724891
7724957
7724999
7725017
7725023
7725031
7725043
7725071
7725073
7725127
7725131
7725143
7725149
7725161
7725181
7725199
7725239
7725241
7725269
7725271
7725287
7725299
7725307
7725317
7725323
7725329
7725349
7725373
7725407
7725409
7725427
7725433
7725449
7725469
7725503
7725511
7725521
7725527
7725559
7725611
7725649
7725659
7725689
7725709
7725713
7725733
7725787
7725797
7725821
7725857
7725869
7725877
7725881
7725911
7725937
7725947
7725959
7725967
7725997
7726003
7726009
7726013
7726051
7726057
7726063
7726073
7726079
7726087
7726123
7726129
7726139
7726157
7726193
7726207
7726237
7726261
7726273
7726297
7726307
7726309
7726319
7726333
7726337
7726343
7726349
7726379
7726391
7726423
7726427
7726447
7726469
7726489
7726531
7726547
7726549
7726561
7726567
7726571
7726633
7726637
7726651
7726669
7726679
7726739
7726769
7726777
7726783
7726793
7726801
7726813
7726837
7726889
7726897
7726903
7726907
7726913
7726921
7726933
7726973
7727003
7727009
7727017
7727033
7727047
7727059
7727063
7727081
7727087
7727099
7727101
7727107
7727113
7727131
7727189
7727201
7727221
7727233
7727267
7727273
7727303
7727309
7727323
7727329
7727351
7727353
7727359
7727371
7727381
7727387
7727389
7727437
7727459
7727477
7727479
7727491
7727501
7727507
7727519
7727521
7727567
7727581
7727593
7727597
7727633
7727653
7727677
7727689
7727777
7727779
7727789
7727807
7727827
7727869
7727887
7727903
7727921
7727947
7727953
7727969
7727971
7727989
7728031
7728043
7728053
7728067
7728103
7728109
7728121
7728139
7728167
7728179
7728191
7728197
7728199
7728211
7728221
7728271
7728293
7728311
7728317
7728337
7728341
7728349
7728359
7728361
7728367
7728373
7728389
7728397
7728401
7728403
7728439
7728443
7728451
7728463
7728527
7728533
7728551
7728571
7728599
7728601
7728613
7728631
7728647
7728673
7728689
7728697
7728701
7728709
7728739
7728757
7728769
7728797
7728803
7728841
7728857
7728871
7728907
7728923
7728983
7729003
7729019
7729031
7729037
7729039
7729049
7729063
7729069
7729079
7729091
7729097
7729133
7729147
7729151
7729153
7729157
7729247
7729259
7729277
7729289
7729301
7729327
7729331
7729343
7729349
7729363
7729367
7729369
7729391
7729433
7729451
7729471
7729481
7729487
7729507
7729537
7729549
7729567
7729583
7729591
7729613
7729619
7729621
7729643
7729661
7729663
7729669
7729693
7729697
7729717
7729721
7729753
7729759
7729763
7729823
7729829
7729831
7729837
7729847
7729861
7729867
7729889
7729901
7729919
7729933
7729937
7729957
7729963
7729973
7729993
7729999
7730033
7730057
7730101
7730111
7730113
7730123
7730147
7730167
7730197
7730201
7730213
7730243
7730249
7730279
7730287
7730293
7730297
7730311
7730339
7730341
7730383
7730413
7730417
7730423
7730431
7730453
7730479
7730491
7730519
7730531
7730533
7730539
7730561
7730573
7730579
7730621
7730623
7730651
7730677
7730683
7730719
7730731
7730753
7730759
7730761
7730771
7730797
7730809
7730819
7730881
7730887
7730893
7730897
7730909
7730911
7730917
7730923
7730953
7730959
7730963
7730981
7730993
7731011
7731029
7731037
7731067
7731089
7731091
7731103
7731127
7731131
7731133
7731137
7731169
7731179
7731193
7731203
7731239
7731259
7731281
7731299
7731337
7731401
7731421
7731433
7731439
7731457
7731463
7731491
7731497
7731511
7731517
7731523
7731527
7731541
7731569
7731571
7731593
7731629
7731667
7731671
7731707
7731721
7731743
7731761
7731797
7731817
7731827
7731839
7731851
7731863
7731877
7731881
7731883
7731943
7731949
7731961
7732019
7732027
7732037
7732061
7732063
7732091
7732103
7732121
7732129
7732147
7732169
7732171
7732181
7732189
7732199
7732211
7732213
7732261
7732279
7732289
7732321
7732327
7732337
7732339
7732343
7732391
7732427
7732451
7732457
7732469
7732471
7732489
7732493
7732499
7732511
7732523
7732553
7732567
7732579
7732583
7732591
7732597
7732607
7732631
7732633
7732651
7732657
7732679
7732687
7732693
7732727
7732729
7732771
7732789
7732801
7732811
7732847
7732849
7732877
7732891
7732961
7732973
7732993
7733021
7733041
7733069
7733087
7733093
7733123
7733161
7733179
7733183
7733197
7733233
7733251
7733281
7733287
7733293
7733303
7733311
7733321
7733329
7733347
7733357
7733377
7733393
7733413
7733423
7733431
7733447
7733471
7733501
7733567
7733573
7733581
7733597
7733599
7733611
7733647
7733653
7733669
7733683
7733699
7733701
7733711
7733717
7733723
7733771
7733797
7733809
7733837
7733867
7733879
7733881
7733903
7733909
7733939
7733941
7733951
There are 2084 prime numbers in S463.
