S464(7733953~7767360)
7733983
7733993
7734029
7734091
7734119
7734127
7734137
7734161
7734169
7734193
7734203
7734211
7734217
7734227
7734229
7734239
7734241
7734247
7734257
7734301
7734317
7734341
7734347
7734359
7734383
7734401
7734403
7734409
7734437
7734451
7734457
7734497
7734523
7734581
7734589
7734607
7734637
7734659
7734667
7734689
7734697
7734703
7734707
7734719
7734721
7734731
7734761
7734787
7734791
7734799
7734803
7734817
7734821
7734823
7734827
7734829
7734863
7734869
7734893
7734911
7734913
7734941
7734943
7734971
7734973
7734997
7735009
7735043
7735081
7735097
7735099
7735103
7735111
7735121
7735129
7735163
7735171
7735181
7735193
7735219
7735241
7735243
7735249
7735253
7735267
7735271
7735279
7735283
7735303
7735319
7735327
7735333
7735361
7735363
7735369
7735381
7735393
7735421
7735439
7735457
7735463
7735487
7735499
7735513
7735531
7735537
7735543
7735573
7735577
7735583
7735597
7735631
7735661
7735669
7735687
7735699
7735703
7735711
7735733
7735747
7735781
7735787
7735789
7735807
7735811
7735813
7735823
7735841
7735877
7735879
7735891
7735909
7735913
7735919
7735927
7735939
7735967
7735999
7736009
7736023
7736033
7736063
7736077
7736083
7736101
7736111
7736123
7736149
7736159
7736161
7736189
7736213
7736263
7736269
7736273
7736327
7736369
7736381
7736383
7736389
7736461
7736473
7736501
7736507
7736537
7736543
7736551
7736567
7736587
7736593
7736621
7736627
7736633
7736647
7736653
7736723
7736749
7736753
7736761
7736777
7736783
7736831
7736843
7736867
7736873
7736891
7736893
7736951
7736977
7737001
7737007
7737017
7737029
7737031
7737043
7737049
7737071
7737101
7737137
7737143
7737167
7737173
7737203
7737209
7737211
7737217
7737239
7737241
7737263
7737293
7737299
7737337
7737341
7737409
7737413
7737419
7737451
7737487
7737529
7737539
7737547
7737557
7737607
7737619
7737647
7737659
7737671
7737677
7737689
7737701
7737733
7737739
7737761
7737767
7737803
7737811
7737827
7737833
7737859
7737929
7737967
7737973
7738001
7738037
7738061
7738063
7738067
7738091
7738109
7738121
7738123
7738141
7738153
7738169
7738177
7738193
7738201
7738207
7738223
7738229
7738231
7738243
7738259
7738261
7738267
7738271
7738303
7738309
7738319
7738321
7738337
7738343
7738351
7738391
7738397
7738411
7738427
7738429
7738441
7738457
7738483
7738487
7738501
7738537
7738543
7738559
7738589
7738607
7738663
7738693
7738697
7738711
7738727
7738729
7738733
7738739
7738771
7738777
7738781
7738789
7738799
7738813
7738823
7738849
7738867
7738877
7738889
7738937
7738943
7738967
7738981
7738987
7739033
7739047
7739051
7739101
7739117
7739167
7739177
7739189
7739191
7739197
7739227
7739231
7739261
7739273
7739279
7739311
7739321
7739323
7739341
7739353
7739359
7739363
7739383
7739411
7739419
7739449
7739453
7739461
7739509
7739519
7739521
7739531
7739581
7739587
7739597
7739603
7739609
7739621
7739647
7739651
7739671
7739687
7739689
7739713
7739737
7739759
7739779
7739789
7739803
7739843
7739887
7739903
7739911
7739917
7739929
7739951
7739959
7739969
7740001
7740023
7740037
7740077
7740091
7740097
7740119
7740127
7740133
7740137
7740143
7740149
7740157
7740169
7740179
7740191
7740203
7740217
7740221
7740233
7740251
7740281
7740307
7740319
7740323
7740371
7740377
7740379
7740407
7740413
7740433
7740451
7740461
7740463
7740517
7740521
7740533
7740541
7740547
7740563
7740569
7740587
7740599
7740611
7740641
7740643
7740647
7740653
7740671
7740727
7740739
7740743
7740749
7740751
7740757
7740773
7740779
7740781
7740791
7740833
7740851
7740871
7740907
7740913
7740983
7740991
7741007
7741009
7741043
7741051
7741061
7741067
7741073
7741079
7741081
7741093
7741099
7741121
7741141
7741147
7741157
7741159
7741163
7741193
7741207
7741241
7741243
7741249
7741259
7741267
7741277
7741297
7741301
7741367
7741369
7741387
7741397
7741403
7741427
7741441
7741451
7741469
7741483
7741541
7741543
7741561
7741603
7741633
7741663
7741703
7741709
7741711
7741717
7741729
7741757
7741781
7741807
7741819
7741841
7741859
7741871
7741879
7741933
7741963
7741967
7741997
7741999
7742003
7742017
7742023
7742027
7742029
7742041
7742069
7742087
7742093
7742113
7742129
7742131
7742143
7742149
7742171
7742179
7742183
7742197
7742209
7742221
7742239
7742299
7742309
7742321
7742341
7742353
7742387
7742401
7742411
7742417
7742419
7742437
7742447
7742459
7742461
7742477
7742521
7742533
7742549
7742561
7742569
7742573
7742593
7742641
7742677
7742687
7742689
7742699
7742723
7742737
7742759
7742771
7742807
7742843
7742887
7742923
7742941
7742947
7742957
7742993
7743031
7743049
7743077
7743079
7743097
7743119
7743121
7743133
7743167
7743179
7743181
7743191
7743193
7743199
7743209
7743217
7743221
7743223
7743233
7743371
7743389
7743403
7743409
7743419
7743427
7743443
7743457
7743467
7743481
7743487
7743497
7743503
7743511
7743529
7743557
7743559
7743563
7743577
7743581
7743587
7743599
7743611
7743613
7743647
7743661
7743683
7743727
7743731
7743737
7743779
7743781
7743797
7743821
7743833
7743851
7743859
7743863
7743871
7743881
7743907
7743919
7743937
7743941
7743949
7743991
7744007
7744019
7744021
7744043
7744057
7744081
7744091
7744127
7744151
7744159
7744193
7744207
7744213
7744223
7744249
7744259
7744271
7744273
7744277
7744301
7744313
7744357
7744369
7744379
7744391
7744393
7744403
7744409
7744423
7744427
7744439
7744441
7744453
7744459
7744487
7744489
7744501
7744523
7744547
7744549
7744603
7744631
7744651
7744657
7744669
7744717
7744733
7744739
7744757
7744783
7744817
7744829
7744831
7744883
7744889
7744901
7744903
7744921
7744927
7744931
7744939
7744949
7744963
7744991
7744993
7745011
7745029
7745033
7745039
7745041
7745051
7745077
7745119
7745123
7745131
7745147
7745161
7745189
7745207
7745263
7745299
7745323
7745341
7745363
7745377
7745399
7745417
7745429
7745447
7745537
7745539
7745561
7745587
7745593
7745651
7745653
7745657
7745663
7745671
7745701
7745743
7745747
7745767
7745789
7745807
7745819
7745827
7745833
7745849
7745851
7745869
7745873
7745893
7745911
7745951
7745953
7745971
7745989
7746017
7746019
7746031
7746047
7746049
7746059
7746073
7746083
7746097
7746107
7746113
7746119
7746127
7746131
7746133
7746163
7746173
7746181
7746191
7746197
7746217
7746227
7746241
7746247
7746301
7746337
7746341
7746353
7746367
7746413
7746419
7746439
7746449
7746457
7746461
7746491
7746511
7746553
7746569
7746593
7746617
7746689
7746691
7746701
7746719
7746721
7746763
7746773
7746779
7746793
7746811
7746839
7746847
7746853
7746863
7746913
7746943
7746953
7746967
7746983
7746989
7746997
7747001
7747013
7747027
7747037
7747039
7747081
7747093
7747109
7747123
7747153
7747211
7747217
7747219
7747247
7747249
7747273
7747279
7747301
7747309
7747367
7747373
7747423
7747429
7747463
7747477
7747499
7747511
7747513
7747517
7747543
7747561
7747567
7747589
7747601
7747603
7747633
7747643
7747673
7747693
7747723
7747739
7747771
7747787
7747807
7747819
7747841
7747853
7747867
7747871
7747891
7747907
7747913
7747919
7747931
7747933
7747963
7747979
7747981
7748003
7748009
7748011
7748021
7748051
7748063
7748077
7748093
7748099
7748113
7748129
7748177
7748189
7748197
7748201
7748203
7748227
7748239
7748261
7748267
7748269
7748287
7748291
7748317
7748339
7748341
7748347
7748359
7748387
7748407
7748449
7748453
7748459
7748479
7748509
7748527
7748537
7748551
7748563
7748579
7748591
7748593
7748603
7748623
7748627
7748659
7748669
7748681
7748683
7748687
7748707
7748711
7748717
7748737
7748761
7748773
7748779
7748801
7748803
7748809
7748813
7748831
7748837
7748863
7748879
7748893
7748899
7748911
7748921
7748927
7748929
7748969
7748981
7749029
7749037
7749067
7749109
7749113
7749121
7749149
7749173
7749193
7749197
7749199
7749227
7749241
7749251
7749253
7749271
7749277
7749281
7749299
7749307
7749337
7749353
7749361
7749377
7749383
7749403
7749439
7749449
7749457
7749463
7749479
7749487
7749491
7749493
7749499
7749517
7749527
7749559
7749571
7749593
7749611
7749661
7749673
7749691
7749727
7749737
7749751
7749767
7749769
7749799
7749803
7749839
7749869
7749887
7749913
7749941
7749947
7749949
7749961
7749997
7750003
7750021
7750051
7750069
7750087
7750097
7750109
7750121
7750139
7750187
7750201
7750213
7750229
7750231
7750247
7750273
7750313
7750339
7750343
7750361
7750373
7750381
7750399
7750409
7750433
7750439
7750459
7750481
7750507
7750513
7750529
7750549
7750559
7750577
7750579
7750583
7750597
7750661
7750669
7750693
7750709
7750711
7750733
7750739
7750741
7750753
7750807
7750867
7750891
7750901
7750913
7750943
7750949
7750969
7750987
7750991
7751011
7751021
7751039
7751047
7751063
7751077
7751089
7751101
7751111
7751113
7751119
7751123
7751143
7751153
7751179
7751189
7751203
7751239
7751251
7751267
7751273
7751279
7751281
7751321
7751327
7751347
7751351
7751357
7751363
7751441
7751467
7751477
7751489
7751503
7751531
7751543
7751551
7751573
7751587
7751591
7751593
7751599
7751617
7751629
7751669
7751683
7751693
7751701
7751741
7751749
7751761
7751771
7751789
7751827
7751831
7751839
7751921
7751923
7751927
7751963
7751969
7751977
7751987
7752007
7752013
7752029
7752037
7752047
7752061
7752067
7752079
7752103
7752109
7752113
7752131
7752137
7752161
7752163
7752179
7752181
7752197
7752211
7752223
7752229
7752253
7752259
7752271
7752281
7752293
7752313
7752317
7752319
7752331
7752343
7752373
7752377
7752379
7752383
7752389
7752401
7752413
7752421
7752431
7752463
7752473
7752517
7752529
7752539
7752557
7752571
7752581
7752583
7752601
7752607
7752623
7752643
7752653
7752677
7752683
7752691
7752709
7752713
7752743
7752749
7752751
7752761
7752763
7752803
7752827
7752839
7752847
7752851
7752853
7752859
7752887
7752911
7752923
7752929
7752937
7752959
7752961
7752971
7752989
7752991
7753033
7753049
7753079
7753087
7753099
7753117
7753127
7753133
7753153
7753157
7753171
7753177
7753181
7753183
7753189
7753247
7753289
7753301
7753303
7753321
7753337
7753357
7753363
7753393
7753409
7753429
7753439
7753451
7753453
7753481
7753489
7753517
7753523
7753561
7753567
7753579
7753583
7753589
7753619
7753621
7753663
7753667
7753673
7753679
7753787
7753799
7753849
7753873
7753883
7753891
7753897
7753901
7753903
7753909
7753931
7753939
7753973
7754003
7754009
7754011
7754017
7754077
7754081
7754113
7754119
7754141
7754167
7754189
7754203
7754209
7754237
7754249
7754251
7754269
7754273
7754291
7754293
7754321
7754323
7754347
7754353
7754419
7754437
7754443
7754447
7754479
7754507
7754563
7754573
7754581
7754599
7754609
7754639
7754651
7754653
7754683
7754689
7754711
7754713
7754723
7754729
7754741
7754777
7754797
7754809
7754821
7754827
7754843
7754891
7754893
7754897
7754899
7754911
7754927
7754947
7754951
7754963
7754969
7754987
7755017
7755029
7755031
7755067
7755079
7755091
7755107
7755131
7755133
7755149
7755157
7755161
7755197
7755199
7755203
7755233
7755263
7755277
7755283
7755289
7755323
7755337
7755353
7755359
7755361
7755379
7755409
7755413
7755421
7755427
7755481
7755497
7755521
7755547
7755551
7755563
7755569
7755571
7755581
7755613
7755617
7755619
7755637
7755641
7755653
7755659
7755691
7755697
7755721
7755767
7755773
7755779
7755793
7755809
7755817
7755821
7755823
7755833
7755841
7755851
7755877
7755889
7755907
7755959
7755973
7755989
7756013
7756019
7756033
7756043
7756057
7756069
7756139
7756157
7756159
7756193
7756223
7756241
7756247
7756279
7756283
7756321
7756349
7756361
7756367
7756373
7756381
7756387
7756409
7756429
7756499
7756501
7756519
7756559
7756591
7756597
7756627
7756631
7756633
7756669
7756687
7756703
7756733
7756753
7756757
7756781
7756783
7756787
7756841
7756849
7756871
7756897
7756909
7756919
7756933
7756937
7756951
7756961
7756967
7756999
7757011
7757017
7757023
7757041
7757047
7757051
7757063
7757069
7757081
7757093
7757119
7757131
7757137
7757171
7757207
7757221
7757231
7757237
7757251
7757257
7757293
7757311
7757341
7757353
7757363
7757401
7757411
7757419
7757437
7757441
7757443
7757447
7757467
7757473
7757483
7757513
7757521
7757537
7757543
7757551
7757579
7757597
7757599
7757609
7757611
7757621
7757623
7757653
7757677
7757683
7757699
7757707
7757713
7757723
7757731
7757741
7757747
7757779
7757791
7757803
7757807
7757809
7757861
7757873
7757887
7757891
7757903
7757977
7757987
7757999
7758011
7758019
7758043
7758053
7758071
7758073
7758083
7758089
7758097
7758133
7758139
7758151
7758161
7758181
7758187
7758209
7758227
7758253
7758263
7758313
7758329
7758343
7758371
7758433
7758437
7758449
7758461
7758473
7758503
7758523
7758551
7758577
7758607
7758629
7758643
7758671
7758679
7758683
7758697
7758701
7758727
7758731
7758733
7758743
7758769
7758781
7758787
7758853
7758857
7758869
7758871
7758899
7758911
7758917
7758929
7758977
7758983
7758991
7758997
7759007
7759009
7759013
7759039
7759043
7759051
7759057
7759079
7759099
7759111
7759151
7759177
7759187
7759189
7759229
7759231
7759237
7759249
7759309
7759313
7759343
7759351
7759357
7759379
7759387
7759439
7759457
7759469
7759483
7759489
7759513
7759547
7759589
7759639
7759649
7759663
7759669
7759691
7759699
7759721
7759723
7759777
7759789
7759811
7759813
7759831
7759853
7759859
7759861
7759877
7759879
7759883
7759891
7759897
7759943
7759981
7759987
7759991
7760017
7760021
7760033
7760057
7760059
7760063
7760089
7760107
7760117
7760149
7760171
7760173
7760183
7760191
7760213
7760243
7760257
7760273
7760281
7760287
7760297
7760321
7760327
7760387
7760393
7760399
7760413
7760437
7760443
7760471
7760479
7760497
7760507
7760561
7760563
7760567
7760579
7760609
7760611
7760617
7760647
7760663
7760671
7760693
7760717
7760743
7760747
7760761
7760803
7760807
7760813
7760827
7760839
7760887
7760897
7760927
7760933
7760971
7760983
7760989
7760999
7761001
7761007
7761023
7761029
7761059
7761071
7761077
7761107
7761121
7761133
7761151
7761167
7761181
7761211
7761217
7761233
7761239
7761283
7761289
7761293
7761301
7761307
7761311
7761317
7761323
7761331
7761353
7761361
7761389
7761407
7761409
7761421
7761427
7761437
7761451
7761487
7761491
7761493
7761499
7761539
7761577
7761581
7761583
7761599
7761613
7761617
7761643
7761661
7761679
7761697
7761703
7761731
7761739
7761769
7761773
7761799
7761827
7761839
7761847
7761851
7761889
7761907
7761913
7761917
7761947
7761953
7761967
7761989
7762021
7762031
7762061
7762091
7762093
7762103
7762129
7762133
7762141
7762187
7762199
7762207
7762213
7762229
7762259
7762277
7762289
7762291
7762297
7762301
7762331
7762333
7762351
7762357
7762373
7762397
7762423
7762427
7762429
7762439
7762451
7762463
7762483
7762487
7762499
7762511
7762537
7762543
7762589
7762597
7762603
7762607
7762609
7762627
7762639
7762673
7762681
7762709
7762717
7762721
7762723
7762739
7762757
7762763
7762771
7762787
7762789
7762873
7762877
7762903
7762913
7762949
7762967
7762991
7763003
7763009
7763047
7763053
7763083
7763099
7763111
7763123
7763137
7763183
7763221
7763269
7763291
7763293
7763297
7763311
7763317
7763389
7763401
7763411
7763429
7763449
7763461
7763467
7763471
7763501
7763513
7763519
7763537
7763549
7763551
7763557
7763597
7763629
7763641
7763669
7763683
7763687
7763689
7763729
7763731
7763741
7763753
7763771
7763773
7763797
7763803
7763809
7763827
7763839
7763843
7763863
7763867
7763881
7763923
7763929
7763933
7763939
7763947
7763953
7763957
7763963
7763983
7763993
7763999
7764007
7764011
7764013
7764049
7764059
7764073
7764077
7764079
7764101
7764131
7764139
7764151
7764181
7764187
7764193
7764221
7764247
7764283
7764287
7764299
7764313
7764329
7764349
7764371
7764377
7764389
7764391
7764403
7764437
7764439
7764443
7764451
7764469
7764479
7764509
7764511
7764517
7764527
7764599
7764607
7764611
7764613
7764641
7764643
7764661
7764667
7764677
7764683
7764707
7764727
7764739
7764761
7764769
7764797
7764803
7764839
7764847
7764851
7764877
7764881
7764893
7764943
7764959
7764979
7765001
7765003
7765013
7765019
7765103
7765111
7765123
7765133
7765151
7765169
7765181
7765193
7765201
7765207
7765211
7765213
7765249
7765259
7765267
7765279
7765291
7765309
7765313
7765321
7765337
7765343
7765391
7765393
7765399
7765411
7765489
7765493
7765519
7765553
7765567
7765579
7765603
7765627
7765643
7765673
7765711
7765721
7765733
7765781
7765783
7765829
7765837
7765847
7765853
7765859
7765861
7765883
7765913
7765921
7765943
7765949
7765963
7765969
7765987
7766009
7766021
7766039
7766053
7766071
7766107
7766153
7766201
7766221
7766237
7766243
7766267
7766279
7766293
7766309
7766321
7766323
7766329
7766371
7766389
7766401
7766413
7766417
7766419
7766441
7766443
7766449
7766453
7766483
7766491
7766503
7766527
7766533
7766537
7766587
7766599
7766621
7766657
7766659
7766711
7766713
7766729
7766741
7766743
7766749
7766767
7766777
7766791
7766813
7766827
7766849
7766851
7766861
7766879
7766881
7766897
7766911
7766933
7766951
7766959
7766963
7766971
7767007
7767017
7767037
7767049
7767083
7767103
7767107
7767139
7767167
7767197
7767217
7767229
7767239
7767241
7767247
7767293
7767301
7767343
7767349
There are 2081 prime numbers in S464.
