S465(7767361~7800840)
7767401
7767421
7767427
7767433
7767443
7767457
7767479
7767493
7767497
7767499
7767503
7767533
7767541
7767547
7767553
7767559
7767569
7767631
7767647
7767659
7767689
7767703
7767709
7767719
7767731
7767757
7767769
7767787
7767797
7767811
7767869
7767883
7767899
7767917
7767919
7767931
7767953
7767961
7767967
7767973
7767989
7768001
7768049
7768069
7768081
7768087
7768109
7768121
7768129
7768139
7768141
7768171
7768177
7768193
7768223
7768237
7768247
7768249
7768253
7768331
7768333
7768349
7768357
7768361
7768379
7768381
7768403
7768427
7768447
7768459
7768487
7768499
7768547
7768561
7768567
7768577
7768591
7768597
7768601
7768613
7768619
7768627
7768669
7768699
7768703
7768729
7768751
7768753
7768759
7768763
7768769
7768811
7768843
7768877
7768889
7768907
7768921
7768961
7768979
7768987
7768997
7769029
7769057
7769059
7769087
7769141
7769219
7769243
7769261
7769263
7769273
7769287
7769291
7769327
7769329
7769339
7769351
7769383
7769389
7769401
7769417
7769431
7769441
7769471
7769507
7769513
7769549
7769569
7769579
7769633
7769639
7769647
7769669
7769693
7769701
7769717
7769737
7769759
7769761
7769771
7769813
7769819
7769831
7769849
7769857
7769891
7769893
7769897
7769911
7769947
7770001
7770013
7770017
7770023
7770041
7770053
7770073
7770089
7770097
7770101
7770109
7770121
7770131
7770151
7770157
7770163
7770167
7770179
7770187
7770223
7770227
7770247
7770253
7770281
7770293
7770299
7770313
7770319
7770337
7770341
7770391
7770403
7770439
7770457
7770461
7770467
7770473
7770509
7770523
7770551
7770559
7770577
7770583
7770599
7770613
7770617
7770643
7770667
7770673
7770691
7770731
7770733
7770743
7770761
7770769
7770773
7770779
7770781
7770787
7770793
7770799
7770809
7770859
7770871
7770877
7770899
7770901
7770911
7770929
7770953
7770991
7771009
7771013
7771031
7771039
7771061
7771063
7771081
7771087
7771103
7771109
7771139
7771177
7771187
7771189
7771201
7771219
7771237
7771241
7771271
7771277
7771307
7771411
7771429
7771441
7771451
7771457
7771459
7771469
7771471
7771481
7771487
7771523
7771529
7771537
7771541
7771553
7771559
7771571
7771609
7771619
7771633
7771637
7771639
7771649
7771651
7771661
7771667
7771693
7771697
7771711
7771717
7771721
7771727
7771733
7771787
7771811
7771823
7771843
7771859
7771877
7771891
7771903
7771909
7771943
7771957
7771963
7771993
7771997
7772021
7772047
7772053
7772057
7772059
7772101
7772113
7772117
7772123
7772131
7772143
7772173
7772189
7772209
7772221
7772251
7772263
7772267
7772279
7772309
7772333
7772339
7772341
7772353
7772389
7772393
7772399
7772419
7772431
7772447
7772449
7772461
7772473
7772507
7772509
7772521
7772543
7772561
7772591
7772617
7772629
7772641
7772663
7772669
7772711
7772747
7772753
7772761
7772771
7772773
7772777
7772789
7772797
7772833
7772839
7772857
7772861
7772879
7772917
7772929
7772951
7772953
7772959
7772977
7772983
7773013
7773037
7773043
7773053
7773083
7773089
7773107
7773119
7773121
7773133
7773163
7773167
7773173
7773179
7773187
7773193
7773197
7773209
7773211
7773217
7773251
7773253
7773257
7773317
7773319
7773323
7773331
7773347
7773361
7773371
7773391
7773401
7773419
7773431
7773439
7773449
7773463
7773473
7773481
7773487
7773499
7773503
7773511
7773523
7773569
7773581
7773587
7773593
7773599
7773611
7773613
7773617
7773673
7773739
7773749
7773761
7773763
7773767
7773803
7773833
7773851
7773859
7773877
7773889
7773893
7773911
7773917
7773919
7773929
7773949
7773967
7773973
7773979
7774007
7774031
7774037
7774043
7774057
7774079
7774103
7774121
7774127
7774141
7774147
7774157
7774159
7774163
7774171
7774183
7774189
7774201
7774213
7774229
7774231
7774237
7774279
7774301
7774303
7774307
7774309
7774313
7774331
7774343
7774367
7774381
7774399
7774433
7774463
7774471
7774499
7774519
7774531
7774541
7774549
7774567
7774577
7774579
7774597
7774601
7774603
7774609
7774631
7774651
7774703
7774709
7774721
7774751
7774777
7774783
7774799
7774807
7774829
7774849
7774853
7774867
7774889
7774891
7774903
7774913
7774939
7774957
7774973
7774979
7774993
7775023
7775029
7775039
7775051
7775071
7775077
7775087
7775099
7775179
7775213
7775221
7775231
7775269
7775279
7775293
7775309
7775323
7775329
7775347
7775377
7775399
7775401
7775429
7775459
7775461
7775473
7775479
7775497
7775501
7775507
7775519
7775533
7775543
7775549
7775569
7775597
7775623
7775627
7775639
7775641
7775657
7775701
7775717
7775737
7775753
7775759
7775827
7775843
7775861
7775879
7775881
7775893
7775903
7775969
7775981
7776059
7776061
7776079
7776127
7776143
7776151
7776173
7776203
7776211
7776239
7776269
7776283
7776287
7776289
7776311
7776313
7776331
7776371
7776383
7776389
7776403
7776409
7776413
7776427
7776451
7776469
7776473
7776541
7776551
7776569
7776583
7776589
7776607
7776619
7776631
7776641
7776649
7776673
7776683
7776709
7776749
7776751
7776779
7776787
7776799
7776889
7776907
7776913
7776929
7776931
7776941
7776971
7776983
7777009
7777031
7777051
7777093
7777103
7777139
7777171
7777193
7777223
7777229
7777241
7777261
7777267
7777271
7777283
7777291
7777337
7777361
7777369
7777397
7777409
7777421
7777447
7777463
7777487
7777489
7777499
7777501
7777537
7777543
7777573
7777579
7777589
7777603
7777613
7777643
7777663
7777667
7777673
7777709
7777727
7777753
7777769
7777801
7777811
7777813
7777843
7777849
7777853
7777867
7777873
7777879
7777919
7777943
7777951
7777967
7777981
7777997
7778033
7778039
7778041
7778051
7778059
7778063
7778081
7778083
7778101
7778123
7778137
7778149
7778153
7778159
7778167
7778189
7778203
7778213
7778237
7778269
7778273
7778279
7778291
7778317
7778321
7778327
7778339
7778389
7778413
7778417
7778423
7778431
7778447
7778461
7778471
7778483
7778509
7778539
7778549
7778557
7778591
7778593
7778611
7778627
7778629
7778647
7778671
7778713
7778731
7778747
7778753
7778759
7778773
7778777
7778779
7778783
7778791
7778801
7778839
7778891
7778921
7778929
7778933
7778941
7778951
7778957
7778959
7778963
7778983
7779019
7779041
7779049
7779071
7779077
7779097
7779103
7779127
7779137
7779157
7779197
7779203
7779241
7779253
7779263
7779283
7779293
7779301
7779311
7779347
7779349
7779371
7779377
7779383
7779389
7779397
7779403
7779427
7779433
7779461
7779469
7779479
7779491
7779521
7779529
7779547
7779587
7779593
7779601
7779613
7779617
7779623
7779631
7779641
7779677
7779679
7779701
7779713
7779719
7779763
7779787
7779809
7779833
7779847
7779869
7779881
7779883
7779887
7779907
7779913
7779943
7779979
7779991
7779997
7780007
7780013
7780043
7780061
7780081
7780117
7780127
7780133
7780151
7780159
7780181
7780183
7780189
7780193
7780217
7780219
7780229
7780231
7780243
7780259
7780261
7780277
7780307
7780309
7780321
7780327
7780343
7780351
7780369
7780387
7780391
7780403
7780429
7780459
7780477
7780499
7780511
7780523
7780537
7780541
7780547
7780561
7780567
7780573
7780579
7780583
7780589
7780621
7780637
7780639
7780649
7780651
7780657
7780667
7780691
7780699
7780711
7780727
7780741
7780757
7780769
7780811
7780873
7780889
7780891
7780901
7780919
7780921
7780963
7780999
7781023
7781027
7781029
7781057
7781101
7781113
7781117
7781119
7781159
7781161
7781197
7781231
7781239
7781261
7781287
7781297
7781299
7781311
7781321
7781327
7781329
7781353
7781357
7781369
7781377
7781413
7781441
7781453
7781467
7781491
7781503
7781533
7781539
7781549
7781551
7781561
7781573
7781591
7781603
7781611
7781617
7781623
7781629
7781639
7781647
7781663
7781689
7781701
7781723
7781731
7781777
7781779
7781819
7781821
7781857
7781861
7781863
7781881
7781897
7781909
7781927
7781929
7781933
7781957
7781987
7781989
7781993
7782013
7782017
7782029
7782037
7782067
7782113
7782127
7782133
7782157
7782161
7782167
7782199
7782227
7782263
7782283
7782287
7782289
7782301
7782337
7782377
7782403
7782443
7782449
7782451
7782473
7782479
7782493
7782499
7782503
7782521
7782529
7782553
7782569
7782587
7782629
7782641
7782659
7782689
7782703
7782707
7782713
7782727
7782737
7782739
7782769
7782773
7782779
7782781
7782793
7782811
7782823
7782847
7782851
7782877
7782881
7782883
7782911
7782917
7782937
7782979
7783007
7783021
7783037
7783057
7783081
7783109
7783117
7783123
7783133
7783147
7783163
7783169
7783207
7783211
7783213
7783231
7783241
7783249
7783267
7783277
7783291
7783309
7783319
7783343
7783379
7783409
7783411
7783427
7783459
7783463
7783471
7783507
7783519
7783541
7783547
7783549
7783609
7783619
7783621
7783631
7783649
7783651
7783669
7783691
7783723
7783733
7783751
7783753
7783757
7783777
7783781
7783793
7783819
7783829
7783837
7783843
7783847
7783849
7783873
7783877
7783879
7783921
7783927
7783967
7783987
7784009
7784033
7784039
7784159
7784177
7784221
7784233
7784237
7784303
7784323
7784339
7784341
7784353
7784389
7784407
7784459
7784461
7784473
7784479
7784527
7784549
7784561
7784573
7784593
7784611
7784617
7784633
7784639
7784659
7784669
7784687
7784701
7784713
7784723
7784729
7784743
7784747
7784761
7784771
7784779
7784783
7784807
7784809
7784831
7784857
7784863
7784867
7784869
7784891
7784921
7784923
7784941
7784951
7784977
7784981
7784983
7784989
7784993
7785013
7785067
7785077
7785083
7785103
7785131
7785161
7785179
7785209
7785257
7785259
7785277
7785289
7785319
7785341
7785343
7785347
7785359
7785389
7785391
7785403
7785413
7785457
7785469
7785487
7785493
7785499
7785521
7785539
7785551
7785563
7785571
7785593
7785607
7785653
7785671
7785683
7785731
7785737
7785749
7785793
7785803
7785821
7785823
7785851
7785853
7785863
7785871
7785887
7785907
7785913
7785917
7785971
7785977
7785997
7786019
7786027
7786043
7786063
7786091
7786099
7786117
7786127
7786151
7786157
7786159
7786189
7786201
7786231
7786241
7786249
7786267
7786279
7786309
7786367
7786417
7786421
7786451
7786463
7786511
7786547
7786553
7786567
7786573
7786577
7786579
7786609
7786619
7786657
7786661
7786693
7786721
7786733
7786739
7786763
7786787
7786829
7786847
7786861
7786871
7786873
7786907
7786927
7786957
7786967
7786981
7787009
7787011
7787023
7787047
7787081
7787083
7787111
7787123
7787137
7787141
7787147
7787149
7787161
7787183
7787189
7787239
7787291
7787303
7787323
7787327
7787333
7787347
7787371
7787389
7787413
7787441
7787453
7787471
7787503
7787519
7787537
7787551
7787561
7787569
7787579
7787597
7787609
7787623
7787627
7787629
7787657
7787677
7787699
7787707
7787719
7787749
7787761
7787771
7787779
7787803
7787833
7787837
7787849
7787861
7787881
7787911
7787951
7787957
7787959
7787963
7787971
7787981
7787987
7787999
7788017
7788029
7788047
7788083
7788089
7788097
7788101
7788103
7788113
7788133
7788149
7788181
7788199
7788247
7788259
7788307
7788311
7788317
7788349
7788353
7788367
7788427
7788439
7788457
7788481
7788493
7788497
7788523
7788527
7788577
7788581
7788593
7788607
7788619
7788631
7788653
7788667
7788679
7788691
7788701
7788707
7788709
7788763
7788769
7788779
7788787
7788821
7788853
7788857
7788871
7788883
7788889
7788919
7788929
7788931
7788953
7788983
7788997
7789021
7789073
7789079
7789099
7789123
7789141
7789147
7789181
7789189
7789193
7789211
7789217
7789253
7789261
7789267
7789289
7789333
7789337
7789343
7789363
7789367
7789393
7789399
7789403
7789447
7789459
7789469
7789489
7789501
7789531
7789541
7789559
7789567
7789583
7789589
7789597
7789609
7789619
7789627
7789657
7789669
7789687
7789703
7789729
7789739
7789741
7789759
7789813
7789819
7789823
7789841
7789849
7789871
7789879
7789913
7789919
7789931
7789949
7789963
7789967
7789979
7789987
7789997
7790047
7790051
7790087
7790089
7790093
7790117
7790119
7790129
7790137
7790143
7790147
7790149
7790161
7790173
7790197
7790201
7790219
7790243
7790273
7790327
7790329
7790347
7790359
7790401
7790407
7790411
7790423
7790443
7790459
7790477
7790501
7790507
7790567
7790569
7790581
7790591
7790593
7790597
7790621
7790623
7790639
7790669
7790677
7790681
7790687
7790689
7790719
7790723
7790729
7790791
7790801
7790803
7790819
7790833
7790843
7790857
7790863
7790873
7790897
7790899
7790903
7790917
7790929
7790953
7790989
7791001
7791037
7791073
7791097
7791101
7791109
7791139
7791233
7791239
7791247
7791257
7791269
7791283
7791313
7791337
7791373
7791379
7791383
7791391
7791403
7791431
7791437
7791451
7791467
7791473
7791493
7791499
7791527
7791529
7791551
7791569
7791587
7791607
7791617
7791629
7791673
7791677
7791697
7791709
7791727
7791731
7791737
7791739
7791743
7791761
7791781
7791787
7791799
7791829
7791851
7791853
7791857
7791877
7791907
7791911
7791929
7791961
7791977
7792003
7792021
7792051
7792121
7792133
7792139
7792151
7792153
7792157
7792181
7792207
7792297
7792303
7792313
7792319
7792327
7792333
7792349
7792357
7792361
7792363
7792373
7792397
7792399
7792429
7792457
7792471
7792513
7792549
7792559
7792601
7792627
7792649
7792651
7792669
7792693
7792709
7792711
7792723
7792739
7792769
7792777
7792781
7792789
7792801
7792843
7792859
7792861
7792891
7792913
7792931
7792937
7792951
7792957
7792963
7792999
7793003
7793033
7793041
7793047
7793057
7793063
7793081
7793087
7793111
7793143
7793153
7793161
7793171
7793197
7793207
7793209
7793213
7793231
7793237
7793281
7793311
7793333
7793339
7793341
7793351
7793353
7793371
7793393
7793411
7793413
7793417
7793447
7793459
7793473
7793483
7793501
7793503
7793509
7793521
7793561
7793581
7793603
7793623
7793647
7793651
7793657
7793671
7793677
7793683
7793719
7793729
7793749
7793759
7793761
7793777
7793831
7793833
7793843
7793873
7793893
7793897
7793917
7793921
7793957
7793969
7793983
7793999
7794019
7794023
7794049
7794053
7794071
7794089
7794119
7794121
7794131
7794133
7794139
7794173
7794209
7794221
7794229
7794239
7794247
7794251
7794253
7794257
7794277
7794287
7794289
7794307
7794323
7794329
7794343
7794349
7794373
7794379
7794407
7794421
7794439
7794443
7794461
7794463
7794467
7794491
7794509
7794511
7794529
7794557
7794559
7794569
7794571
7794607
7794643
7794701
7794737
7794751
7794781
7794799
7794803
7794811
7794817
7794821
7794833
7794841
7794859
7794863
7794929
7794947
7794949
7794971
7794977
7795031
7795033
7795069
7795103
7795121
7795141
7795153
7795157
7795189
7795217
7795219
7795223
7795237
7795247
7795253
7795261
7795273
7795309
7795313
7795331
7795343
7795357
7795363
7795369
7795379
7795397
7795423
7795429
7795439
7795441
7795499
7795507
7795511
7795549
7795559
7795573
7795603
7795633
7795637
7795649
7795661
7795687
7795709
7795721
7795747
7795759
7795763
7795769
7795807
7795811
7795813
7795819
7795831
7795859
7795883
7795897
7795901
7795927
7795933
7795939
7795961
7795993
7795999
7796003
7796017
7796021
7796039
7796059
7796069
7796071
7796101
7796111
7796119
7796123
7796147
7796153
7796161
7796177
7796179
7796189
7796207
7796231
7796249
7796263
7796309
7796323
7796339
7796363
7796377
7796401
7796423
7796449
7796461
7796491
7796497
7796507
7796513
7796521
7796527
7796539
7796549
7796561
7796567
7796573
7796587
7796597
7796599
7796611
7796623
7796639
7796641
7796653
7796687
7796699
7796713
7796741
7796759
7796797
7796801
7796843
7796849
7796851
7796869
7796881
7796917
7796923
7796939
7796947
7796951
7796963
7796981
7796993
7797017
7797043
7797071
7797077
7797109
7797131
7797133
7797137
7797157
7797173
7797191
7797199
7797211
7797227
7797241
7797247
7797281
7797287
7797311
7797313
7797323
7797359
7797389
7797401
7797451
7797463
7797481
7797487
7797511
7797521
7797541
7797547
7797551
7797553
7797563
7797583
7797589
7797593
7797599
7797623
7797631
7797653
7797659
7797683
7797697
7797701
7797721
7797737
7797743
7797763
7797793
7797799
7797841
7797877
7797887
7797899
7797901
7797919
7797953
7797983
7797991
7797997
7798069
7798073
7798097
7798103
7798111
7798163
7798171
7798199
7798201
7798249
7798253
7798279
7798289
7798313
7798333
7798337
7798369
7798397
7798411
7798421
7798457
7798463
7798489
7798499
7798501
7798537
7798547
7798559
7798591
7798603
7798613
7798619
7798621
7798627
7798649
7798657
7798669
7798673
7798717
7798727
7798729
7798741
7798751
7798753
7798783
7798793
7798799
7798807
7798811
7798831
7798837
7798859
7798877
7798891
7798907
7798919
7798927
7798933
7798939
7798951
7798957
7798961
7798963
7798969
7798991
7798997
7799017
7799023
7799027
7799041
7799069
7799089
7799111
7799131
7799153
7799167
7799171
7799189
7799201
7799203
7799213
7799251
7799257
7799299
7799303
7799327
7799333
7799339
7799377
7799417
7799423
7799431
7799453
7799459
7799501
7799503
7799513
7799527
7799543
7799573
7799581
7799587
7799611
7799621
7799653
7799657
7799669
7799683
7799689
7799699
7799723
7799731
7799761
7799767
7799789
7799797
7799809
7799837
7799843
7799849
7799863
7799873
7799903
7799929
7799951
7799971
7799999
7800017
7800029
7800041
7800047
7800053
7800077
7800083
7800097
7800103
7800113
7800119
7800137
7800139
7800179
7800181
7800187
7800211
7800259
7800271
7800281
7800307
7800311
7800323
7800337
7800347
7800349
7800371
7800383
7800389
7800409
7800413
7800479
7800491
7800511
7800521
7800547
7800553
7800571
7800577
7800613
7800629
7800647
7800649
7800733
7800769
7800781
7800791
7800799
7800817
7800827
7800839
There are 2091 prime numbers in S465.
