S466(7800841~7834392)
7800851
7800869
7800883
7800889
7800901
7800941
7800953
7800959
7800967
7800973
7800997
7801007
7801019
7801033
7801037
7801051
7801063
7801067
7801069
7801081
7801093
7801099
7801121
7801141
7801159
7801169
7801207
7801219
7801223
7801231
7801237
7801247
7801259
7801289
7801307
7801333
7801337
7801349
7801363
7801373
7801379
7801427
7801459
7801463
7801471
7801489
7801523
7801567
7801597
7801627
7801631
7801637
7801649
7801663
7801679
7801697
7801699
7801721
7801727
7801733
7801753
7801757
7801769
7801811
7801813
7801823
7801867
7801879
7801883
7801897
7801903
7801907
7801919
7801921
7801933
7801939
7801943
7801973
7801979
7801993
7801999
7802009
7802017
7802029
7802051
7802059
7802107
7802117
7802161
7802191
7802203
7802213
7802231
7802233
7802237
7802239
7802251
7802281
7802299
7802323
7802339
7802357
7802381
7802387
7802401
7802413
7802419
7802437
7802441
7802447
7802453
7802477
7802513
7802539
7802549
7802551
7802563
7802621
7802657
7802659
7802699
7802701
7802791
7802801
7802803
7802849
7802869
7802929
7802933
7802941
7802953
7802959
7803011
7803023
7803077
7803083
7803097
7803143
7803149
7803151
7803193
7803203
7803217
7803223
7803239
7803241
7803247
7803251
7803259
7803283
7803317
7803329
7803331
7803343
7803353
7803373
7803379
7803401
7803437
7803443
7803449
7803451
7803461
7803491
7803611
7803613
7803619
7803643
7803659
7803673
7803689
7803701
7803703
7803709
7803721
7803749
7803751
7803767
7803793
7803797
7803811
7803827
7803839
7803853
7803881
7803883
7803907
7803937
7803949
7803953
7803973
7803977
7803979
7803997
7804007
7804009
7804019
7804039
7804051
7804057
7804081
7804099
7804123
7804141
7804163
7804171
7804187
7804201
7804229
7804243
7804261
7804267
7804271
7804283
7804289
7804297
7804327
7804333
7804339
7804351
7804369
7804387
7804403
7804417
7804439
7804441
7804453
7804463
7804469
7804481
7804501
7804519
7804553
7804561
7804597
7804607
7804609
7804631
7804633
7804639
7804651
7804661
7804673
7804681
7804703
7804721
7804723
7804733
7804757
7804759
7804787
7804789
7804793
7804807
7804813
7804829
7804831
7804871
7804873
7804879
7804913
7804949
7804957
7804987
7805009
7805041
7805053
7805069
7805081
7805093
7805099
7805107
7805117
7805123
7805131
7805137
7805141
7805153
7805173
7805177
7805197
7805201
7805207
7805209
7805221
7805269
7805297
7805323
7805327
7805353
7805359
7805383
7805387
7805393
7805401
7805419
7805429
7805449
7805453
7805461
7805467
7805471
7805477
7805503
7805507
7805509
7805519
7805537
7805549
7805591
7805593
7805617
7805627
7805639
7805647
7805657
7805683
7805689
7805719
7805729
7805741
7805767
7805783
7805797
7805821
7805851
7805879
7805887
7805891
7805909
7805921
7805929
7805939
7805957
7805981
7805983
7806013
7806047
7806049
7806059
7806151
7806157
7806163
7806187
7806193
7806217
7806221
7806229
7806241
7806257
7806287
7806289
7806311
7806313
7806319
7806329
7806341
7806343
7806347
7806373
7806377
7806419
7806431
7806433
7806437
7806439
7806479
7806493
7806497
7806503
7806509
7806551
7806577
7806599
7806611
7806619
7806641
7806647
7806661
7806709
7806751
7806787
7806797
7806803
7806809
7806811
7806833
7806863
7806871
7806881
7806917
7806919
7806943
7806973
7806977
7806979
7806983
7807001
7807013
7807027
7807031
7807039
7807049
7807067
7807087
7807103
7807127
7807141
7807147
7807181
7807193
7807201
7807223
7807243
7807273
7807291
7807313
7807321
7807339
7807361
7807379
7807399
7807421
7807427
7807439
7807441
7807463
7807487
7807489
7807517
7807519
7807531
7807543
7807549
7807601
7807637
7807643
7807673
7807697
7807717
7807721
7807729
7807739
7807747
7807759
7807771
7807783
7807823
7807829
7807843
7807859
7807901
7807903
7807927
7807937
7807951
7807963
7807967
7807991
7808011
7808023
7808029
7808033
7808039
7808051
7808093
7808131
7808149
7808161
7808167
7808173
7808191
7808197
7808231
7808239
7808243
7808257
7808267
7808309
7808329
7808347
7808371
7808399
7808401
7808407
7808429
7808441
7808459
7808461
7808467
7808483
7808501
7808503
7808513
7808519
7808527
7808579
7808599
7808617
7808623
7808629
7808657
7808681
7808687
7808693
7808699
7808711
7808747
7808767
7808777
7808789
7808803
7808821
7808833
7808837
7808839
7808873
7808893
7808897
7808921
7808951
7808953
7808963
7808971
7808989
7809049
7809079
7809083
7809089
7809107
7809143
7809157
7809173
7809199
7809203
7809211
7809223
7809253
7809343
7809349
7809353
7809377
7809383
7809413
7809433
7809449
7809463
7809469
7809491
7809499
7809509
7809517
7809533
7809541
7809547
7809559
7809583
7809601
7809667
7809679
7809689
7809691
7809707
7809713
7809727
7809731
7809733
7809751
7809757
7809793
7809797
7809821
7809829
7809847
7809859
7809863
7809869
7809881
7809899
7809911
7809913
7809917
7809941
7809947
7809979
7809983
7810001
7810039
7810043
7810057
7810063
7810067
7810069
7810073
7810079
7810091
7810097
7810111
7810139
7810141
7810147
7810169
7810183
7810189
7810199
7810207
7810211
7810223
7810237
7810241
7810291
7810301
7810321
7810333
7810339
7810381
7810399
7810421
7810427
7810433
7810457
7810511
7810529
7810553
7810559
7810591
7810609
7810619
7810637
7810643
7810661
7810681
7810697
7810703
7810711
7810717
7810721
7810739
7810753
7810783
7810801
7810807
7810819
7810841
7810877
7810879
7810909
7810931
7810987
7810991
7811017
7811029
7811057
7811059
7811077
7811081
7811117
7811129
7811131
7811171
7811173
7811189
7811201
7811203
7811249
7811281
7811303
7811311
7811333
7811339
7811341
7811357
7811359
7811369
7811393
7811407
7811429
7811437
7811497
7811521
7811539
7811543
7811549
7811561
7811563
7811567
7811579
7811591
7811593
7811611
7811621
7811663
7811669
7811693
7811747
7811813
7811819
7811821
7811833
7811861
7811879
7811893
7811899
7811911
7811941
7811953
7811957
7811971
7811977
7811981
7812001
7812023
7812037
7812067
7812071
7812109
7812113
7812121
7812127
7812137
7812169
7812179
7812191
7812221
7812227
7812239
7812247
7812289
7812307
7812313
7812319
7812323
7812347
7812349
7812361
7812377
7812379
7812407
7812421
7812449
7812457
7812461
7812463
7812487
7812491
7812499
7812521
7812523
7812529
7812551
7812557
7812559
7812569
7812577
7812599
7812601
7812611
7812613
7812647
7812689
7812691
7812703
7812719
7812731
7812733
7812767
7812787
7812797
7812821
7812829
7812841
7812851
7812881
7812887
7812901
7812907
7812923
7812929
7812943
7812947
7812953
7812967
7812983
7813007
7813019
7813027
7813037
7813061
7813067
7813073
7813087
7813103
7813109
7813111
7813129
7813133
7813153
7813177
7813181
7813213
7813241
7813243
7813249
7813277
7813279
7813291
7813297
7813301
7813303
7813331
7813343
7813349
7813361
7813363
7813367
7813369
7813397
7813417
7813423
7813433
7813439
7813451
7813453
7813459
7813471
7813483
7813511
7813513
7813517
7813613
7813633
7813639
7813649
7813651
7813661
7813669
7813691
7813699
7813711
7813717
7813723
7813753
7813759
7813777
7813781
7813787
7813801
7813823
7813849
7813853
7813873
7813879
7813907
7813909
7813937
7813957
7813973
7813979
7813987
7814011
7814087
7814117
7814119
7814159
7814171
7814179
7814207
7814221
7814239
7814249
7814251
7814291
7814293
7814297
7814299
7814309
7814321
7814341
7814371
7814381
7814393
7814413
7814483
7814489
7814501
7814557
7814561
7814563
7814581
7814593
7814623
7814627
7814633
7814647
7814663
7814669
7814683
7814689
7814701
7814707
7814743
7814749
7814767
7814773
7814783
7814789
7814791
7814809
7814819
7814837
7814843
7814857
7814861
7814867
7814879
7814897
7814921
7814923
7814927
7814941
7814953
7814971
7814981
7815013
7815043
7815047
7815091
7815097
7815127
7815151
7815163
7815169
7815253
7815263
7815281
7815287
7815337
7815341
7815371
7815373
7815397
7815421
7815443
7815463
7815491
7815499
7815523
7815527
7815557
7815589
7815623
7815629
7815641
7815659
7815667
7815673
7815701
7815719
7815721
7815727
7815737
7815763
7815779
7815781
7815793
7815799
7815811
7815817
7815823
7815839
7815851
7815887
7815919
7815943
7815947
7815989
7816001
7816007
7816009
7816033
7816057
7816079
7816091
7816103
7816111
7816121
7816157
7816169
7816189
7816217
7816219
7816253
7816267
7816271
7816273
7816279
7816301
7816321
7816327
7816331
7816409
7816423
7816427
7816439
7816463
7816477
7816511
7816513
7816519
7816531
7816541
7816547
7816561
7816579
7816597
7816607
7816637
7816643
7816649
7816661
7816667
7816673
7816687
7816703
7816709
7816727
7816729
7816759
7816777
7816789
7816799
7816807
7816843
7816859
7816877
7816883
7816891
7816931
7816933
7816981
7816997
7817003
7817009
7817011
7817021
7817041
7817071
7817077
7817081
7817107
7817111
7817143
7817179
7817191
7817197
7817213
7817219
7817233
7817237
7817261
7817267
7817279
7817311
7817353
7817387
7817393
7817419
7817423
7817449
7817461
7817473
7817479
7817483
7817489
7817503
7817507
7817573
7817587
7817599
7817609
7817639
7817681
7817743
7817749
7817809
7817813
7817819
7817827
7817837
7817863
7817867
7817869
7817879
7817893
7817903
7817939
7817941
7817951
7817963
7817981
7818001
7818037
7818049
7818053
7818067
7818071
7818127
7818133
7818191
7818221
7818233
7818269
7818287
7818311
7818323
7818337
7818347
7818353
7818361
7818379
7818397
7818451
7818457
7818463
7818467
7818469
7818563
7818599
7818607
7818617
7818631
7818637
7818649
7818653
7818667
7818677
7818697
7818731
7818761
7818799
7818821
7818829
7818859
7818869
7818871
7818887
7818907
7818949
7818953
7818961
7818971
7818973
7818977
7818989
7819033
7819043
7819079
7819087
7819109
7819111
7819121
7819129
7819139
7819153
7819157
7819169
7819171
7819177
7819187
7819193
7819219
7819237
7819243
7819271
7819297
7819309
7819313
7819327
7819351
7819391
7819417
7819423
7819429
7819457
7819459
7819481
7819489
7819501
7819519
7819571
7819577
7819579
7819601
7819619
7819627
7819631
7819639
7819661
7819681
7819703
7819717
7819729
7819733
7819741
7819751
7819753
7819787
7819789
7819831
7819853
7819873
7819883
7819921
7819927
7819951
7819969
7819993
7819997
7820003
7820063
7820083
7820089
7820093
7820101
7820107
7820123
7820143
7820147
7820149
7820159
7820171
7820231
7820243
7820249
7820257
7820269
7820287
7820297
7820303
7820317
7820321
7820347
7820359
7820369
7820389
7820399
7820411
7820429
7820479
7820507
7820551
7820573
7820581
7820591
7820597
7820599
7820611
7820623
7820639
7820669
7820671
7820677
7820693
7820699
7820719
7820783
7820803
7820821
7820881
7820887
7820927
7820929
7820947
7820957
7820963
7820971
7820983
7820999
7821017
7821019
7821031
7821043
7821059
7821067
7821091
7821101
7821133
7821167
7821169
7821181
7821197
7821211
7821221
7821239
7821257
7821277
7821287
7821299
7821301
7821323
7821353
7821361
7821367
7821371
7821383
7821397
7821413
7821419
7821427
7821461
7821469
7821487
7821493
7821497
7821509
7821523
7821563
7821589
7821601
7821607
7821629
7821631
7821637
7821643
7821661
7821691
7821701
7821719
7821721
7821733
7821757
7821761
7821767
7821769
7821791
7821797
7821799
7821811
7821823
7821833
7821841
7821859
7821893
7821907
7821917
7821937
7821941
7821959
7821971
7821991
7822007
7822019
7822033
7822037
7822039
7822109
7822117
7822151
7822187
7822189
7822201
7822223
7822237
7822247
7822271
7822291
7822327
7822333
7822337
7822361
7822379
7822387
7822391
7822417
7822427
7822439
7822519
7822531
7822537
7822543
7822559
7822561
7822589
7822597
7822613
7822621
7822627
7822657
7822679
7822687
7822693
7822723
7822729
7822733
7822739
7822741
7822769
7822831
7822847
7822849
7822879
7822891
7822897
7822931
7822933
7822951
7822961
7822963
7822979
7822981
7823017
7823027
7823029
7823051
7823071
7823083
7823089
7823093
7823099
7823113
7823131
7823141
7823143
7823161
7823183
7823201
7823203
7823219
7823227
7823237
7823239
7823261
7823267
7823279
7823293
7823303
7823323
7823351
7823357
7823369
7823371
7823407
7823411
7823423
7823429
7823437
7823471
7823477
7823503
7823513
7823527
7823537
7823597
7823603
7823609
7823617
7823633
7823653
7823671
7823681
7823731
7823737
7823747
7823759
7823771
7823773
7823779
7823789
7823797
7823819
7823831
7823833
7823869
7823891
7823897
7823899
7823903
7823951
7823969
7823971
7823993
7824001
7824013
7824017
7824023
7824053
7824077
7824107
7824109
7824119
7824127
7824133
7824169
7824191
7824197
7824203
7824211
7824217
7824221
7824251
7824253
7824277
7824281
7824293
7824329
7824331
7824361
7824379
7824407
7824433
7824457
7824469
7824497
7824517
7824527
7824529
7824541
7824559
7824587
7824611
7824647
7824671
7824673
7824683
7824703
7824721
7824731
7824749
7824763
7824767
7824781
7824823
7824829
7824833
7824841
7824881
7824907
7824919
7824923
7824937
7824953
7824961
7824977
7825003
7825021
7825057
7825091
7825121
7825133
7825189
7825193
7825199
7825217
7825247
7825249
7825261
7825327
7825333
7825369
7825373
7825403
7825409
7825417
7825421
7825429
7825439
7825459
7825481
7825483
7825487
7825501
7825523
7825529
7825553
7825591
7825607
7825619
7825633
7825637
7825639
7825651
7825687
7825703
7825709
7825717
7825723
7825747
7825757
7825789
7825813
7825823
7825847
7825849
7825861
7825889
7825903
7825921
7825943
7825949
7825973
7825991
7825997
7825999
7826023
7826047
7826099
7826101
7826107
7826123
7826183
7826191
7826197
7826207
7826227
7826261
7826281
7826303
7826327
7826339
7826359
7826369
7826383
7826411
7826419
7826437
7826447
7826459
7826513
7826521
7826551
7826561
7826569
7826587
7826597
7826603
7826627
7826653
7826677
7826683
7826699
7826701
7826711
7826713
7826737
7826743
7826773
7826801
7826807
7826809
7826837
7826843
7826887
7826899
7827019
7827037
7827049
7827059
7827067
7827101
7827109
7827139
7827151
7827167
7827173
7827217
7827223
7827227
7827233
7827257
7827271
7827299
7827301
7827307
7827317
7827329
7827331
7827343
7827349
7827359
7827377
7827403
7827431
7827437
7827493
7827509
7827527
7827529
7827539
7827541
7827569
7827577
7827587
7827607
7827619
7827637
7827661
7827671
7827713
7827719
7827727
7827773
7827793
7827823
7827857
7827877
7827881
7827893
7827901
7827913
7827917
7827931
7827949
7827959
7827971
7827983
7828033
7828039
7828049
7828087
7828091
7828099
7828111
7828123
7828129
7828141
7828147
7828157
7828187
7828199
7828217
7828237
7828243
7828277
7828283
7828291
7828319
7828343
7828357
7828369
7828391
7828393
7828397
7828411
7828421
7828427
7828453
7828501
7828507
7828511
7828519
7828543
7828547
7828553
7828559
7828573
7828603
7828607
7828621
7828631
7828657
7828697
7828699
7828729
7828747
7828781
7828783
7828841
7828853
7828879
7828913
7828921
7828937
7828939
7828943
7828963
7828987
7828999
7829011
7829021
7829023
7829047
7829051
7829057
7829071
7829077
7829093
7829111
7829149
7829179
7829183
7829201
7829203
7829207
7829219
7829221
7829233
7829243
7829249
7829251
7829291
7829293
7829317
7829321
7829351
7829357
7829369
7829377
7829389
7829399
7829417
7829429
7829467
7829489
7829509
7829513
7829519
7829527
7829543
7829551
7829557
7829573
7829581
7829587
7829593
7829603
7829617
7829629
7829671
7829711
7829719
7829737
7829779
7829791
7829837
7829851
7829869
7829873
7829917
7829923
7829933
7829963
7830007
7830037
7830041
7830077
7830101
7830103
7830113
7830127
7830157
7830161
7830169
7830187
7830191
7830209
7830211
7830239
7830269
7830271
7830283
7830289
7830293
7830307
7830323
7830349
7830359
7830371
7830437
7830457
7830481
7830503
7830521
7830547
7830577
7830587
7830593
7830607
7830611
7830617
7830619
7830653
7830671
7830701
7830703
7830707
7830721
7830731
7830737
7830763
7830821
7830827
7830847
7830853
7830881
7830883
7830913
7830917
7830919
7830923
7830937
7830961
7830973
7830989
7831039
7831069
7831079
7831081
7831099
7831111
7831139
7831141
7831157
7831163
7831177
7831217
7831231
7831253
7831259
7831261
7831267
7831279
7831283
7831297
7831301
7831303
7831319
7831337
7831357
7831379
7831381
7831387
7831391
7831403
7831409
7831423
7831433
7831463
7831471
7831487
7831493
7831501
7831511
7831517
7831559
7831567
7831583
7831613
7831627
7831639
7831643
7831669
7831673
7831693
7831699
7831717
7831739
7831741
7831763
7831771
7831783
7831793
7831847
7831853
7831897
7831903
7831919
7831921
7831927
7831949
7831997
7832003
7832021
7832023
7832039
7832093
7832101
7832113
7832131
7832141
7832159
7832173
7832177
7832203
7832249
7832261
7832263
7832281
7832299
7832317
7832327
7832371
7832381
7832387
7832401
7832411
7832437
7832509
7832527
7832533
7832543
7832551
7832557
7832569
7832633
7832647
7832659
7832687
7832689
7832723
7832743
7832749
7832777
7832779
7832843
7832873
7832893
7832897
7832911
7832939
7832941
7832947
7832963
7832969
7832977
7832983
7832989
7832999
7833043
7833061
7833083
7833109
7833113
7833121
7833131
7833143
7833151
7833167
7833191
7833197
7833251
7833269
7833289
7833299
7833313
7833323
7833341
7833361
7833367
7833383
7833389
7833391
7833401
7833461
7833473
7833479
7833493
7833517
7833563
7833589
7833599
7833601
7833619
7833641
7833647
7833649
7833653
7833659
7833671
7833673
7833701
7833737
7833769
7833781
7833809
7833827
7833851
7833853
7833883
7833887
7833893
7833907
7833953
7833967
7833971
7833977
7833989
7834027
7834037
7834039
7834051
7834091
7834097
7834111
7834117
7834153
7834199
7834201
7834207
7834217
7834259
7834273
7834279
7834303
7834313
7834357
7834361
7834363
7834367
7834373
7834381
There are 2110 prime numbers in S466.
