S47(77833~81216)
77839
77849
77863
77867
77893
77899
77929
77933
77951
77969
77977
77983
77999
78007
78017
78031
78041
78049
78059
78079
78101
78121
78137
78139
78157
78163
78167
78173
78179
78191
78193
78203
78229
78233
78241
78259
78277
78283
78301
78307
78311
78317
78341
78347
78367
78401
78427
78437
78439
78467
78479
78487
78497
78509
78511
78517
78539
78541
78553
78569
78571
78577
78583
78593
78607
78623
78643
78649
78653
78691
78697
78707
78713
78721
78737
78779
78781
78787
78791
78797
78803
78809
78823
78839
78853
78857
78877
78887
78889
78893
78901
78919
78929
78941
78977
78979
78989
79031
79039
79043
79063
79087
79103
79111
79133
79139
79147
79151
79153
79159
79181
79187
79193
79201
79229
79231
79241
79259
79273
79279
79283
79301
79309
79319
79333
79337
79349
79357
79367
79379
79393
79397
79399
79411
79423
79427
79433
79451
79481
79493
79531
79537
79549
79559
79561
79579
79589
79601
79609
79613
79621
79627
79631
79633
79657
79669
79687
79691
79693
79697
79699
79757
79769
79777
79801
79811
79813
79817
79823
79829
79841
79843
79847
79861
79867
79873
79889
79901
79903
79907
79939
79943
79967
79973
79979
79987
79997
79999
80021
80039
80051
80071
80077
80107
80111
80141
80147
80149
80153
80167
80173
80177
80191
80207
80209
80221
80231
80233
80239
80251
80263
80273
80279
80287
80309
80317
80329
80341
80347
80363
80369
80387
80407
80429
80447
80449
80471
80473
80489
80491
80513
80527
80537
80557
80567
80599
80603
80611
80621
80627
80629
80651
80657
80669
80671
80677
80681
80683
80687
80701
80713
80737
80747
80749
80761
80777
80779
80783
80789
80803
80809
80819
80831
80833
80849
80863
80897
80909
80911
80917
80923
80929
80933
80953
80963
80989
81001
81013
81017
81019
81023
81031
81041
81043
81047
81049
81071
81077
81083
81097
81101
81119
81131
81157
81163
81173
81181
81197
81199
81203
There are 300 prime numbers in S47.
