S470(7935481~7969320)
7935491
7935497
7935511
7935539
7935553
7935563
7935569
7935601
7935619
7935623
7935661
7935679
7935701
7935703
7935709
7935727
7935761
7935791
7935799
7935833
7935839
7935847
7935853
7935887
7935899
7935931
7935947
7935953
7935959
7935971
7935979
7936009
7936043
7936051
7936063
7936069
7936079
7936109
7936139
7936141
7936153
7936163
7936177
7936183
7936207
7936223
7936231
7936259
7936289
7936303
7936333
7936349
7936367
7936421
7936429
7936441
7936477
7936519
7936529
7936531
7936567
7936571
7936583
7936597
7936613
7936631
7936667
7936673
7936723
7936727
7936751
7936757
7936763
7936769
7936801
7936823
7936829
7936847
7936867
7936879
7936891
7936913
7936949
7936963
7936967
7936969
7936979
7936987
7936997
7937057
7937063
7937087
7937089
7937101
7937107
7937123
7937141
7937177
7937179
7937183
7937191
7937201
7937243
7937261
7937263
7937273
7937291
7937297
7937299
7937311
7937339
7937357
7937359
7937389
7937399
7937431
7937441
7937443
7937467
7937473
7937483
7937491
7937533
7937549
7937551
7937563
7937569
7937591
7937597
7937621
7937639
7937659
7937681
7937693
7937701
7937717
7937719
7937731
7937749
7937753
7937771
7937777
7937791
7937819
7937837
7937857
7937879
7937899
7937903
7937927
7937933
7937939
7937981
7937983
7937987
7938023
7938041
7938053
7938061
7938071
7938079
7938089
7938109
7938121
7938127
7938149
7938163
7938173
7938179
7938193
7938211
7938233
7938241
7938247
7938251
7938311
7938317
7938349
7938397
7938407
7938443
7938457
7938481
7938503
7938517
7938527
7938529
7938551
7938563
7938569
7938583
7938607
7938641
7938649
7938727
7938761
7938767
7938773
7938787
7938803
7938811
7938839
7938851
7938857
7938859
7938877
7938893
7938907
7938919
7938929
7938977
7938991
7939021
7939027
7939037
7939039
7939049
7939073
7939081
7939091
7939103
7939147
7939157
7939171
7939177
7939189
7939213
7939223
7939229
7939237
7939247
7939249
7939259
7939273
7939279
7939303
7939313
7939319
7939339
7939361
7939367
7939387
7939403
7939409
7939411
7939447
7939499
7939523
7939543
7939573
7939583
7939597
7939619
7939621
7939637
7939643
7939661
7939693
7939703
7939709
7939727
7939733
7939753
7939769
7939781
7939783
7939787
7939817
7939829
7939831
7939837
7939847
7939849
7939861
7939909
7939931
7939933
7939949
7939951
7939963
7939979
7940011
7940017
7940021
7940047
7940063
7940069
7940077
7940087
7940147
7940159
7940197
7940209
7940239
7940243
7940249
7940269
7940293
7940327
7940329
7940333
7940341
7940353
7940357
7940381
7940389
7940393
7940399
7940417
7940419
7940437
7940447
7940467
7940473
7940483
7940503
7940507
7940521
7940539
7940549
7940567
7940591
7940627
7940629
7940641
7940663
7940707
7940719
7940747
7940761
7940771
7940783
7940789
7940813
7940833
7940851
7940857
7940893
7940927
7940963
7940971
7940981
7941007
7941019
7941061
7941083
7941097
7941103
7941119
7941121
7941139
7941161
7941173
7941211
7941229
7941247
7941257
7941277
7941281
7941287
7941299
7941319
7941343
7941359
7941377
7941379
7941383
7941391
7941419
7941457
7941469
7941473
7941481
7941497
7941503
7941517
7941539
7941547
7941581
7941599
7941607
7941623
7941641
7941649
7941667
7941671
7941697
7941701
7941707
7941709
7941719
7941721
7941751
7941761
7941767
7941779
7941781
7941803
7941827
7941833
7941851
7941883
7941917
7941937
7941959
7941961
7941977
7941991
7942003
7942031
7942063
7942091
7942097
7942117
7942163
7942177
7942211
7942219
7942223
7942243
7942267
7942279
7942303
7942307
7942313
7942331
7942343
7942357
7942369
7942373
7942379
7942387
7942411
7942427
7942447
7942469
7942471
7942477
7942481
7942499
7942507
7942511
7942523
7942537
7942559
7942579
7942601
7942609
7942663
7942667
7942681
7942691
7942729
7942733
7942747
7942769
7942799
7942819
7942829
7942861
7942867
7942903
7942919
7942967
7942973
7942997
7942999
7943059
7943077
7943081
7943087
7943093
7943107
7943113
7943137
7943147
7943149
7943167
7943171
7943179
7943207
7943209
7943227
7943231
7943239
7943249
7943263
7943279
7943291
7943293
7943297
7943317
7943321
7943333
7943357
7943363
7943399
7943407
7943431
7943443
7943449
7943459
7943473
7943489
7943497
7943513
7943531
7943543
7943557
7943563
7943569
7943591
7943597
7943599
7943629
7943713
7943731
7943737
7943753
7943759
7943773
7943783
7943797
7943801
7943807
7943827
7943833
7943851
7943861
7943891
7943911
7943917
7943921
7943927
7943951
7943983
7944017
7944019
7944047
7944059
7944061
7944067
7944089
7944103
7944113
7944133
7944143
7944149
7944163
7944169
7944191
7944193
7944197
7944221
7944227
7944241
7944259
7944281
7944301
7944317
7944341
7944353
7944373
7944437
7944439
7944473
7944481
7944487
7944523
7944533
7944553
7944571
7944577
7944581
7944589
7944631
7944653
7944667
7944707
7944721
7944731
7944733
7944737
7944779
7944787
7944791
7944799
7944841
7944851
7944877
7944887
7944919
7944929
7944931
7944943
7944953
7944961
7944991
7945031
7945033
7945037
7945039
7945057
7945073
7945079
7945081
7945087
7945099
7945123
7945129
7945139
7945151
7945163
7945169
7945181
7945187
7945193
7945199
7945213
7945219
7945229
7945237
7945241
7945243
7945261
7945277
7945279
7945291
7945309
7945313
7945319
7945321
7945361
7945381
7945387
7945423
7945429
7945451
7945481
7945489
7945519
7945537
7945541
7945547
7945559
7945573
7945621
7945633
7945661
7945687
7945697
7945699
7945709
7945711
7945727
7945733
7945757
7945789
7945801
7945811
7945843
7945849
7945897
7945909
7945937
7945957
7945963
7945967
7945969
7945979
7945981
7946023
7946039
7946041
7946051
7946053
7946069
7946093
7946119
7946129
7946153
7946167
7946177
7946189
7946233
7946303
7946321
7946353
7946359
7946369
7946387
7946417
7946441
7946473
7946479
7946483
7946489
7946501
7946507
7946513
7946537
7946539
7946557
7946567
7946581
7946621
7946623
7946629
7946639
7946641
7946657
7946663
7946671
7946681
7946683
7946699
7946711
7946717
7946737
7946747
7946777
7946791
7946801
7946821
7946833
7946839
7946843
7946857
7946903
7946909
7946927
7946929
7946941
7946947
7946969
7947011
7947013
7947053
7947059
7947061
7947083
7947091
7947097
7947133
7947151
7947157
7947169
7947197
7947221
7947227
7947229
7947257
7947271
7947283
7947287
7947293
7947323
7947337
7947343
7947349
7947361
7947409
7947427
7947431
7947461
7947469
7947487
7947493
7947521
7947539
7947553
7947587
7947601
7947613
7947631
7947649
7947661
7947677
7947679
7947683
7947691
7947703
7947707
7947739
7947761
7947767
7947799
7947803
7947839
7947851
7947869
7947899
7947917
7947931
7947937
7947941
7947971
7947977
7947983
7948019
7948033
7948037
7948049
7948063
7948069
7948079
7948091
7948093
7948103
7948147
7948151
7948153
7948177
7948181
7948189
7948207
7948223
7948247
7948261
7948267
7948279
7948309
7948351
7948373
7948393
7948429
7948433
7948453
7948477
7948487
7948511
7948513
7948519
7948529
7948541
7948543
7948553
7948561
7948583
7948597
7948609
7948637
7948643
7948651
7948667
7948691
7948723
7948757
7948763
7948769
7948817
7948841
7948861
7948867
7948873
7948879
7948883
7948907
7948931
7948939
7948943
7948951
7948981
7948991
7948999
7949009
7949017
7949083
7949101
7949111
7949119
7949141
7949143
7949167
7949171
7949233
7949269
7949273
7949287
7949297
7949303
7949309
7949317
7949323
7949327
7949369
7949377
7949399
7949401
7949411
7949443
7949497
7949503
7949507
7949519
7949537
7949563
7949573
7949593
7949633
7949639
7949647
7949653
7949677
7949681
7949723
7949731
7949737
7949759
7949791
7949801
7949803
7949813
7949833
7949839
7949861
7949873
7949891
7949899
7949933
7950001
7950109
7950119
7950121
7950127
7950139
7950143
7950179
7950197
7950209
7950223
7950251
7950253
7950277
7950307
7950311
7950317
7950343
7950347
7950359
7950361
7950377
7950391
7950403
7950409
7950413
7950419
7950431
7950451
7950457
7950461
7950463
7950469
7950497
7950499
7950511
7950529
7950533
7950541
7950559
7950563
7950587
7950589
7950599
7950623
7950641
7950667
7950707
7950737
7950739
7950749
7950769
7950779
7950791
7950827
7950853
7950857
7950863
7950871
7950881
7950889
7950913
7950919
7950931
7950937
7950947
7950953
7950961
7950979
7950991
7950997
7951033
7951039
7951049
7951051
7951067
7951081
7951103
7951127
7951157
7951183
7951193
7951201
7951211
7951213
7951243
7951247
7951297
7951301
7951327
7951331
7951351
7951357
7951387
7951397
7951403
7951453
7951459
7951477
7951523
7951561
7951571
7951577
7951589
7951621
7951639
7951667
7951679
7951681
7951687
7951693
7951711
7951729
7951751
7951753
7951807
7951819
7951847
7951849
7951897
7951901
7951913
7951949
7951967
7951969
7951973
7952011
7952041
7952047
7952059
7952069
7952081
7952083
7952099
7952117
7952123
7952129
7952171
7952183
7952233
7952249
7952267
7952309
7952333
7952363
7952369
7952389
7952407
7952419
7952423
7952443
7952453
7952471
7952473
7952489
7952501
7952533
7952537
7952573
7952587
7952591
7952599
7952603
7952611
7952627
7952629
7952657
7952677
7952683
7952689
7952701
7952761
7952767
7952797
7952803
7952831
7952843
7952869
7952897
7952909
7952921
7952929
7952953
7952969
7952993
7952999
7953007
7953061
7953073
7953079
7953083
7953089
7953091
7953097
7953107
7953109
7953133
7953157
7953217
7953247
7953251
7953269
7953271
7953289
7953299
7953301
7953311
7953313
7953347
7953359
7953371
7953373
7953389
7953427
7953487
7953493
7953497
7953499
7953509
7953527
7953529
7953541
7953553
7953559
7953563
7953593
7953611
7953619
7953661
7953677
7953679
7953689
7953691
7953707
7953721
7953727
7953787
7953793
7953797
7953811
7953821
7953833
7953863
7953871
7953899
7953901
7953919
7953923
7953931
7953971
7954003
7954013
7954031
7954049
7954069
7954099
7954117
7954127
7954151
7954213
7954231
7954253
7954277
7954279
7954301
7954313
7954319
7954333
7954337
7954361
7954379
7954393
7954423
7954459
7954469
7954477
7954523
7954537
7954543
7954571
7954607
7954621
7954649
7954651
7954721
7954763
7954777
7954781
7954783
7954799
7954801
7954811
7954813
7954819
7954867
7954907
7954927
7954931
7954937
7954979
7954993
7955009
7955011
7955039
7955041
7955047
7955083
7955093
7955113
7955117
7955159
7955177
7955183
7955191
7955203
7955209
7955239
7955273
7955279
7955323
7955327
7955329
7955351
7955359
7955377
7955393
7955399
7955417
7955449
7955461
7955489
7955491
7955527
7955543
7955551
7955567
7955569
7955573
7955579
7955581
7955587
7955603
7955627
7955639
7955687
7955693
7955707
7955719
7955741
7955767
7955789
7955791
7955797
7955807
7955863
7955869
7955879
7955887
7955891
7955897
7955911
7955917
7955923
7955929
7955963
7956031
7956043
7956061
7956077
7956089
7956101
7956103
7956139
7956149
7956163
7956211
7956259
7956283
7956287
7956293
7956329
7956349
7956373
7956379
7956401
7956407
7956409
7956427
7956437
7956467
7956503
7956521
7956523
7956587
7956589
7956593
7956601
7956631
7956661
7956667
7956671
7956703
7956709
7956727
7956737
7956743
7956761
7956769
7956791
7956797
7956803
7956821
7956847
7956857
7956859
7956889
7956913
7956947
7956967
7956979
7956983
7956989
7957013
7957039
7957069
7957091
7957099
7957129
7957151
7957177
7957189
7957211
7957217
7957237
7957249
7957253
7957259
7957273
7957283
7957291
7957319
7957337
7957349
7957351
7957361
7957381
7957387
7957393
7957423
7957427
7957441
7957463
7957493
7957501
7957519
7957531
7957577
7957597
7957601
7957603
7957613
7957619
7957667
7957673
7957681
7957699
7957721
7957727
7957739
7957769
7957771
7957787
7957801
7957837
7957847
7957867
7957871
7957879
7957909
7957951
7957973
7957987
7957991
7958009
7958011
7958021
7958029
7958033
7958039
7958047
7958063
7958077
7958099
7958143
7958183
7958189
7958213
7958231
7958257
7958263
7958281
7958309
7958317
7958371
7958399
7958407
7958429
7958443
7958459
7958471
7958521
7958527
7958563
7958591
7958593
7958597
7958617
7958623
7958627
7958641
7958689
7958693
7958749
7958761
7958773
7958791
7958807
7958831
7958833
7958837
7958843
7958849
7958857
7958861
7958869
7958893
7958917
7958921
7958927
7958983
7958987
7959011
7959019
7959023
7959031
7959037
7959067
7959073
7959089
7959151
7959163
7959187
7959191
7959197
7959199
7959209
7959221
7959227
7959239
7959241
7959251
7959269
7959283
7959307
7959319
7959323
7959331
7959337
7959373
7959401
7959421
7959473
7959491
7959493
7959503
7959517
7959521
7959527
7959577
7959583
7959599
7959649
7959661
7959673
7959703
7959713
7959719
7959761
7959793
7959799
7959821
7959823
7959827
7959851
7959857
7959869
7959871
7959883
7959907
7959929
7959937
7959971
7959983
7959997
7960003
7960009
7960013
7960019
7960021
7960033
7960037
7960039
7960067
7960079
7960081
7960129
7960133
7960151
7960153
7960157
7960159
7960163
7960171
7960177
7960189
7960201
7960207
7960213
7960223
7960237
7960241
7960243
7960261
7960279
7960283
7960313
7960327
7960333
7960349
7960361
7960363
7960399
7960417
7960429
7960451
7960453
7960481
7960523
7960541
7960543
7960549
7960559
7960567
7960571
7960609
7960619
7960621
7960637
7960643
7960651
7960679
7960681
7960697
7960699
7960717
7960763
7960787
7960789
7960793
7960801
7960837
7960853
7960903
7960969
7960991
7961003
7961021
7961029
7961069
7961087
7961101
7961119
7961131
7961137
7961143
7961147
7961227
7961231
7961267
7961279
7961281
7961299
7961333
7961347
7961353
7961357
7961363
7961411
7961413
7961417
7961441
7961449
7961461
7961477
7961479
7961489
7961497
7961509
7961521
7961533
7961539
7961557
7961561
7961563
7961567
7961617
7961621
7961651
7961669
7961693
7961711
7961717
7961719
7961743
7961783
7961803
7961809
7961827
7961839
7961879
7961881
7961929
7961939
7961951
7961953
7961957
7961959
7961981
7961999
7962013
7962041
7962047
7962091
7962127
7962139
7962151
7962161
7962167
7962193
7962203
7962233
7962247
7962271
7962277
7962293
7962313
7962359
7962377
7962389
7962397
7962401
7962403
7962419
7962421
7962433
7962467
7962469
7962491
7962497
7962499
7962503
7962517
7962527
7962541
7962551
7962571
7962583
7962593
7962607
7962637
7962641
7962677
7962701
7962707
7962719
7962743
7962751
7962769
7962781
7962797
7962809
7962811
7962847
7962859
7962887
7962917
7962923
7962931
7962943
7962947
7962961
7962989
7963003
7963009
7963013
7963031
7963049
7963057
7963073
7963079
7963099
7963117
7963141
7963159
7963199
7963217
7963229
7963231
7963237
7963247
7963253
7963271
7963297
7963301
7963321
7963343
7963349
7963369
7963379
7963391
7963393
7963411
7963433
7963441
7963469
7963481
7963493
7963499
7963507
7963513
7963517
7963519
7963523
7963537
7963561
7963567
7963577
7963591
7963597
7963607
7963663
7963693
7963723
7963757
7963763
7963783
7963801
7963847
7963849
7963859
7963873
7963909
7963919
7963937
7963961
7963981
7964023
7964029
7964039
7964051
7964053
7964071
7964093
7964113
7964129
7964137
7964147
7964149
7964161
7964167
7964207
7964237
7964251
7964263
7964273
7964311
7964329
7964339
7964377
7964387
7964393
7964413
7964423
7964441
7964443
7964459
7964471
7964549
7964563
7964569
7964603
7964609
7964611
7964623
7964633
7964651
7964683
7964689
7964707
7964711
7964713
7964717
7964729
7964741
7964753
7964779
7964791
7964807
7964813
7964833
7964863
7964881
7964897
7964909
7964921
7964939
7964951
7964977
7964981
7964987
7965007
7965037
7965049
7965071
7965073
7965079
7965091
7965127
7965131
7965151
7965173
7965229
7965241
7965247
7965253
7965263
7965271
7965281
7965283
7965289
7965329
7965361
7965371
7965379
7965403
7965407
7965409
7965421
7965457
7965467
7965473
7965479
7965487
7965497
7965499
7965527
7965547
7965557
7965577
7965599
7965623
7965637
7965641
7965653
7965677
7965719
7965721
7965743
7965757
7965761
7965779
7965781
7965787
7965799
7965803
7965863
7965871
7965907
7965941
7965949
7966001
7966009
7966019
7966031
7966061
7966103
7966117
7966141
7966157
7966199
7966207
7966219
7966237
7966247
7966253
7966261
7966267
7966279
7966333
7966351
7966363
7966379
7966381
7966391
7966393
7966397
7966403
7966429
7966451
7966457
7966463
7966493
7966499
7966549
7966559
7966571
7966573
7966603
7966627
7966633
7966663
7966691
7966703
7966723
7966747
7966759
7966781
7966787
7966807
7966817
7966831
7966843
7966853
7966867
7966873
7966879
7966927
7966939
7966943
7966949
7966979
7967009
7967021
7967041
7967051
7967053
7967081
7967107
7967117
7967143
7967209
7967221
7967227
7967231
7967249
7967261
7967263
7967273
7967303
7967317
7967329
7967347
7967357
7967381
7967383
7967389
7967417
7967423
7967429
7967459
7967461
7967497
7967521
7967569
7967579
7967621
7967623
7967627
7967657
7967681
7967689
7967711
7967723
7967741
7967749
7967753
7967777
7967797
7967803
7967819
7967831
7967851
7967879
7967893
7967909
7967923
7967933
7967941
7967963
7967989
7968001
7968007
7968017
7968031
7968043
7968101
7968113
7968133
7968151
7968157
7968167
7968199
7968203
7968217
7968229
7968299
7968307
7968313
7968319
7968341
7968347
7968349
7968379
7968409
7968413
7968449
7968463
7968469
7968479
7968487
7968503
7968523
7968539
7968551
7968577
7968593
7968617
7968641
7968661
7968673
7968679
7968683
7968689
7968691
7968703
7968743
7968749
7968757
7968761
7968769
7968773
7968791
7968811
7968817
7968853
7968859
7968871
7968893
7968911
7968941
7968959
7969019
7969033
7969043
7969051
7969057
7969069
7969103
7969121
7969183
7969187
7969193
7969217
7969219
7969231
7969267
7969279
7969309
There are 2108 prime numbers in S470.
