S471(7969321~8003232)
7969321
7969331
7969333
7969349
7969361
7969363
7969373
7969391
7969397
7969399
7969439
7969453
7969463
7969469
7969499
7969513
7969517
7969547
7969561
7969571
7969597
7969601
7969603
7969609
7969627
7969639
7969657
7969667
7969673
7969723
7969727
7969729
7969739
7969747
7969771
7969781
7969783
7969807
7969813
7969823
7969849
7969853
7969877
7969901
7969943
7969961
7969967
7969979
7969993
7969999
7970021
7970023
7970033
7970047
7970051
7970057
7970071
7970089
7970107
7970141
7970143
7970153
7970173
7970191
7970203
7970219
7970227
7970257
7970267
7970269
7970279
7970293
7970309
7970311
7970327
7970353
7970357
7970371
7970377
7970471
7970477
7970491
7970497
7970507
7970509
7970533
7970539
7970549
7970551
7970561
7970579
7970591
7970597
7970653
7970657
7970659
7970693
7970701
7970731
7970761
7970771
7970783
7970801
7970821
7970827
7970849
7970869
7970881
7970887
7970917
7970927
7970951
7970983
7970987
7970993
7971017
7971031
7971091
7971101
7971109
7971137
7971149
7971157
7971199
7971209
7971217
7971221
7971239
7971251
7971263
7971269
7971281
7971307
7971311
7971323
7971331
7971347
7971373
7971389
7971401
7971413
7971443
7971461
7971493
7971499
7971503
7971563
7971577
7971611
7971617
7971643
7971679
7971683
7971701
7971707
7971709
7971713
7971721
7971737
7971739
7971757
7971763
7971787
7971833
7971851
7971853
7971871
7971881
7971911
7971913
7971919
7971959
7971973
7972009
7972033
7972043
7972049
7972051
7972061
7972087
7972103
7972121
7972141
7972147
7972183
7972189
7972193
7972199
7972219
7972231
7972253
7972271
7972277
7972291
7972297
7972309
7972339
7972351
7972357
7972373
7972387
7972411
7972417
7972429
7972451
7972453
7972499
7972511
7972553
7972577
7972579
7972583
7972589
7972603
7972619
7972621
7972633
7972663
7972667
7972669
7972687
7972691
7972693
7972733
7972739
7972753
7972763
7972771
7972777
7972781
7972817
7972831
7972849
7972879
7972889
7972903
7972907
7972957
7972963
7972967
7972969
7973047
7973089
7973101
7973117
7973123
7973129
7973131
7973137
7973143
7973149
7973159
7973171
7973183
7973191
7973209
7973213
7973219
7973227
7973237
7973239
7973269
7973281
7973299
7973309
7973321
7973327
7973351
7973353
7973363
7973377
7973401
7973411
7973419
7973423
7973431
7973443
7973453
7973461
7973473
7973477
7973489
7973509
7973519
7973543
7973591
7973627
7973653
7973659
7973681
7973687
7973689
7973701
7973723
7973741
7973767
7973773
7973807
7973813
7973837
7973881
7973899
7973921
7973929
7973941
7973971
7974017
7974041
7974061
7974073
7974107
7974137
7974143
7974149
7974179
7974191
7974199
7974209
7974227
7974229
7974233
7974251
7974259
7974269
7974287
7974289
7974293
7974299
7974361
7974371
7974401
7974403
7974413
7974419
7974437
7974451
7974481
7974493
7974511
7974587
7974599
7974601
7974607
7974611
7974613
7974641
7974643
7974653
7974677
7974709
7974727
7974731
7974779
7974803
7974821
7974829
7974833
7974893
7974899
7974917
7974919
7974929
7974937
7974961
7974977
7974991
7975013
7975021
7975027
7975039
7975063
7975067
7975073
7975103
7975109
7975111
7975133
7975139
7975147
7975169
7975171
7975189
7975199
7975213
7975229
7975237
7975241
7975267
7975271
7975291
7975309
7975321
7975327
7975337
7975343
7975351
7975369
7975399
7975417
7975423
7975433
7975439
7975447
7975483
7975507
7975519
7975531
7975543
7975559
7975577
7975619
7975633
7975637
7975651
7975691
7975717
7975739
7975741
7975777
7975817
7975837
7975843
7975861
7975883
7975889
7975921
7975937
7975943
7975949
7975973
7975987
7975997
7976047
7976057
7976063
7976081
7976093
7976117
7976123
7976141
7976153
7976159
7976161
7976173
7976183
7976203
7976209
7976231
7976233
7976249
7976261
7976279
7976303
7976317
7976321
7976327
7976329
7976347
7976357
7976359
7976369
7976389
7976399
7976401
7976413
7976429
7976461
7976467
7976477
7976483
7976513
7976531
7976533
7976567
7976593
7976603
7976609
7976611
7976627
7976651
7976663
7976693
7976701
7976707
7976753
7976767
7976807
7976809
7976831
7976833
7976849
7976861
7976869
7976873
7976897
7976911
7976923
7976939
7976963
7976971
7976987
7976993
7977019
7977043
7977049
7977119
7977133
7977139
7977143
7977149
7977157
7977161
7977187
7977191
7977197
7977209
7977217
7977227
7977241
7977253
7977259
7977271
7977287
7977289
7977293
7977353
7977433
7977443
7977457
7977503
7977517
7977521
7977551
7977553
7977559
7977569
7977577
7977583
7977589
7977611
7977617
7977643
7977649
7977653
7977677
7977679
7977707
7977713
7977721
7977727
7977731
7977737
7977779
7977787
7977793
7977797
7977799
7977817
7977841
7977857
7977863
7977869
7977883
7977887
7977899
7977923
7977961
7977971
7977989
7977997
7978021
7978063
7978099
7978169
7978181
7978189
7978193
7978207
7978211
7978237
7978247
7978279
7978301
7978307
7978319
7978331
7978337
7978339
7978343
7978367
7978379
7978381
7978403
7978409
7978429
7978441
7978459
7978463
7978471
7978519
7978547
7978577
7978603
7978609
7978637
7978639
7978657
7978667
7978679
7978699
7978709
7978721
7978753
7978757
7978771
7978777
7978781
7978783
7978793
7978807
7978819
7978837
7978847
7978849
7978871
7978877
7978889
7978903
7978913
7978937
7978961
7978979
7978981
7979009
7979021
7979057
7979063
7979071
7979113
7979129
7979131
7979141
7979173
7979189
7979197
7979201
7979243
7979249
7979261
7979267
7979281
7979287
7979351
7979353
7979357
7979423
7979441
7979453
7979479
7979497
7979501
7979533
7979549
7979561
7979567
7979581
7979599
7979623
7979663
7979687
7979693
7979717
7979737
7979771
7979773
7979779
7979813
7979819
7979821
7979833
7979857
7979863
7979891
7979893
7979911
7979921
7979957
7979969
7980013
7980029
7980031
7980041
7980047
7980059
7980061
7980067
7980101
7980121
7980143
7980151
7980179
7980221
7980227
7980239
7980251
7980283
7980289
7980311
7980319
7980331
7980341
7980353
7980373
7980383
7980391
7980403
7980409
7980431
7980439
7980443
7980451
7980473
7980491
7980509
7980529
7980587
7980593
7980601
7980617
7980629
7980673
7980677
7980683
7980689
7980697
7980727
7980751
7980761
7980787
7980811
7980821
7980859
7980881
7980911
7980923
7980953
7980983
7980997
7981013
7981021
7981033
7981037
7981049
7981067
7981087
7981123
7981139
7981147
7981151
7981189
7981223
7981231
7981247
7981283
7981289
7981297
7981319
7981321
7981327
7981331
7981333
7981339
7981397
7981411
7981417
7981433
7981447
7981453
7981471
7981481
7981487
7981507
7981513
7981537
7981553
7981591
7981627
7981639
7981661
7981711
7981717
7981783
7981793
7981801
7981807
7981811
7981817
7981819
7981837
7981847
7981859
7981867
7981871
7981877
7981889
7981907
7981927
7981937
7981949
7981999
7982017
7982021
7982053
7982059
7982063
7982083
7982087
7982101
7982111
7982123
7982137
7982141
7982153
7982201
7982203
7982209
7982237
7982257
7982267
7982297
7982323
7982327
7982329
7982423
7982461
7982473
7982483
7982509
7982539
7982543
7982561
7982567
7982609
7982629
7982651
7982671
7982683
7982693
7982699
7982729
7982749
7982761
7982773
7982783
7982789
7982791
7982797
7982851
7982867
7982879
7982893
7982899
7982927
7982941
7982951
7982957
7982959
7982963
7982969
7982971
7982977
7982981
7982999
7983037
7983043
7983049
7983109
7983119
7983121
7983133
7983161
7983167
7983179
7983181
7983223
7983229
7983247
7983257
7983259
7983299
7983301
7983307
7983329
7983341
7983359
7983361
7983383
7983419
7983433
7983449
7983457
7983463
7983473
7983511
7983517
7983529
7983539
7983541
7983551
7983571
7983581
7983583
7983589
7983593
7983611
7983617
7983631
7983637
7983673
7983683
7983697
7983707
7983721
7983733
7983739
7983751
7983757
7983763
7983793
7983797
7983803
7983809
7983827
7983841
7983851
7983869
7983883
7983893
7983901
7983919
7983929
7983947
7983953
7983959
7983979
7984001
7984003
7984027
7984037
7984121
7984127
7984129
7984133
7984147
7984153
7984159
7984181
7984183
7984201
7984253
7984259
7984261
7984331
7984337
7984349
7984357
7984387
7984399
7984409
7984421
7984423
7984429
7984433
7984439
7984513
7984523
7984531
7984547
7984553
7984573
7984583
7984601
7984621
7984631
7984633
7984643
7984649
7984651
7984673
7984681
7984687
7984721
7984723
7984759
7984787
7984789
7984793
7984829
7984891
7984897
7984901
7984903
7984931
7984939
7984957
7985009
7985017
7985023
7985039
7985041
7985069
7985077
7985093
7985099
7985101
7985123
7985141
7985147
7985171
7985203
7985221
7985227
7985239
7985249
7985267
7985279
7985287
7985293
7985297
7985309
7985311
7985323
7985381
7985387
7985389
7985413
7985423
7985429
7985431
7985437
7985489
7985501
7985503
7985521
7985561
7985581
7985587
7985603
7985617
7985641
7985647
7985657
7985683
7985711
7985713
7985729
7985737
7985741
7985743
7985749
7985771
7985777
7985779
7985839
7985843
7985851
7985893
7985897
7985927
7985959
7985983
7986001
7986007
7986019
7986029
7986047
7986053
7986071
7986079
7986091
7986113
7986133
7986161
7986163
7986179
7986197
7986203
7986211
7986217
7986229
7986233
7986241
7986259
7986269
7986317
7986331
7986353
7986361
7986371
7986389
7986401
7986439
7986457
7986463
7986529
7986553
7986557
7986581
7986599
7986607
7986611
7986619
7986637
7986647
7986659
7986661
7986679
7986683
7986697
7986701
7986721
7986731
7986739
7986743
7986749
7986751
7986761
7986767
7986779
7986799
7986817
7986827
7986829
7986877
7986893
7986907
7986917
7986947
7986959
7986997
7987009
7987013
7987019
7987027
7987037
7987043
7987051
7987069
7987081
7987099
7987123
7987129
7987139
7987223
7987241
7987247
7987249
7987253
7987289
7987307
7987313
7987319
7987327
7987351
7987363
7987373
7987387
7987393
7987403
7987423
7987439
7987457
7987459
7987477
7987481
7987487
7987531
7987537
7987541
7987559
7987561
7987589
7987591
7987607
7987613
7987627
7987649
7987663
7987669
7987687
7987699
7987703
7987717
7987729
7987751
7987757
7987781
7987799
7987813
7987823
7987843
7987867
7987883
7987897
7987901
7987921
7987957
7988009
7988033
7988063
7988081
7988089
7988093
7988117
7988129
7988131
7988177
7988203
7988219
7988221
7988237
7988251
7988257
7988273
7988293
7988339
7988347
7988381
7988389
7988413
7988437
7988441
7988443
7988459
7988473
7988479
7988503
7988507
7988527
7988537
7988557
7988573
7988579
7988587
7988597
7988599
7988627
7988639
7988641
7988663
7988689
7988711
7988713
7988723
7988741
7988749
7988753
7988767
7988789
7988801
7988803
7988819
7988821
7988839
7988857
7988899
7988923
7988971
7988977
7988983
7988993
7989011
7989067
7989071
7989083
7989143
7989169
7989173
7989187
7989197
7989199
7989203
7989221
7989251
7989323
7989341
7989343
7989407
7989409
7989419
7989427
7989431
7989437
7989461
7989463
7989467
7989469
7989491
7989493
7989517
7989523
7989563
7989571
7989589
7989593
7989601
7989613
7989617
7989637
7989649
7989679
7989713
7989749
7989757
7989767
7989769
7989851
7989857
7989869
7989907
7989929
7989973
7990001
7990057
7990063
7990067
7990079
7990091
7990093
7990111
7990163
7990183
7990231
7990237
7990249
7990259
7990273
7990277
7990291
7990319
7990337
7990349
7990363
7990373
7990379
7990427
7990441
7990471
7990481
7990519
7990559
7990579
7990589
7990597
7990639
7990643
7990649
7990667
7990669
7990673
7990709
7990711
7990751
7990789
7990813
7990823
7990847
7990877
7990891
7990897
7990907
7990909
7990919
7990933
7990937
7990951
7990993
7990999
7991017
7991033
7991047
7991057
7991059
7991083
7991089
7991099
7991101
7991107
7991119
7991129
7991147
7991167
7991177
7991209
7991219
7991231
7991233
7991239
7991251
7991257
7991303
7991311
7991329
7991339
7991341
7991369
7991407
7991437
7991441
7991447
7991453
7991471
7991483
7991531
7991537
7991563
7991569
7991573
7991579
7991591
7991623
7991629
7991639
7991653
7991657
7991701
7991713
7991743
7991747
7991749
7991759
7991773
7991777
7991779
7991803
7991839
7991857
7991869
7991891
7991897
7991939
7991941
7991947
7991953
7991957
7991981
7991993
7991999
7992011
7992031
7992041
7992059
7992073
7992077
7992107
7992137
7992143
7992181
7992221
7992223
7992239
7992251
7992263
7992277
7992311
7992337
7992343
7992349
7992373
7992401
7992419
7992421
7992463
7992493
7992503
7992511
7992527
7992571
7992577
7992583
7992613
7992617
7992619
7992659
7992689
7992701
7992727
7992739
7992763
7992767
7992781
7992791
7992821
7992847
7992857
7992869
7992871
7992889
7992923
7992973
7993021
7993057
7993061
7993093
7993099
7993103
7993127
7993157
7993169
7993171
7993177
7993187
7993199
7993201
7993207
7993211
7993217
7993229
7993231
7993273
7993277
7993283
7993289
7993309
7993327
7993331
7993361
7993367
7993421
7993423
7993439
7993459
7993493
7993499
7993511
7993523
7993529
7993537
7993543
7993549
7993577
7993651
7993663
7993679
7993681
7993693
7993697
7993709
7993717
7993721
7993747
7993759
7993781
7993787
7993801
7993823
7993841
7993849
7993871
7993883
7993897
7993907
7993913
7993957
7993963
7993967
7993987
7994017
7994023
7994033
7994039
7994059
7994071
7994081
7994083
7994093
7994113
7994137
7994153
7994159
7994171
7994177
7994191
7994197
7994213
7994237
7994263
7994279
7994281
7994299
7994309
7994321
7994341
7994347
7994351
7994377
7994407
7994443
7994447
7994461
7994489
7994491
7994513
7994521
7994527
7994557
7994617
7994647
7994659
7994663
7994669
7994681
7994699
7994711
7994729
7994759
7994761
7994803
7994827
7994867
7994873
7994881
7994897
7994927
7994941
7994969
7994971
7994977
7994999
7995011
7995017
7995023
7995047
7995073
7995107
7995109
7995131
7995157
7995161
7995173
7995187
7995199
7995203
7995233
7995263
7995269
7995277
7995301
7995319
7995341
7995349
7995373
7995391
7995397
7995413
7995431
7995437
7995443
7995461
7995479
7995509
7995529
7995553
7995557
7995563
7995571
7995577
7995587
7995607
7995629
7995643
7995653
7995679
7995683
7995727
7995749
7995761
7995769
7995773
7995791
7995809
7995817
7995821
7995839
7995863
7995877
7995901
7995907
7995917
7995929
7995931
7995937
7995991
7996031
7996049
7996061
7996073
7996081
7996097
7996099
7996133
7996187
7996193
7996231
7996243
7996259
7996277
7996309
7996319
7996333
7996337
7996363
7996367
7996369
7996381
7996423
7996463
7996487
7996501
7996519
7996537
7996559
7996577
7996589
7996591
7996601
7996607
7996619
7996631
7996649
7996661
7996669
7996687
7996691
7996697
7996711
7996727
7996733
7996741
7996787
7996789
7996823
7996843
7996867
7996871
7996873
7996889
7996903
7996913
7996951
7996957
7996969
7996973
7996981
7996993
7996997
7997029
7997047
7997051
7997057
7997071
7997083
7997107
7997113
7997131
7997141
7997147
7997153
7997159
7997167
7997201
7997203
7997207
7997219
7997237
7997239
7997251
7997257
7997303
7997323
7997333
7997351
7997357
7997377
7997387
7997389
7997393
7997447
7997471
7997477
7997489
7997519
7997543
7997551
7997557
7997579
7997581
7997621
7997623
7997663
7997677
7997683
7997711
7997713
7997719
7997729
7997741
7997749
7997777
7997789
7997831
7997833
7997839
7997867
7997903
7997933
7997947
7997959
7997971
7997989
7998013
7998019
7998047
7998049
7998059
7998061
7998073
7998077
7998091
7998101
7998119
7998139
7998167
7998169
7998223
7998269
7998293
7998307
7998337
7998349
7998379
7998383
7998409
7998421
7998437
7998443
7998451
7998481
7998491
7998509
7998511
7998521
7998533
7998539
7998547
7998553
7998569
7998593
7998629
7998631
7998637
7998643
7998659
7998667
7998673
7998691
7998701
7998703
7998719
7998743
7998763
7998769
7998773
7998797
7998803
7998827
7998839
7998847
7998853
7998863
7998937
7998941
7998953
7998967
7998971
7998979
7999051
7999081
7999087
7999151
7999177
7999207
7999241
7999249
7999283
7999297
7999319
7999339
7999351
7999379
7999393
7999403
7999417
7999451
7999463
7999477
7999487
7999501
7999507
7999531
7999543
7999547
7999573
7999577
7999613
7999637
7999669
7999681
7999709
7999711
7999727
7999753
7999757
7999759
7999769
7999781
7999787
7999793
7999811
7999813
7999847
7999909
7999913
7999919
7999921
7999963
7999993
8000009
8000017
8000023
8000033
8000051
8000053
8000063
8000071
8000087
8000099
8000101
8000117
8000119
8000141
8000171
8000173
8000189
8000219
8000221
8000231
8000261
8000309
8000323
8000339
8000357
8000359
8000401
8000407
8000411
8000413
8000431
8000437
8000441
8000479
8000507
8000519
8000533
8000543
8000561
8000579
8000599
8000609
8000611
8000627
8000633
8000651
8000677
8000683
8000689
8000719
8000747
8000749
8000753
8000771
8000789
8000791
8000801
8000807
8000809
8000819
8000831
8000869
8000879
8000887
8000891
8000893
8000899
8000911
8000921
8000947
8000953
8000963
8000977
8000981
8000983
8000989
8001029
8001047
8001107
8001157
8001163
8001173
8001179
8001197
8001229
8001241
8001247
8001269
8001277
8001281
8001289
8001293
8001307
8001347
8001359
8001491
8001517
8001533
8001541
8001551
8001559
8001571
8001589
8001599
8001607
8001619
8001647
8001659
8001661
8001667
8001727
8001737
8001739
8001779
8001787
8001811
8001823
8001839
8001841
8001857
8001859
8001863
8001871
8001893
8001899
8001911
8001949
8001971
8001991
8002003
8002009
8002013
8002051
8002067
8002069
8002073
8002103
8002117
8002151
8002177
8002193
8002199
8002201
8002219
8002243
8002259
8002261
8002271
8002277
8002283
8002297
8002303
8002349
8002381
8002399
8002409
8002411
8002441
8002493
8002507
8002513
8002517
8002543
8002559
8002573
8002627
8002639
8002649
8002663
8002679
8002691
8002697
8002721
8002741
8002747
8002751
8002759
8002769
8002783
8002793
8002823
8002829
8002837
8002843
8002847
8002931
8002961
8002987
8003027
8003029
8003033
8003041
8003059
8003069
8003071
8003087
8003089
8003111
8003119
8003143
8003167
8003197
8003201
8003227
8003231
There are 2142 prime numbers in S471.
