S472(8003233~8037216)
8003251
8003257
8003263
8003273
8003297
8003309
8003381
8003419
8003423
8003431
8003459
8003483
8003491
8003497
8003509
8003521
8003531
8003537
8003539
8003561
8003573
8003587
8003591
8003629
8003641
8003657
8003659
8003663
8003669
8003687
8003717
8003741
8003777
8003813
8003819
8003843
8003857
8003861
8003867
8003869
8003873
8003893
8003899
8003909
8003927
8003981
8003987
8004011
8004013
8004047
8004067
8004071
8004079
8004083
8004091
8004097
8004103
8004119
8004121
8004133
8004151
8004163
8004179
8004181
8004193
8004211
8004221
8004223
8004257
8004259
8004277
8004281
8004313
8004383
8004401
8004413
8004419
8004427
8004443
8004449
8004457
8004463
8004487
8004511
8004547
8004559
8004583
8004613
8004629
8004631
8004649
8004653
8004673
8004677
8004679
8004697
8004709
8004743
8004781
8004797
8004803
8004817
8004823
8004853
8004869
8004877
8004889
8004901
8004911
8004917
8004949
8004973
8004979
8005003
8005007
8005027
8005051
8005097
8005103
8005117
8005121
8005133
8005139
8005141
8005169
8005183
8005187
8005211
8005241
8005243
8005271
8005301
8005337
8005339
8005343
8005367
8005379
8005391
8005397
8005411
8005423
8005429
8005483
8005493
8005499
8005511
8005519
8005523
8005531
8005549
8005559
8005573
8005603
8005643
8005649
8005663
8005667
8005681
8005693
8005717
8005721
8005729
8005757
8005799
8005819
8005831
8005841
8005853
8005873
8005891
8005903
8005913
8005927
8005957
8006003
8006017
8006039
8006057
8006077
8006081
8006083
8006101
8006107
8006137
8006149
8006177
8006179
8006203
8006209
8006221
8006237
8006279
8006281
8006287
8006329
8006333
8006347
8006363
8006387
8006437
8006441
8006443
8006447
8006459
8006483
8006513
8006549
8006561
8006563
8006569
8006597
8006611
8006623
8006629
8006633
8006641
8006651
8006683
8006699
8006749
8006753
8006797
8006819
8006821
8006827
8006857
8006861
8006863
8006891
8006893
8006899
8006903
8006909
8006939
8006941
8006989
8007001
8007011
8007019
8007047
8007053
8007071
8007089
8007091
8007121
8007127
8007143
8007173
8007193
8007199
8007211
8007229
8007271
8007283
8007299
8007313
8007319
8007353
8007359
8007383
8007401
8007403
8007407
8007413
8007431
8007449
8007463
8007487
8007491
8007497
8007499
8007541
8007551
8007553
8007557
8007581
8007599
8007613
8007617
8007631
8007647
8007667
8007673
8007679
8007689
8007691
8007709
8007733
8007743
8007781
8007803
8007809
8007821
8007829
8007851
8007859
8007869
8007871
8007917
8007931
8007943
8007991
8008009
8008081
8008093
8008103
8008109
8008123
8008127
8008157
8008159
8008181
8008211
8008229
8008237
8008249
8008267
8008279
8008289
8008313
8008327
8008331
8008337
8008349
8008369
8008373
8008381
8008387
8008409
8008453
8008523
8008529
8008537
8008541
8008549
8008573
8008579
8008589
8008597
8008603
8008607
8008619
8008631
8008643
8008667
8008673
8008691
8008697
8008703
8008733
8008739
8008769
8008771
8008789
8008799
8008801
8008811
8008829
8008831
8008841
8008859
8008867
8008877
8008907
8008933
8008951
8008961
8008967
8009003
8009009
8009011
8009033
8009039
8009059
8009081
8009087
8009093
8009119
8009123
8009143
8009147
8009149
8009161
8009167
8009179
8009219
8009231
8009233
8009237
8009291
8009293
8009303
8009321
8009347
8009369
8009389
8009399
8009453
8009459
8009461
8009467
8009513
8009537
8009549
8009557
8009569
8009579
8009591
8009593
8009609
8009611
8009623
8009627
8009629
8009707
8009747
8009759
8009761
8009767
8009789
8009831
8009843
8009861
8009863
8009893
8009927
8009929
8009951
8009959
8009977
8009987
8009999
8010011
8010029
8010031
8010109
8010113
8010131
8010137
8010139
8010143
8010151
8010157
8010161
8010173
8010181
8010199
8010203
8010221
8010239
8010251
8010263
8010313
8010323
8010361
8010391
8010397
8010403
8010407
8010421
8010437
8010449
8010461
8010481
8010487
8010503
8010547
8010557
8010589
8010593
8010631
8010643
8010661
8010707
8010713
8010749
8010809
8010817
8010839
8010841
8010853
8010869
8010883
8010887
8010889
8010901
8010929
8010953
8010967
8010973
8011007
8011013
8011021
8011039
8011067
8011127
8011139
8011169
8011177
8011183
8011187
8011207
8011247
8011253
8011259
8011261
8011271
8011273
8011303
8011319
8011343
8011357
8011363
8011379
8011387
8011397
8011439
8011477
8011481
8011517
8011529
8011561
8011571
8011583
8011589
8011621
8011643
8011651
8011693
8011697
8011727
8011739
8011747
8011763
8011781
8011789
8011819
8011841
8011847
8011849
8011891
8011921
8011937
8011951
8011961
8011967
8011973
8011979
8011999
8012003
8012021
8012029
8012057
8012077
8012087
8012107
8012113
8012131
8012143
8012161
8012201
8012203
8012209
8012227
8012269
8012299
8012317
8012341
8012351
8012359
8012363
8012369
8012371
8012383
8012399
8012401
8012429
8012437
8012449
8012453
8012467
8012479
8012483
8012519
8012531
8012549
8012551
8012561
8012573
8012617
8012621
8012639
8012647
8012659
8012681
8012687
8012707
8012713
8012723
8012789
8012791
8012801
8012819
8012839
8012857
8012863
8012881
8012887
8012897
8012923
8012929
8012941
8012951
8012957
8012959
8012987
8013013
8013029
8013043
8013101
8013107
8013119
8013121
8013151
8013157
8013233
8013259
8013263
8013281
8013287
8013323
8013329
8013371
8013373
8013377
8013391
8013403
8013433
8013449
8013451
8013457
8013463
8013479
8013487
8013521
8013539
8013581
8013587
8013589
8013601
8013619
8013623
8013659
8013679
8013689
8013697
8013701
8013703
8013727
8013743
8013757
8013769
8013799
8013809
8013857
8013869
8013871
8013883
8013893
8013917
8013949
8013977
8013989
8014001
8014033
8014037
8014049
8014057
8014079
8014093
8014103
8014117
8014129
8014141
8014177
8014199
8014207
8014243
8014247
8014261
8014271
8014301
8014343
8014351
8014381
8014403
8014421
8014427
8014453
8014477
8014481
8014493
8014519
8014529
8014537
8014541
8014549
8014553
8014579
8014583
8014613
8014631
8014663
8014679
8014687
8014703
8014723
8014733
8014777
8014793
8014801
8014807
8014841
8014847
8014891
8014907
8014921
8014927
8014943
8014949
8014961
8014987
8014999
8015011
8015023
8015039
8015053
8015069
8015087
8015089
8015101
8015129
8015141
8015167
8015179
8015221
8015233
8015269
8015291
8015297
8015299
8015303
8015311
8015317
8015341
8015363
8015369
8015383
8015387
8015389
8015443
8015489
8015507
8015509
8015519
8015531
8015543
8015591
8015599
8015603
8015611
8015621
8015627
8015633
8015659
8015699
8015719
8015723
8015737
8015741
8015743
8015747
8015771
8015783
8015797
8015809
8015837
8015849
8015863
8015867
8015921
8015923
8015927
8015941
8015957
8015981
8015989
8016023
8016031
8016037
8016049
8016059
8016089
8016097
8016109
8016133
8016139
8016149
8016191
8016221
8016247
8016257
8016287
8016289
8016293
8016313
8016331
8016343
8016353
8016373
8016403
8016413
8016419
8016433
8016467
8016479
8016487
8016493
8016511
8016527
8016529
8016551
8016553
8016563
8016587
8016599
8016611
8016637
8016643
8016661
8016677
8016703
8016713
8016733
8016737
8016763
8016769
8016779
8016781
8016793
8016797
8016839
8016851
8016863
8016907
8016913
8016923
8016937
8016991
8017001
8017039
8017057
8017063
8017091
8017111
8017117
8017159
8017171
8017187
8017201
8017223
8017241
8017267
8017283
8017301
8017327
8017343
8017349
8017351
8017357
8017423
8017439
8017441
8017447
8017453
8017459
8017483
8017531
8017549
8017553
8017571
8017573
8017579
8017609
8017613
8017619
8017643
8017649
8017661
8017697
8017721
8017739
8017741
8017769
8017781
8017783
8017811
8017819
8017843
8017853
8017873
8017879
8017903
8017927
8017939
8017951
8017967
8017969
8017979
8017987
8017991
8017993
8018027
8018029
8018039
8018047
8018069
8018071
8018089
8018107
8018177
8018183
8018189
8018207
8018221
8018273
8018279
8018281
8018291
8018299
8018303
8018327
8018333
8018347
8018369
8018383
8018419
8018443
8018449
8018453
8018477
8018497
8018501
8018519
8018557
8018561
8018567
8018573
8018599
8018609
8018629
8018639
8018671
8018701
8018719
8018767
8018783
8018807
8018837
8018851
8018861
8018887
8018891
8018909
8018911
8018921
8018929
8018947
8018963
8018981
8019001
8019013
8019023
8019041
8019043
8019071
8019073
8019079
8019091
8019119
8019131
8019169
8019181
8019191
8019217
8019227
8019233
8019247
8019251
8019259
8019289
8019293
8019307
8019337
8019353
8019397
8019413
8019439
8019449
8019481
8019509
8019511
8019541
8019553
8019581
8019587
8019611
8019619
8019643
8019647
8019667
8019679
8019719
8019721
8019727
8019769
8019773
8019779
8019821
8019827
8019839
8019871
8019877
8019911
8019931
8019953
8019959
8019961
8019983
8019989
8019997
8020003
8020007
8020027
8020043
8020049
8020069
8020121
8020151
8020183
8020237
8020241
8020247
8020249
8020253
8020273
8020303
8020333
8020339
8020343
8020357
8020361
8020381
8020387
8020393
8020423
8020429
8020433
8020457
8020499
8020517
8020553
8020567
8020577
8020589
8020631
8020643
8020669
8020673
8020681
8020687
8020693
8020697
8020699
8020703
8020709
8020751
8020757
8020763
8020781
8020783
8020801
8020867
8020891
8020913
8020921
8020927
8020931
8020933
8020963
8020981
8020993
8021003
8021009
8021011
8021017
8021029
8021047
8021053
8021063
8021077
8021099
8021113
8021129
8021131
8021147
8021159
8021171
8021191
8021231
8021239
8021257
8021269
8021291
8021323
8021327
8021333
8021339
8021347
8021353
8021359
8021381
8021383
8021389
8021413
8021471
8021539
8021567
8021579
8021593
8021597
8021627
8021639
8021647
8021669
8021677
8021681
8021729
8021737
8021747
8021749
8021753
8021759
8021771
8021789
8021791
8021801
8021821
8021831
8021833
8021851
8021863
8021869
8021873
8021887
8021911
8021939
8021941
8021969
8021989
8021999
8022017
8022029
8022041
8022061
8022071
8022083
8022089
8022097
8022103
8022109
8022121
8022137
8022139
8022143
8022151
8022163
8022169
8022173
8022227
8022247
8022251
8022257
8022281
8022307
8022323
8022353
8022359
8022367
8022373
8022403
8022409
8022437
8022457
8022491
8022493
8022517
8022523
8022527
8022551
8022563
8022569
8022613
8022629
8022667
8022671
8022683
8022689
8022709
8022739
8022743
8022779
8022797
8022803
8022809
8022823
8022829
8022841
8022869
8022877
8022901
8022943
8022961
8023009
8023013
8023019
8023027
8023033
8023039
8023063
8023091
8023123
8023139
8023151
8023153
8023157
8023189
8023217
8023231
8023237
8023243
8023247
8023259
8023273
8023277
8023289
8023363
8023369
8023387
8023403
8023409
8023423
8023429
8023441
8023471
8023493
8023523
8023553
8023559
8023579
8023583
8023591
8023601
8023627
8023651
8023661
8023663
8023667
8023669
8023739
8023747
8023759
8023777
8023787
8023811
8023819
8023831
8023837
8023861
8023877
8023889
8023901
8023957
8023969
8023979
8023991
8023993
8023999
8024047
8024057
8024063
8024077
8024089
8024117
8024129
8024161
8024167
8024189
8024239
8024249
8024279
8024281
8024293
8024321
8024333
8024353
8024363
8024371
8024383
8024399
8024407
8024417
8024431
8024437
8024453
8024509
8024521
8024537
8024543
8024563
8024573
8024579
8024591
8024603
8024623
8024641
8024647
8024659
8024683
8024701
8024711
8024729
8024743
8024761
8024771
8024773
8024777
8024813
8024831
8024837
8024839
8024843
8024857
8024869
8024873
8024879
8024881
8024911
8024923
8024927
8024941
8024959
8024987
8025013
8025019
8025067
8025089
8025097
8025103
8025119
8025161
8025167
8025169
8025181
8025211
8025233
8025253
8025271
8025293
8025301
8025317
8025331
8025341
8025349
8025361
8025371
8025379
8025389
8025421
8025439
8025449
8025469
8025473
8025487
8025491
8025503
8025509
8025517
8025527
8025533
8025553
8025557
8025569
8025601
8025607
8025613
8025623
8025653
8025659
8025671
8025679
8025691
8025697
8025701
8025713
8025727
8025739
8025761
8025793
8025803
8025881
8025883
8025893
8025917
8025967
8025973
8026013
8026027
8026087
8026093
8026097
8026099
8026111
8026121
8026129
8026133
8026141
8026157
8026169
8026171
8026199
8026217
8026223
8026231
8026253
8026289
8026297
8026307
8026309
8026313
8026327
8026357
8026387
8026411
8026429
8026451
8026453
8026477
8026483
8026507
8026511
8026541
8026559
8026561
8026583
8026597
8026619
8026631
8026633
8026639
8026661
8026673
8026699
8026723
8026727
8026741
8026751
8026769
8026787
8026789
8026813
8026829
8026831
8026849
8026877
8026901
8026913
8026919
8026933
8026937
8026957
8026961
8026969
8026973
8026979
8026981
8027011
8027017
8027029
8027053
8027059
8027093
8027141
8027147
8027191
8027209
8027219
8027237
8027249
8027251
8027273
8027303
8027309
8027317
8027339
8027381
8027423
8027491
8027497
8027501
8027507
8027563
8027597
8027609
8027611
8027629
8027639
8027641
8027651
8027653
8027659
8027683
8027687
8027699
8027807
8027813
8027819
8027821
8027827
8027837
8027839
8027849
8027863
8027869
8027891
8027911
8027933
8027939
8027941
8027969
8028019
8028037
8028043
8028061
8028077
8028107
8028109
8028113
8028121
8028151
8028179
8028193
8028227
8028247
8028259
8028263
8028277
8028289
8028299
8028343
8028347
8028359
8028367
8028373
8028379
8028407
8028413
8028439
8028443
8028463
8028479
8028491
8028521
8028523
8028529
8028547
8028551
8028557
8028577
8028619
8028649
8028653
8028703
8028707
8028719
8028731
8028733
8028739
8028749
8028767
8028781
8028791
8028799
8028809
8028827
8028833
8028851
8028857
8028899
8028919
8028929
8028931
8028949
8028961
8028973
8028983
8028997
8029009
8029019
8029061
8029069
8029081
8029097
8029157
8029187
8029211
8029243
8029249
8029271
8029291
8029309
8029327
8029331
8029361
8029363
8029391
8029393
8029421
8029471
8029493
8029501
8029513
8029517
8029529
8029537
8029577
8029579
8029583
8029591
8029597
8029631
8029633
8029643
8029649
8029663
8029673
8029717
8029739
8029751
8029771
8029793
8029811
8029817
8029823
8029843
8029859
8029867
8029877
8029909
8029943
8029969
8029993
8030021
8030039
8030041
8030047
8030053
8030081
8030089
8030093
8030107
8030117
8030123
8030131
8030149
8030153
8030227
8030233
8030237
8030249
8030257
8030291
8030329
8030353
8030371
8030387
8030411
8030413
8030417
8030423
8030437
8030441
8030461
8030497
8030513
8030531
8030557
8030567
8030569
8030599
8030609
8030623
8030663
8030669
8030683
8030717
8030741
8030753
8030761
8030773
8030777
8030819
8030849
8030873
8030879
8030917
8030927
8030929
8030963
8030969
8030989
8031007
8031017
8031019
8031083
8031097
8031119
8031131
8031181
8031187
8031227
8031253
8031269
8031299
8031323
8031337
8031341
8031343
8031349
8031371
8031379
8031403
8031409
8031421
8031431
8031437
8031451
8031467
8031469
8031473
8031523
8031557
8031563
8031571
8031581
8031587
8031589
8031593
8031619
8031641
8031643
8031671
8031677
8031703
8031719
8031731
8031763
8031767
8031773
8031781
8031787
8031797
8031799
8031817
8031833
8031857
8031911
8031913
8031929
8031937
8031943
8031953
8031967
8031977
8031979
8032001
8032019
8032039
8032049
8032051
8032061
8032067
8032103
8032121
8032133
8032163
8032223
8032229
8032247
8032273
8032291
8032303
8032327
8032337
8032361
8032363
8032397
8032399
8032411
8032439
8032471
8032481
8032489
8032511
8032513
8032567
8032571
8032579
8032613
8032621
8032637
8032639
8032643
8032669
8032691
8032699
8032729
8032741
8032769
8032781
8032807
8032859
8032879
8032883
8032889
8032903
8032931
8032939
8032943
8032967
8032987
8033009
8033017
8033021
8033023
8033041
8033071
8033117
8033119
8033159
8033161
8033167
8033173
8033177
8033183
8033209
8033213
8033243
8033281
8033293
8033327
8033339
8033359
8033383
8033419
8033429
8033461
8033471
8033479
8033483
8033491
8033497
8033539
8033573
8033587
8033591
8033593
8033621
8033629
8033657
8033659
8033671
8033689
8033717
8033719
8033749
8033759
8033777
8033791
8033797
8033807
8033813
8033821
8033849
8033873
8033891
8033933
8033939
8033951
8033989
8034023
8034031
8034043
8034049
8034067
8034079
8034083
8034097
8034101
8034113
8034121
8034137
8034157
8034167
8034181
8034193
8034209
8034241
8034253
8034263
8034277
8034287
8034311
8034331
8034347
8034373
8034437
8034451
8034461
8034469
8034491
8034503
8034547
8034553
8034563
8034569
8034589
8034601
8034619
8034629
8034671
8034683
8034703
8034709
8034749
8034757
8034781
8034787
8034799
8034821
8034833
8034839
8034847
8034869
8034877
8034881
8034899
8034907
8034911
8034919
8034973
8034977
8034989
8034991
8034997
8035003
8035007
8035021
8035051
8035061
8035063
8035087
8035099
8035121
8035129
8035177
8035193
8035201
8035207
8035213
8035229
8035241
8035249
8035259
8035273
8035301
8035337
8035343
8035351
8035361
8035369
8035427
8035457
8035463
8035477
8035483
8035501
8035507
8035519
8035529
8035553
8035597
8035607
8035609
8035667
8035693
8035733
8035759
8035787
8035793
8035799
8035823
8035829
8035831
8035843
8035861
8035889
8035903
8035927
8035939
8035949
8035961
8035967
8035991
8035997
8035999
8036003
8036011
8036051
8036071
8036081
8036101
8036137
8036153
8036167
8036209
8036233
8036239
8036261
8036279
8036299
8036311
8036317
8036321
8036341
8036381
8036401
8036417
8036429
8036459
8036467
8036473
8036503
8036507
8036519
8036521
8036527
8036531
8036537
8036569
8036579
8036599
8036621
8036629
8036681
8036701
8036711
8036723
8036731
8036747
8036771
8036797
8036813
8036827
8036837
8036849
8036863
8036879
8036887
8036893
8036909
8036939
8036947
8036957
8036983
8036989
8036993
8036999
8037023
8037049
8037053
8037059
8037067
8037077
8037101
8037131
8037137
8037151
8037163
8037167
8037181
8037187
8037191
There are 2113 prime numbers in S472.
