S473(8037217~8071272)
8037229
8037233
8037269
8037307
8037313
8037317
8037319
8037347
8037377
8037383
8037391
8037409
8037439
8037461
8037529
8037559
8037569
8037571
8037581
8037593
8037641
8037643
8037647
8037661
8037683
8037691
8037707
8037713
8037721
8037737
8037739
8037749
8037751
8037781
8037793
8037829
8037847
8037851
8037899
8037919
8037937
8037941
8037943
8037961
8037973
8038003
8038027
8038061
8038097
8038111
8038117
8038141
8038193
8038237
8038253
8038259
8038271
8038279
8038313
8038319
8038343
8038379
8038409
8038441
8038451
8038453
8038469
8038483
8038507
8038531
8038543
8038559
8038561
8038571
8038601
8038609
8038627
8038631
8038649
8038651
8038663
8038697
8038717
8038757
8038759
8038769
8038783
8038819
8038831
8038837
8038867
8038873
8038883
8038897
8038907
8038913
8038931
8038967
8038981
8038991
8039051
8039063
8039081
8039107
8039123
8039149
8039153
8039173
8039183
8039189
8039201
8039203
8039219
8039221
8039233
8039257
8039287
8039309
8039333
8039359
8039363
8039377
8039393
8039431
8039441
8039461
8039497
8039501
8039533
8039539
8039561
8039569
8039587
8039599
8039639
8039653
8039671
8039677
8039683
8039711
8039737
8039741
8039749
8039761
8039771
8039783
8039789
8039791
8039797
8039803
8039807
8039833
8039849
8039851
8039879
8039897
8039923
8039939
8039947
8039951
8039959
8039971
8039981
8039987
8040013
8040017
8040029
8040037
8040049
8040073
8040089
8040091
8040121
8040157
8040169
8040217
8040229
8040239
8040247
8040257
8040311
8040323
8040341
8040367
8040379
8040391
8040407
8040413
8040421
8040437
8040443
8040449
8040457
8040463
8040467
8040481
8040491
8040493
8040499
8040503
8040517
8040533
8040559
8040583
8040587
8040589
8040601
8040607
8040623
8040631
8040647
8040653
8040661
8040671
8040689
8040691
8040701
8040707
8040709
8040727
8040757
8040763
8040787
8040793
8040817
8040827
8040829
8040839
8040853
8040863
8040889
8040899
8040919
8040931
8040937
8040947
8041003
8041027
8041037
8041057
8041067
8041079
8041087
8041093
8041097
8041127
8041133
8041147
8041151
8041177
8041181
8041219
8041249
8041261
8041303
8041333
8041379
8041399
8041403
8041457
8041463
8041471
8041477
8041483
8041499
8041511
8041547
8041549
8041571
8041577
8041589
8041597
8041609
8041619
8041643
8041667
8041669
8041681
8041703
8041711
8041717
8041723
8041727
8041739
8041757
8041771
8041783
8041801
8041811
8041837
8041853
8041861
8041879
8041889
8041897
8041907
8041967
8041991
8041993
8042009
8042017
8042033
8042053
8042059
8042063
8042081
8042093
8042101
8042147
8042159
8042183
8042189
8042197
8042201
8042213
8042239
8042267
8042303
8042317
8042329
8042351
8042371
8042389
8042393
8042407
8042413
8042443
8042449
8042471
8042473
8042477
8042509
8042521
8042533
8042543
8042563
8042569
8042603
8042611
8042621
8042623
8042633
8042641
8042647
8042659
8042669
8042693
8042701
8042707
8042711
8042729
8042737
8042761
8042767
8042777
8042779
8042807
8042813
8042843
8042861
8042863
8042897
8042917
8042959
8042977
8043017
8043029
8043041
8043059
8043073
8043089
8043103
8043151
8043163
8043181
8043187
8043199
8043239
8043253
8043263
8043271
8043323
8043331
8043341
8043349
8043361
8043367
8043401
8043433
8043449
8043457
8043461
8043463
8043481
8043487
8043557
8043559
8043571
8043587
8043589
8043611
8043649
8043653
8043683
8043697
8043713
8043733
8043743
8043769
8043773
8043781
8043809
8043851
8043869
8043877
8043899
8043923
8043929
8043949
8043977
8043979
8043983
8044013
8044019
8044021
8044027
8044033
8044037
8044039
8044051
8044061
8044067
8044073
8044079
8044103
8044109
8044117
8044123
8044171
8044189
8044193
8044217
8044243
8044249
8044259
8044261
8044271
8044291
8044297
8044303
8044313
8044331
8044343
8044363
8044373
8044409
8044423
8044427
8044447
8044453
8044493
8044507
8044529
8044559
8044601
8044607
8044613
8044627
8044633
8044667
8044679
8044681
8044691
8044693
8044697
8044703
8044747
8044759
8044763
8044769
8044783
8044787
8044789
8044823
8044843
8044853
8044867
8044877
8044879
8044921
8044931
8044937
8044951
8044987
8044991
8044997
8045003
8045017
8045047
8045053
8045071
8045077
8045099
8045117
8045119
8045137
8045153
8045173
8045179
8045183
8045197
8045203
8045207
8045221
8045249
8045287
8045321
8045327
8045329
8045339
8045353
8045381
8045393
8045419
8045447
8045483
8045489
8045503
8045509
8045519
8045533
8045537
8045567
8045579
8045581
8045593
8045603
8045621
8045623
8045629
8045657
8045659
8045663
8045669
8045671
8045701
8045729
8045747
8045753
8045767
8045783
8045801
8045809
8045819
8045827
8045857
8045861
8045887
8045897
8045903
8045923
8045927
8045951
8045953
8045969
8045971
8046001
8046013
8046023
8046029
8046041
8046043
8046061
8046107
8046109
8046119
8046121
8046161
8046187
8046191
8046197
8046221
8046239
8046277
8046281
8046299
8046331
8046347
8046371
8046397
8046419
8046433
8046487
8046497
8046523
8046551
8046553
8046581
8046589
8046607
8046611
8046613
8046631
8046637
8046653
8046667
8046691
8046697
8046713
8046733
8046737
8046743
8046751
8046761
8046769
8046791
8046811
8046817
8046827
8046839
8046869
8046881
8046889
8046911
8046931
8046943
8046953
8046989
8046991
8047003
8047027
8047031
8047037
8047057
8047097
8047129
8047133
8047139
8047141
8047157
8047159
8047189
8047261
8047267
8047271
8047327
8047331
8047337
8047339
8047343
8047381
8047397
8047399
8047451
8047453
8047483
8047489
8047513
8047519
8047561
8047601
8047643
8047649
8047657
8047687
8047691
8047709
8047717
8047727
8047729
8047771
8047801
8047807
8047829
8047843
8047873
8047883
8047889
8047903
8047909
8047939
8047957
8047969
8048017
8048057
8048059
8048069
8048071
8048081
8048083
8048099
8048101
8048113
8048119
8048141
8048147
8048179
8048197
8048207
8048269
8048273
8048297
8048303
8048309
8048311
8048333
8048363
8048389
8048393
8048461
8048473
8048477
8048483
8048507
8048539
8048567
8048581
8048627
8048629
8048639
8048653
8048657
8048659
8048671
8048687
8048699
8048707
8048713
8048717
8048731
8048737
8048743
8048779
8048801
8048813
8048819
8048849
8048851
8048881
8048897
8048923
8048941
8048969
8048981
8049001
8049023
8049031
8049049
8049061
8049077
8049089
8049101
8049113
8049137
8049169
8049187
8049221
8049227
8049229
8049247
8049253
8049259
8049263
8049271
8049317
8049373
8049383
8049401
8049403
8049413
8049467
8049469
8049473
8049479
8049487
8049523
8049533
8049593
8049607
8049611
8049703
8049719
8049731
8049751
8049773
8049779
8049803
8049829
8049841
8049851
8049859
8049869
8049871
8049883
8049887
8049889
8049913
8049947
8049949
8049953
8049967
8049989
8049997
8050001
8050013
8050039
8050043
8050093
8050103
8050151
8050157
8050177
8050183
8050187
8050213
8050241
8050261
8050267
8050271
8050279
8050291
8050307
8050327
8050351
8050379
8050381
8050387
8050397
8050409
8050411
8050439
8050457
8050481
8050499
8050517
8050543
8050577
8050579
8050591
8050633
8050663
8050687
8050697
8050703
8050711
8050717
8050729
8050739
8050807
8050817
8050829
8050831
8050873
8050891
8050919
8050937
8050949
8050957
8050961
8050967
8050981
8050993
8050997
8051011
8051033
8051051
8051063
8051077
8051093
8051101
8051123
8051143
8051167
8051171
8051203
8051209
8051213
8051221
8051257
8051261
8051273
8051279
8051339
8051369
8051371
8051377
8051401
8051437
8051447
8051453
8051501
8051509
8051543
8051551
8051567
8051609
8051623
8051639
8051651
8051657
8051663
8051669
8051677
8051713
8051717
8051731
8051783
8051803
8051807
8051831
8051833
8051837
8051851
8051881
8051893
8051921
8051947
8051959
8051963
8051969
8052007
8052013
8052017
8052019
8052043
8052049
8052073
8052089
8052103
8052133
8052167
8052173
8052179
8052193
8052211
8052217
8052229
8052241
8052251
8052259
8052263
8052269
8052293
8052299
8052311
8052313
8052349
8052353
8052361
8052367
8052389
8052397
8052413
8052431
8052433
8052479
8052487
8052491
8052511
8052521
8052587
8052601
8052619
8052623
8052641
8052647
8052659
8052683
8052731
8052763
8052773
8052787
8052817
8052823
8052841
8052853
8052857
8052881
8052887
8052893
8052929
8052937
8052949
8052953
8052971
8052983
8052991
8053007
8053009
8053021
8053043
8053051
8053061
8053063
8053079
8053091
8053099
8053103
8053109
8053117
8053127
8053139
8053147
8053153
8053183
8053187
8053193
8053217
8053219
8053249
8053259
8053267
8053303
8053313
8053327
8053337
8053349
8053351
8053363
8053369
8053373
8053379
8053399
8053417
8053421
8053429
8053439
8053469
8053477
8053483
8053489
8053499
8053537
8053541
8053543
8053553
8053567
8053571
8053603
8053607
8053613
8053621
8053627
8053649
8053651
8053687
8053693
8053751
8053757
8053763
8053781
8053807
8053817
8053847
8053861
8053889
8053921
8053931
8053949
8053961
8053973
8053987
8054021
8054023
8054069
8054087
8054089
8054099
8054113
8054147
8054161
8054171
8054177
8054191
8054231
8054239
8054261
8054281
8054297
8054323
8054341
8054369
8054377
8054383
8054399
8054407
8054441
8054443
8054471
8054477
8054483
8054507
8054509
8054521
8054533
8054551
8054581
8054587
8054593
8054597
8054609
8054647
8054659
8054671
8054693
8054713
8054729
8054731
8054741
8054743
8054771
8054833
8054869
8054881
8054903
8054927
8054929
8054939
8054951
8054999
8055007
8055013
8055049
8055101
8055109
8055119
8055121
8055143
8055149
8055167
8055169
8055193
8055197
8055227
8055247
8055251
8055293
8055317
8055337
8055349
8055361
8055371
8055379
8055403
8055407
8055409
8055413
8055461
8055469
8055473
8055493
8055499
8055503
8055511
8055517
8055521
8055571
8055581
8055587
8055613
8055617
8055631
8055647
8055661
8055673
8055701
8055703
8055713
8055779
8055781
8055787
8055793
8055809
8055811
8055851
8055857
8055869
8055871
8055889
8055893
8055917
8055937
8055959
8055961
8055979
8056021
8056033
8056039
8056043
8056051
8056067
8056099
8056123
8056127
8056151
8056163
8056177
8056193
8056199
8056201
8056211
8056219
8056231
8056241
8056259
8056261
8056267
8056271
8056277
8056289
8056291
8056297
8056309
8056313
8056327
8056333
8056337
8056339
8056357
8056379
8056381
8056393
8056409
8056423
8056429
8056439
8056469
8056481
8056493
8056501
8056507
8056511
8056537
8056553
8056567
8056591
8056597
8056603
8056619
8056637
8056649
8056661
8056673
8056679
8056681
8056687
8056721
8056733
8056747
8056771
8056777
8056799
8056801
8056823
8056837
8056843
8056847
8056859
8056879
8056883
8056889
8056943
8056949
8056957
8056991
8057003
8057011
8057017
8057029
8057047
8057057
8057087
8057089
8057123
8057141
8057143
8057177
8057183
8057191
8057221
8057227
8057237
8057243
8057267
8057281
8057321
8057323
8057339
8057347
8057359
8057393
8057411
8057419
8057449
8057459
8057471
8057503
8057513
8057549
8057561
8057573
8057591
8057597
8057603
8057611
8057627
8057629
8057639
8057657
8057663
8057669
8057671
8057683
8057701
8057713
8057747
8057761
8057773
8057809
8057827
8057837
8057851
8057867
8057873
8057893
8057927
8057947
8057953
8057977
8057989
8058013
8058019
8058041
8058049
8058059
8058091
8058101
8058133
8058139
8058179
8058191
8058199
8058209
8058227
8058293
8058311
8058319
8058353
8058359
8058373
8058377
8058383
8058403
8058409
8058431
8058437
8058439
8058497
8058499
8058503
8058511
8058521
8058529
8058539
8058569
8058577
8058581
8058593
8058599
8058601
8058619
8058623
8058643
8058647
8058691
8058707
8058733
8058769
8058779
8058797
8058829
8058847
8058851
8058877
8058881
8058887
8058889
8058899
8058917
8058929
8058937
8059033
8059049
8059061
8059063
8059067
8059069
8059087
8059123
8059151
8059153
8059157
8059169
8059171
8059193
8059199
8059213
8059243
8059267
8059279
8059283
8059291
8059297
8059307
8059313
8059333
8059367
8059369
8059379
8059391
8059393
8059399
8059409
8059417
8059427
8059433
8059489
8059511
8059517
8059529
8059531
8059537
8059543
8059589
8059603
8059643
8059661
8059669
8059693
8059697
8059741
8059759
8059789
8059829
8059837
8059841
8059859
8059879
8059937
8059939
8059943
8059949
8059967
8059981
8060027
8060053
8060069
8060099
8060147
8060153
8060179
8060197
8060201
8060207
8060209
8060219
8060233
8060251
8060257
8060263
8060267
8060287
8060317
8060321
8060333
8060369
8060383
8060387
8060401
8060443
8060461
8060489
8060491
8060497
8060519
8060539
8060551
8060573
8060581
8060593
8060597
8060599
8060609
8060653
8060671
8060681
8060683
8060699
8060779
8060791
8060803
8060813
8060821
8060827
8060849
8060861
8060863
8060867
8060881
8060891
8060939
8060947
8060953
8060957
8060963
8061007
8061013
8061019
8061037
8061041
8061061
8061103
8061107
8061121
8061143
8061169
8061173
8061181
8061191
8061223
8061289
8061323
8061331
8061337
8061341
8061343
8061359
8061371
8061401
8061407
8061409
8061413
8061419
8061421
8061467
8061481
8061499
8061503
8061509
8061527
8061539
8061593
8061607
8061611
8061619
8061629
8061653
8061659
8061667
8061679
8061721
8061727
8061731
8061733
8061737
8061743
8061761
8061763
8061773
8061787
8061839
8061841
8061847
8061877
8061881
8061899
8061923
8061929
8061931
8061997
8062001
8062003
8062007
8062009
8062013
8062037
8062057
8062069
8062073
8062079
8062091
8062111
8062169
8062181
8062183
8062207
8062231
8062237
8062247
8062253
8062273
8062277
8062303
8062321
8062357
8062361
8062367
8062381
8062391
8062399
8062433
8062451
8062459
8062463
8062477
8062501
8062507
8062513
8062529
8062541
8062583
8062589
8062597
8062601
8062603
8062643
8062651
8062679
8062721
8062727
8062751
8062753
8062757
8062787
8062793
8062799
8062823
8062843
8062853
8062867
8062871
8062877
8062891
8062909
8062921
8062933
8062963
8062969
8062979
8062987
8062993
8062997
8063017
8063051
8063053
8063089
8063093
8063119
8063123
8063147
8063161
8063171
8063173
8063177
8063191
8063197
8063203
8063221
8063227
8063233
8063243
8063269
8063309
8063323
8063329
8063339
8063359
8063371
8063381
8063401
8063411
8063417
8063437
8063453
8063459
8063477
8063509
8063527
8063557
8063563
8063569
8063597
8063599
8063633
8063641
8063647
8063681
8063701
8063723
8063753
8063761
8063789
8063821
8063851
8063873
8063879
8063911
8063917
8063927
8063947
8063959
8063963
8063971
8063981
8063987
8063989
8064011
8064013
8064041
8064097
8064107
8064127
8064149
8064157
8064169
8064193
8064223
8064257
8064271
8064293
8064299
8064313
8064319
8064347
8064361
8064367
8064377
8064391
8064431
8064449
8064461
8064473
8064499
8064517
8064527
8064571
8064587
8064601
8064653
8064671
8064673
8064691
8064701
8064713
8064737
8064739
8064757
8064761
8064773
8064781
8064787
8064799
8064809
8064827
8064839
8064841
8064863
8064883
8064893
8064907
8064941
8064943
8064971
8064977
8065007
8065009
8065033
8065051
8065067
8065073
8065081
8065093
8065117
8065121
8065129
8065133
8065171
8065201
8065229
8065243
8065279
8065283
8065289
8065319
8065373
8065391
8065399
8065417
8065423
8065439
8065441
8065457
8065459
8065471
8065483
8065489
8065507
8065511
8065517
8065523
8065573
8065579
8065583
8065613
8065619
8065627
8065637
8065649
8065679
8065693
8065711
8065721
8065723
8065727
8065751
8065777
8065781
8065789
8065793
8065819
8065829
8065853
8065867
8065877
8065879
8065901
8065907
8065909
8065931
8065957
8065987
8066027
8066039
8066057
8066059
8066083
8066087
8066099
8066129
8066141
8066153
8066161
8066171
8066173
8066207
8066209
8066243
8066251
8066273
8066287
8066291
8066329
8066339
8066341
8066351
8066369
8066389
8066411
8066419
8066497
8066501
8066533
8066543
8066549
8066557
8066561
8066581
8066593
8066677
8066683
8066689
8066717
8066749
8066753
8066761
8066771
8066797
8066827
8066879
8066881
8066897
8066909
8066923
8066969
8066977
8067023
8067047
8067053
8067079
8067083
8067097
8067113
8067139
8067149
8067151
8067179
8067203
8067209
8067217
8067239
8067253
8067259
8067263
8067271
8067277
8067281
8067287
8067313
8067329
8067337
8067341
8067377
8067379
8067383
8067407
8067413
8067431
8067461
8067467
8067491
8067497
8067511
8067547
8067551
8067557
8067569
8067581
8067599
8067613
8067629
8067643
8067667
8067679
8067727
8067737
8067749
8067751
8067757
8067767
8067769
8067803
8067811
8067817
8067821
8067823
8067827
8067841
8067847
8067863
8067881
8067883
8067947
8067949
8067953
8067959
8067991
8068019
8068063
8068069
8068079
8068127
8068139
8068163
8068171
8068199
8068213
8068223
8068241
8068283
8068297
8068301
8068303
8068327
8068367
8068373
8068397
8068399
8068433
8068441
8068447
8068451
8068453
8068457
8068481
8068493
8068519
8068573
8068579
8068589
8068633
8068681
8068703
8068717
8068729
8068769
8068771
8068777
8068793
8068817
8068831
8068843
8068847
8068861
8068867
8068871
8068903
8068933
8068961
8068967
8068969
8069041
8069057
8069063
8069069
8069077
8069081
8069093
8069099
8069107
8069119
8069143
8069147
8069153
8069189
8069213
8069231
8069261
8069267
8069291
8069311
8069351
8069353
8069359
8069377
8069381
8069417
8069419
8069431
8069459
8069473
8069483
8069491
8069531
8069533
8069539
8069561
8069587
8069599
8069603
8069651
8069671
8069683
8069687
8069693
8069717
8069749
8069753
8069777
8069779
8069783
8069791
8069797
8069861
8069863
8069879
8069899
8069911
8069921
8069953
8069977
8069983
8070011
8070037
8070043
8070061
8070067
8070113
8070119
8070133
8070157
8070169
8070187
8070191
8070211
8070221
8070241
8070289
8070299
8070301
8070319
8070331
8070371
8070379
8070389
8070397
8070407
8070409
8070437
8070443
8070449
8070451
8070457
8070463
8070467
8070473
8070487
8070521
8070523
8070527
8070589
8070599
8070617
8070637
8070653
8070659
8070683
8070701
8070707
8070709
8070721
8070731
8070737
8070739
8070743
8070749
8070781
8070817
8070827
8070851
8070857
8070859
8070863
8070871
8070889
8070901
8070911
8070913
8070917
8070919
8070929
8070967
8070989
8071009
8071033
8071043
8071061
8071097
8071103
8071109
8071111
8071127
8071139
8071153
8071159
8071171
8071177
8071187
8071199
8071201
8071223
8071237
8071249
8071267
There are 2173 prime numbers in S473.
