S474(8071273~8105400)
8071307
8071319
8071363
8071369
8071373
8071381
8071387
8071411
8071417
8071421
8071429
8071457
8071463
8071489
8071507
8071517
8071519
8071601
8071603
8071619
8071621
8071631
8071633
8071663
8071669
8071709
8071727
8071757
8071783
8071799
8071807
8071823
8071859
8071897
8071901
8071907
8071933
8071937
8071981
8072027
8072041
8072087
8072101
8072107
8072111
8072117
8072123
8072137
8072143
8072159
8072167
8072171
8072173
8072189
8072209
8072219
8072221
8072257
8072269
8072291
8072293
8072303
8072329
8072357
8072417
8072423
8072429
8072447
8072453
8072461
8072489
8072503
8072507
8072513
8072521
8072551
8072573
8072591
8072593
8072599
8072621
8072633
8072639
8072641
8072657
8072677
8072689
8072693
8072707
8072717
8072737
8072749
8072761
8072791
8072797
8072809
8072821
8072837
8072843
8072881
8072903
8072921
8072957
8072971
8072983
8073001
8073041
8073053
8073073
8073077
8073083
8073103
8073127
8073133
8073139
8073151
8073193
8073199
8073203
8073229
8073239
8073277
8073287
8073313
8073319
8073323
8073337
8073341
8073349
8073353
8073367
8073371
8073389
8073413
8073431
8073451
8073467
8073473
8073491
8073503
8073523
8073539
8073557
8073577
8073587
8073607
8073641
8073647
8073749
8073763
8073787
8073799
8073811
8073817
8073829
8073847
8073859
8073869
8073887
8073889
8073893
8073911
8073931
8073941
8073959
8073979
8074009
8074013
8074057
8074097
8074111
8074117
8074123
8074139
8074147
8074159
8074207
8074211
8074217
8074247
8074249
8074277
8074289
8074301
8074309
8074349
8074351
8074379
8074397
8074421
8074427
8074463
8074481
8074483
8074501
8074523
8074529
8074537
8074543
8074559
8074567
8074589
8074637
8074657
8074687
8074697
8074699
8074723
8074739
8074747
8074777
8074783
8074811
8074831
8074837
8074861
8074873
8074877
8074903
8074931
8074933
8074967
8074993
8074999
8075003
8075009
8075029
8075033
8075083
8075107
8075129
8075131
8075141
8075147
8075149
8075167
8075173
8075203
8075219
8075257
8075261
8075267
8075281
8075293
8075299
8075339
8075341
8075429
8075449
8075471
8075491
8075497
8075519
8075521
8075533
8075537
8075539
8075563
8075579
8075591
8075597
8075623
8075633
8075687
8075689
8075693
8075719
8075747
8075773
8075777
8075789
8075801
8075819
8075827
8075839
8075843
8075849
8075857
8075863
8075887
8075909
8075911
8075927
8075939
8075957
8075989
8075993
8075999
8076011
8076031
8076041
8076077
8076119
8076157
8076191
8076199
8076203
8076227
8076319
8076329
8076331
8076347
8076353
8076371
8076379
8076403
8076437
8076443
8076457
8076491
8076503
8076517
8076521
8076553
8076557
8076571
8076599
8076623
8076637
8076641
8076643
8076701
8076707
8076721
8076727
8076737
8076743
8076769
8076773
8076779
8076781
8076787
8076797
8076799
8076811
8076821
8076823
8076911
8076941
8076953
8076961
8076973
8076977
8076983
8077001
8077007
8077037
8077049
8077079
8077129
8077133
8077169
8077171
8077183
8077187
8077189
8077207
8077213
8077217
8077247
8077259
8077271
8077339
8077357
8077379
8077387
8077403
8077409
8077417
8077427
8077463
8077471
8077529
8077541
8077583
8077607
8077621
8077633
8077649
8077651
8077661
8077673
8077687
8077691
8077709
8077711
8077723
8077753
8077757
8077789
8077799
8077847
8077871
8077891
8077897
8077903
8077913
8077919
8077939
8077967
8077969
8077973
8078003
8078017
8078027
8078029
8078033
8078051
8078053
8078069
8078071
8078087
8078113
8078131
8078143
8078177
8078183
8078201
8078209
8078237
8078243
8078251
8078261
8078297
8078299
8078341
8078347
8078351
8078387
8078429
8078431
8078437
8078459
8078467
8078471
8078489
8078491
8078503
8078527
8078531
8078533
8078537
8078579
8078611
8078627
8078647
8078663
8078669
8078671
8078677
8078699
8078701
8078747
8078761
8078767
8078827
8078831
8078867
8078897
8078899
8078909
8078921
8078923
8078951
8078981
8078989
8078999
8079007
8079041
8079059
8079073
8079077
8079083
8079101
8079103
8079107
8079119
8079121
8079133
8079193
8079229
8079241
8079257
8079263
8079271
8079287
8079289
8079299
8079307
8079341
8079343
8079353
8079397
8079413
8079433
8079451
8079457
8079473
8079481
8079493
8079497
8079521
8079527
8079529
8079551
8079563
8079581
8079649
8079667
8079679
8079703
8079707
8079761
8079763
8079767
8079779
8079787
8079791
8079803
8079821
8079833
8079847
8079853
8079857
8079887
8079889
8079917
8079943
8079977
8079983
8079989
8080027
8080063
8080069
8080081
8080139
8080147
8080159
8080201
8080223
8080229
8080271
8080273
8080277
8080283
8080309
8080313
8080343
8080363
8080379
8080411
8080417
8080421
8080441
8080451
8080459
8080477
8080481
8080483
8080493
8080507
8080537
8080561
8080591
8080601
8080607
8080621
8080651
8080679
8080693
8080727
8080733
8080759
8080769
8080777
8080781
8080789
8080799
8080823
8080847
8080859
8080901
8080903
8080907
8080927
8080931
8080939
8080951
8080957
8080993
8080999
8081009
8081011
8081041
8081057
8081063
8081077
8081083
8081093
8081113
8081123
8081153
8081197
8081221
8081237
8081263
8081267
8081287
8081299
8081323
8081351
8081357
8081383
8081399
8081419
8081471
8081497
8081501
8081519
8081527
8081537
8081539
8081543
8081561
8081569
8081573
8081581
8081629
8081641
8081653
8081657
8081659
8081663
8081699
8081713
8081719
8081737
8081747
8081753
8081771
8081789
8081803
8081813
8081833
8081837
8081839
8081849
8081929
8081963
8081971
8082013
8082017
8082037
8082077
8082079
8082127
8082161
8082199
8082211
8082229
8082247
8082251
8082257
8082287
8082301
8082311
8082313
8082337
8082343
8082359
8082379
8082383
8082397
8082401
8082419
8082421
8082461
8082521
8082527
8082533
8082541
8082559
8082563
8082611
8082629
8082631
8082653
8082691
8082749
8082751
8082773
8082787
8082797
8082799
8082817
8082827
8082829
8082857
8082859
8082869
8082881
8082889
8082911
8082931
8082937
8083001
8083021
8083063
8083073
8083087
8083091
8083111
8083123
8083129
8083139
8083147
8083213
8083223
8083253
8083259
8083289
8083291
8083297
8083321
8083357
8083367
8083391
8083393
8083409
8083447
8083451
8083457
8083477
8083541
8083561
8083567
8083571
8083589
8083597
8083609
8083627
8083633
8083637
8083639
8083643
8083657
8083661
8083679
8083703
8083709
8083711
8083739
8083753
8083763
8083769
8083799
8083807
8083811
8083841
8083849
8083861
8083877
8083897
8083919
8083937
8083961
8083967
8083979
8083997
8084023
8084033
8084099
8084159
8084173
8084179
8084189
8084207
8084213
8084221
8084227
8084261
8084281
8084309
8084317
8084327
8084341
8084353
8084371
8084383
8084393
8084399
8084407
8084411
8084413
8084429
8084437
8084441
8084467
8084471
8084501
8084509
8084579
8084581
8084597
8084603
8084617
8084621
8084627
8084641
8084647
8084663
8084669
8084701
8084717
8084723
8084729
8084737
8084761
8084767
8084771
8084801
8084803
8084837
8084863
8084873
8084917
8084929
8084941
8084959
8084977
8085019
8085023
8085031
8085043
8085053
8085071
8085073
8085083
8085101
8085107
8085109
8085137
8085139
8085157
8085163
8085169
8085173
8085179
8085197
8085199
8085223
8085227
8085239
8085257
8085281
8085307
8085313
8085331
8085347
8085379
8085433
8085437
8085439
8085449
8085481
8085503
8085509
8085529
8085547
8085563
8085589
8085599
8085613
8085617
8085619
8085643
8085653
8085667
8085683
8085691
8085743
8085787
8085793
8085797
8085817
8085821
8085851
8085859
8085893
8085911
8085919
8085929
8085953
8086003
8086007
8086031
8086049
8086063
8086129
8086139
8086181
8086187
8086207
8086213
8086223
8086249
8086277
8086289
8086291
8086321
8086349
8086357
8086391
8086399
8086411
8086417
8086453
8086459
8086469
8086489
8086513
8086517
8086523
8086531
8086541
8086549
8086579
8086583
8086591
8086597
8086613
8086627
8086643
8086657
8086669
8086681
8086693
8086697
8086703
8086733
8086751
8086769
8086783
8086787
8086801
8086811
8086843
8086847
8086861
8086873
8086879
8086889
8086891
8086901
8086907
8086927
8086931
8086937
8086943
8086999
8087003
8087017
8087059
8087069
8087077
8087081
8087089
8087129
8087137
8087153
8087203
8087207
8087239
8087263
8087267
8087269
8087281
8087333
8087351
8087353
8087363
8087371
8087383
8087389
8087413
8087449
8087477
8087479
8087489
8087507
8087557
8087561
8087591
8087617
8087627
8087633
8087647
8087659
8087669
8087687
8087689
8087693
8087707
8087731
8087753
8087773
8087797
8087813
8087819
8087861
8087873
8087879
8087887
8087917
8087921
8087951
8087953
8087969
8087983
8088001
8088011
8088037
8088043
8088061
8088079
8088083
8088109
8088121
8088131
8088137
8088139
8088149
8088161
8088191
8088211
8088217
8088221
8088247
8088259
8088293
8088323
8088329
8088331
8088349
8088359
8088373
8088389
8088397
8088401
8088407
8088449
8088463
8088467
8088469
8088497
8088499
8088523
8088527
8088541
8088557
8088569
8088581
8088589
8088611
8088631
8088637
8088643
8088649
8088667
8088671
8088679
8088721
8088727
8088739
8088749
8088761
8088791
8088809
8088811
8088833
8088853
8088863
8088869
8088877
8088881
8088929
8088937
8088947
8088953
8088973
8089001
8089007
8089009
8089033
8089043
8089049
8089063
8089087
8089129
8089139
8089141
8089157
8089181
8089187
8089219
8089247
8089253
8089303
8089321
8089327
8089339
8089351
8089369
8089387
8089391
8089397
8089409
8089451
8089457
8089483
8089493
8089511
8089531
8089541
8089553
8089559
8089561
8089591
8089597
8089619
8089639
8089673
8089681
8089691
8089693
8089727
8089769
8089789
8089793
8089799
8089817
8089819
8089843
8089849
8089901
8089919
8089931
8089937
8089967
8090041
8090057
8090081
8090083
8090099
8090107
8090119
8090123
8090141
8090171
8090197
8090209
8090213
8090231
8090233
8090239
8090267
8090279
8090293
8090297
8090353
8090363
8090387
8090393
8090413
8090437
8090441
8090443
8090497
8090539
8090573
8090581
8090603
8090629
8090639
8090647
8090651
8090671
8090683
8090689
8090699
8090701
8090711
8090717
8090741
8090749
8090777
8090801
8090813
8090843
8090851
8090879
8090891
8090897
8090911
8090933
8090939
8090989
8090993
8091001
8091007
8091023
8091047
8091059
8091077
8091091
8091107
8091119
8091143
8091151
8091173
8091221
8091241
8091277
8091289
8091361
8091367
8091409
8091427
8091431
8091443
8091451
8091481
8091491
8091509
8091521
8091529
8091533
8091547
8091553
8091557
8091569
8091571
8091583
8091617
8091679
8091683
8091689
8091703
8091731
8091751
8091763
8091767
8091773
8091803
8091821
8091829
8091871
8091877
8091901
8091907
8091913
8091931
8091959
8091973
8091991
8092003
8092009
8092033
8092039
8092069
8092103
8092109
8092111
8092121
8092141
8092177
8092243
8092267
8092277
8092291
8092361
8092369
8092393
8092397
8092429
8092433
8092439
8092451
8092463
8092477
8092489
8092501
8092541
8092547
8092549
8092577
8092589
8092627
8092633
8092657
8092661
8092699
8092709
8092723
8092739
8092741
8092759
8092801
8092811
8092817
8092831
8092871
8092897
8092913
8092919
8092921
8092927
8092939
8092963
8092967
8092979
8092991
8093011
8093017
8093023
8093027
8093083
8093093
8093119
8093123
8093143
8093191
8093209
8093213
8093227
8093237
8093249
8093251
8093273
8093287
8093303
8093333
8093341
8093347
8093357
8093363
8093369
8093429
8093473
8093483
8093509
8093537
8093543
8093551
8093557
8093567
8093593
8093597
8093599
8093611
8093621
8093623
8093627
8093641
8093647
8093651
8093669
8093671
8093689
8093699
8093707
8093711
8093719
8093731
8093737
8093779
8093803
8093807
8093809
8093873
8093893
8093947
8093963
8093977
8093983
8093993
8094017
8094043
8094059
8094061
8094067
8094089
8094101
8094113
8094169
8094181
8094211
8094223
8094253
8094257
8094259
8094263
8094271
8094299
8094311
8094341
8094347
8094353
8094391
8094407
8094421
8094439
8094487
8094491
8094521
8094523
8094539
8094547
8094557
8094563
8094571
8094587
8094607
8094631
8094641
8094659
8094673
8094679
8094719
8094731
8094773
8094787
8094797
8094809
8094811
8094829
8094833
8094887
8094901
8094929
8094953
8094967
8094997
8095013
8095027
8095033
8095039
8095063
8095093
8095097
8095151
8095177
8095181
8095183
8095187
8095201
8095211
8095231
8095237
8095253
8095259
8095271
8095289
8095291
8095301
8095303
8095313
8095343
8095357
8095369
8095393
8095397
8095411
8095427
8095429
8095441
8095459
8095469
8095487
8095531
8095541
8095547
8095561
8095589
8095597
8095601
8095603
8095613
8095631
8095639
8095651
8095667
8095673
8095679
8095687
8095699
8095709
8095733
8095783
8095799
8095807
8095831
8095847
8095873
8095877
8095889
8095907
8095937
8095939
8095951
8095963
8095973
8095979
8095987
8096003
8096009
8096041
8096087
8096107
8096113
8096117
8096119
8096129
8096141
8096149
8096159
8096171
8096183
8096189
8096197
8096203
8096219
8096273
8096293
8096317
8096323
8096329
8096339
8096351
8096353
8096381
8096383
8096441
8096449
8096479
8096509
8096519
8096533
8096593
8096609
8096633
8096653
8096657
8096719
8096729
8096731
8096779
8096783
8096807
8096813
8096819
8096827
8096833
8096839
8096849
8096873
8096903
8096917
8096923
8096939
8096951
8096993
8096999
8097007
8097031
8097071
8097077
8097091
8097137
8097143
8097161
8097163
8097203
8097217
8097227
8097239
8097247
8097259
8097277
8097289
8097307
8097319
8097343
8097347
8097361
8097371
8097431
8097437
8097469
8097493
8097517
8097521
8097527
8097539
8097571
8097581
8097599
8097601
8097613
8097637
8097643
8097697
8097721
8097731
8097767
8097779
8097823
8097833
8097839
8097871
8097893
8097917
8097941
8097961
8097977
8097983
8098007
8098039
8098043
8098049
8098067
8098073
8098091
8098133
8098141
8098157
8098159
8098187
8098193
8098201
8098213
8098219
8098243
8098253
8098261
8098283
8098291
8098367
8098379
8098411
8098417
8098423
8098457
8098459
8098469
8098487
8098529
8098537
8098561
8098567
8098619
8098621
8098637
8098661
8098667
8098669
8098687
8098697
8098709
8098729
8098747
8098763
8098789
8098793
8098799
8098837
8098861
8098889
8098897
8098903
8098913
8098927
8098931
8098933
8098939
8098943
8098957
8098963
8098969
8098991
8099011
8099023
8099071
8099081
8099083
8099141
8099167
8099173
8099219
8099227
8099249
8099251
8099257
8099279
8099281
8099347
8099353
8099363
8099383
8099387
8099393
8099417
8099419
8099431
8099447
8099449
8099477
8099503
8099521
8099527
8099537
8099543
8099549
8099551
8099561
8099573
8099603
8099617
8099621
8099627
8099629
8099639
8099653
8099659
8099683
8099713
8099723
8099731
8099747
8099761
8099771
8099797
8099821
8099827
8099843
8099849
8099863
8099873
8099879
8099891
8099921
8099963
8099969
8099981
8099983
8099999
8100073
8100091
8100097
8100133
8100139
8100167
8100173
8100181
8100203
8100217
8100227
8100241
8100259
8100263
8100283
8100343
8100349
8100353
8100359
8100371
8100377
8100401
8100413
8100419
8100437
8100457
8100481
8100487
8100511
8100529
8100539
8100557
8100569
8100583
8100607
8100629
8100637
8100643
8100661
8100667
8100671
8100689
8100709
8100713
8100731
8100767
8100793
8100803
8100811
8100871
8100881
8100893
8100919
8100931
8100943
8100977
8100979
8101019
8101021
8101031
8101033
8101057
8101081
8101097
8101117
8101127
8101133
8101147
8101151
8101183
8101217
8101241
8101253
8101271
8101273
8101283
8101297
8101319
8101339
8101351
8101363
8101369
8101393
8101397
8101399
8101459
8101463
8101481
8101487
8101493
8101517
8101549
8101567
8101591
8101607
8101637
8101651
8101661
8101669
8101699
8101721
8101729
8101747
8101777
8101781
8101783
8101787
8101789
8101799
8101801
8101811
8101823
8101831
8101859
8101867
8101871
8101901
8101903
8101909
8101913
8101963
8101967
8101981
8101997
8102009
8102041
8102053
8102063
8102089
8102111
8102117
8102137
8102167
8102177
8102221
8102257
8102287
8102291
8102309
8102323
8102351
8102357
8102363
8102383
8102389
8102399
8102407
8102431
8102441
8102453
8102459
8102537
8102561
8102579
8102581
8102597
8102609
8102639
8102657
8102669
8102681
8102713
8102723
8102737
8102747
8102777
8102821
8102849
8102851
8102867
8102879
8102903
8102921
8102929
8102933
8102959
8102971
8103019
8103023
8103031
8103071
8103079
8103083
8103091
8103097
8103127
8103149
8103157
8103163
8103187
8103229
8103233
8103239
8103289
8103299
8103311
8103313
8103323
8103349
8103353
8103391
8103397
8103401
8103409
8103419
8103421
8103427
8103437
8103439
8103451
8103457
8103461
8103497
8103503
8103523
8103547
8103553
8103559
8103581
8103619
8103631
8103637
8103643
8103653
8103661
8103721
8103749
8103757
8103761
8103763
8103769
8103779
8103811
8103817
8103841
8103853
8103857
8103863
8103923
8103941
8103947
8103967
8103971
8103983
8104007
8104039
8104067
8104097
8104099
8104111
8104123
8104133
8104141
8104169
8104199
8104207
8104219
8104231
8104249
8104289
8104297
8104301
8104307
8104309
8104331
8104337
8104363
8104381
8104403
8104409
8104451
8104457
8104463
8104483
8104549
8104553
8104559
8104561
8104571
8104573
8104619
8104639
8104667
8104669
8104687
8104741
8104751
8104753
8104793
8104799
8104823
8104829
8104843
8104853
8104861
8104909
8104927
8104933
8104991
8105017
8105021
8105047
8105051
8105059
8105063
8105081
8105087
8105099
8105129
8105179
8105189
8105219
8105221
8105231
8105261
8105281
8105303
8105329
8105333
8105341
8105347
8105359
8105369
8105399
There are 2080 prime numbers in S474.
