S475(8105401~8139600)
8105401
8105423
8105437
8105441
8105443
8105473
8105483
8105491
8105509
8105519
8105551
8105557
8105561
8105563
8105599
8105621
8105633
8105639
8105653
8105677
8105693
8105707
8105711
8105731
8105737
8105743
8105771
8105789
8105813
8105869
8105893
8105897
8105899
8105921
8105927
8105941
8105983
8106001
8106011
8106017
8106019
8106041
8106053
8106073
8106079
8106083
8106089
8106101
8106157
8106173
8106181
8106199
8106211
8106251
8106253
8106257
8106271
8106277
8106289
8106299
8106313
8106337
8106349
8106377
8106379
8106389
8106391
8106401
8106421
8106443
8106463
8106491
8106503
8106523
8106529
8106533
8106583
8106587
8106599
8106601
8106611
8106617
8106629
8106647
8106677
8106691
8106697
8106751
8106757
8106767
8106797
8106803
8106817
8106871
8106877
8106893
8106907
8106913
8106947
8106991
8106997
8107003
8107019
8107031
8107051
8107097
8107103
8107111
8107117
8107123
8107133
8107139
8107157
8107159
8107193
8107199
8107207
8107219
8107223
8107237
8107241
8107261
8107271
8107279
8107289
8107303
8107313
8107331
8107361
8107369
8107387
8107417
8107423
8107441
8107483
8107493
8107499
8107511
8107531
8107543
8107549
8107577
8107591
8107601
8107609
8107613
8107621
8107651
8107669
8107679
8107717
8107739
8107741
8107769
8107787
8107789
8107817
8107823
8107831
8107867
8107877
8107903
8107919
8107943
8107949
8107961
8107973
8107999
8108011
8108047
8108083
8108137
8108147
8108159
8108161
8108171
8108173
8108207
8108237
8108239
8108279
8108293
8108297
8108333
8108341
8108357
8108363
8108389
8108423
8108479
8108501
8108531
8108533
8108537
8108539
8108561
8108563
8108593
8108641
8108651
8108657
8108671
8108689
8108699
8108713
8108731
8108741
8108743
8108747
8108753
8108759
8108773
8108803
8108827
8108831
8108861
8108869
8108899
8108911
8108917
8108921
8108923
8108929
8108959
8108963
8108999
8109001
8109007
8109061
8109071
8109083
8109089
8109091
8109097
8109107
8109109
8109131
8109139
8109149
8109151
8109163
8109173
8109191
8109203
8109217
8109229
8109247
8109251
8109263
8109301
8109307
8109319
8109329
8109337
8109341
8109359
8109397
8109419
8109421
8109433
8109443
8109457
8109461
8109467
8109481
8109503
8109511
8109529
8109533
8109539
8109551
8109553
8109557
8109581
8109617
8109649
8109659
8109679
8109683
8109701
8109719
8109733
8109743
8109749
8109779
8109793
8109797
8109853
8109859
8109883
8109887
8109917
8109967
8109971
8109973
8110009
8110033
8110043
8110097
8110103
8110129
8110153
8110163
8110181
8110183
8110211
8110213
8110231
8110253
8110301
8110327
8110331
8110337
8110339
8110381
8110387
8110393
8110409
8110423
8110441
8110447
8110457
8110469
8110489
8110507
8110541
8110577
8110589
8110591
8110607
8110631
8110637
8110639
8110667
8110673
8110679
8110681
8110699
8110721
8110723
8110727
8110741
8110783
8110787
8110793
8110813
8110831
8110841
8110847
8110859
8110873
8110897
8110901
8110903
8110909
8110919
8110939
8110997
8111011
8111021
8111053
8111083
8111093
8111101
8111123
8111149
8111161
8111171
8111189
8111239
8111263
8111269
8111273
8111281
8111287
8111291
8111303
8111333
8111339
8111377
8111393
8111413
8111417
8111419
8111447
8111459
8111471
8111501
8111513
8111527
8111531
8111539
8111573
8111581
8111599
8111603
8111611
8111639
8111657
8111659
8111681
8111693
8111707
8111711
8111717
8111723
8111729
8111731
8111749
8111759
8111767
8111783
8111791
8111849
8111903
8111911
8111923
8111947
8111953
8111977
8111981
8112001
8112011
8112019
8112023
8112029
8112037
8112047
8112061
8112073
8112089
8112103
8112109
8112119
8112133
8112151
8112161
8112187
8112191
8112193
8112211
8112227
8112229
8112277
8112283
8112319
8112331
8112367
8112371
8112397
8112407
8112413
8112443
8112463
8112469
8112473
8112493
8112497
8112521
8112527
8112539
8112569
8112581
8112613
8112619
8112649
8112653
8112667
8112679
8112683
8112691
8112703
8112707
8112737
8112743
8112749
8112787
8112799
8112803
8112821
8112851
8112857
8112911
8112919
8112941
8112947
8112959
8112967
8112971
8112977
8112989
8112991
8113037
8113067
8113109
8113153
8113163
8113211
8113213
8113271
8113279
8113297
8113307
8113321
8113331
8113337
8113349
8113363
8113387
8113421
8113447
8113451
8113453
8113459
8113477
8113487
8113519
8113529
8113543
8113559
8113571
8113597
8113601
8113631
8113639
8113643
8113663
8113669
8113673
8113681
8113691
8113711
8113727
8113753
8113771
8113783
8113789
8113829
8113837
8113843
8113867
8113883
8113927
8113961
8113967
8113979
8113993
8113999
8114021
8114039
8114053
8114059
8114089
8114107
8114111
8114129
8114149
8114177
8114179
8114201
8114203
8114207
8114213
8114263
8114279
8114291
8114333
8114347
8114369
8114371
8114383
8114429
8114453
8114473
8114479
8114489
8114531
8114537
8114551
8114563
8114567
8114611
8114633
8114641
8114669
8114677
8114707
8114719
8114741
8114749
8114759
8114783
8114807
8114819
8114833
8114851
8114857
8114861
8114863
8114893
8114947
8114971
8115011
8115049
8115053
8115083
8115101
8115119
8115131
8115167
8115169
8115179
8115181
8115187
8115197
8115203
8115209
8115227
8115259
8115277
8115293
8115313
8115383
8115403
8115407
8115421
8115431
8115439
8115449
8115463
8115467
8115479
8115529
8115533
8115539
8115551
8115553
8115557
8115571
8115577
8115587
8115593
8115649
8115659
8115661
8115671
8115673
8115683
8115703
8115713
8115721
8115733
8115761
8115763
8115791
8115799
8115829
8115841
8115847
8115857
8115883
8115889
8115937
8115959
8115973
8115977
8115997
8116001
8116013
8116019
8116037
8116051
8116063
8116093
8116103
8116109
8116117
8116127
8116133
8116139
8116169
8116181
8116187
8116193
8116219
8116231
8116243
8116253
8116267
8116279
8116301
8116307
8116333
8116337
8116351
8116369
8116373
8116399
8116411
8116421
8116441
8116457
8116469
8116481
8116489
8116499
8116501
8116519
8116523
8116541
8116543
8116547
8116561
8116567
8116601
8116609
8116621
8116643
8116681
8116741
8116747
8116753
8116763
8116783
8116793
8116799
8116813
8116817
8116841
8116847
8116877
8116909
8116921
8116961
8116963
8116967
8116993
8117017
8117027
8117059
8117069
8117077
8117093
8117099
8117101
8117111
8117119
8117141
8117147
8117149
8117167
8117173
8117189
8117191
8117201
8117203
8117243
8117261
8117267
8117297
8117353
8117377
8117383
8117401
8117407
8117429
8117437
8117479
8117491
8117507
8117509
8117513
8117521
8117537
8117561
8117569
8117573
8117611
8117621
8117657
8117663
8117671
8117717
8117719
8117729
8117737
8117743
8117761
8117771
8117783
8117831
8117839
8117843
8117849
8117867
8117881
8117899
8117903
8117929
8117933
8117947
8117951
8117969
8118023
8118043
8118049
8118083
8118101
8118107
8118109
8118137
8118139
8118157
8118161
8118179
8118181
8118191
8118193
8118199
8118217
8118233
8118239
8118251
8118329
8118337
8118343
8118359
8118391
8118413
8118433
8118493
8118499
8118511
8118527
8118553
8118569
8118581
8118587
8118589
8118599
8118601
8118611
8118619
8118623
8118629
8118641
8118653
8118661
8118679
8118709
8118727
8118731
8118739
8118767
8118791
8118823
8118829
8118853
8118857
8118863
8118883
8118919
8118949
8118953
8118973
8118991
8119009
8119037
8119051
8119057
8119079
8119093
8119151
8119157
8119187
8119201
8119211
8119231
8119247
8119259
8119273
8119313
8119337
8119339
8119343
8119361
8119367
8119369
8119379
8119417
8119429
8119439
8119451
8119469
8119471
8119477
8119493
8119499
8119537
8119549
8119567
8119577
8119603
8119607
8119627
8119633
8119637
8119651
8119679
8119697
8119711
8119721
8119753
8119777
8119781
8119789
8119823
8119831
8119873
8119879
8119901
8119907
8119919
8119921
8119939
8119981
8119987
8119997
8120023
8120027
8120039
8120051
8120069
8120071
8120113
8120117
8120129
8120153
8120179
8120207
8120209
8120213
8120243
8120251
8120263
8120269
8120317
8120363
8120369
8120383
8120393
8120459
8120461
8120477
8120479
8120491
8120527
8120531
8120561
8120573
8120591
8120597
8120599
8120617
8120641
8120653
8120659
8120677
8120683
8120687
8120699
8120711
8120719
8120731
8120737
8120741
8120759
8120773
8120779
8120789
8120807
8120837
8120839
8120843
8120867
8120873
8120887
8120891
8120921
8120933
8120941
8120953
8121011
8121013
8121049
8121059
8121067
8121079
8121089
8121097
8121103
8121119
8121199
8121209
8121283
8121293
8121299
8121307
8121319
8121331
8121371
8121383
8121397
8121401
8121419
8121431
8121433
8121439
8121499
8121521
8121541
8121557
8121559
8121577
8121587
8121613
8121623
8121629
8121643
8121671
8121677
8121679
8121689
8121697
8121709
8121727
8121739
8121749
8121793
8121811
8121821
8121823
8121847
8121851
8121871
8121877
8121887
8121889
8121901
8121923
8121947
8121959
8121973
8121983
8121991
8122003
8122007
8122021
8122027
8122043
8122057
8122061
8122067
8122097
8122099
8122123
8122133
8122157
8122171
8122181
8122183
8122193
8122201
8122207
8122237
8122241
8122249
8122273
8122307
8122337
8122339
8122357
8122369
8122397
8122417
8122421
8122501
8122537
8122561
8122579
8122591
8122601
8122603
8122619
8122643
8122649
8122669
8122679
8122687
8122693
8122729
8122733
8122739
8122757
8122759
8122769
8122781
8122799
8122819
8122843
8122847
8122903
8122909
8122921
8122927
8122931
8122951
8122969
8123053
8123069
8123077
8123083
8123123
8123183
8123189
8123191
8123197
8123233
8123237
8123243
8123251
8123261
8123267
8123273
8123287
8123303
8123321
8123327
8123341
8123351
8123359
8123377
8123383
8123389
8123407
8123411
8123417
8123447
8123449
8123471
8123473
8123477
8123483
8123543
8123551
8123573
8123587
8123593
8123597
8123627
8123639
8123657
8123693
8123719
8123729
8123737
8123747
8123771
8123779
8123789
8123837
8123851
8123867
8123873
8123881
8123897
8123917
8123933
8123959
8123971
8123987
8123989
8124007
8124013
8124019
8124023
8124029
8124043
8124047
8124071
8124073
8124101
8124107
8124131
8124143
8124157
8124161
8124167
8124169
8124173
8124199
8124209
8124217
8124223
8124239
8124247
8124251
8124257
8124287
8124293
8124299
8124301
8124307
8124323
8124329
8124341
8124367
8124397
8124401
8124421
8124427
8124433
8124443
8124461
8124469
8124481
8124491
8124499
8124503
8124517
8124527
8124539
8124551
8124563
8124569
8124581
8124583
8124629
8124637
8124643
8124659
8124671
8124673
8124679
8124703
8124709
8124731
8124757
8124763
8124769
8124791
8124797
8124803
8124839
8124863
8124869
8124877
8124887
8124917
8124923
8124931
8124947
8124983
8125009
8125021
8125037
8125081
8125087
8125097
8125109
8125123
8125127
8125153
8125177
8125181
8125189
8125199
8125207
8125211
8125223
8125231
8125253
8125267
8125301
8125309
8125319
8125321
8125343
8125363
8125367
8125373
8125391
8125427
8125457
8125499
8125511
8125517
8125519
8125529
8125531
8125543
8125547
8125549
8125561
8125571
8125573
8125577
8125583
8125631
8125639
8125669
8125697
8125723
8125729
8125757
8125759
8125781
8125811
8125823
8125837
8125867
8125883
8125921
8125927
8125933
8125951
8125973
8125987
8125991
8126009
8126029
8126057
8126071
8126087
8126093
8126099
8126101
8126117
8126137
8126143
8126147
8126149
8126161
8126179
8126189
8126197
8126201
8126203
8126213
8126219
8126227
8126233
8126257
8126263
8126297
8126303
8126333
8126401
8126407
8126411
8126423
8126431
8126449
8126453
8126473
8126479
8126491
8126513
8126519
8126533
8126537
8126539
8126581
8126593
8126617
8126647
8126653
8126707
8126711
8126747
8126749
8126773
8126777
8126819
8126821
8126863
8126869
8126879
8126887
8126891
8126893
8126917
8126953
8126959
8126983
8127001
8127023
8127029
8127083
8127089
8127101
8127103
8127107
8127121
8127127
8127131
8127169
8127181
8127199
8127209
8127227
8127233
8127247
8127253
8127263
8127271
8127289
8127293
8127311
8127313
8127319
8127331
8127341
8127397
8127403
8127409
8127433
8127437
8127451
8127461
8127463
8127467
8127491
8127517
8127529
8127541
8127551
8127557
8127577
8127589
8127593
8127617
8127641
8127653
8127659
8127667
8127689
8127697
8127719
8127737
8127761
8127793
8127811
8127829
8127841
8127857
8127863
8127871
8127883
8127919
8127923
8127929
8127937
8127961
8127979
8127997
8128013
8128019
8128037
8128051
8128061
8128063
8128069
8128111
8128117
8128129
8128147
8128171
8128187
8128213
8128217
8128243
8128249
8128259
8128319
8128357
8128369
8128403
8128411
8128423
8128441
8128501
8128511
8128513
8128543
8128579
8128633
8128639
8128649
8128651
8128667
8128691
8128693
8128723
8128733
8128741
8128753
8128759
8128781
8128801
8128807
8128819
8128829
8128871
8128877
8128919
8128931
8128949
8128957
8128969
8129027
8129039
8129047
8129057
8129081
8129113
8129117
8129123
8129129
8129141
8129153
8129183
8129201
8129203
8129221
8129227
8129243
8129249
8129263
8129267
8129273
8129323
8129339
8129351
8129371
8129399
8129411
8129413
8129431
8129453
8129477
8129479
8129489
8129501
8129507
8129509
8129567
8129629
8129633
8129647
8129659
8129683
8129707
8129743
8129761
8129783
8129801
8129819
8129837
8129839
8129873
8129903
8129909
8129917
8129921
8129923
8129939
8129963
8129999
8130007
8130071
8130077
8130113
8130137
8130149
8130169
8130191
8130193
8130251
8130299
8130313
8130319
8130329
8130337
8130361
8130373
8130391
8130427
8130439
8130449
8130509
8130547
8130553
8130581
8130583
8130589
8130593
8130599
8130611
8130631
8130673
8130697
8130721
8130737
8130757
8130761
8130767
8130769
8130779
8130791
8130797
8130809
8130821
8130839
8130851
8130853
8130869
8130877
8130883
8130901
8130907
8130911
8130931
8130943
8130949
8130973
8130977
8130989
8131003
8131033
8131051
8131091
8131093
8131111
8131127
8131139
8131147
8131153
8131159
8131177
8131229
8131237
8131241
8131271
8131309
8131327
8131337
8131349
8131363
8131369
8131399
8131421
8131463
8131469
8131477
8131481
8131493
8131499
8131507
8131511
8131523
8131553
8131567
8131573
8131577
8131583
8131603
8131609
8131621
8131633
8131637
8131657
8131667
8131681
8131691
8131693
8131699
8131733
8131741
8131757
8131769
8131777
8131807
8131853
8131873
8131901
8131927
8131931
8131939
8131957
8131961
8131969
8131993
8131997
8131999
8132011
8132017
8132027
8132039
8132051
8132077
8132083
8132099
8132101
8132177
8132219
8132221
8132281
8132287
8132291
8132329
8132347
8132351
8132389
8132401
8132429
8132431
8132471
8132483
8132491
8132503
8132521
8132543
8132549
8132561
8132567
8132591
8132603
8132617
8132629
8132653
8132659
8132669
8132687
8132689
8132693
8132701
8132713
8132743
8132759
8132843
8132849
8132879
8132899
8132911
8132923
8132951
8132989
8133017
8133019
8133023
8133031
8133043
8133049
8133101
8133107
8133109
8133119
8133127
8133133
8133143
8133163
8133187
8133199
8133233
8133241
8133247
8133277
8133289
8133317
8133341
8133347
8133371
8133379
8133383
8133403
8133413
8133431
8133449
8133469
8133481
8133511
8133527
8133529
8133533
8133569
8133589
8133607
8133611
8133613
8133617
8133623
8133641
8133707
8133731
8133737
8133757
8133779
8133791
8133809
8133841
8133869
8133877
8133883
8133893
8133901
8133913
8133929
8133943
8133947
8133953
8133967
8133971
8133989
8134003
8134039
8134051
8134057
8134073
8134099
8134103
8134127
8134151
8134163
8134187
8134193
8134201
8134229
8134303
8134349
8134363
8134367
8134391
8134417
8134429
8134453
8134457
8134459
8134481
8134501
8134513
8134543
8134547
8134549
8134573
8134589
8134597
8134613
8134627
8134639
8134657
8134661
8134691
8134699
8134723
8134727
8134733
8134739
8134759
8134781
8134799
8134813
8134849
8134871
8134873
8134897
8134943
8134949
8134957
8134961
8134963
8134981
8134991
8135003
8135011
8135033
8135053
8135063
8135069
8135081
8135093
8135131
8135137
8135147
8135159
8135177
8135189
8135191
8135201
8135203
8135221
8135243
8135273
8135279
8135311
8135329
8135359
8135381
8135383
8135389
8135417
8135429
8135441
8135443
8135459
8135461
8135467
8135473
8135489
8135497
8135521
8135551
8135563
8135581
8135593
8135599
8135623
8135627
8135641
8135713
8135759
8135773
8135789
8135797
8135801
8135821
8135833
8135839
8135861
8135873
8135891
8135899
8135927
8135947
8135957
8135983
8136053
8136059
8136061
8136067
8136077
8136091
8136097
8136133
8136137
8136143
8136151
8136157
8136169
8136197
8136203
8136221
8136223
8136259
8136281
8136283
8136307
8136341
8136343
8136347
8136367
8136377
8136383
8136391
8136397
8136433
8136437
8136461
8136463
8136467
8136487
8136497
8136521
8136551
8136563
8136571
8136577
8136629
8136637
8136649
8136677
8136679
8136683
8136701
8136743
8136833
8136857
8136859
8136881
8136889
8136893
8136899
8136913
8136943
8136967
8136977
8136991
8137007
8137013
8137021
8137027
8137043
8137069
8137117
8137121
8137127
8137133
8137141
8137183
8137189
8137211
8137219
8137223
8137231
8137247
8137273
8137289
8137291
8137303
8137333
8137361
8137379
8137387
8137397
8137411
8137417
8137421
8137463
8137501
8137513
8137517
8137559
8137573
8137609
8137631
8137651
8137691
8137697
8137733
8137763
8137783
8137813
8137819
8137853
8137861
8137867
8137889
8137897
8137919
8137931
8137957
8137979
8137981
8137999
8138063
8138083
8138107
8138111
8138129
8138149
8138197
8138201
8138209
8138219
8138227
8138239
8138243
8138279
8138323
8138363
8138371
8138387
8138413
8138443
8138467
8138477
8138489
8138497
8138509
8138513
8138539
8138549
8138561
8138569
8138579
8138629
8138639
8138651
8138657
8138671
8138677
8138687
8138693
8138717
8138729
8138737
8138743
8138747
8138761
8138773
8138789
8138807
8138861
8138863
8138881
8138891
8138909
8138947
8138981
8138983
8138993
8139013
8139017
8139031
8139059
8139067
8139071
8139113
8139119
8139127
8139137
8139151
8139203
8139211
8139221
8139251
8139253
8139283
8139301
8139331
8139337
8139359
8139377
8139403
8139407
8139409
8139421
8139431
8139451
8139457
8139473
8139479
8139487
8139497
8139529
8139533
8139541
8139553
8139563
8139569
8139589
There are 2161 prime numbers in S475.
