S477(8173873~8208216)
8173903
8173927
8173937
8173943
8173951
8174011
8174021
8174041
8174053
8174063
8174087
8174107
8174113
8174167
8174189
8174203
8174207
8174219
8174251
8174261
8174267
8174281
8174291
8174329
8174363
8174371
8174401
8174417
8174431
8174437
8174461
8174471
8174473
8174477
8174513
8174527
8174563
8174567
8174581
8174597
8174599
8174611
8174623
8174629
8174681
8174689
8174701
8174711
8174713
8174717
8174741
8174767
8174783
8174797
8174813
8174861
8174893
8174911
8174953
8174963
8174983
8174987
8175001
8175017
8175019
8175029
8175047
8175053
8175059
8175061
8175067
8175077
8175107
8175131
8175137
8175161
8175163
8175169
8175173
8175241
8175253
8175311
8175313
8175319
8175331
8175337
8175341
8175347
8175353
8175367
8175379
8175383
8175389
8175397
8175439
8175449
8175457
8175463
8175469
8175493
8175499
8175539
8175551
8175569
8175577
8175619
8175637
8175653
8175677
8175679
8175703
8175707
8175731
8175733
8175743
8175773
8175803
8175821
8175829
8175857
8175877
8175887
8175899
8175907
8175911
8175913
8175919
8175949
8175953
8175967
8175983
8175991
8176019
8176079
8176087
8176093
8176111
8176121
8176123
8176141
8176159
8176171
8176177
8176229
8176237
8176283
8176291
8176309
8176367
8176369
8176373
8176409
8176411
8176447
8176453
8176457
8176459
8176489
8176547
8176607
8176621
8176639
8176687
8176691
8176699
8176709
8176723
8176759
8176769
8176771
8176789
8176823
8176829
8176841
8176843
8176849
8176871
8176873
8176913
8176921
8176939
8176951
8176957
8176967
8176979
8176981
8176991
8177021
8177027
8177033
8177041
8177063
8177089
8177131
8177173
8177177
8177179
8177207
8177209
8177219
8177227
8177251
8177293
8177297
8177303
8177311
8177321
8177339
8177359
8177383
8177401
8177431
8177437
8177441
8177447
8177453
8177461
8177473
8177503
8177513
8177539
8177549
8177563
8177597
8177621
8177647
8177651
8177669
8177677
8177699
8177713
8177723
8177747
8177753
8177759
8177773
8177789
8177791
8177801
8177839
8177849
8177879
8177881
8177887
8177921
8177927
8177929
8177933
8177957
8177959
8177963
8177977
8178007
8178011
8178013
8178019
8178031
8178043
8178077
8178083
8178091
8178101
8178109
8178143
8178169
8178187
8178193
8178217
8178251
8178253
8178257
8178259
8178281
8178293
8178307
8178337
8178347
8178349
8178353
8178371
8178383
8178397
8178413
8178421
8178427
8178437
8178439
8178449
8178463
8178473
8178481
8178487
8178497
8178503
8178529
8178559
8178563
8178617
8178619
8178631
8178647
8178659
8178661
8178691
8178707
8178713
8178719
8178743
8178769
8178829
8178839
8178857
8178881
8178889
8178913
8178959
8178977
8178991
8178997
8179001
8179019
8179021
8179079
8179103
8179117
8179151
8179153
8179169
8179201
8179211
8179219
8179273
8179277
8179289
8179309
8179313
8179321
8179343
8179349
8179351
8179357
8179373
8179393
8179399
8179403
8179439
8179441
8179447
8179453
8179463
8179471
8179487
8179489
8179511
8179529
8179573
8179579
8179597
8179607
8179621
8179631
8179643
8179657
8179667
8179679
8179693
8179727
8179729
8179751
8179757
8179777
8179783
8179793
8179807
8179811
8179813
8179817
8179841
8179867
8179879
8179903
8179909
8179921
8179961
8179979
8179993
8180017
8180023
8180027
8180041
8180057
8180083
8180093
8180099
8180101
8180119
8180143
8180149
8180153
8180177
8180189
8180201
8180239
8180251
8180261
8180273
8180299
8180323
8180351
8180353
8180357
8180369
8180413
8180423
8180429
8180437
8180477
8180483
8180489
8180503
8180509
8180521
8180531
8180537
8180561
8180573
8180591
8180593
8180597
8180611
8180671
8180693
8180699
8180701
8180713
8180719
8180741
8180743
8180759
8180779
8180789
8180857
8180873
8180897
8180911
8180917
8180923
8180933
8180941
8180957
8180989
8181007
8181011
8181023
8181049
8181053
8181071
8181073
8181079
8181091
8181119
8181127
8181139
8181167
8181193
8181203
8181211
8181221
8181253
8181269
8181281
8181287
8181311
8181317
8181347
8181359
8181361
8181377
8181379
8181389
8181421
8181449
8181499
8181517
8181521
8181527
8181529
8181577
8181581
8181587
8181601
8181611
8181617
8181623
8181631
8181637
8181697
8181727
8181731
8181751
8181781
8181791
8181809
8181821
8181829
8181841
8181851
8181871
8181881
8181889
8181893
8181917
8181931
8181937
8181949
8181959
8181961
8181967
8181977
8181983
8182003
8182007
8182021
8182033
8182039
8182067
8182073
8182081
8182091
8182121
8182123
8182157
8182159
8182201
8182211
8182243
8182259
8182271
8182309
8182327
8182333
8182337
8182367
8182373
8182387
8182403
8182409
8182417
8182429
8182441
8182451
8182453
8182463
8182469
8182477
8182487
8182541
8182547
8182579
8182589
8182591
8182619
8182637
8182639
8182649
8182663
8182693
8182703
8182709
8182753
8182781
8182793
8182813
8182819
8182847
8182849
8182859
8182861
8182877
8182879
8182891
8182897
8182913
8182921
8182949
8182973
8182981
8182987
8183011
8183051
8183083
8183099
8183111
8183113
8183117
8183141
8183159
8183209
8183221
8183233
8183237
8183257
8183269
8183293
8183297
8183299
8183309
8183317
8183321
8183369
8183407
8183429
8183437
8183449
8183479
8183491
8183503
8183507
8183521
8183533
8183537
8183543
8183569
8183587
8183603
8183621
8183627
8183629
8183633
8183657
8183663
8183671
8183683
8183711
8183719
8183729
8183731
8183743
8183759
8183761
8183767
8183789
8183797
8183807
8183809
8183827
8183843
8183867
8183869
8183873
8183881
8183891
8183893
8183897
8183899
8183933
8183941
8183947
8183951
8183977
8184017
8184019
8184053
8184073
8184091
8184097
8184139
8184149
8184151
8184167
8184179
8184199
8184221
8184223
8184227
8184247
8184263
8184287
8184299
8184301
8184311
8184317
8184359
8184367
8184391
8184443
8184469
8184493
8184521
8184523
8184557
8184563
8184571
8184581
8184593
8184607
8184613
8184629
8184647
8184691
8184727
8184731
8184767
8184773
8184779
8184793
8184817
8184829
8184851
8184853
8184857
8184887
8184889
8184907
8184947
8184971
8184977
8185027
8185031
8185039
8185049
8185061
8185081
8185123
8185127
8185139
8185157
8185159
8185169
8185213
8185223
8185231
8185237
8185253
8185259
8185283
8185291
8185301
8185369
8185391
8185403
8185421
8185433
8185451
8185459
8185469
8185481
8185501
8185537
8185553
8185579
8185589
8185603
8185633
8185649
8185657
8185663
8185669
8185673
8185711
8185729
8185757
8185777
8185783
8185787
8185799
8185813
8185817
8185819
8185873
8185897
8185909
8185921
8185951
8185967
8185981
8186029
8186051
8186071
8186081
8186083
8186089
8186099
8186111
8186117
8186141
8186153
8186177
8186179
8186219
8186251
8186267
8186273
8186279
8186291
8186317
8186329
8186351
8186363
8186377
8186389
8186393
8186407
8186411
8186417
8186419
8186441
8186447
8186483
8186489
8186527
8186531
8186557
8186561
8186567
8186579
8186599
8186603
8186611
8186621
8186653
8186681
8186687
8186693
8186719
8186723
8186743
8186753
8186807
8186831
8186837
8186851
8186861
8186863
8186869
8186917
8186933
8186947
8186951
8186987
8186989
8187029
8187031
8187041
8187073
8187089
8187097
8187139
8187143
8187163
8187197
8187211
8187227
8187247
8187269
8187293
8187307
8187337
8187349
8187373
8187409
8187419
8187427
8187449
8187451
8187463
8187469
8187511
8187521
8187527
8187539
8187583
8187593
8187611
8187617
8187623
8187629
8187637
8187661
8187667
8187677
8187691
8187719
8187721
8187743
8187757
8187769
8187799
8187827
8187857
8187877
8187887
8187913
8187919
8187929
8187941
8187943
8187953
8187983
8188001
8188007
8188009
8188013
8188049
8188051
8188057
8188087
8188097
8188099
8188111
8188133
8188139
8188163
8188181
8188223
8188231
8188249
8188261
8188291
8188307
8188321
8188331
8188333
8188357
8188363
8188399
8188409
8188421
8188423
8188451
8188459
8188489
8188493
8188513
8188519
8188547
8188559
8188567
8188597
8188613
8188657
8188693
8188703
8188717
8188721
8188723
8188757
8188769
8188793
8188799
8188819
8188841
8188861
8188913
8188931
8188937
8188949
8188967
8188987
8188993
8189003
8189009
8189011
8189021
8189033
8189039
8189047
8189059
8189063
8189101
8189119
8189123
8189131
8189143
8189161
8189191
8189197
8189227
8189231
8189243
8189249
8189261
8189263
8189267
8189287
8189297
8189309
8189317
8189333
8189347
8189369
8189387
8189411
8189443
8189453
8189471
8189473
8189483
8189491
8189501
8189509
8189521
8189537
8189539
8189561
8189567
8189579
8189581
8189593
8189603
8189639
8189641
8189663
8189681
8189683
8189711
8189743
8189761
8189773
8189777
8189789
8189833
8189837
8189899
8189917
8189927
8189939
8189941
8189947
8189957
8189959
8189963
8189981
8189999
8190011
8190029
8190031
8190041
8190067
8190097
8190113
8190131
8190157
8190163
8190179
8190187
8190211
8190223
8190227
8190233
8190257
8190331
8190359
8190367
8190397
8190401
8190407
8190449
8190467
8190473
8190487
8190491
8190493
8190509
8190563
8190571
8190593
8190601
8190607
8190647
8190661
8190667
8190697
8190701
8190751
8190761
8190823
8190827
8190839
8190859
8190863
8190877
8190887
8190893
8190899
8190901
8190907
8190943
8190947
8190953
8190979
8190983
8190997
8191049
8191069
8191091
8191123
8191129
8191133
8191181
8191189
8191193
8191217
8191259
8191277
8191279
8191283
8191291
8191307
8191321
8191333
8191343
8191357
8191363
8191387
8191423
8191441
8191493
8191511
8191529
8191537
8191607
8191609
8191613
8191633
8191639
8191643
8191691
8191697
8191699
8191727
8191753
8191783
8191811
8191817
8191819
8191829
8191847
8191849
8191853
8191867
8191877
8191903
8191913
8191921
8191969
8191991
8192003
8192033
8192039
8192081
8192089
8192099
8192111
8192141
8192143
8192159
8192167
8192201
8192237
8192257
8192267
8192269
8192299
8192321
8192341
8192357
8192383
8192411
8192423
8192441
8192447
8192449
8192473
8192479
8192491
8192507
8192533
8192551
8192557
8192599
8192627
8192633
8192641
8192647
8192671
8192677
8192683
8192699
8192771
8192783
8192803
8192809
8192813
8192837
8192867
8192881
8192887
8192893
8192923
8192927
8192939
8192953
8192969
8192981
8192983
8192999
8193001
8193023
8193041
8193067
8193079
8193103
8193113
8193127
8193131
8193137
8193139
8193173
8193193
8193197
8193209
8193247
8193253
8193257
8193259
8193281
8193307
8193319
8193343
8193397
8193403
8193407
8193413
8193443
8193461
8193469
8193491
8193509
8193527
8193529
8193551
8193569
8193571
8193587
8193599
8193611
8193623
8193629
8193649
8193667
8193671
8193697
8193701
8193707
8193719
8193733
8193737
8193751
8193781
8193791
8193793
8193803
8193817
8193851
8193859
8193877
8193907
8193929
8193961
8194007
8194063
8194127
8194129
8194139
8194159
8194183
8194213
8194217
8194229
8194237
8194243
8194247
8194259
8194267
8194271
8194283
8194337
8194349
8194363
8194367
8194369
8194387
8194393
8194399
8194409
8194411
8194429
8194457
8194471
8194481
8194517
8194519
8194541
8194583
8194597
8194631
8194651
8194661
8194691
8194721
8194727
8194759
8194763
8194777
8194787
8194841
8194859
8194861
8194883
8194889
8194903
8194931
8194933
8194937
8194939
8194951
8194961
8194981
8194987
8194997
8195009
8195017
8195021
8195059
8195087
8195101
8195111
8195113
8195119
8195179
8195189
8195227
8195267
8195269
8195273
8195287
8195293
8195303
8195321
8195329
8195339
8195347
8195351
8195393
8195399
8195423
8195431
8195461
8195483
8195489
8195497
8195527
8195543
8195569
8195573
8195587
8195617
8195639
8195647
8195651
8195657
8195689
8195699
8195711
8195713
8195729
8195741
8195767
8195773
8195779
8195801
8195807
8195809
8195839
8195849
8195917
8195923
8195947
8195953
8195959
8195969
8195977
8196007
8196017
8196029
8196031
8196061
8196077
8196109
8196113
8196127
8196137
8196157
8196173
8196217
8196233
8196247
8196259
8196301
8196313
8196319
8196343
8196347
8196361
8196379
8196389
8196401
8196421
8196437
8196443
8196469
8196479
8196481
8196491
8196497
8196511
8196523
8196557
8196563
8196571
8196577
8196599
8196607
8196613
8196623
8196641
8196649
8196653
8196667
8196689
8196701
8196709
8196719
8196739
8196757
8196779
8196787
8196817
8196823
8196827
8196833
8196883
8196887
8196899
8196911
8196917
8196919
8196931
8196953
8196959
8196967
8196971
8197001
8197003
8197019
8197031
8197069
8197081
8197093
8197099
8197141
8197153
8197159
8197183
8197193
8197199
8197201
8197271
8197279
8197297
8197327
8197331
8197339
8197381
8197403
8197429
8197471
8197487
8197489
8197507
8197537
8197543
8197549
8197559
8197571
8197573
8197577
8197603
8197619
8197627
8197687
8197699
8197741
8197747
8197753
8197771
8197789
8197799
8197801
8197817
8197823
8197829
8197837
8197901
8197921
8197933
8197967
8198009
8198011
8198017
8198023
8198027
8198041
8198059
8198083
8198087
8198107
8198117
8198147
8198191
8198219
8198221
8198249
8198261
8198269
8198303
8198317
8198363
8198371
8198381
8198389
8198459
8198467
8198479
8198501
8198507
8198521
8198551
8198587
8198611
8198627
8198639
8198651
8198669
8198683
8198689
8198693
8198713
8198717
8198753
8198759
8198783
8198789
8198791
8198797
8198803
8198807
8198809
8198831
8198843
8198863
8198891
8198917
8198951
8198959
8198963
8199001
8199007
8199029
8199077
8199091
8199101
8199133
8199137
8199143
8199157
8199161
8199179
8199181
8199187
8199229
8199239
8199251
8199271
8199277
8199341
8199343
8199349
8199353
8199361
8199371
8199379
8199383
8199391
8199409
8199413
8199419
8199427
8199449
8199461
8199463
8199473
8199493
8199497
8199509
8199511
8199553
8199557
8199563
8199571
8199589
8199599
8199613
8199623
8199629
8199637
8199641
8199649
8199673
8199677
8199679
8199689
8199703
8199767
8199769
8199781
8199787
8199791
8199809
8199827
8199853
8199857
8199869
8199883
8199901
8199907
8199913
8199931
8199941
8199943
8199979
8200007
8200013
8200037
8200061
8200079
8200091
8200109
8200141
8200147
8200177
8200183
8200211
8200217
8200219
8200271
8200289
8200303
8200321
8200327
8200363
8200391
8200403
8200411
8200427
8200433
8200441
8200447
8200459
8200463
8200529
8200537
8200541
8200559
8200561
8200589
8200631
8200663
8200667
8200669
8200679
8200691
8200721
8200739
8200741
8200769
8200789
8200847
8200853
8200877
8200879
8200883
8200921
8200979
8200991
8201009
8201033
8201071
8201101
8201111
8201153
8201159
8201183
8201197
8201213
8201233
8201239
8201251
8201257
8201299
8201311
8201321
8201339
8201341
8201351
8201357
8201371
8201377
8201419
8201441
8201449
8201467
8201489
8201507
8201509
8201513
8201527
8201549
8201551
8201563
8201573
8201579
8201587
8201603
8201621
8201647
8201663
8201689
8201729
8201747
8201771
8201773
8201797
8201801
8201807
8201813
8201819
8201821
8201839
8201857
8201861
8201873
8201881
8201891
8201903
8201911
8201929
8201933
8201951
8201957
8201969
8201971
8201981
8201987
8201989
8202013
8202023
8202031
8202043
8202059
8202067
8202071
8202097
8202127
8202137
8202149
8202179
8202193
8202221
8202253
8202263
8202277
8202367
8202371
8202373
8202407
8202409
8202413
8202427
8202431
8202443
8202457
8202461
8202463
8202479
8202497
8202521
8202533
8202589
8202613
8202629
8202647
8202659
8202673
8202683
8202703
8202709
8202713
8202767
8202787
8202793
8202797
8202811
8202833
8202839
8202847
8202871
8202893
8202907
8202913
8202919
8202949
8202967
8202977
8202983
8202989
8203001
8203021
8203073
8203081
8203087
8203103
8203109
8203133
8203147
8203187
8203199
8203213
8203241
8203243
8203253
8203267
8203271
8203289
8203291
8203297
8203303
8203309
8203319
8203331
8203337
8203339
8203343
8203361
8203373
8203379
8203409
8203451
8203453
8203457
8203483
8203511
8203543
8203577
8203619
8203633
8203651
8203661
8203691
8203703
8203717
8203729
8203733
8203757
8203771
8203777
8203787
8203831
8203859
8203873
8203879
8203883
8203901
8203903
8203907
8203963
8203967
8204003
8204017
8204033
8204041
8204087
8204093
8204101
8204111
8204113
8204167
8204171
8204177
8204191
8204221
8204233
8204239
8204267
8204281
8204297
8204299
8204311
8204359
8204369
8204389
8204423
8204431
8204473
8204479
8204501
8204507
8204513
8204527
8204531
8204569
8204587
8204597
8204611
8204617
8204621
8204627
8204657
8204687
8204719
8204737
8204741
8204747
8204759
8204773
8204783
8204809
8204843
8204849
8204851
8204891
8204899
8204921
8204929
8204957
8205011
8205013
8205023
8205037
8205047
8205059
8205061
8205073
8205077
8205079
8205097
8205103
8205121
8205137
8205143
8205163
8205179
8205187
8205191
8205199
8205221
8205233
8205251
8205259
8205287
8205311
8205313
8205361
8205391
8205403
8205409
8205427
8205433
8205437
8205443
8205451
8205467
8205487
8205497
8205523
8205529
8205553
8205559
8205569
8205581
8205599
8205623
8205643
8205653
8205667
8205671
8205677
8205727
8205737
8205773
8205787
8205797
8205817
8205829
8205833
8205839
8205859
8205881
8205887
8205893
8205913
8205931
8205941
8205949
8205973
8205983
8206013
8206021
8206039
8206057
8206061
8206069
8206073
8206091
8206097
8206111
8206117
8206123
8206129
8206139
8206141
8206169
8206171
8206181
8206183
8206199
8206201
8206207
8206229
8206243
8206279
8206337
8206339
8206343
8206403
8206409
8206411
8206439
8206447
8206463
8206477
8206511
8206531
8206559
8206571
8206577
8206589
8206603
8206619
8206621
8206633
8206643
8206663
8206669
8206691
8206703
8206729
8206741
8206777
8206787
8206789
8206799
8206817
8206829
8206831
8206843
8206853
8206871
8206873
8206889
8206901
8206907
8206927
8206931
8206943
8206951
8206963
8206967
8206969
8206981
8206987
8207009
8207027
8207041
8207047
8207051
8207057
8207071
8207117
8207153
8207161
8207189
8207191
8207197
8207207
8207237
8207249
8207273
8207327
8207333
8207347
8207359
8207363
8207369
8207371
8207383
8207393
8207399
8207429
8207471
8207477
8207483
8207497
8207501
8207513
8207519
8207531
8207561
8207569
8207579
8207581
8207587
8207627
8207663
8207699
8207707
8207743
8207767
8207789
8207827
8207851
8207861
8207873
8207879
8207893
8207897
8207909
8207911
8207917
8207959
8207971
8207989
8207999
8208001
8208023
8208037
8208041
8208049
8208061
8208071
8208091
8208107
8208113
8208143
8208157
8208181
8208197
8208199
There are 2179 prime numbers in S477.
