S479(8242633~8277120)
8242639
8242667
8242679
8242687
8242693
8242697
8242723
8242727
8242733
8242777
8242783
8242811
8242847
8242849
8242859
8242867
8242877
8242889
8242919
8242933
8242937
8242957
8242961
8243023
8243033
8243041
8243063
8243069
8243083
8243099
8243101
8243107
8243149
8243159
8243167
8243201
8243203
8243219
8243227
8243231
8243239
8243251
8243281
8243297
8243327
8243329
8243353
8243363
8243381
8243383
8243393
8243423
8243429
8243441
8243497
8243509
8243513
8243531
8243533
8243537
8243579
8243581
8243603
8243611
8243617
8243633
8243647
8243681
8243687
8243693
8243707
8243713
8243731
8243749
8243761
8243791
8243813
8243819
8243839
8243843
8243849
8243857
8243863
8243869
8243897
8243899
8243909
8243927
8243947
8243953
8243957
8243971
8244001
8244013
8244053
8244079
8244083
8244113
8244139
8244161
8244163
8244169
8244179
8244191
8244199
8244209
8244221
8244263
8244277
8244287
8244293
8244311
8244329
8244331
8244343
8244389
8244391
8244407
8244409
8244463
8244469
8244491
8244503
8244517
8244527
8244553
8244559
8244563
8244569
8244583
8244589
8244611
8244619
8244629
8244631
8244659
8244679
8244683
8244697
8244701
8244707
8244739
8244757
8244763
8244781
8244793
8244799
8244811
8244827
8244829
8244857
8244883
8244893
8244911
8244937
8244941
8244947
8244959
8244989
8244997
8245001
8245033
8245037
8245057
8245091
8245123
8245129
8245147
8245177
8245199
8245217
8245219
8245231
8245241
8245243
8245249
8245267
8245273
8245319
8245343
8245409
8245417
8245421
8245441
8245451
8245453
8245481
8245499
8245507
8245513
8245519
8245547
8245571
8245577
8245579
8245621
8245631
8245649
8245667
8245673
8245693
8245711
8245747
8245751
8245759
8245777
8245789
8245807
8245837
8245843
8245877
8245883
8245921
8245927
8245957
8245973
8245997
8246023
8246039
8246047
8246059
8246081
8246083
8246101
8246113
8246129
8246131
8246143
8246201
8246221
8246233
8246243
8246263
8246267
8246281
8246363
8246369
8246389
8246393
8246417
8246419
8246423
8246461
8246467
8246471
8246477
8246503
8246509
8246533
8246587
8246593
8246599
8246621
8246629
8246639
8246647
8246653
8246663
8246677
8246681
8246723
8246729
8246743
8246789
8246803
8246809
8246813
8246827
8246839
8246867
8246879
8246897
8246929
8246939
8246947
8246951
8246981
8246993
8247077
8247089
8247101
8247103
8247199
8247203
8247221
8247229
8247233
8247241
8247247
8247251
8247257
8247293
8247319
8247341
8247359
8247361
8247373
8247377
8247391
8247413
8247427
8247451
8247487
8247509
8247517
8247553
8247557
8247583
8247599
8247641
8247647
8247661
8247697
8247713
8247739
8247763
8247769
8247773
8247791
8247821
8247853
8247859
8247887
8247923
8247947
8247949
8247973
8247991
8247997
8248013
8248021
8248027
8248039
8248049
8248057
8248061
8248063
8248067
8248069
8248081
8248087
8248091
8248117
8248127
8248133
8248157
8248183
8248187
8248211
8248249
8248277
8248301
8248307
8248313
8248321
8248327
8248363
8248369
8248379
8248381
8248391
8248397
8248403
8248423
8248459
8248483
8248501
8248507
8248517
8248531
8248543
8248577
8248637
8248649
8248663
8248687
8248693
8248699
8248711
8248727
8248729
8248739
8248741
8248763
8248769
8248841
8248861
8248873
8248879
8248897
8248901
8248921
8248949
8248957
8248987
8249009
8249023
8249041
8249053
8249057
8249071
8249081
8249089
8249093
8249119
8249123
8249149
8249161
8249177
8249179
8249183
8249191
8249207
8249303
8249309
8249327
8249333
8249357
8249359
8249383
8249389
8249411
8249429
8249431
8249459
8249489
8249491
8249497
8249519
8249531
8249533
8249537
8249551
8249567
8249587
8249597
8249599
8249611
8249621
8249623
8249687
8249699
8249707
8249711
8249713
8249719
8249723
8249783
8249797
8249809
8249827
8249837
8249881
8249909
8249921
8249977
8249993
8250013
8250019
8250037
8250059
8250071
8250079
8250089
8250103
8250107
8250113
8250131
8250133
8250157
8250167
8250173
8250191
8250251
8250257
8250259
8250269
8250293
8250317
8250323
8250329
8250343
8250349
8250373
8250391
8250397
8250419
8250439
8250443
8250461
8250479
8250481
8250493
8250497
8250509
8250547
8250569
8250607
8250631
8250637
8250643
8250653
8250659
8250673
8250691
8250707
8250713
8250727
8250751
8250787
8250793
8250811
8250817
8250833
8250857
8250863
8250871
8250911
8250919
8250937
8250941
8250953
8250961
8250989
8251013
8251027
8251031
8251039
8251049
8251097
8251121
8251151
8251153
8251157
8251183
8251189
8251207
8251219
8251249
8251253
8251267
8251277
8251289
8251337
8251343
8251349
8251351
8251357
8251361
8251379
8251387
8251403
8251421
8251427
8251429
8251483
8251489
8251493
8251501
8251513
8251541
8251561
8251583
8251591
8251597
8251601
8251603
8251651
8251667
8251709
8251717
8251723
8251741
8251751
8251753
8251781
8251807
8251819
8251823
8251843
8251849
8251877
8251907
8251913
8251937
8251939
8251949
8251951
8252017
8252033
8252059
8252093
8252129
8252149
8252183
8252197
8252203
8252219
8252227
8252249
8252297
8252303
8252311
8252339
8252351
8252359
8252371
8252381
8252383
8252399
8252411
8252459
8252509
8252533
8252539
8252549
8252551
8252557
8252567
8252597
8252623
8252641
8252659
8252681
8252687
8252711
8252737
8252747
8252753
8252759
8252771
8252779
8252801
8252807
8252809
8252879
8252891
8252899
8252903
8252917
8252941
8252953
8252957
8252971
8252977
8252989
8253029
8253031
8253053
8253061
8253071
8253073
8253079
8253083
8253101
8253149
8253173
8253187
8253199
8253221
8253227
8253281
8253293
8253299
8253337
8253359
8253373
8253383
8253397
8253431
8253461
8253473
8253491
8253499
8253521
8253523
8253541
8253577
8253607
8253611
8253617
8253667
8253671
8253673
8253689
8253691
8253697
8253703
8253737
8253761
8253787
8253793
8253799
8253829
8253851
8253853
8253863
8253887
8253911
8253913
8253919
8253929
8253937
8253943
8253953
8253977
8253989
8253991
8254013
8254019
8254049
8254073
8254097
8254121
8254139
8254177
8254193
8254223
8254229
8254249
8254271
8254283
8254291
8254297
8254307
8254319
8254369
8254373
8254381
8254391
8254397
8254403
8254423
8254429
8254439
8254457
8254507
8254511
8254541
8254549
8254553
8254559
8254577
8254579
8254613
8254627
8254633
8254651
8254669
8254691
8254693
8254699
8254709
8254747
8254787
8254801
8254837
8254849
8254853
8254859
8254871
8254889
8254901
8254933
8254951
8254963
8255029
8255057
8255077
8255087
8255089
8255123
8255129
8255131
8255147
8255171
8255179
8255197
8255213
8255239
8255243
8255249
8255257
8255287
8255323
8255363
8255399
8255407
8255411
8255417
8255419
8255447
8255449
8255453
8255479
8255501
8255509
8255521
8255549
8255561
8255563
8255567
8255587
8255617
8255629
8255647
8255657
8255669
8255701
8255707
8255711
8255713
8255717
8255771
8255783
8255791
8255803
8255831
8255837
8255857
8255867
8255869
8255881
8255903
8255909
8255917
8255939
8255963
8255977
8255983
8256007
8256019
8256029
8256037
8256041
8256071
8256091
8256107
8256109
8256139
8256173
8256197
8256221
8256223
8256229
8256233
8256251
8256253
8256257
8256299
8256307
8256337
8256341
8256361
8256383
8256389
8256403
8256427
8256433
8256449
8256463
8256491
8256511
8256541
8256569
8256581
8256607
8256613
8256617
8256629
8256643
8256653
8256673
8256691
8256719
8256727
8256749
8256751
8256779
8256823
8256863
8256889
8256907
8256929
8256961
8256973
8257003
8257009
8257043
8257057
8257157
8257163
8257169
8257177
8257217
8257219
8257237
8257243
8257259
8257261
8257307
8257309
8257313
8257321
8257339
8257349
8257351
8257357
8257363
8257367
8257409
8257423
8257429
8257433
8257451
8257471
8257499
8257519
8257531
8257537
8257553
8257577
8257583
8257589
8257607
8257637
8257643
8257673
8257679
8257681
8257693
8257703
8257709
8257757
8257787
8257789
8257813
8257829
8257831
8257841
8257859
8257871
8257883
8257889
8257957
8257967
8257973
8257987
8258009
8258017
8258051
8258083
8258093
8258099
8258101
8258111
8258123
8258137
8258143
8258147
8258177
8258197
8258203
8258207
8258213
8258227
8258233
8258249
8258269
8258273
8258281
8258287
8258303
8258321
8258333
8258351
8258377
8258381
8258389
8258401
8258441
8258443
8258461
8258473
8258477
8258479
8258489
8258539
8258543
8258557
8258561
8258567
8258573
8258599
8258611
8258641
8258687
8258689
8258713
8258717
8258737
8258743
8258759
8258797
8258813
8258819
8258837
8258843
8258867
8258891
8258893
8258903
8258911
8258951
8258953
8258959
8258969
8258983
8259007
8259019
8259037
8259061
8259067
8259071
8259077
8259089
8259101
8259109
8259137
8259143
8259179
8259187
8259197
8259203
8259269
8259271
8259301
8259337
8259353
8259379
8259389
8259401
8259421
8259463
8259479
8259481
8259487
8259497
8259499
8259521
8259527
8259551
8259557
8259571
8259607
8259631
8259649
8259659
8259683
8259701
8259703
8259743
8259767
8259787
8259791
8259799
8259817
8259833
8259859
8259869
8259871
8259887
8259907
8259929
8259973
8260009
8260019
8260027
8260033
8260039
8260051
8260061
8260067
8260073
8260097
8260111
8260123
8260127
8260201
8260223
8260261
8260267
8260271
8260277
8260309
8260327
8260337
8260339
8260349
8260387
8260397
8260403
8260433
8260457
8260489
8260493
8260501
8260513
8260523
8260541
8260547
8260619
8260627
8260643
8260667
8260669
8260697
8260711
8260723
8260771
8260799
8260807
8260823
8260829
8260843
8260871
8260873
8260883
8260919
8260937
8260939
8260943
8260961
8260999
8261017
8261023
8261041
8261107
8261111
8261147
8261161
8261171
8261177
8261233
8261243
8261251
8261261
8261263
8261293
8261327
8261339
8261353
8261359
8261369
8261381
8261399
8261411
8261419
8261441
8261443
8261453
8261467
8261479
8261501
8261509
8261521
8261551
8261567
8261573
8261621
8261641
8261647
8261651
8261653
8261689
8261749
8261783
8261809
8261819
8261833
8261843
8261857
8261879
8261893
8261909
8261917
8261933
8261969
8261993
8261999
8262019
8262031
8262041
8262043
8262047
8262053
8262061
8262077
8262101
8262109
8262113
8262157
8262161
8262173
8262179
8262181
8262193
8262227
8262253
8262257
8262259
8262263
8262277
8262311
8262343
8262347
8262349
8262367
8262379
8262383
8262427
8262431
8262437
8262467
8262479
8262481
8262487
8262491
8262509
8262517
8262533
8262547
8262559
8262571
8262599
8262601
8262613
8262619
8262623
8262637
8262677
8262691
8262719
8262743
8262757
8262769
8262809
8262811
8262823
8262827
8262829
8262841
8262857
8262869
8262889
8262913
8262937
8262949
8262977
8262979
8262983
8262997
8263033
8263063
8263097
8263147
8263153
8263169
8263183
8263223
8263237
8263249
8263291
8263301
8263313
8263331
8263357
8263369
8263373
8263379
8263433
8263441
8263471
8263483
8263501
8263511
8263523
8263531
8263553
8263571
8263573
8263583
8263589
8263597
8263621
8263627
8263631
8263643
8263657
8263663
8263667
8263679
8263709
8263733
8263769
8263771
8263781
8263789
8263799
8263823
8263859
8263889
8263897
8263901
8263909
8263951
8263961
8263973
8263979
8264027
8264033
8264059
8264099
8264119
8264141
8264147
8264167
8264171
8264231
8264233
8264239
8264281
8264293
8264309
8264317
8264327
8264353
8264369
8264387
8264401
8264407
8264419
8264423
8264437
8264441
8264447
8264467
8264513
8264537
8264551
8264587
8264591
8264593
8264611
8264689
8264713
8264723
8264731
8264749
8264777
8264783
8264819
8264831
8264833
8264869
8264887
8264899
8264909
8264911
8264917
8264923
8264939
8264953
8264957
8264959
8264999
8265017
8265041
8265107
8265121
8265137
8265139
8265151
8265157
8265161
8265167
8265197
8265199
8265227
8265233
8265239
8265259
8265289
8265293
8265311
8265329
8265343
8265359
8265371
8265379
8265407
8265419
8265427
8265431
8265443
8265449
8265457
8265463
8265473
8265511
8265539
8265557
8265617
8265619
8265629
8265637
8265659
8265679
8265701
8265713
8265731
8265737
8265743
8265769
8265773
8265787
8265793
8265811
8265821
8265833
8265877
8265889
8265919
8265973
8265977
8265979
8265989
8266001
8266003
8266043
8266061
8266067
8266079
8266081
8266091
8266099
8266109
8266129
8266151
8266163
8266187
8266211
8266217
8266229
8266241
8266253
8266309
8266319
8266331
8266337
8266339
8266351
8266373
8266411
8266417
8266439
8266457
8266477
8266487
8266513
8266519
8266561
8266567
8266571
8266579
8266597
8266613
8266633
8266663
8266697
8266703
8266723
8266751
8266759
8266807
8266829
8266837
8266849
8266859
8266861
8266889
8266891
8266897
8266931
8266939
8266949
8266961
8266963
8266997
8267003
8267009
8267029
8267041
8267047
8267069
8267087
8267101
8267107
8267123
8267167
8267179
8267201
8267209
8267227
8267251
8267263
8267267
8267333
8267339
8267341
8267351
8267353
8267383
8267393
8267443
8267447
8267459
8267471
8267503
8267521
8267533
8267543
8267549
8267561
8267579
8267591
8267647
8267657
8267659
8267663
8267671
8267681
8267711
8267719
8267747
8267789
8267801
8267807
8267837
8267839
8267851
8267887
8267891
8267951
8267953
8267981
8267999
8268023
8268031
8268037
8268067
8268077
8268079
8268149
8268151
8268157
8268179
8268187
8268203
8268209
8268223
8268229
8268241
8268263
8268283
8268301
8268317
8268331
8268343
8268349
8268383
8268389
8268397
8268419
8268433
8268493
8268497
8268499
8268517
8268527
8268539
8268541
8268563
8268577
8268607
8268619
8268641
8268653
8268679
8268691
8268697
8268713
8268739
8268751
8268761
8268763
8268779
8268803
8268823
8268829
8268833
8268859
8268863
8268889
8268893
8268899
8268907
8268913
8268917
8268941
8268947
8268979
8268989
8268991
8269013
8269043
8269049
8269061
8269087
8269091
8269103
8269109
8269111
8269117
8269127
8269139
8269141
8269171
8269187
8269189
8269211
8269229
8269231
8269243
8269271
8269273
8269279
8269291
8269297
8269309
8269319
8269333
8269337
8269363
8269369
8269399
8269409
8269411
8269423
8269439
8269447
8269451
8269477
8269487
8269493
8269507
8269511
8269517
8269519
8269559
8269567
8269589
8269601
8269619
8269663
8269687
8269691
8269711
8269739
8269753
8269757
8269763
8269819
8269841
8269847
8269861
8269873
8269897
8269909
8269931
8269967
8269991
8269993
8269999
8270021
8270027
8270029
8270033
8270039
8270047
8270057
8270063
8270077
8270153
8270201
8270209
8270219
8270221
8270231
8270237
8270239
8270281
8270299
8270303
8270309
8270323
8270359
8270417
8270419
8270429
8270461
8270467
8270477
8270489
8270513
8270519
8270527
8270531
8270533
8270557
8270599
8270609
8270617
8270623
8270671
8270677
8270693
8270699
8270711
8270737
8270761
8270767
8270791
8270803
8270813
8270819
8270839
8270849
8270881
8270897
8270903
8270923
8270939
8270953
8270963
8270981
8271019
8271041
8271047
8271049
8271059
8271077
8271103
8271113
8271161
8271167
8271169
8271181
8271227
8271257
8271259
8271271
8271281
8271301
8271317
8271323
8271331
8271371
8271377
8271391
8271407
8271443
8271457
8271493
8271499
8271509
8271511
8271521
8271533
8271547
8271569
8271581
8271587
8271607
8271611
8271617
8271643
8271647
8271721
8271727
8271737
8271773
8271793
8271803
8271811
8271817
8271829
8271839
8271841
8271847
8271871
8271883
8271889
8271941
8271943
8271959
8271983
8272057
8272067
8272073
8272091
8272093
8272097
8272129
8272153
8272171
8272177
8272189
8272219
8272241
8272247
8272261
8272267
8272273
8272301
8272309
8272321
8272333
8272343
8272351
8272357
8272403
8272409
8272441
8272457
8272463
8272483
8272493
8272513
8272531
8272541
8272553
8272597
8272603
8272609
8272613
8272633
8272661
8272673
8272681
8272697
8272699
8272703
8272711
8272721
8272723
8272751
8272757
8272763
8272769
8272787
8272819
8272853
8272861
8272879
8272883
8272909
8272933
8272937
8272949
8272951
8272963
8272969
8272973
8272997
8273047
8273051
8273119
8273129
8273137
8273143
8273197
8273231
8273257
8273263
8273299
8273327
8273333
8273389
8273411
8273413
8273437
8273443
8273449
8273453
8273467
8273477
8273479
8273527
8273539
8273549
8273579
8273593
8273599
8273609
8273623
8273627
8273647
8273651
8273653
8273659
8273693
8273711
8273719
8273753
8273761
8273773
8273779
8273789
8273791
8273801
8273827
8273831
8273879
8273899
8273921
8273933
8273953
8273959
8273963
8273971
8273981
8274011
8274023
8274029
8274037
8274041
8274047
8274059
8274061
8274073
8274083
8274107
8274109
8274113
8274131
8274137
8274143
8274157
8274229
8274239
8274247
8274271
8274281
8274283
8274313
8274317
8274323
8274379
8274401
8274403
8274437
8274439
8274449
8274463
8274493
8274499
8274509
8274521
8274527
8274547
8274559
8274611
8274653
8274659
8274667
8274677
8274689
8274703
8274713
8274719
8274727
8274751
8274793
8274803
8274811
8274817
8274839
8274841
8274863
8274881
8274883
8274901
8274911
8274913
8274919
8274941
8274949
8274977
8274983
8274997
8275019
8275027
8275037
8275067
8275093
8275097
8275117
8275133
8275159
8275177
8275181
8275187
8275213
8275229
8275249
8275259
8275271
8275283
8275291
8275301
8275303
8275343
8275369
8275381
8275391
8275403
8275409
8275417
8275439
8275451
8275453
8275459
8275471
8275493
8275511
8275513
8275523
8275541
8275559
8275567
8275571
8275573
8275577
8275601
8275613
8275633
8275649
8275703
8275711
8275717
8275723
8275733
8275763
8275783
8275793
8275819
8275873
8275879
8275903
8275987
8275997
8276017
8276029
8276057
8276063
8276071
8276087
8276111
8276117
8276131
8276141
8276143
8276173
8276189
8276201
8276207
8276227
8276231
8276273
8276311
8276327
8276329
8276341
8276351
8276363
8276369
8276431
8276441
8276447
8276491
8276509
8276519
8276531
8276537
8276539
8276551
8276563
8276591
8276599
8276617
8276627
8276689
8276693
8276701
8276713
8276743
8276777
8276797
8276819
8276831
8276833
8276857
8276867
8276869
8276881
8276887
8276893
8276899
8276903
8276921
8276923
8276953
8276993
8276999
8277001
8277019
8277023
8277043
8277047
8277083
8277097
8277119
There are 2143 prime numbers in S479.
