S48(81217~84672)
81223
81233
81239
81281
81283
81293
81299
81307
81331
81343
81349
81353
81359
81371
81373
81401
81409
81421
81439
81457
81463
81509
81517
81527
81533
81547
81551
81553
81559
81563
81569
81611
81619
81629
81637
81647
81649
81667
81671
81677
81689
81701
81703
81707
81727
81737
81749
81761
81769
81773
81799
81817
81839
81847
81853
81869
81883
81899
81901
81919
81929
81931
81937
81943
81953
81967
81971
81973
82003
82007
82009
82013
82021
82031
82037
82039
82051
82067
82073
82129
82139
82141
82153
82163
82171
82183
82189
82193
82207
82217
82219
82223
82231
82237
82241
82261
82267
82279
82301
82307
82339
82349
82351
82361
82373
82387
82393
82421
82457
82463
82469
82471
82483
82487
82493
82499
82507
82529
82531
82549
82559
82561
82567
82571
82591
82601
82609
82613
82619
82633
82651
82657
82699
82721
82723
82727
82729
82757
82759
82763
82781
82787
82793
82799
82811
82813
82837
82847
82883
82889
82891
82903
82913
82939
82963
82981
82997
83003
83009
83023
83047
83059
83063
83071
83077
83089
83093
83101
83117
83137
83177
83203
83207
83219
83221
83227
83231
83233
83243
83257
83267
83269
83273
83299
83311
83339
83341
83357
83383
83389
83399
83401
83407
83417
83423
83431
83437
83443
83449
83459
83471
83477
83497
83537
83557
83561
83563
83579
83591
83597
83609
83617
83621
83639
83641
83653
83663
83689
83701
83717
83719
83737
83761
83773
83777
83791
83813
83833
83843
83857
83869
83873
83891
83903
83911
83921
83933
83939
83969
83983
83987
84011
84017
84047
84053
84059
84061
84067
84089
84121
84127
84131
84137
84143
84163
84179
84181
84191
84199
84211
84221
84223
84229
84239
84247
84263
84299
84307
84313
84317
84319
84347
84349
84377
84389
84391
84401
84407
84421
84431
84437
84443
84449
84457
84463
84467
84481
84499
84503
84509
84521
84523
84533
84551
84559
84589
84629
84631
84649
84653
84659
There are 301 prime numbers in S48.
