S480(8277121~8311680)
8277149
8277163
8277167
8277173
8277193
8277211
8277221
8277229
8277257
8277271
8277299
8277323
8277329
8277343
8277359
8277361
8277377
8277391
8277427
8277439
8277461
8277469
8277473
8277481
8277491
8277509
8277547
8277553
8277587
8277601
8277611
8277617
8277637
8277653
8277671
8277683
8277697
8277701
8277707
8277719
8277757
8277767
8277809
8277811
8277851
8277853
8277881
8277889
8277923
8277943
8277949
8277967
8277991
8278001
8278013
8278019
8278037
8278043
8278073
8278097
8278111
8278141
8278159
8278199
8278211
8278247
8278261
8278279
8278297
8278301
8278307
8278313
8278327
8278339
8278363
8278373
8278393
8278411
8278421
8278477
8278481
8278511
8278549
8278553
8278559
8278561
8278577
8278583
8278603
8278619
8278631
8278637
8278649
8278651
8278657
8278663
8278681
8278687
8278693
8278709
8278729
8278763
8278783
8278789
8278793
8278799
8278801
8278811
8278817
8278841
8278849
8278867
8278883
8278931
8278937
8278943
8278951
8278961
8278969
8278973
8278987
8278999
8279023
8279027
8279053
8279093
8279107
8279113
8279147
8279203
8279207
8279209
8279213
8279233
8279237
8279281
8279291
8279317
8279329
8279353
8279377
8279389
8279399
8279407
8279423
8279461
8279489
8279533
8279539
8279543
8279549
8279569
8279597
8279627
8279633
8279639
8279641
8279651
8279653
8279657
8279669
8279671
8279683
8279699
8279729
8279741
8279743
8279771
8279837
8279857
8279881
8279899
8279917
8279923
8279933
8279959
8279963
8279983
8279987
8280011
8280043
8280047
8280049
8280053
8280127
8280133
8280149
8280157
8280169
8280179
8280187
8280197
8280199
8280247
8280263
8280277
8280281
8280287
8280289
8280331
8280353
8280359
8280367
8280373
8280397
8280407
8280431
8280439
8280449
8280451
8280469
8280487
8280491
8280497
8280499
8280509
8280511
8280521
8280557
8280577
8280583
8280593
8280607
8280619
8280653
8280677
8280703
8280707
8280721
8280737
8280739
8280743
8280749
8280761
8280763
8280787
8280791
8280799
8280817
8280821
8280841
8280911
8280917
8280929
8280949
8280959
8280967
8280971
8281003
8281019
8281043
8281067
8281073
8281099
8281129
8281157
8281171
8281199
8281201
8281223
8281237
8281249
8281291
8281313
8281319
8281367
8281373
8281379
8281381
8281387
8281391
8281393
8281411
8281423
8281439
8281457
8281459
8281463
8281477
8281487
8281517
8281531
8281547
8281571
8281573
8281577
8281579
8281591
8281597
8281639
8281643
8281687
8281709
8281751
8281753
8281789
8281799
8281811
8281813
8281831
8281837
8281859
8281879
8281927
8281943
8281979
8281981
8281993
8282003
8282039
8282063
8282083
8282107
8282129
8282137
8282159
8282171
8282189
8282201
8282203
8282227
8282237
8282249
8282269
8282279
8282291
8282297
8282299
8282317
8282327
8282341
8282357
8282377
8282401
8282411
8282419
8282437
8282441
8282453
8282467
8282497
8282513
8282567
8282569
8282581
8282623
8282627
8282629
8282633
8282639
8282671
8282683
8282693
8282713
8282717
8282731
8282753
8282759
8282767
8282773
8282809
8282821
8282831
8282837
8282843
8282851
8282873
8282887
8282891
8282903
8282941
8282959
8282969
8282987
8283001
8283043
8283049
8283053
8283061
8283083
8283089
8283101
8283109
8283161
8283181
8283193
8283203
8283217
8283257
8283263
8283269
8283281
8283287
8283329
8283349
8283361
8283371
8283377
8283397
8283433
8283439
8283461
8283463
8283481
8283493
8283503
8283521
8283547
8283551
8283559
8283581
8283593
8283629
8283637
8283683
8283689
8283697
8283713
8283719
8283721
8283731
8283733
8283757
8283761
8283767
8283787
8283799
8283809
8283817
8283857
8283859
8283871
8283889
8283901
8283923
8283929
8283949
8283971
8283973
8283997
8284007
8284033
8284051
8284061
8284063
8284069
8284093
8284097
8284103
8284123
8284127
8284141
8284153
8284181
8284183
8284193
8284201
8284207
8284217
8284229
8284231
8284273
8284277
8284303
8284307
8284319
8284363
8284373
8284379
8284391
8284417
8284427
8284433
8284447
8284453
8284469
8284477
8284481
8284487
8284489
8284519
8284537
8284541
8284547
8284553
8284567
8284579
8284597
8284607
8284613
8284621
8284637
8284649
8284663
8284667
8284687
8284693
8284699
8284709
8284739
8284823
8284841
8284849
8284873
8284877
8284879
8284883
8284889
8284891
8284937
8284949
8284951
8284961
8284963
8284979
8284987
8284999
8285021
8285023
8285027
8285051
8285059
8285063
8285071
8285087
8285089
8285093
8285107
8285177
8285183
8285191
8285201
8285227
8285231
8285237
8285243
8285257
8285269
8285293
8285317
8285323
8285363
8285377
8285383
8285393
8285399
8285411
8285461
8285471
8285491
8285507
8285509
8285513
8285527
8285531
8285533
8285549
8285551
8285581
8285591
8285593
8285597
8285603
8285611
8285617
8285621
8285639
8285657
8285659
8285687
8285723
8285789
8285791
8285831
8285833
8285839
8285857
8285869
8285873
8285887
8285899
8285903
8285933
8285941
8285947
8285983
8285993
8286001
8286029
8286037
8286097
8286101
8286107
8286121
8286133
8286149
8286163
8286169
8286193
8286203
8286209
8286211
8286217
8286227
8286251
8286253
8286281
8286283
8286287
8286349
8286379
8286433
8286437
8286461
8286511
8286541
8286569
8286571
8286583
8286671
8286673
8286683
8286689
8286713
8286731
8286743
8286767
8286791
8286809
8286821
8286857
8286881
8286913
8286937
8286947
8286977
8286979
8286989
8286991
8286997
8287067
8287079
8287091
8287093
8287099
8287117
8287121
8287141
8287159
8287171
8287229
8287271
8287273
8287283
8287309
8287327
8287339
8287343
8287351
8287361
8287373
8287403
8287421
8287427
8287469
8287481
8287493
8287507
8287523
8287537
8287549
8287561
8287607
8287679
8287693
8287711
8287717
8287723
8287729
8287793
8287801
8287813
8287817
8287831
8287837
8287847
8287859
8287861
8287871
8287883
8287921
8287991
8288011
8288017
8288023
8288029
8288041
8288057
8288069
8288081
8288083
8288099
8288107
8288141
8288167
8288177
8288179
8288183
8288213
8288249
8288263
8288311
8288321
8288339
8288341
8288353
8288411
8288417
8288419
8288447
8288453
8288459
8288473
8288477
8288479
8288521
8288531
8288543
8288557
8288569
8288587
8288593
8288597
8288627
8288633
8288647
8288653
8288669
8288681
8288689
8288729
8288737
8288743
8288803
8288831
8288849
8288857
8288869
8288881
8288893
8288897
8288899
8288923
8288927
8288933
8288957
8288977
8289023
8289031
8289053
8289079
8289101
8289103
8289119
8289139
8289143
8289161
8289191
8289247
8289271
8289277
8289313
8289349
8289367
8289383
8289401
8289403
8289409
8289419
8289433
8289451
8289461
8289469
8289487
8289521
8289527
8289539
8289551
8289577
8289581
8289587
8289607
8289623
8289647
8289649
8289653
8289703
8289731
8289751
8289763
8289767
8289817
8289847
8289857
8289877
8289881
8289899
8289901
8289917
8289949
8289997
8290043
8290063
8290069
8290081
8290103
8290127
8290129
8290133
8290151
8290153
8290229
8290273
8290277
8290291
8290297
8290309
8290319
8290363
8290369
8290393
8290397
8290409
8290411
8290421
8290427
8290453
8290459
8290463
8290481
8290489
8290507
8290523
8290531
8290559
8290561
8290567
8290591
8290613
8290619
8290643
8290657
8290661
8290663
8290691
8290729
8290769
8290771
8290811
8290817
8290819
8290831
8290837
8290861
8290889
8290901
8290903
8290907
8290921
8290927
8290939
8290943
8290967
8290987
8290991
8290999
8291009
8291029
8291033
8291039
8291047
8291069
8291081
8291083
8291089
8291099
8291111
8291113
8291117
8291159
8291207
8291209
8291221
8291233
8291237
8291243
8291249
8291263
8291281
8291299
8291333
8291341
8291357
8291399
8291401
8291407
8291443
8291483
8291509
8291519
8291527
8291531
8291551
8291557
8291573
8291609
8291623
8291639
8291653
8291659
8291671
8291677
8291681
8291687
8291711
8291713
8291729
8291741
8291743
8291749
8291779
8291807
8291813
8291831
8291839
8291879
8291893
8291909
8291929
8291939
8291947
8291953
8291981
8291989
8292001
8292017
8292023
8292043
8292047
8292071
8292079
8292091
8292101
8292103
8292133
8292187
8292203
8292217
8292247
8292293
8292301
8292307
8292331
8292337
8292343
8292353
8292359
8292367
8292419
8292451
8292461
8292491
8292503
8292527
8292547
8292577
8292629
8292643
8292649
8292659
8292667
8292671
8292677
8292689
8292707
8292737
8292761
8292763
8292803
8292859
8292887
8292901
8292913
8292917
8292919
8292941
8292943
8292959
8292967
8292979
8292983
8292997
8293003
8293007
8293039
8293049
8293057
8293073
8293079
8293121
8293141
8293171
8293223
8293231
8293237
8293283
8293289
8293303
8293319
8293321
8293339
8293349
8293361
8293393
8293423
8293429
8293451
8293459
8293469
8293471
8293477
8293487
8293511
8293577
8293591
8293613
8293619
8293627
8293631
8293651
8293673
8293687
8293699
8293717
8293751
8293757
8293759
8293763
8293783
8293801
8293819
8293829
8293847
8293853
8293877
8293889
8293903
8293921
8293933
8293939
8293979
8293993
8294009
8294021
8294123
8294159
8294171
8294173
8294183
8294189
8294197
8294201
8294213
8294233
8294239
8294263
8294303
8294309
8294311
8294339
8294347
8294357
8294359
8294369
8294381
8294411
8294413
8294437
8294459
8294471
8294483
8294491
8294501
8294509
8294543
8294569
8294579
8294593
8294603
8294617
8294641
8294653
8294707
8294729
8294731
8294749
8294753
8294779
8294809
8294821
8294837
8294851
8294857
8294863
8294879
8294893
8294911
8294941
8294959
8294971
8294999
8295037
8295047
8295061
8295097
8295101
8295107
8295109
8295113
8295121
8295127
8295137
8295139
8295163
8295169
8295179
8295211
8295239
8295241
8295251
8295263
8295271
8295293
8295317
8295347
8295349
8295373
8295379
8295403
8295449
8295467
8295481
8295491
8295493
8295503
8295527
8295557
8295563
8295583
8295587
8295589
8295607
8295611
8295619
8295629
8295649
8295671
8295673
8295697
8295701
8295737
8295743
8295751
8295787
8295811
8295821
8295839
8295841
8295851
8295857
8295863
8295877
8295901
8295907
8295919
8295953
8295961
8295967
8295971
8295977
8296069
8296081
8296087
8296097
8296133
8296139
8296147
8296157
8296159
8296181
8296193
8296199
8296213
8296219
8296243
8296247
8296259
8296271
8296273
8296283
8296333
8296339
8296363
8296367
8296373
8296381
8296397
8296411
8296417
8296439
8296447
8296513
8296517
8296553
8296571
8296577
8296579
8296591
8296627
8296649
8296657
8296693
8296699
8296703
8296709
8296723
8296733
8296751
8296781
8296789
8296819
8296823
8296831
8296853
8296879
8296889
8296891
8296913
8296919
8296921
8296927
8296943
8296973
8296999
8297011
8297017
8297027
8297059
8297063
8297099
8297123
8297137
8297141
8297143
8297171
8297197
8297249
8297269
8297279
8297321
8297329
8297339
8297351
8297353
8297369
8297413
8297431
8297437
8297441
8297459
8297473
8297501
8297519
8297537
8297543
8297563
8297573
8297587
8297591
8297609
8297617
8297633
8297659
8297669
8297689
8297693
8297711
8297713
8297719
8297747
8297761
8297789
8297797
8297831
8297873
8297881
8297909
8297941
8297977
8297981
8297999
8298001
8298019
8298029
8298047
8298067
8298071
8298077
8298119
8298127
8298137
8298149
8298163
8298187
8298209
8298221
8298223
8298229
8298247
8298259
8298287
8298289
8298313
8298337
8298347
8298361
8298373
8298427
8298443
8298467
8298473
8298487
8298509
8298529
8298539
8298541
8298547
8298559
8298583
8298593
8298617
8298629
8298659
8298671
8298673
8298683
8298691
8298707
8298709
8298721
8298733
8298749
8298751
8298779
8298781
8298803
8298811
8298817
8298847
8298911
8298923
8298937
8298943
8298949
8299001
8299007
8299013
8299037
8299073
8299091
8299099
8299121
8299127
8299147
8299153
8299157
8299169
8299259
8299283
8299303
8299309
8299321
8299331
8299367
8299381
8299411
8299427
8299439
8299441
8299453
8299463
8299483
8299493
8299513
8299547
8299549
8299567
8299583
8299591
8299607
8299639
8299649
8299651
8299663
8299667
8299673
8299679
8299703
8299717
8299741
8299763
8299769
8299783
8299787
8299793
8299891
8299919
8299931
8299933
8299939
8299969
8299981
8300009
8300041
8300057
8300069
8300077
8300101
8300129
8300137
8300141
8300147
8300167
8300183
8300191
8300197
8300213
8300239
8300261
8300269
8300273
8300317
8300323
8300353
8300371
8300377
8300381
8300389
8300393
8300417
8300423
8300431
8300441
8300443
8300477
8300497
8300503
8300519
8300521
8300531
8300557
8300569
8300597
8300603
8300659
8300671
8300683
8300687
8300689
8300711
8300731
8300741
8300749
8300753
8300771
8300783
8300797
8300801
8300813
8300827
8300833
8300837
8300863
8300869
8300881
8300893
8300899
8300909
8300911
8300917
8300921
8300927
8300933
8300959
8300977
8300993
8301011
8301017
8301023
8301031
8301037
8301053
8301067
8301103
8301121
8301133
8301143
8301169
8301179
8301199
8301217
8301257
8301259
8301263
8301269
8301277
8301289
8301301
8301313
8301329
8301353
8301361
8301379
8301401
8301421
8301437
8301463
8301467
8301481
8301547
8301571
8301581
8301599
8301611
8301619
8301637
8301641
8301659
8301677
8301679
8301691
8301701
8301703
8301719
8301731
8301739
8301757
8301823
8301851
8301857
8301869
8301877
8301883
8301901
8301911
8301947
8301961
8301983
8301991
8302013
8302027
8302043
8302061
8302123
8302153
8302157
8302159
8302169
8302181
8302193
8302211
8302219
8302247
8302267
8302277
8302309
8302313
8302321
8302351
8302367
8302391
8302403
8302417
8302423
8302447
8302457
8302493
8302499
8302501
8302523
8302529
8302537
8302571
8302577
8302583
8302589
8302603
8302633
8302673
8302687
8302703
8302709
8302711
8302717
8302733
8302751
8302759
8302769
8302781
8302799
8302813
8302831
8302843
8302871
8302891
8302949
8302963
8302967
8302991
8302993
8302997
8303003
8303017
8303027
8303041
8303047
8303051
8303063
8303081
8303101
8303111
8303117
8303131
8303143
8303167
8303179
8303189
8303201
8303203
8303213
8303219
8303221
8303249
8303261
8303263
8303287
8303291
8303303
8303333
8303341
8303411
8303441
8303447
8303459
8303467
8303479
8303501
8303509
8303539
8303543
8303549
8303557
8303587
8303597
8303609
8303623
8303653
8303681
8303683
8303693
8303717
8303723
8303749
8303777
8303783
8303791
8303821
8303839
8303843
8303849
8303857
8303861
8303863
8303903
8303909
8303923
8303929
8303941
8303957
8304061
8304091
8304103
8304133
8304151
8304167
8304193
8304209
8304223
8304229
8304251
8304259
8304271
8304281
8304301
8304337
8304343
8304371
8304379
8304389
8304397
8304419
8304421
8304433
8304437
8304467
8304481
8304503
8304557
8304599
8304607
8304617
8304629
8304641
8304671
8304677
8304707
8304713
8304733
8304739
8304757
8304763
8304773
8304797
8304809
8304827
8304839
8304841
8304883
8304887
8304889
8304913
8304917
8304937
8304943
8304949
8304953
8304973
8304979
8304997
8305009
8305021
8305039
8305051
8305081
8305091
8305097
8305103
8305133
8305159
8305177
8305181
8305183
8305207
8305217
8305243
8305267
8305273
8305307
8305313
8305327
8305343
8305357
8305361
8305403
8305433
8305459
8305481
8305487
8305499
8305519
8305529
8305541
8305543
8305567
8305573
8305589
8305597
8305669
8305681
8305697
8305709
8305711
8305729
8305733
8305753
8305769
8305777
8305811
8305813
8305849
8305859
8305873
8305883
8305889
8305901
8305931
8305951
8305987
8305993
8306027
8306029
8306041
8306063
8306069
8306071
8306099
8306117
8306119
8306131
8306143
8306147
8306153
8306161
8306201
8306227
8306237
8306261
8306273
8306279
8306293
8306299
8306323
8306369
8306377
8306393
8306407
8306423
8306429
8306449
8306453
8306461
8306471
8306479
8306483
8306491
8306509
8306513
8306521
8306533
8306581
8306587
8306603
8306609
8306621
8306647
8306651
8306653
8306677
8306681
8306687
8306699
8306717
8306741
8306773
8306803
8306821
8306867
8306873
8306891
8306911
8306927
8306951
8306957
8307001
8307007
8307017
8307037
8307043
8307049
8307077
8307139
8307151
8307157
8307179
8307193
8307223
8307239
8307241
8307251
8307283
8307307
8307319
8307323
8307331
8307359
8307361
8307413
8307437
8307443
8307469
8307487
8307491
8307493
8307521
8307547
8307571
8307583
8307631
8307641
8307661
8307667
8307683
8307709
8307751
8307787
8307791
8307797
8307809
8307823
8307841
8307857
8307863
8307881
8307913
8307919
8307931
8307961
8307977
8307983
8308021
8308033
8308043
8308063
8308103
8308133
8308163
8308177
8308219
8308231
8308241
8308243
8308247
8308259
8308271
8308277
8308343
8308367
8308369
8308373
8308409
8308423
8308429
8308463
8308477
8308481
8308483
8308493
8308499
8308501
8308507
8308511
8308537
8308541
8308571
8308579
8308583
8308591
8308637
8308649
8308669
8308693
8308697
8308709
8308723
8308739
8308747
8308753
8308759
8308763
8308789
8308823
8308841
8308879
8308891
8308919
8308921
8308931
8308939
8308943
8308973
8308981
8308991
8308997
8308999
8309009
8309011
8309033
8309071
8309123
8309143
8309149
8309153
8309159
8309173
8309227
8309261
8309291
8309293
8309297
8309303
8309339
8309369
8309381
8309387
8309401
8309437
8309443
8309453
8309467
8309473
8309491
8309503
8309507
8309527
8309533
8309537
8309551
8309557
8309563
8309579
8309591
8309599
8309611
8309629
8309633
8309641
8309659
8309677
8309687
8309701
8309713
8309759
8309761
8309771
8309779
8309803
8309849
8309869
8309881
8309909
8309963
8309989
8309999
8310007
8310031
8310047
8310073
8310097
8310131
8310149
8310151
8310157
8310173
8310191
8310193
8310233
8310251
8310259
8310271
8310287
8310293
8310299
8310307
8310343
8310361
8310371
8310377
8310389
8310397
8310409
8310427
8310431
8310451
8310461
8310469
8310503
8310527
8310529
8310551
8310593
8310611
8310623
8310629
8310641
8310647
8310661
8310667
8310677
8310683
8310689
8310691
8310703
8310713
8310719
8310749
8310767
8310781
8310787
8310803
8310833
8310851
8310859
8310871
8310899
8310919
8310931
8310941
8310947
8310959
8310971
8310979
8310989
8311003
8311021
8311031
8311099
8311111
8311117
8311183
8311187
8311201
8311217
8311231
8311241
8311243
8311253
8311267
8311279
8311291
8311297
8311309
8311319
8311321
8311327
8311357
8311361
8311393
8311399
8311409
8311447
8311451
8311469
8311481
8311519
8311543
8311547
8311549
8311571
8311573
8311591
8311601
8311609
8311613
8311649
8311663
There are 2175 prime numbers in S480.
