S481(8311681~8346312)
8311687
8311697
8311711
8311729
8311733
8311739
8311781
8311801
8311811
8311817
8311829
8311871
8311883
8311907
8311909
8311957
8311981
8311991
8312033
8312093
8312113
8312119
8312137
8312147
8312153
8312159
8312173
8312179
8312189
8312191
8312197
8312207
8312209
8312219
8312233
8312237
8312243
8312251
8312257
8312267
8312273
8312281
8312321
8312327
8312347
8312351
8312363
8312377
8312387
8312389
8312411
8312413
8312417
8312419
8312441
8312461
8312483
8312497
8312501
8312503
8312527
8312537
8312539
8312567
8312587
8312593
8312599
8312611
8312651
8312657
8312663
8312669
8312693
8312713
8312737
8312789
8312849
8312851
8312903
8312911
8312921
8312947
8312951
8312957
8312963
8312971
8312977
8312981
8312987
8312989
8312999
8313001
8313029
8313043
8313077
8313101
8313113
8313133
8313161
8313181
8313199
8313229
8313247
8313251
8313257
8313259
8313269
8313353
8313359
8313377
8313413
8313433
8313443
8313449
8313457
8313463
8313479
8313509
8313533
8313541
8313551
8313553
8313563
8313581
8313587
8313589
8313619
8313637
8313647
8313661
8313667
8313671
8313677
8313707
8313719
8313733
8313737
8313763
8313791
8313803
8313847
8313869
8313871
8313883
8313889
8313911
8313913
8313917
8313919
8313931
8313941
8313953
8313961
8313979
8313989
8314049
8314067
8314069
8314073
8314099
8314121
8314157
8314181
8314183
8314199
8314223
8314277
8314279
8314289
8314297
8314333
8314337
8314357
8314363
8314367
8314373
8314379
8314391
8314399
8314403
8314409
8314433
8314447
8314459
8314487
8314507
8314531
8314567
8314573
8314577
8314591
8314601
8314613
8314643
8314651
8314679
8314681
8314711
8314771
8314777
8314807
8314843
8314871
8314897
8314903
8314907
8314927
8314931
8314939
8314949
8314979
8314981
8314991
8314993
8314997
8315009
8315053
8315063
8315081
8315089
8315107
8315113
8315137
8315143
8315149
8315201
8315221
8315231
8315239
8315249
8315267
8315273
8315317
8315323
8315327
8315341
8315353
8315371
8315387
8315393
8315399
8315413
8315429
8315441
8315467
8315477
8315507
8315509
8315513
8315543
8315551
8315561
8315599
8315603
8315609
8315611
8315651
8315689
8315701
8315707
8315729
8315731
8315767
8315773
8315789
8315807
8315809
8315821
8315831
8315887
8315927
8315969
8315971
8315987
8315999
8316001
8316047
8316089
8316103
8316131
8316151
8316163
8316173
8316181
8316193
8316199
8316211
8316221
8316289
8316293
8316299
8316307
8316337
8316353
8316377
8316419
8316421
8316437
8316449
8316457
8316467
8316479
8316491
8316493
8316523
8316541
8316559
8316569
8316577
8316611
8316617
8316619
8316641
8316647
8316653
8316677
8316691
8316701
8316709
8316739
8316743
8316751
8316799
8316811
8316821
8316829
8316839
8316853
8316857
8316863
8316887
8316899
8316947
8316967
8316989
8316991
8317009
8317013
8317069
8317093
8317121
8317157
8317213
8317223
8317241
8317247
8317259
8317271
8317273
8317277
8317297
8317303
8317339
8317367
8317373
8317381
8317417
8317423
8317427
8317429
8317433
8317453
8317457
8317483
8317487
8317511
8317523
8317531
8317549
8317553
8317571
8317601
8317609
8317657
8317663
8317669
8317691
8317741
8317747
8317753
8317781
8317787
8317807
8317843
8317861
8317871
8317891
8317909
8317949
8317999
8318027
8318047
8318059
8318069
8318071
8318077
8318113
8318129
8318161
8318173
8318179
8318197
8318227
8318231
8318237
8318239
8318243
8318263
8318267
8318279
8318281
8318291
8318293
8318327
8318329
8318339
8318347
8318353
8318357
8318381
8318411
8318413
8318417
8318419
8318467
8318477
8318489
8318507
8318533
8318537
8318543
8318549
8318581
8318591
8318603
8318641
8318647
8318657
8318659
8318669
8318683
8318689
8318693
8318699
8318701
8318707
8318711
8318759
8318809
8318813
8318837
8318839
8318867
8318897
8318917
8318927
8318951
8318971
8318977
8318983
8318987
8318993
8319029
8319037
8319041
8319049
8319071
8319083
8319089
8319109
8319121
8319127
8319133
8319161
8319163
8319209
8319211
8319217
8319221
8319247
8319257
8319263
8319271
8319277
8319281
8319293
8319313
8319319
8319331
8319343
8319373
8319379
8319391
8319401
8319407
8319419
8319427
8319431
8319481
8319497
8319499
8319503
8319527
8319529
8319533
8319541
8319557
8319559
8319581
8319617
8319659
8319677
8319691
8319697
8319719
8319733
8319757
8319791
8319803
8319821
8319833
8319841
8319847
8319863
8319869
8319877
8319881
8319889
8319923
8319937
8319943
8319947
8319959
8319977
8320001
8320033
8320051
8320057
8320061
8320063
8320073
8320087
8320093
8320097
8320111
8320159
8320177
8320211
8320219
8320229
8320267
8320289
8320313
8320373
8320379
8320381
8320387
8320393
8320409
8320451
8320453
8320469
8320471
8320519
8320541
8320547
8320567
8320591
8320601
8320603
8320619
8320657
8320681
8320693
8320717
8320729
8320747
8320777
8320783
8320789
8320811
8320813
8320817
8320831
8320847
8320849
8320853
8320859
8320861
8320903
8320919
8320943
8321003
8321011
8321029
8321039
8321081
8321111
8321119
8321123
8321141
8321153
8321161
8321171
8321213
8321227
8321249
8321273
8321281
8321293
8321309
8321311
8321321
8321323
8321359
8321389
8321393
8321429
8321503
8321507
8321519
8321527
8321539
8321543
8321549
8321557
8321591
8321603
8321611
8321627
8321657
8321683
8321723
8321743
8321779
8321783
8321801
8321809
8321813
8321843
8321851
8321861
8321881
8321897
8321903
8321941
8321977
8321983
8321987
8322001
8322023
8322029
8322121
8322143
8322187
8322191
8322211
8322233
8322239
8322241
8322253
8322257
8322269
8322277
8322283
8322287
8322289
8322313
8322317
8322329
8322341
8322359
8322371
8322383
8322397
8322403
8322409
8322439
8322451
8322487
8322491
8322529
8322533
8322541
8322557
8322569
8322581
8322593
8322637
8322647
8322661
8322679
8322683
8322689
8322719
8322731
8322733
8322737
8322751
8322761
8322773
8322799
8322827
8322841
8322863
8322871
8322883
8322907
8322917
8322929
8322947
8322967
8322989
8322997
8323009
8323027
8323031
8323043
8323069
8323099
8323103
8323109
8323151
8323153
8323163
8323169
8323177
8323201
8323213
8323229
8323243
8323247
8323253
8323291
8323297
8323339
8323363
8323373
8323379
8323391
8323397
8323439
8323457
8323481
8323487
8323499
8323517
8323537
8323541
8323571
8323603
8323613
8323619
8323643
8323649
8323681
8323741
8323751
8323753
8323759
8323771
8323787
8323789
8323793
8323817
8323823
8323831
8323849
8323859
8323867
8323873
8323883
8323891
8323933
8323937
8323949
8323951
8323963
8323967
8323979
8323981
8324023
8324039
8324051
8324053
8324059
8324077
8324083
8324143
8324167
8324171
8324191
8324201
8324207
8324219
8324227
8324231
8324269
8324287
8324333
8324347
8324401
8324411
8324419
8324447
8324453
8324471
8324473
8324483
8324497
8324513
8324557
8324567
8324621
8324623
8324627
8324633
8324663
8324699
8324749
8324759
8324773
8324777
8324791
8324801
8324803
8324807
8324839
8324879
8324881
8324887
8324893
8324923
8325007
8325013
8325029
8325041
8325047
8325061
8325067
8325071
8325073
8325089
8325113
8325131
8325151
8325179
8325193
8325217
8325227
8325269
8325277
8325283
8325307
8325367
8325377
8325403
8325433
8325437
8325467
8325491
8325503
8325509
8325511
8325521
8325539
8325547
8325587
8325589
8325599
8325601
8325613
8325619
8325623
8325649
8325661
8325671
8325677
8325689
8325719
8325769
8325773
8325797
8325803
8325809
8325833
8325841
8325853
8325893
8325899
8325907
8325923
8325943
8325997
8326001
8326007
8326027
8326033
8326051
8326057
8326061
8326063
8326079
8326091
8326111
8326127
8326163
8326193
8326223
8326231
8326261
8326267
8326273
8326289
8326301
8326303
8326319
8326327
8326387
8326399
8326411
8326421
8326429
8326433
8326463
8326469
8326499
8326511
8326523
8326553
8326589
8326601
8326603
8326607
8326609
8326613
8326657
8326673
8326697
8326711
8326727
8326763
8326781
8326789
8326793
8326811
8326823
8326853
8326859
8326861
8326867
8326919
8326931
8326939
8326949
8326963
8326979
8326987
8327021
8327047
8327051
8327069
8327101
8327113
8327117
8327129
8327177
8327191
8327227
8327233
8327237
8327239
8327243
8327261
8327269
8327279
8327287
8327299
8327303
8327359
8327381
8327383
8327393
8327401
8327411
8327441
8327443
8327471
8327483
8327503
8327513
8327521
8327531
8327533
8327549
8327563
8327581
8327593
8327609
8327651
8327677
8327687
8327689
8327699
8327717
8327743
8327779
8327827
8327831
8327857
8327861
8327881
8327887
8327983
8327993
8327999
8328007
8328013
8328029
8328031
8328041
8328053
8328083
8328091
8328097
8328107
8328109
8328121
8328127
8328161
8328169
8328209
8328211
8328217
8328227
8328233
8328239
8328253
8328311
8328319
8328337
8328343
8328361
8328377
8328389
8328401
8328409
8328413
8328427
8328443
8328449
8328451
8328493
8328511
8328527
8328547
8328557
8328571
8328577
8328583
8328611
8328629
8328637
8328659
8328667
8328673
8328679
8328689
8328701
8328731
8328743
8328751
8328769
8328839
8328841
8328847
8328851
8328871
8328877
8328893
8328899
8328913
8328919
8328923
8328941
8328949
8328961
8328977
8328979
8328989
8329037
8329043
8329063
8329067
8329073
8329091
8329093
8329103
8329127
8329129
8329141
8329157
8329187
8329193
8329213
8329241
8329247
8329253
8329267
8329309
8329313
8329327
8329333
8329361
8329379
8329393
8329397
8329411
8329423
8329441
8329471
8329493
8329501
8329537
8329553
8329567
8329577
8329589
8329597
8329603
8329637
8329661
8329691
8329693
8329709
8329747
8329759
8329819
8329823
8329829
8329837
8329859
8329891
8329901
8329903
8329907
8329913
8329927
8329939
8329969
8329987
8330009
8330027
8330039
8330053
8330059
8330081
8330087
8330111
8330137
8330167
8330207
8330213
8330237
8330239
8330299
8330353
8330363
8330369
8330383
8330389
8330401
8330407
8330411
8330423
8330437
8330467
8330479
8330507
8330521
8330549
8330557
8330563
8330591
8330603
8330617
8330639
8330659
8330677
8330689
8330701
8330753
8330771
8330779
8330789
8330827
8330837
8330851
8330857
8330893
8330923
8330929
8330947
8330963
8330983
8330989
8330999
8331007
8331019
8331047
8331061
8331097
8331131
8331137
8331163
8331181
8331203
8331209
8331217
8331223
8331227
8331263
8331269
8331287
8331289
8331299
8331307
8331317
8331347
8331371
8331397
8331409
8331413
8331431
8331473
8331493
8331509
8331523
8331527
8331539
8331571
8331593
8331599
8331607
8331629
8331641
8331647
8331667
8331679
8331689
8331691
8331749
8331761
8331767
8331811
8331857
8331871
8331877
8331881
8331889
8331907
8331923
8331943
8331977
8331997
8332007
8332021
8332043
8332073
8332081
8332099
8332111
8332133
8332139
8332169
8332171
8332213
8332217
8332223
8332231
8332237
8332249
8332267
8332277
8332283
8332297
8332319
8332327
8332339
8332351
8332361
8332403
8332409
8332427
8332529
8332531
8332537
8332543
8332547
8332549
8332559
8332561
8332579
8332613
8332651
8332663
8332673
8332679
8332691
8332699
8332729
8332759
8332763
8332777
8332789
8332817
8332823
8332829
8332837
8332843
8332847
8332859
8332861
8332867
8332879
8332897
8332913
8332921
8332937
8332939
8332967
8333033
8333047
8333051
8333069
8333071
8333113
8333119
8333131
8333167
8333183
8333197
8333231
8333239
8333257
8333261
8333279
8333309
8333323
8333329
8333363
8333371
8333387
8333401
8333407
8333431
8333441
8333447
8333453
8333459
8333471
8333489
8333531
8333557
8333579
8333581
8333593
8333599
8333603
8333623
8333629
8333651
8333657
8333671
8333683
8333687
8333707
8333729
8333737
8333747
8333749
8333779
8333803
8333807
8333821
8333839
8333861
8333891
8333911
8333957
8333987
8333999
8334013
8334019
8334041
8334043
8334047
8334077
8334101
8334173
8334187
8334241
8334259
8334269
8334283
8334299
8334307
8334311
8334323
8334343
8334367
8334377
8334379
8334383
8334413
8334433
8334449
8334457
8334461
8334481
8334493
8334497
8334499
8334527
8334553
8334563
8334569
8334581
8334587
8334617
8334631
8334661
8334701
8334707
8334713
8334719
8334721
8334751
8334757
8334773
8334779
8334791
8334829
8334841
8334847
8334889
8334899
8334917
8334929
8334959
8335003
8335007
8335031
8335043
8335057
8335073
8335081
8335087
8335097
8335099
8335123
8335153
8335157
8335183
8335189
8335237
8335241
8335273
8335279
8335289
8335297
8335337
8335387
8335409
8335417
8335427
8335447
8335451
8335463
8335487
8335489
8335519
8335529
8335531
8335543
8335549
8335553
8335567
8335571
8335577
8335583
8335597
8335609
8335633
8335643
8335703
8335709
8335721
8335727
8335739
8335741
8335753
8335771
8335781
8335793
8335799
8335837
8335849
8335853
8335879
8335883
8335903
8335909
8335991
8336011
8336017
8336047
8336057
8336059
8336071
8336087
8336093
8336101
8336113
8336131
8336147
8336173
8336183
8336197
8336201
8336213
8336227
8336267
8336291
8336297
8336299
8336329
8336333
8336347
8336357
8336387
8336411
8336413
8336467
8336479
8336491
8336501
8336513
8336519
8336533
8336569
8336591
8336593
8336597
8336599
8336617
8336621
8336639
8336651
8336663
8336677
8336683
8336701
8336747
8336753
8336767
8336771
8336777
8336789
8336849
8336873
8336893
8336917
8336921
8336927
8336941
8336957
8336963
8336983
8337013
8337019
8337023
8337031
8337061
8337071
8337079
8337103
8337127
8337137
8337149
8337151
8337167
8337179
8337187
8337209
8337221
8337223
8337229
8337269
8337281
8337289
8337319
8337323
8337331
8337347
8337379
8337383
8337421
8337451
8337457
8337491
8337499
8337509
8337517
8337607
8337611
8337619
8337629
8337643
8337647
8337653
8337689
8337709
8337727
8337731
8337773
8337811
8337817
8337859
8337863
8337869
8337881
8337887
8337893
8337899
8337919
8337947
8337971
8337991
8337997
8338009
8338021
8338037
8338049
8338067
8338073
8338079
8338091
8338103
8338111
8338123
8338139
8338147
8338153
8338171
8338181
8338199
8338219
8338237
8338241
8338247
8338261
8338271
8338289
8338301
8338303
8338307
8338333
8338339
8338361
8338367
8338373
8338387
8338409
8338417
8338423
8338481
8338523
8338537
8338553
8338559
8338601
8338613
8338637
8338643
8338651
8338667
8338669
8338709
8338751
8338763
8338793
8338817
8338819
8338829
8338849
8338859
8338871
8338873
8338877
8338933
8338943
8338961
8338963
8338987
8338991
8338999
8339017
8339039
8339057
8339063
8339077
8339117
8339131
8339159
8339167
8339203
8339239
8339273
8339281
8339297
8339321
8339339
8339399
8339407
8339411
8339413
8339437
8339449
8339453
8339489
8339491
8339519
8339521
8339533
8339543
8339561
8339563
8339581
8339587
8339599
8339621
8339623
8339627
8339629
8339657
8339663
8339677
8339693
8339701
8339711
8339717
8339729
8339743
8339761
8339767
8339801
8339819
8339831
8339857
8339867
8339887
8339909
8339939
8339941
8339957
8339971
8339983
8339987
8340041
8340043
8340049
8340061
8340071
8340091
8340119
8340121
8340127
8340131
8340161
8340169
8340173
8340187
8340223
8340247
8340257
8340301
8340307
8340317
8340337
8340341
8340349
8340401
8340403
8340419
8340433
8340443
8340473
8340509
8340517
8340529
8340533
8340593
8340611
8340613
8340623
8340637
8340641
8340679
8340691
8340721
8340733
8340749
8340781
8340793
8340803
8340811
8340817
8340821
8340833
8340841
8340847
8340851
8340853
8340877
8340887
8340911
8340961
8340967
8340977
8340989
8341001
8341013
8341027
8341051
8341063
8341117
8341121
8341129
8341153
8341187
8341211
8341213
8341217
8341259
8341261
8341303
8341309
8341313
8341337
8341349
8341351
8341363
8341369
8341379
8341381
8341393
8341397
8341427
8341451
8341453
8341457
8341477
8341481
8341499
8341507
8341517
8341523
8341537
8341559
8341561
8341591
8341601
8341603
8341631
8341643
8341649
8341657
8341667
8341721
8341727
8341757
8341769
8341777
8341789
8341813
8341831
8341841
8341843
8341859
8341873
8341877
8341891
8341897
8341913
8341919
8341943
8341961
8341967
8341973
8341979
8341981
8341987
8341997
8342011
8342017
8342029
8342051
8342093
8342101
8342119
8342137
8342141
8342143
8342149
8342153
8342167
8342179
8342183
8342203
8342219
8342239
8342251
8342267
8342293
8342303
8342329
8342333
8342339
8342351
8342357
8342377
8342381
8342407
8342431
8342437
8342447
8342483
8342507
8342519
8342531
8342549
8342561
8342567
8342569
8342573
8342617
8342647
8342651
8342669
8342681
8342687
8342693
8342759
8342779
8342791
8342809
8342821
8342827
8342837
8342839
8342857
8342861
8342879
8342933
8342941
8342947
8342959
8342977
8342993
8343029
8343037
8343047
8343053
8343059
8343079
8343091
8343119
8343121
8343133
8343143
8343169
8343173
8343199
8343211
8343221
8343233
8343239
8343253
8343263
8343289
8343301
8343317
8343323
8343341
8343343
8343353
8343359
8343373
8343383
8343403
8343407
8343431
8343469
8343479
8343499
8343523
8343529
8343571
8343589
8343593
8343613
8343653
8343659
8343667
8343703
8343781
8343791
8343809
8343857
8343859
8343877
8343887
8343899
8343911
8343941
8343943
8343947
8343961
8343971
8343989
8344001
8344013
8344043
8344057
8344067
8344069
8344087
8344099
8344117
8344121
8344123
8344139
8344151
8344153
8344157
8344159
8344163
8344169
8344187
8344213
8344253
8344283
8344289
8344313
8344319
8344327
8344337
8344367
8344387
8344403
8344481
8344493
8344507
8344513
8344541
8344577
8344597
8344601
8344621
8344627
8344631
8344657
8344681
8344697
8344717
8344733
8344759
8344793
8344799
8344811
8344829
8344867
8344871
8344873
8344891
8344913
8344927
8344961
8344979
8344993
8345023
8345027
8345033
8345039
8345041
8345083
8345087
8345089
8345101
8345119
8345153
8345167
8345171
8345173
8345177
8345189
8345191
8345203
8345219
8345279
8345291
8345299
8345303
8345321
8345333
8345339
8345353
8345357
8345371
8345377
8345399
8345413
8345423
8345429
8345431
8345459
8345473
8345489
8345501
8345549
8345581
8345599
8345621
8345633
8345651
8345663
8345669
8345723
8345737
8345747
8345761
8345767
8345773
8345791
8345801
8345809
8345819
8345833
8345839
8345891
8345917
8345923
8345927
8345951
8345969
8345971
8345983
8346011
8346029
8346047
8346049
8346077
8346097
8346101
8346103
8346157
8346181
8346197
8346209
8346211
8346227
8346241
8346251
8346253
8346311
There are 2176 prime numbers in S481.
