S483(8381017~8415792)
8381047
8381059
8381083
8381123
8381143
8381159
8381161
8381183
8381207
8381209
8381227
8381237
8381267
8381291
8381293
8381309
8381311
8381333
8381341
8381353
8381371
8381393
8381437
8381447
8381449
8381467
8381497
8381531
8381533
8381537
8381539
8381543
8381627
8381669
8381693
8381699
8381707
8381719
8381777
8381801
8381803
8381809
8381819
8381843
8381881
8381887
8381903
8381909
8381927
8381941
8381951
8381963
8381977
8381981
8381987
8381993
8382007
8382013
8382053
8382067
8382083
8382089
8382107
8382113
8382133
8382149
8382151
8382167
8382181
8382197
8382203
8382223
8382229
8382233
8382259
8382263
8382277
8382289
8382299
8382323
8382349
8382359
8382379
8382389
8382433
8382443
8382457
8382467
8382481
8382499
8382503
8382509
8382523
8382527
8382529
8382541
8382551
8382587
8382589
8382593
8382607
8382623
8382637
8382707
8382709
8382713
8382719
8382727
8382739
8382767
8382797
8382811
8382823
8382841
8382859
8382877
8382919
8382929
8382937
8382949
8382953
8382977
8383007
8383013
8383019
8383021
8383027
8383033
8383069
8383087
8383093
8383097
8383099
8383103
8383163
8383171
8383213
8383217
8383223
8383267
8383283
8383289
8383301
8383327
8383367
8383379
8383391
8383429
8383433
8383439
8383457
8383469
8383471
8383481
8383483
8383489
8383493
8383511
8383513
8383519
8383537
8383553
8383577
8383589
8383591
8383603
8383619
8383621
8383631
8383649
8383673
8383709
8383741
8383757
8383759
8383787
8383789
8383801
8383819
8383829
8383847
8383861
8383897
8383939
8383961
8384003
8384021
8384041
8384053
8384059
8384071
8384083
8384087
8384093
8384107
8384119
8384141
8384143
8384147
8384209
8384221
8384227
8384239
8384251
8384273
8384279
8384287
8384293
8384297
8384309
8384317
8384323
8384347
8384357
8384381
8384399
8384401
8384419
8384429
8384449
8384479
8384501
8384503
8384531
8384543
8384591
8384611
8384639
8384641
8384671
8384687
8384693
8384711
8384729
8384749
8384767
8384771
8384773
8384797
8384813
8384819
8384821
8384839
8384843
8384863
8384867
8384881
8384891
8384923
8384933
8384969
8384989
8384993
8385001
8385049
8385059
8385071
8385073
8385101
8385103
8385107
8385109
8385119
8385161
8385211
8385217
8385239
8385253
8385277
8385281
8385331
8385337
8385341
8385371
8385373
8385383
8385389
8385397
8385427
8385431
8385439
8385451
8385457
8385463
8385497
8385499
8385511
8385521
8385523
8385529
8385551
8385557
8385563
8385577
8385581
8385589
8385649
8385667
8385677
8385679
8385691
8385701
8385719
8385721
8385733
8385737
8385749
8385757
8385761
8385763
8385781
8385803
8385809
8385827
8385833
8385863
8385877
8385887
8385889
8385893
8385917
8385931
8385983
8385991
8385997
8386019
8386033
8386039
8386067
8386073
8386123
8386129
8386141
8386153
8386177
8386193
8386207
8386211
8386223
8386229
8386267
8386289
8386291
8386303
8386327
8386331
8386373
8386379
8386387
8386409
8386439
8386447
8386471
8386493
8386501
8386507
8386529
8386541
8386549
8386571
8386579
8386601
8386603
8386639
8386669
8386711
8386723
8386739
8386757
8386759
8386769
8386817
8386823
8386883
8386913
8386921
8386943
8386949
8386979
8387023
8387033
8387047
8387053
8387063
8387077
8387089
8387101
8387117
8387129
8387131
8387147
8387149
8387153
8387167
8387173
8387191
8387219
8387221
8387231
8387243
8387251
8387297
8387311
8387339
8387369
8387371
8387377
8387413
8387437
8387447
8387471
8387473
8387501
8387507
8387513
8387539
8387543
8387557
8387563
8387581
8387591
8387609
8387611
8387671
8387707
8387723
8387737
8387741
8387807
8387809
8387831
8387839
8387857
8387861
8387867
8387879
8387891
8387917
8387921
8387933
8387947
8387957
8387959
8387993
8387999
8388013
8388019
8388059
8388071
8388091
8388109
8388113
8388187
8388209
8388239
8388277
8388283
8388287
8388301
8388319
8388371
8388377
8388409
8388421
8388427
8388439
8388449
8388451
8388461
8388473
8388539
8388547
8388571
8388581
8388587
8388593
8388617
8388619
8388623
8388637
8388673
8388683
8388691
8388697
8388733
8388739
8388761
8388763
8388791
8388811
8388833
8388841
8388857
8388881
8388901
8388923
8388929
8388949
8388953
8388971
8389001
8389019
8389027
8389039
8389057
8389061
8389063
8389079
8389081
8389093
8389099
8389103
8389111
8389123
8389141
8389153
8389159
8389163
8389187
8389201
8389219
8389231
8389237
8389261
8389301
8389309
8389351
8389361
8389373
8389441
8389463
8389489
8389501
8389519
8389523
8389541
8389553
8389559
8389567
8389603
8389607
8389651
8389657
8389669
8389679
8389681
8389691
8389699
8389709
8389727
8389769
8389781
8389783
8389793
8389813
8389819
8389837
8389877
8389883
8389897
8389907
8389919
8389921
8389937
8389939
8389943
8389949
8389951
8389957
8389967
8389973
8390021
8390029
8390047
8390051
8390069
8390089
8390093
8390143
8390183
8390219
8390227
8390233
8390257
8390273
8390287
8390303
8390311
8390323
8390329
8390351
8390359
8390399
8390413
8390441
8390443
8390467
8390471
8390479
8390497
8390513
8390531
8390539
8390549
8390587
8390593
8390623
8390663
8390671
8390687
8390713
8390717
8390729
8390731
8390737
8390743
8390747
8390771
8390779
8390783
8390819
8390857
8390861
8390867
8390869
8390873
8390909
8390927
8390939
8390959
8390981
8390999
8391001
8391011
8391023
8391037
8391073
8391079
8391083
8391109
8391127
8391137
8391151
8391197
8391199
8391209
8391211
8391223
8391263
8391283
8391287
8391289
8391323
8391337
8391349
8391377
8391401
8391413
8391433
8391443
8391457
8391463
8391479
8391491
8391499
8391517
8391533
8391553
8391577
8391589
8391623
8391641
8391653
8391667
8391679
8391697
8391707
8391737
8391739
8391743
8391767
8391769
8391791
8391797
8391809
8391811
8391841
8391893
8391919
8391937
8391947
8391949
8391959
8391997
8392037
8392039
8392051
8392061
8392063
8392093
8392099
8392123
8392133
8392141
8392147
8392157
8392177
8392193
8392207
8392211
8392231
8392261
8392277
8392283
8392291
8392301
8392327
8392333
8392361
8392387
8392411
8392421
8392453
8392463
8392477
8392481
8392499
8392507
8392511
8392519
8392561
8392597
8392607
8392619
8392633
8392639
8392651
8392669
8392693
8392721
8392739
8392753
8392763
8392793
8392799
8392817
8392819
8392829
8392831
8392843
8392897
8392903
8392933
8392949
8392961
8392997
8393017
8393057
8393059
8393107
8393111
8393171
8393179
8393243
8393249
8393251
8393263
8393279
8393293
8393309
8393311
8393347
8393351
8393353
8393381
8393389
8393419
8393423
8393431
8393443
8393447
8393491
8393509
8393519
8393533
8393543
8393569
8393599
8393603
8393629
8393633
8393639
8393647
8393669
8393677
8393711
8393717
8393741
8393747
8393761
8393773
8393813
8393821
8393849
8393863
8393867
8393881
8393887
8393893
8393899
8393911
8393923
8393929
8393941
8393947
8393951
8393969
8393977
8393993
8393999
8394013
8394017
8394037
8394041
8394049
8394083
8394091
8394097
8394109
8394121
8394151
8394161
8394163
8394173
8394187
8394223
8394251
8394263
8394289
8394293
8394307
8394317
8394359
8394361
8394377
8394383
8394403
8394433
8394437
8394439
8394467
8394469
8394487
8394493
8394499
8394509
8394539
8394541
8394557
8394559
8394577
8394593
8394613
8394643
8394667
8394679
8394689
8394691
8394721
8394733
8394739
8394779
8394797
8394803
8394851
8394863
8394887
8394907
8394913
8394917
8394943
8394983
8395021
8395027
8395031
8395043
8395061
8395067
8395087
8395091
8395097
8395129
8395133
8395151
8395193
8395199
8395217
8395237
8395241
8395243
8395249
8395267
8395273
8395291
8395313
8395319
8395339
8395349
8395351
8395357
8395381
8395403
8395441
8395487
8395489
8395493
8395531
8395601
8395619
8395627
8395631
8395643
8395649
8395669
8395721
8395733
8395741
8395747
8395753
8395757
8395769
8395799
8395801
8395811
8395813
8395817
8395847
8395867
8395913
8395931
8395951
8395957
8395973
8395991
8395997
8396023
8396027
8396039
8396057
8396093
8396107
8396111
8396117
8396131
8396149
8396177
8396189
8396243
8396263
8396279
8396281
8396291
8396321
8396329
8396369
8396371
8396383
8396411
8396413
8396429
8396441
8396483
8396491
8396497
8396519
8396569
8396581
8396599
8396617
8396639
8396693
8396699
8396719
8396741
8396761
8396767
8396777
8396779
8396783
8396789
8396797
8396807
8396809
8396813
8396819
8396849
8396873
8396881
8396951
8396953
8396977
8396981
8396987
8397007
8397017
8397019
8397023
8397041
8397073
8397079
8397091
8397097
8397101
8397119
8397121
8397131
8397149
8397157
8397197
8397209
8397217
8397223
8397227
8397283
8397287
8397307
8397313
8397317
8397329
8397331
8397353
8397377
8397379
8397391
8397397
8397419
8397421
8397437
8397457
8397509
8397523
8397533
8397539
8397547
8397583
8397611
8397619
8397629
8397709
8397721
8397751
8397761
8397793
8397803
8397817
8397827
8397839
8397841
8397859
8397863
8397877
8397887
8397901
8397947
8397959
8397971
8398003
8398021
8398067
8398069
8398097
8398111
8398141
8398147
8398177
8398183
8398193
8398199
8398207
8398211
8398217
8398231
8398267
8398277
8398301
8398321
8398337
8398339
8398343
8398349
8398387
8398393
8398409
8398421
8398447
8398451
8398471
8398483
8398531
8398543
8398547
8398553
8398567
8398601
8398619
8398633
8398673
8398679
8398721
8398739
8398757
8398769
8398787
8398801
8398811
8398877
8398879
8398883
8398903
8398909
8398913
8398921
8398927
8398937
8398961
8398967
8398993
8398997
8399011
8399021
8399057
8399077
8399081
8399093
8399099
8399101
8399107
8399119
8399123
8399129
8399141
8399189
8399191
8399231
8399239
8399243
8399257
8399263
8399267
8399291
8399297
8399317
8399381
8399401
8399423
8399429
8399437
8399441
8399459
8399477
8399483
8399497
8399519
8399533
8399551
8399561
8399563
8399569
8399593
8399603
8399621
8399627
8399641
8399659
8399687
8399689
8399701
8399707
8399719
8399737
8399773
8399779
8399837
8399861
8399863
8399873
8399893
8399927
8399953
8399987
8400011
8400019
8400031
8400043
8400047
8400059
8400061
8400079
8400097
8400131
8400143
8400157
8400167
8400211
8400229
8400233
8400247
8400251
8400253
8400269
8400283
8400311
8400317
8400319
8400323
8400373
8400377
8400409
8400419
8400433
8400439
8400461
8400481
8400529
8400563
8400569
8400571
8400593
8400617
8400619
8400629
8400631
8400647
8400653
8400673
8400683
8400697
8400701
8400709
8400713
8400731
8400751
8400757
8400761
8400797
8400811
8400823
8400829
8400841
8400851
8400853
8400883
8400901
8400919
8400937
8400943
8400967
8400971
8400979
8401013
8401027
8401033
8401037
8401051
8401061
8401087
8401117
8401121
8401147
8401153
8401157
8401193
8401199
8401201
8401207
8401219
8401241
8401243
8401259
8401273
8401277
8401291
8401301
8401303
8401313
8401321
8401339
8401357
8401361
8401381
8401397
8401409
8401411
8401427
8401429
8401447
8401457
8401513
8401529
8401531
8401537
8401543
8401559
8401573
8401633
8401637
8401639
8401661
8401681
8401699
8401703
8401709
8401717
8401721
8401741
8401759
8401763
8401769
8401787
8401801
8401807
8401873
8401901
8401907
8401919
8401949
8401963
8401973
8401993
8401999
8402027
8402033
8402039
8402041
8402057
8402077
8402099
8402111
8402159
8402179
8402183
8402197
8402221
8402279
8402309
8402311
8402327
8402357
8402363
8402371
8402399
8402413
8402419
8402453
8402473
8402477
8402479
8402491
8402497
8402507
8402509
8402531
8402543
8402561
8402593
8402609
8402623
8402627
8402629
8402633
8402651
8402657
8402683
8402687
8402711
8402717
8402747
8402749
8402791
8402803
8402831
8402833
8402857
8402861
8402917
8402951
8402963
8402969
8402971
8403029
8403053
8403061
8403067
8403079
8403089
8403091
8403121
8403133
8403167
8403179
8403217
8403221
8403223
8403247
8403259
8403277
8403289
8403323
8403331
8403337
8403383
8403391
8403419
8403431
8403481
8403509
8403517
8403557
8403583
8403587
8403599
8403623
8403641
8403677
8403679
8403683
8403691
8403709
8403721
8403727
8403761
8403779
8403803
8403817
8403827
8403841
8403853
8403869
8403917
8403931
8403943
8403959
8403977
8404013
8404021
8404111
8404127
8404141
8404183
8404189
8404219
8404237
8404241
8404243
8404247
8404259
8404283
8404301
8404313
8404337
8404339
8404343
8404351
8404381
8404387
8404411
8404427
8404433
8404463
8404469
8404489
8404531
8404553
8404597
8404603
8404619
8404639
8404673
8404679
8404703
8404717
8404741
8404771
8404777
8404787
8404789
8404807
8404819
8404849
8404871
8404873
8404901
8404927
8404939
8404951
8404969
8404993
8404997
8405003
8405029
8405063
8405077
8405101
8405149
8405153
8405183
8405197
8405203
8405207
8405209
8405219
8405227
8405233
8405261
8405263
8405269
8405297
8405329
8405333
8405347
8405377
8405393
8405407
8405417
8405431
8405461
8405471
8405473
8405479
8405483
8405489
8405491
8405503
8405513
8405519
8405567
8405587
8405591
8405609
8405627
8405629
8405647
8405651
8405669
8405689
8405711
8405713
8405723
8405759
8405773
8405777
8405807
8405843
8405849
8405851
8405863
8405899
8405921
8405951
8405977
8406001
8406043
8406049
8406059
8406061
8406071
8406077
8406089
8406103
8406127
8406161
8406173
8406191
8406193
8406221
8406253
8406283
8406287
8406337
8406367
8406439
8406473
8406479
8406481
8406509
8406527
8406529
8406539
8406547
8406553
8406577
8406583
8406631
8406637
8406649
8406667
8406689
8406719
8406737
8406773
8406779
8406787
8406791
8406793
8406809
8406817
8406829
8406841
8406847
8406901
8406917
8406919
8406941
8406967
8406971
8406977
8406991
8407001
8407037
8407067
8407073
8407079
8407099
8407109
8407111
8407117
8407123
8407141
8407151
8407159
8407171
8407183
8407199
8407211
8407229
8407237
8407249
8407261
8407271
8407283
8407297
8407307
8407309
8407331
8407349
8407363
8407379
8407381
8407387
8407391
8407409
8407423
8407433
8407439
8407453
8407459
8407471
8407513
8407523
8407573
8407579
8407591
8407613
8407643
8407649
8407657
8407667
8407699
8407723
8407753
8407757
8407771
8407837
8407849
8407871
8407879
8407907
8407909
8407943
8407951
8407957
8407961
8407967
8407969
8407981
8408003
8408009
8408017
8408039
8408053
8408069
8408083
8408093
8408111
8408117
8408129
8408131
8408137
8408143
8408189
8408227
8408233
8408237
8408261
8408273
8408293
8408297
8408327
8408329
8408333
8408339
8408341
8408357
8408371
8408377
8408399
8408401
8408429
8408437
8408447
8408461
8408513
8408537
8408549
8408563
8408573
8408597
8408599
8408623
8408641
8408663
8408677
8408683
8408689
8408707
8408711
8408713
8408747
8408767
8408791
8408801
8408819
8408831
8408837
8408867
8408891
8408893
8408903
8408921
8408929
8408941
8408971
8408989
8408993
8409019
8409041
8409047
8409061
8409073
8409097
8409119
8409127
8409133
8409173
8409179
8409187
8409227
8409239
8409263
8409281
8409307
8409319
8409353
8409377
8409383
8409403
8409409
8409413
8409433
8409437
8409439
8409473
8409481
8409491
8409493
8409497
8409523
8409529
8409581
8409593
8409601
8409613
8409617
8409637
8409671
8409689
8409691
8409719
8409721
8409829
8409839
8409857
8409871
8409889
8409899
8409931
8409941
8410001
8410013
8410033
8410057
8410079
8410081
8410097
8410099
8410109
8410117
8410139
8410151
8410153
8410183
8410187
8410201
8410229
8410231
8410271
8410279
8410301
8410313
8410343
8410349
8410351
8410397
8410399
8410421
8410429
8410439
8410459
8410463
8410471
8410487
8410489
8410511
8410531
8410537
8410543
8410583
8410607
8410613
8410643
8410651
8410679
8410681
8410691
8410723
8410739
8410763
8410769
8410793
8410799
8410811
8410813
8410819
8410849
8410859
8410861
8410921
8410943
8410991
8410999
8411009
8411017
8411021
8411023
8411033
8411059
8411069
8411071
8411089
8411111
8411119
8411149
8411171
8411197
8411201
8411231
8411233
8411237
8411267
8411269
8411287
8411297
8411317
8411327
8411329
8411339
8411341
8411371
8411383
8411387
8411393
8411407
8411419
8411443
8411467
8411477
8411483
8411489
8411521
8411539
8411551
8411563
8411567
8411573
8411587
8411593
8411597
8411603
8411621
8411677
8411681
8411693
8411713
8411723
8411759
8411761
8411791
8411797
8411849
8411869
8411873
8411911
8411969
8411971
8411981
8411993
8412017
8412023
8412031
8412049
8412077
8412101
8412109
8412119
8412121
8412137
8412139
8412143
8412149
8412163
8412167
8412169
8412221
8412223
8412241
8412251
8412259
8412277
8412281
8412289
8412311
8412317
8412329
8412347
8412367
8412379
8412401
8412409
8412451
8412461
8412479
8412487
8412493
8412499
8412527
8412529
8412533
8412539
8412553
8412617
8412623
8412629
8412643
8412673
8412683
8412707
8412709
8412769
8412793
8412799
8412809
8412823
8412851
8412853
8412857
8412881
8412883
8412889
8412923
8412961
8412967
8412973
8412979
8412983
8413001
8413007
8413021
8413037
8413043
8413051
8413057
8413073
8413087
8413099
8413109
8413133
8413151
8413157
8413187
8413201
8413211
8413243
8413247
8413271
8413289
8413291
8413309
8413313
8413373
8413403
8413411
8413417
8413439
8413463
8413477
8413499
8413511
8413519
8413543
8413549
8413553
8413597
8413609
8413619
8413631
8413649
8413661
8413663
8413687
8413693
8413721
8413723
8413729
8413739
8413747
8413777
8413781
8413807
8413829
8413831
8413841
8413843
8413849
8413859
8413891
8413921
8413957
8413981
8414009
8414011
8414023
8414027
8414039
8414057
8414069
8414083
8414117
8414137
8414141
8414171
8414177
8414191
8414213
8414233
8414243
8414257
8414293
8414309
8414311
8414347
8414353
8414381
8414383
8414387
8414443
8414449
8414453
8414479
8414531
8414533
8414537
8414543
8414557
8414561
8414579
8414617
8414621
8414641
8414647
8414657
8414699
8414723
8414737
8414743
8414753
8414761
8414773
8414797
8414807
8414831
8414837
8414839
8414851
8414867
8414869
8414897
8414899
8414911
8414957
8415023
8415031
8415037
8415049
8415053
8415059
8415061
8415067
8415083
8415089
8415091
8415101
8415103
8415109
8415137
8415139
8415149
8415151
8415163
8415193
8415241
8415257
8415259
8415293
8415301
8415331
8415343
8415359
8415361
8415383
8415403
8415413
8415419
8415427
8415431
8415439
8415457
8415467
8415469
8415497
8415503
8415509
8415541
8415553
8415557
8415577
8415581
8415587
8415599
8415611
8415637
8415653
8415661
8415691
8415703
8415709
8415733
8415739
8415763
8415767
There are 2189 prime numbers in S483.
