S484(8415793~8450640)
8415793
8415809
8415857
8415863
8415889
8415893
8415919
8415941
8415959
8415991
8415997
8416007
8416013
8416019
8416021
8416049
8416081
8416087
8416099
8416123
8416129
8416141
8416147
8416171
8416189
8416223
8416249
8416253
8416267
8416273
8416301
8416313
8416327
8416333
8416349
8416361
8416363
8416381
8416391
8416393
8416403
8416451
8416481
8416483
8416511
8416561
8416567
8416591
8416621
8416627
8416637
8416651
8416657
8416663
8416669
8416673
8416693
8416697
8416721
8416747
8416769
8416799
8416813
8416817
8416879
8416937
8416951
8417021
8417029
8417033
8417051
8417063
8417069
8417077
8417081
8417131
8417137
8417147
8417153
8417173
8417203
8417231
8417237
8417243
8417267
8417273
8417327
8417347
8417351
8417359
8417377
8417393
8417401
8417449
8417489
8417503
8417527
8417579
8417593
8417623
8417641
8417657
8417659
8417677
8417681
8417683
8417693
8417699
8417711
8417719
8417729
8417749
8417791
8417807
8417821
8417891
8417911
8417921
8417963
8417971
8417987
8417993
8417999
8418001
8418013
8418017
8418031
8418037
8418041
8418049
8418071
8418089
8418097
8418101
8418103
8418107
8418119
8418127
8418133
8418139
8418169
8418173
8418187
8418199
8418209
8418211
8418227
8418233
8418251
8418259
8418271
8418283
8418313
8418317
8418331
8418337
8418341
8418343
8418359
8418373
8418379
8418409
8418413
8418457
8418469
8418481
8418493
8418503
8418511
8418521
8418547
8418559
8418563
8418581
8418589
8418601
8418623
8418643
8418659
8418661
8418673
8418677
8418719
8418779
8418797
8418803
8418847
8418857
8418863
8418901
8418913
8418923
8418929
8418937
8418941
8418979
8419039
8419049
8419067
8419069
8419079
8419087
8419121
8419141
8419181
8419183
8419207
8419231
8419237
8419249
8419277
8419283
8419297
8419303
8419319
8419331
8419343
8419351
8419361
8419363
8419373
8419381
8419399
8419417
8419423
8419429
8419441
8419447
8419457
8419459
8419469
8419511
8419513
8419519
8419531
8419547
8419549
8419553
8419559
8419571
8419591
8419597
8419613
8419651
8419661
8419727
8419751
8419759
8419783
8419813
8419843
8419861
8419867
8419877
8419919
8419927
8419933
8419967
8419987
8419993
8420029
8420051
8420119
8420123
8420149
8420171
8420183
8420197
8420207
8420221
8420233
8420239
8420261
8420263
8420273
8420281
8420311
8420317
8420327
8420351
8420393
8420407
8420413
8420441
8420443
8420449
8420453
8420483
8420509
8420519
8420521
8420543
8420563
8420569
8420597
8420603
8420651
8420653
8420669
8420677
8420681
8420749
8420771
8420773
8420801
8420821
8420827
8420833
8420837
8420843
8420869
8420887
8420891
8420897
8420903
8420917
8420927
8420939
8420953
8420957
8420959
8420969
8420977
8420983
8421041
8421067
8421071
8421079
8421143
8421167
8421173
8421187
8421191
8421209
8421227
8421229
8421241
8421251
8421403
8421407
8421419
8421463
8421487
8421493
8421509
8421529
8421547
8421557
8421559
8421563
8421577
8421587
8421619
8421641
8421653
8421697
8421701
8421709
8421713
8421727
8421733
8421737
8421757
8421773
8421779
8421793
8421799
8421821
8421823
8421827
8421839
8421857
8421877
8421901
8421911
8421923
8421929
8421961
8421971
8421983
8421989
8421991
8422019
8422027
8422033
8422039
8422061
8422067
8422079
8422133
8422153
8422181
8422201
8422213
8422217
8422223
8422231
8422237
8422241
8422243
8422247
8422279
8422303
8422307
8422313
8422333
8422357
8422387
8422399
8422411
8422451
8422457
8422459
8422471
8422481
8422489
8422493
8422501
8422511
8422543
8422549
8422559
8422571
8422573
8422597
8422627
8422649
8422691
8422703
8422723
8422727
8422741
8422747
8422751
8422763
8422783
8422787
8422811
8422831
8422859
8422867
8422873
8422877
8422879
8422913
8422927
8422949
8422993
8423027
8423029
8423057
8423071
8423111
8423113
8423117
8423153
8423167
8423179
8423201
8423209
8423231
8423249
8423257
8423263
8423269
8423281
8423321
8423323
8423329
8423333
8423353
8423357
8423377
8423407
8423419
8423423
8423447
8423461
8423473
8423477
8423507
8423549
8423563
8423603
8423617
8423621
8423651
8423663
8423671
8423683
8423699
8423711
8423729
8423731
8423759
8423777
8423791
8423797
8423801
8423803
8423867
8423879
8423887
8423893
8423903
8423923
8423927
8423929
8423953
8423999
8424019
8424023
8424029
8424041
8424047
8424067
8424071
8424077
8424089
8424103
8424109
8424121
8424131
8424137
8424151
8424179
8424193
8424209
8424211
8424287
8424289
8424293
8424307
8424319
8424331
8424341
8424349
8424359
8424389
8424397
8424407
8424439
8424443
8424457
8424487
8424497
8424499
8424539
8424569
8424589
8424593
8424599
8424623
8424659
8424667
8424677
8424683
8424697
8424701
8424727
8424763
8424769
8424817
8424841
8424853
8424869
8424883
8424887
8424917
8424919
8424973
8425057
8425097
8425103
8425111
8425133
8425169
8425171
8425177
8425181
8425187
8425237
8425243
8425253
8425279
8425289
8425309
8425321
8425327
8425331
8425423
8425427
8425433
8425447
8425453
8425519
8425537
8425553
8425577
8425589
8425621
8425657
8425663
8425667
8425673
8425679
8425687
8425691
8425717
8425741
8425777
8425799
8425811
8425841
8425847
8425861
8425871
8425877
8425883
8425891
8425909
8425913
8425919
8425927
8425939
8425943
8425997
8426009
8426021
8426023
8426039
8426059
8426087
8426107
8426123
8426147
8426149
8426161
8426179
8426183
8426189
8426221
8426227
8426261
8426263
8426287
8426381
8426393
8426399
8426413
8426419
8426449
8426461
8426477
8426497
8426503
8426507
8426521
8426527
8426549
8426563
8426567
8426569
8426591
8426599
8426603
8426641
8426647
8426651
8426669
8426701
8426731
8426767
8426797
8426801
8426819
8426827
8426863
8426893
8426897
8426903
8426939
8426953
8426969
8426983
8426989
8427031
8427043
8427049
8427077
8427103
8427109
8427113
8427161
8427163
8427173
8427191
8427217
8427233
8427247
8427271
8427283
8427299
8427311
8427323
8427337
8427401
8427403
8427413
8427437
8427439
8427449
8427467
8427481
8427491
8427521
8427533
8427539
8427557
8427569
8427581
8427599
8427607
8427647
8427667
8427701
8427707
8427721
8427739
8427751
8427761
8427779
8427781
8427787
8427791
8427803
8427833
8427841
8427851
8427907
8427911
8427929
8427931
8427941
8427953
8427961
8427977
8428003
8428031
8428037
8428061
8428081
8428099
8428139
8428157
8428159
8428163
8428169
8428171
8428201
8428213
8428237
8428289
8428291
8428297
8428307
8428313
8428319
8428333
8428337
8428351
8428363
8428391
8428393
8428403
8428417
8428421
8428423
8428439
8428471
8428477
8428487
8428501
8428513
8428517
8428547
8428591
8428601
8428613
8428631
8428633
8428661
8428663
8428687
8428691
8428697
8428703
8428709
8428729
8428759
8428769
8428789
8428793
8428811
8428867
8428873
8428891
8428897
8428909
8428943
8428949
8428967
8428969
8429011
8429051
8429089
8429123
8429131
8429143
8429147
8429167
8429171
8429189
8429209
8429233
8429243
8429249
8429257
8429329
8429341
8429411
8429423
8429429
8429437
8429453
8429479
8429503
8429527
8429539
8429573
8429579
8429581
8429587
8429593
8429609
8429621
8429627
8429639
8429657
8429669
8429689
8429693
8429699
8429717
8429731
8429741
8429761
8429767
8429789
8429797
8429831
8429833
8429851
8429867
8429893
8429917
8429947
8429957
8429959
8429963
8430013
8430031
8430041
8430049
8430067
8430073
8430089
8430137
8430143
8430151
8430203
8430217
8430251
8430263
8430299
8430311
8430341
8430349
8430353
8430377
8430391
8430427
8430439
8430449
8430467
8430473
8430479
8430491
8430493
8430511
8430517
8430529
8430577
8430599
8430613
8430649
8430659
8430679
8430683
8430689
8430701
8430713
8430727
8430731
8430739
8430757
8430769
8430787
8430803
8430833
8430893
8430913
8430937
8430941
8431013
8431021
8431051
8431061
8431063
8431067
8431069
8431097
8431103
8431109
8431123
8431127
8431169
8431211
8431243
8431289
8431327
8431331
8431351
8431369
8431393
8431417
8431441
8431447
8431453
8431469
8431487
8431499
8431519
8431529
8431543
8431559
8431567
8431583
8431589
8431607
8431627
8431637
8431651
8431667
8431673
8431679
8431697
8431723
8431729
8431733
8431739
8431751
8431769
8431793
8431799
8431811
8431817
8431831
8431849
8431861
8431897
8431901
8431903
8431909
8431931
8431933
8431963
8431979
8431981
8431987
8431993
8432003
8432033
8432057
8432071
8432087
8432089
8432117
8432147
8432161
8432167
8432197
8432201
8432231
8432239
8432251
8432261
8432267
8432269
8432297
8432309
8432311
8432321
8432327
8432387
8432401
8432407
8432441
8432443
8432453
8432461
8432471
8432477
8432497
8432509
8432521
8432531
8432537
8432573
8432581
8432587
8432617
8432621
8432623
8432647
8432653
8432659
8432681
8432689
8432719
8432737
8432747
8432759
8432783
8432791
8432797
8432807
8432813
8432819
8432843
8432849
8432861
8432873
8432909
8432917
8432923
8432933
8432951
8432959
8432981
8432987
8432993
8433011
8433043
8433059
8433079
8433101
8433107
8433109
8433119
8433121
8433133
8433143
8433193
8433211
8433233
8433247
8433253
8433259
8433263
8433319
8433367
8433407
8433409
8433443
8433449
8433463
8433493
8433497
8433517
8433527
8433559
8433613
8433619
8433631
8433641
8433661
8433671
8433673
8433697
8433703
8433707
8433769
8433779
8433787
8433797
8433839
8433863
8433869
8433871
8433899
8433913
8433917
8433941
8433947
8433959
8433973
8434003
8434007
8434021
8434037
8434073
8434079
8434087
8434141
8434171
8434177
8434189
8434199
8434213
8434219
8434243
8434253
8434259
8434289
8434297
8434337
8434351
8434357
8434379
8434403
8434427
8434453
8434477
8434501
8434513
8434523
8434607
8434609
8434637
8434691
8434693
8434733
8434753
8434763
8434787
8434793
8434799
8434819
8434823
8434843
8434847
8434861
8434891
8434901
8434903
8434913
8434957
8434963
8434967
8434991
8434999
8435047
8435051
8435057
8435071
8435081
8435083
8435117
8435129
8435159
8435173
8435191
8435197
8435209
8435237
8435243
8435257
8435261
8435269
8435291
8435293
8435303
8435309
8435311
8435333
8435341
8435347
8435351
8435359
8435377
8435389
8435431
8435437
8435459
8435473
8435477
8435489
8435521
8435527
8435551
8435561
8435573
8435579
8435591
8435599
8435633
8435659
8435681
8435711
8435719
8435729
8435731
8435743
8435747
8435759
8435797
8435821
8435827
8435831
8435849
8435887
8435891
8435899
8435929
8435939
8435941
8435951
8435969
8435971
8436017
8436023
8436031
8436047
8436067
8436073
8436079
8436083
8436137
8436143
8436151
8436167
8436179
8436191
8436217
8436271
8436277
8436287
8436293
8436319
8436353
8436367
8436397
8436401
8436409
8436431
8436451
8436457
8436473
8436479
8436499
8436503
8436509
8436517
8436541
8436569
8436581
8436599
8436601
8436613
8436671
8436679
8436689
8436713
8436731
8436739
8436749
8436751
8436763
8436781
8436797
8436809
8436821
8436877
8436889
8436899
8436907
8436917
8436937
8436949
8436959
8436977
8436979
8436983
8436997
8437063
8437069
8437081
8437087
8437127
8437129
8437133
8437153
8437171
8437181
8437183
8437201
8437211
8437213
8437217
8437223
8437241
8437259
8437291
8437307
8437309
8437327
8437357
8437367
8437379
8437391
8437399
8437409
8437411
8437421
8437433
8437447
8437453
8437489
8437493
8437519
8437529
8437537
8437543
8437553
8437601
8437609
8437621
8437631
8437669
8437727
8437733
8437771
8437777
8437783
8437789
8437837
8437861
8437879
8437883
8437889
8437901
8437903
8437909
8437931
8437939
8437943
8437951
8437969
8437973
8437991
8438011
8438041
8438083
8438093
8438099
8438117
8438119
8438123
8438141
8438161
8438173
8438201
8438207
8438281
8438303
8438323
8438327
8438329
8438351
8438359
8438371
8438377
8438387
8438399
8438407
8438429
8438459
8438467
8438473
8438483
8438503
8438513
8438519
8438531
8438533
8438567
8438587
8438609
8438629
8438653
8438657
8438659
8438663
8438699
8438741
8438753
8438761
8438779
8438813
8438863
8438909
8438917
8438921
8438929
8438951
8438957
8438959
8438977
8438981
8439007
8439043
8439049
8439061
8439073
8439103
8439133
8439143
8439149
8439163
8439187
8439199
8439209
8439217
8439241
8439251
8439269
8439271
8439281
8439307
8439323
8439341
8439383
8439437
8439443
8439449
8439467
8439469
8439479
8439499
8439503
8439517
8439547
8439569
8439577
8439581
8439583
8439601
8439617
8439619
8439637
8439647
8439659
8439707
8439709
8439713
8439721
8439751
8439763
8439791
8439817
8439859
8439887
8439889
8439901
8439947
8439953
8439961
8439989
8440031
8440037
8440043
8440063
8440097
8440139
8440147
8440183
8440193
8440207
8440231
8440249
8440259
8440291
8440319
8440321
8440331
8440343
8440357
8440361
8440373
8440391
8440423
8440429
8440441
8440457
8440499
8440507
8440511
8440529
8440559
8440561
8440567
8440571
8440577
8440591
8440603
8440613
8440637
8440639
8440667
8440669
8440673
8440703
8440739
8440787
8440799
8440811
8440813
8440819
8440841
8440853
8440877
8440889
8440907
8440919
8440961
8440963
8440969
8440973
8440979
8441009
8441011
8441033
8441057
8441077
8441087
8441089
8441099
8441101
8441107
8441137
8441221
8441227
8441243
8441249
8441273
8441311
8441327
8441347
8441359
8441369
8441399
8441413
8441423
8441431
8441497
8441519
8441527
8441539
8441557
8441569
8441603
8441617
8441633
8441651
8441663
8441669
8441677
8441701
8441731
8441737
8441749
8441761
8441767
8441789
8441791
8441801
8441821
8441831
8441837
8441857
8441863
8441869
8441969
8442011
8442029
8442043
8442059
8442079
8442089
8442097
8442107
8442121
8442131
8442151
8442157
8442167
8442221
8442223
8442229
8442263
8442271
8442299
8442337
8442349
8442359
8442367
8442373
8442389
8442419
8442437
8442439
8442457
8442481
8442521
8442559
8442607
8442641
8442647
8442653
8442667
8442671
8442673
8442689
8442713
8442767
8442769
8442779
8442781
8442793
8442803
8442839
8442869
8442883
8442901
8442923
8442937
8442947
8442971
8442979
8442997
8443037
8443063
8443069
8443073
8443079
8443091
8443109
8443117
8443121
8443151
8443159
8443177
8443187
8443189
8443199
8443213
8443229
8443243
8443261
8443291
8443301
8443319
8443327
8443349
8443361
8443367
8443397
8443433
8443453
8443489
8443517
8443529
8443531
8443571
8443573
8443583
8443607
8443613
8443621
8443627
8443637
8443639
8443649
8443651
8443703
8443709
8443711
8443717
8443739
8443751
8443759
8443763
8443777
8443819
8443913
8443927
8443937
8443949
8443969
8443993
8444003
8444027
8444041
8444057
8444063
8444083
8444123
8444147
8444159
8444203
8444207
8444213
8444273
8444279
8444281
8444287
8444299
8444309
8444323
8444327
8444351
8444353
8444363
8444407
8444411
8444419
8444467
8444477
8444507
8444521
8444549
8444551
8444561
8444573
8444581
8444591
8444593
8444599
8444609
8444629
8444663
8444671
8444687
8444701
8444707
8444719
8444731
8444773
8444783
8444789
8444809
8444831
8444851
8444923
8444929
8444941
8444951
8444957
8444981
8444983
8445013
8445029
8445049
8445079
8445089
8445097
8445109
8445137
8445161
8445251
8445259
8445271
8445343
8445377
8445419
8445421
8445427
8445433
8445449
8445457
8445473
8445517
8445523
8445527
8445529
8445599
8445601
8445607
8445629
8445643
8445649
8445659
8445677
8445683
8445707
8445727
8445737
8445739
8445751
8445769
8445781
8445797
8445799
8445841
8445847
8445851
8445859
8445863
8445893
8445907
8445911
8445917
8445929
8445949
8445961
8445967
8445971
8445973
8445977
8445979
8446001
8446019
8446063
8446073
8446079
8446091
8446117
8446153
8446159
8446177
8446183
8446199
8446201
8446223
8446237
8446247
8446253
8446261
8446283
8446303
8446351
8446391
8446409
8446421
8446429
8446441
8446481
8446513
8446517
8446549
8446567
8446591
8446597
8446639
8446649
8446667
8446679
8446709
8446717
8446741
8446747
8446751
8446777
8446783
8446813
8446829
8446843
8446873
8446883
8446913
8446939
8446951
8446961
8446967
8446979
8447029
8447041
8447053
8447057
8447059
8447069
8447081
8447093
8447111
8447119
8447129
8447161
8447171
8447177
8447183
8447203
8447209
8447213
8447227
8447237
8447251
8447287
8447303
8447311
8447377
8447389
8447399
8447401
8447423
8447429
8447431
8447437
8447441
8447471
8447477
8447489
8447501
8447503
8447519
8447573
8447591
8447603
8447611
8447627
8447641
8447653
8447683
8447687
8447689
8447701
8447711
8447713
8447731
8447743
8447771
8447783
8447809
8447819
8447821
8447839
8447843
8447849
8447851
8447863
8447893
8447897
8447899
8447911
8447917
8447939
8447947
8447977
8447981
8447987
8448007
8448017
8448043
8448047
8448049
8448053
8448067
8448079
8448101
8448131
8448137
8448157
8448161
8448191
8448197
8448227
8448233
8448239
8448277
8448287
8448311
8448313
8448343
8448397
8448403
8448413
8448431
8448437
8448443
8448457
8448463
8448493
8448527
8448551
8448553
8448563
8448577
8448589
8448593
8448607
8448611
8448619
8448667
8448689
8448701
8448703
8448719
8448721
8448733
8448757
8448761
8448763
8448793
8448799
8448821
8448841
8448851
8448871
8448883
8448919
8448931
8448959
8449013
8449097
8449099
8449117
8449139
8449141
8449159
8449223
8449249
8449253
8449271
8449277
8449327
8449333
8449361
8449373
8449387
8449409
8449417
8449421
8449423
8449429
8449439
8449451
8449477
8449481
8449489
8449499
8449513
8449517
8449523
8449541
8449549
8449591
8449607
8449627
8449667
8449673
8449681
8449687
8449709
8449711
8449723
8449729
8449747
8449751
8449769
8449807
8449829
8449841
8449853
8449877
8449907
8449913
8449943
8449957
8449967
8449979
8449999
8450009
8450021
8450063
8450069
8450087
8450089
8450149
8450153
8450159
8450179
8450201
8450203
8450209
8450243
8450279
8450287
8450291
8450327
8450341
8450363
8450369
8450371
8450381
8450399
8450419
8450423
8450441
8450447
8450471
8450483
8450521
8450537
8450557
8450579
8450597
8450599
8450609
8450623
8450627
There are 2130 prime numbers in S484.
