S485(8450641~8485560)
8450641
8450653
8450669
8450681
8450713
8450719
8450749
8450773
8450779
8450791
8450809
8450857
8450863
8450873
8450881
8450899
8450947
8450951
8450957
8450963
8450969
8450987
8451007
8451013
8451019
8451041
8451073
8451077
8451083
8451089
8451109
8451161
8451169
8451187
8451199
8451217
8451239
8451241
8451259
8451269
8451271
8451293
8451323
8451353
8451379
8451389
8451407
8451413
8451427
8451439
8451449
8451451
8451461
8451473
8451481
8451491
8451517
8451551
8451571
8451589
8451613
8451631
8451647
8451659
8451683
8451719
8451739
8451743
8451749
8451763
8451767
8451791
8451797
8451811
8451829
8451851
8451853
8451881
8451887
8451889
8451893
8451899
8451929
8451931
8451953
8451967
8451991
8452001
8452007
8452019
8452033
8452051
8452091
8452097
8452133
8452141
8452189
8452193
8452211
8452217
8452229
8452237
8452259
8452267
8452271
8452277
8452291
8452303
8452307
8452351
8452363
8452373
8452403
8452439
8452441
8452453
8452469
8452481
8452529
8452531
8452537
8452567
8452571
8452579
8452603
8452649
8452667
8452681
8452693
8452699
8452711
8452721
8452727
8452733
8452751
8452771
8452781
8452783
8452789
8452793
8452819
8452877
8452879
8452907
8452931
8452933
8452943
8452957
8452973
8452981
8452999
8453021
8453041
8453051
8453089
8453099
8453113
8453117
8453141
8453143
8453147
8453153
8453161
8453177
8453201
8453219
8453227
8453231
8453273
8453281
8453317
8453329
8453363
8453377
8453381
8453383
8453399
8453411
8453477
8453479
8453509
8453513
8453527
8453531
8453567
8453569
8453597
8453603
8453611
8453629
8453639
8453657
8453663
8453681
8453693
8453701
8453717
8453729
8453737
8453741
8453759
8453773
8453789
8453791
8453821
8453849
8453873
8453897
8453909
8453923
8453927
8453941
8453957
8453969
8453971
8453983
8453987
8453989
8453999
8454011
8454013
8454023
8454029
8454053
8454067
8454079
8454139
8454143
8454191
8454197
8454209
8454211
8454217
8454223
8454239
8454247
8454269
8454307
8454331
8454361
8454371
8454379
8454403
8454419
8454431
8454461
8454493
8454503
8454527
8454533
8454541
8454553
8454577
8454581
8454587
8454619
8454623
8454637
8454653
8454673
8454697
8454713
8454727
8454737
8454739
8454749
8454757
8454767
8454793
8454799
8454827
8454839
8454841
8454883
8454889
8454917
8454923
8454937
8454947
8454959
8455063
8455091
8455093
8455121
8455123
8455141
8455147
8455151
8455163
8455169
8455189
8455193
8455207
8455217
8455241
8455243
8455259
8455261
8455297
8455301
8455339
8455357
8455387
8455397
8455411
8455427
8455429
8455439
8455453
8455463
8455481
8455483
8455487
8455493
8455507
8455543
8455561
8455583
8455597
8455621
8455631
8455633
8455639
8455661
8455669
8455679
8455691
8455729
8455747
8455751
8455753
8455793
8455807
8455813
8455819
8455829
8455841
8455861
8455877
8455879
8455883
8455891
8455897
8455913
8455981
8456009
8456011
8456027
8456033
8456039
8456053
8456069
8456113
8456131
8456141
8456153
8456167
8456179
8456183
8456207
8456213
8456221
8456233
8456263
8456303
8456333
8456339
8456347
8456353
8456359
8456389
8456417
8456419
8456467
8456473
8456489
8456507
8456519
8456527
8456543
8456551
8456561
8456573
8456579
8456587
8456593
8456611
8456639
8456641
8456659
8456717
8456731
8456753
8456761
8456771
8456797
8456809
8456827
8456849
8456867
8456879
8456887
8456891
8456927
8456969
8456989
8456999
8457019
8457037
8457049
8457061
8457073
8457103
8457107
8457131
8457151
8457161
8457179
8457181
8457217
8457221
8457233
8457247
8457271
8457277
8457287
8457329
8457367
8457377
8457391
8457401
8457443
8457457
8457461
8457479
8457481
8457487
8457499
8457511
8457523
8457529
8457539
8457563
8457577
8457593
8457599
8457607
8457623
8457643
8457649
8457677
8457727
8457731
8457739
8457749
8457751
8457781
8457803
8457809
8457811
8457847
8457851
8457863
8457881
8457887
8457893
8457901
8457923
8457973
8457989
8458001
8458003
8458007
8458019
8458039
8458067
8458069
8458081
8458091
8458103
8458117
8458123
8458139
8458141
8458171
8458183
8458187
8458189
8458193
8458253
8458271
8458297
8458313
8458337
8458369
8458391
8458393
8458397
8458403
8458409
8458427
8458433
8458441
8458493
8458501
8458507
8458519
8458577
8458579
8458601
8458603
8458621
8458627
8458631
8458651
8458657
8458663
8458679
8458721
8458739
8458757
8458759
8458783
8458789
8458799
8458811
8458823
8458837
8458847
8458861
8458867
8458873
8458883
8458897
8458909
8458913
8458921
8458949
8458969
8458973
8458987
8458991
8458993
8459023
8459027
8459029
8459069
8459093
8459119
8459131
8459141
8459173
8459179
8459189
8459197
8459233
8459263
8459281
8459299
8459327
8459357
8459359
8459369
8459371
8459393
8459413
8459417
8459441
8459461
8459471
8459501
8459509
8459533
8459567
8459573
8459593
8459603
8459611
8459629
8459641
8459651
8459657
8459723
8459729
8459747
8459767
8459783
8459797
8459809
8459813
8459821
8459827
8459831
8459839
8459879
8459903
8459911
8459917
8459933
8459987
8460007
8460017
8460041
8460059
8460061
8460079
8460091
8460097
8460103
8460119
8460143
8460191
8460209
8460217
8460223
8460239
8460247
8460281
8460307
8460311
8460313
8460367
8460371
8460401
8460409
8460433
8460479
8460493
8460499
8460503
8460511
8460521
8460533
8460539
8460563
8460581
8460583
8460587
8460589
8460593
8460601
8460623
8460653
8460671
8460677
8460701
8460707
8460731
8460743
8460763
8460769
8460797
8460817
8460869
8460877
8460899
8460931
8460943
8460967
8460997
8461003
8461007
8461009
8461021
8461039
8461043
8461091
8461097
8461147
8461157
8461169
8461177
8461183
8461231
8461241
8461247
8461267
8461279
8461333
8461339
8461361
8461373
8461379
8461391
8461399
8461423
8461429
8461451
8461459
8461463
8461469
8461471
8461483
8461489
8461507
8461511
8461513
8461549
8461571
8461577
8461613
8461627
8461633
8461637
8461639
8461643
8461657
8461693
8461697
8461711
8461727
8461757
8461777
8461787
8461793
8461807
8461811
8461813
8461877
8461891
8461909
8461913
8461951
8461961
8461979
8461991
8462017
8462023
8462029
8462053
8462059
8462063
8462071
8462081
8462089
8462093
8462117
8462131
8462147
8462161
8462177
8462189
8462213
8462221
8462249
8462263
8462291
8462323
8462329
8462339
8462369
8462371
8462383
8462393
8462417
8462423
8462437
8462449
8462477
8462479
8462497
8462527
8462537
8462557
8462567
8462579
8462593
8462609
8462639
8462723
8462747
8462749
8462761
8462767
8462777
8462801
8462807
8462813
8462819
8462833
8462843
8462879
8462893
8462897
8462903
8462911
8462917
8462953
8462981
8462989
8463023
8463029
8463043
8463061
8463067
8463083
8463089
8463107
8463139
8463163
8463167
8463187
8463193
8463211
8463223
8463233
8463251
8463253
8463281
8463283
8463289
8463313
8463353
8463383
8463391
8463397
8463409
8463419
8463457
8463461
8463487
8463529
8463551
8463557
8463617
8463649
8463667
8463673
8463757
8463761
8463769
8463799
8463803
8463821
8463827
8463857
8463859
8463869
8463877
8463887
8463893
8463913
8463919
8463937
8463947
8463979
8464007
8464019
8464031
8464033
8464037
8464073
8464109
8464111
8464117
8464133
8464193
8464213
8464223
8464229
8464237
8464241
8464273
8464307
8464331
8464343
8464361
8464363
8464369
8464387
8464397
8464403
8464439
8464441
8464447
8464451
8464493
8464513
8464517
8464571
8464583
8464591
8464597
8464627
8464639
8464649
8464661
8464681
8464693
8464697
8464699
8464711
8464721
8464727
8464739
8464741
8464763
8464769
8464777
8464783
8464811
8464817
8464837
8464867
8464871
8464873
8464889
8464903
8464913
8464957
8464979
8464991
8464993
8465003
8465033
8465053
8465059
8465101
8465131
8465183
8465207
8465209
8465221
8465243
8465251
8465257
8465273
8465297
8465329
8465333
8465339
8465363
8465377
8465381
8465399
8465407
8465423
8465437
8465459
8465461
8465503
8465533
8465537
8465581
8465603
8465617
8465623
8465627
8465657
8465663
8465669
8465671
8465683
8465713
8465741
8465747
8465753
8465761
8465783
8465789
8465791
8465819
8465833
8465839
8465861
8465867
8465893
8465903
8465927
8465929
8465939
8465957
8465959
8465971
8466013
8466019
8466037
8466041
8466043
8466079
8466091
8466103
8466121
8466179
8466181
8466203
8466209
8466223
8466239
8466247
8466259
8466281
8466307
8466319
8466361
8466389
8466401
8466407
8466413
8466421
8466427
8466431
8466433
8466443
8466473
8466487
8466499
8466529
8466547
8466551
8466569
8466583
8466587
8466593
8466611
8466671
8466683
8466701
8466707
8466713
8466719
8466767
8466827
8466851
8466859
8466889
8466917
8466919
8466943
8466947
8466961
8466979
8467007
8467009
8467021
8467049
8467093
8467099
8467111
8467157
8467169
8467171
8467181
8467183
8467189
8467201
8467211
8467213
8467253
8467271
8467297
8467307
8467357
8467399
8467409
8467477
8467493
8467499
8467523
8467541
8467553
8467579
8467583
8467601
8467609
8467631
8467633
8467637
8467639
8467699
8467721
8467729
8467759
8467763
8467769
8467777
8467793
8467801
8467817
8467843
8467889
8467891
8467897
8467903
8467951
8467999
8468011
8468041
8468077
8468123
8468137
8468149
8468171
8468179
8468183
8468221
8468237
8468249
8468267
8468269
8468279
8468293
8468303
8468309
8468323
8468353
8468371
8468399
8468401
8468419
8468429
8468437
8468441
8468459
8468461
8468477
8468483
8468491
8468503
8468519
8468521
8468527
8468561
8468587
8468627
8468639
8468641
8468687
8468693
8468717
8468723
8468731
8468753
8468767
8468773
8468777
8468791
8468821
8468849
8468857
8468861
8468897
8468903
8468917
8468947
8468963
8469007
8469017
8469023
8469049
8469061
8469089
8469091
8469113
8469119
8469121
8469127
8469133
8469161
8469173
8469187
8469233
8469239
8469271
8469283
8469287
8469319
8469343
8469367
8469379
8469397
8469401
8469407
8469427
8469431
8469449
8469473
8469481
8469491
8469523
8469547
8469551
8469577
8469583
8469599
8469619
8469623
8469631
8469641
8469647
8469677
8469691
8469701
8469709
8469733
8469737
8469767
8469779
8469809
8469817
8469833
8469841
8469847
8469869
8469871
8469889
8469899
8469919
8469931
8469973
8469977
8469997
8470031
8470039
8470057
8470061
8470069
8470081
8470109
8470123
8470139
8470153
8470159
8470169
8470171
8470201
8470213
8470237
8470247
8470261
8470283
8470289
8470303
8470309
8470339
8470351
8470381
8470393
8470421
8470433
8470439
8470487
8470489
8470493
8470507
8470531
8470537
8470543
8470547
8470549
8470589
8470597
8470661
8470663
8470673
8470681
8470711
8470729
8470747
8470757
8470771
8470783
8470801
8470829
8470837
8470841
8470859
8470867
8470873
8470883
8470907
8470919
8470927
8471053
8471059
8471069
8471087
8471137
8471147
8471159
8471167
8471179
8471201
8471209
8471213
8471227
8471263
8471269
8471293
8471303
8471317
8471347
8471357
8471363
8471381
8471399
8471447
8471453
8471459
8471479
8471503
8471527
8471531
8471539
8471569
8471581
8471597
8471611
8471621
8471623
8471641
8471653
8471677
8471699
8471713
8471717
8471747
8471753
8471759
8471767
8471803
8471809
8471819
8471839
8471849
8471851
8471909
8471917
8471921
8471923
8471941
8471963
8472007
8472011
8472017
8472047
8472049
8472053
8472109
8472127
8472133
8472151
8472169
8472179
8472193
8472203
8472221
8472259
8472293
8472301
8472319
8472337
8472383
8472407
8472427
8472433
8472463
8472469
8472479
8472481
8472493
8472509
8472523
8472539
8472547
8472559
8472571
8472589
8472617
8472623
8472631
8472649
8472661
8472683
8472701
8472707
8472713
8472721
8472733
8472743
8472767
8472787
8472797
8472799
8472847
8472857
8472859
8472869
8472881
8472899
8472911
8472923
8472941
8472943
8472977
8472983
8473001
8473027
8473043
8473051
8473097
8473099
8473117
8473141
8473147
8473151
8473169
8473181
8473189
8473217
8473219
8473243
8473247
8473273
8473277
8473321
8473337
8473343
8473349
8473351
8473369
8473391
8473427
8473433
8473457
8473459
8473471
8473483
8473523
8473529
8473559
8473573
8473589
8473603
8473607
8473609
8473627
8473631
8473643
8473649
8473657
8473679
8473697
8473721
8473723
8473739
8473741
8473763
8473781
8473793
8473807
8473811
8473813
8473831
8473841
8473859
8473873
8473889
8473897
8473901
8473903
8473909
8473919
8473951
8473991
8474021
8474023
8474027
8474047
8474083
8474107
8474149
8474153
8474159
8474161
8474173
8474183
8474201
8474231
8474237
8474267
8474273
8474299
8474317
8474321
8474353
8474357
8474359
8474363
8474371
8474387
8474407
8474447
8474461
8474503
8474509
8474537
8474561
8474581
8474597
8474611
8474621
8474623
8474633
8474651
8474657
8474663
8474689
8474707
8474717
8474723
8474731
8474747
8474761
8474771
8474777
8474797
8474801
8474803
8474821
8474831
8474849
8474863
8474903
8474911
8474923
8474927
8474929
8474951
8474981
8475013
8475037
8475067
8475119
8475139
8475169
8475191
8475193
8475217
8475223
8475239
8475253
8475263
8475277
8475289
8475301
8475317
8475319
8475323
8475329
8475361
8475371
8475377
8475391
8475413
8475419
8475421
8475427
8475451
8475461
8475473
8475487
8475491
8475521
8475547
8475563
8475581
8475589
8475613
8475619
8475637
8475641
8475647
8475671
8475689
8475697
8475713
8475721
8475739
8475757
8475769
8475787
8475793
8475821
8475823
8475827
8475833
8475871
8475899
8475931
8475941
8475947
8475991
8476001
8476009
8476063
8476073
8476079
8476099
8476157
8476159
8476177
8476189
8476199
8476231
8476241
8476253
8476277
8476301
8476333
8476357
8476373
8476379
8476399
8476427
8476483
8476493
8476511
8476529
8476543
8476549
8476553
8476571
8476583
8476607
8476649
8476667
8476681
8476691
8476697
8476703
8476711
8476723
8476747
8476751
8476757
8476763
8476799
8476801
8476807
8476813
8476817
8476823
8476843
8476849
8476883
8476889
8476933
8476957
8476991
8477009
8477011
8477017
8477047
8477071
8477081
8477083
8477089
8477099
8477111
8477113
8477129
8477137
8477159
8477197
8477207
8477219
8477243
8477263
8477267
8477269
8477281
8477299
8477303
8477311
8477323
8477327
8477341
8477389
8477393
8477419
8477431
8477449
8477453
8477459
8477461
8477473
8477507
8477561
8477587
8477617
8477633
8477671
8477681
8477687
8477701
8477737
8477741
8477761
8477767
8477771
8477779
8477783
8477789
8477803
8477867
8477881
8477891
8477893
8477929
8477941
8477957
8477983
8477999
8478013
8478017
8478031
8478037
8478049
8478061
8478083
8478101
8478109
8478131
8478133
8478137
8478149
8478163
8478167
8478187
8478209
8478259
8478263
8478269
8478271
8478287
8478317
8478319
8478361
8478383
8478391
8478433
8478493
8478497
8478511
8478521
8478523
8478539
8478551
8478553
8478571
8478581
8478599
8478601
8478619
8478623
8478629
8478641
8478653
8478667
8478671
8478689
8478709
8478719
8478727
8478737
8478739
8478751
8478791
8478797
8478803
8478823
8478829
8478851
8478853
8478859
8478863
8478889
8478893
8478907
8478929
8478947
8478961
8478989
8479007
8479013
8479043
8479057
8479109
8479117
8479123
8479153
8479171
8479193
8479199
8479217
8479259
8479267
8479271
8479291
8479309
8479313
8479321
8479349
8479357
8479381
8479391
8479403
8479477
8479489
8479511
8479531
8479547
8479553
8479561
8479573
8479591
8479609
8479619
8479621
8479631
8479649
8479699
8479703
8479717
8479733
8479741
8479747
8479769
8479777
8479799
8479813
8479817
8479819
8479829
8479853
8479883
8479903
8479937
8479943
8479949
8479951
8479963
8479967
8479979
8479981
8480033
8480047
8480051
8480063
8480089
8480107
8480111
8480113
8480117
8480149
8480167
8480177
8480179
8480183
8480207
8480221
8480231
8480233
8480239
8480243
8480249
8480273
8480279
8480291
8480293
8480321
8480323
8480347
8480357
8480369
8480431
8480443
8480447
8480471
8480489
8480509
8480513
8480531
8480533
8480567
8480581
8480597
8480599
8480609
8480611
8480617
8480621
8480623
8480651
8480663
8480677
8480683
8480687
8480699
8480741
8480753
8480777
8480803
8480819
8480827
8480833
8480839
8480851
8480863
8480873
8480903
8480911
8480929
8480939
8480959
8480971
8480981
8480987
8481059
8481101
8481107
8481119
8481127
8481131
8481133
8481139
8481149
8481157
8481169
8481173
8481211
8481223
8481247
8481269
8481287
8481289
8481293
8481299
8481307
8481313
8481331
8481371
8481373
8481377
8481397
8481409
8481413
8481437
8481461
8481469
8481481
8481493
8481497
8481509
8481511
8481559
8481593
8481607
8481637
8481661
8481673
8481689
8481701
8481709
8481713
8481727
8481743
8481773
8481787
8481791
8481799
8481877
8481881
8481901
8481911
8481937
8481973
8481983
8482021
8482027
8482049
8482063
8482069
8482073
8482087
8482091
8482169
8482207
8482217
8482219
8482241
8482247
8482259
8482261
8482277
8482289
8482291
8482319
8482333
8482343
8482373
8482387
8482391
8482403
8482447
8482451
8482459
8482549
8482559
8482577
8482589
8482601
8482619
8482633
8482637
8482651
8482681
8482723
8482751
8482757
8482769
8482781
8482787
8482807
8482823
8482829
8482891
8482897
8482907
8482913
8482919
8482921
8482931
8482939
8482951
8482967
8482973
8482979
8483003
8483011
8483081
8483089
8483093
8483117
8483131
8483141
8483179
8483191
8483201
8483203
8483207
8483227
8483231
8483261
8483273
8483287
8483311
8483317
8483327
8483333
8483369
8483381
8483383
8483417
8483437
8483467
8483477
8483479
8483507
8483509
8483521
8483533
8483537
8483539
8483567
8483581
8483593
8483603
8483609
8483611
8483617
8483621
8483639
8483653
8483659
8483687
8483723
8483729
8483743
8483759
8483773
8483777
8483779
8483789
8483807
8483831
8483837
8483851
8483879
8483897
8483903
8483929
8483933
8483947
8483963
8483971
8483977
8484001
8484031
8484041
8484043
8484053
8484061
8484083
8484097
8484107
8484121
8484131
8484149
8484167
8484169
8484181
8484191
8484227
8484239
8484251
8484271
8484283
8484319
8484323
8484337
8484347
8484349
8484353
8484361
8484383
8484397
8484403
8484407
8484449
8484467
8484563
8484569
8484577
8484587
8484589
8484601
8484661
8484667
8484689
8484691
8484701
8484703
8484709
8484727
8484757
8484761
8484767
8484797
8484799
8484809
8484829
8484851
8484857
8484871
8484901
8484913
8484937
8484961
8485003
8485019
8485021
8485027
8485031
8485063
8485069
8485079
8485093
8485123
8485129
8485133
8485151
8485163
8485177
8485181
8485187
8485199
8485201
8485219
8485223
8485231
8485241
8485249
8485259
8485271
8485273
8485277
8485303
8485307
8485327
8485331
8485387
8485391
8485403
8485409
8485417
8485441
8485453
8485471
8485481
8485489
8485507
8485511
8485517
There are 2215 prime numbers in S485.
