S486(8485561~8520552)
8485579
8485583
8485591
8485613
8485619
8485639
8485667
8485679
8485681
8485721
8485727
8485733
8485753
8485769
8485801
8485817
8485831
8485843
8485859
8485877
8485889
8485891
8485903
8485927
8485931
8485949
8485963
8485969
8485973
8485979
8486039
8486041
8486047
8486069
8486081
8486083
8486117
8486119
8486129
8486167
8486197
8486207
8486227
8486243
8486249
8486263
8486279
8486297
8486339
8486347
8486353
8486371
8486377
8486399
8486419
8486447
8486453
8486459
8486507
8486537
8486539
8486581
8486603
8486617
8486623
8486629
8486641
8486657
8486659
8486663
8486707
8486717
8486719
8486741
8486759
8486771
8486783
8486809
8486827
8486851
8486857
8486873
8486903
8486917
8486941
8486983
8486987
8486993
8487001
8487019
8487047
8487071
8487079
8487103
8487121
8487137
8487139
8487163
8487173
8487181
8487191
8487197
8487217
8487221
8487223
8487229
8487239
8487293
8487313
8487329
8487337
8487341
8487371
8487373
8487377
8487379
8487389
8487419
8487421
8487527
8487551
8487569
8487571
8487587
8487593
8487613
8487617
8487631
8487649
8487653
8487671
8487701
8487719
8487751
8487793
8487797
8487821
8487823
8487827
8487859
8487863
8487881
8487887
8487907
8487937
8487949
8487953
8487959
8488013
8488027
8488031
8488033
8488037
8488061
8488063
8488087
8488091
8488093
8488169
8488171
8488177
8488199
8488201
8488217
8488229
8488289
8488301
8488339
8488349
8488379
8488391
8488397
8488411
8488433
8488477
8488481
8488499
8488511
8488523
8488531
8488537
8488583
8488589
8488609
8488621
8488663
8488691
8488709
8488721
8488751
8488783
8488829
8488841
8488849
8488853
8488859
8488867
8488871
8488891
8488901
8488913
8488919
8488939
8488969
8488981
8488993
8489003
8489011
8489023
8489027
8489053
8489113
8489123
8489161
8489167
8489183
8489191
8489197
8489207
8489213
8489227
8489251
8489263
8489267
8489269
8489311
8489329
8489339
8489347
8489357
8489413
8489417
8489423
8489441
8489449
8489473
8489483
8489513
8489521
8489527
8489543
8489581
8489587
8489597
8489603
8489623
8489633
8489639
8489641
8489651
8489659
8489729
8489743
8489777
8489807
8489813
8489839
8489843
8489849
8489857
8489861
8489863
8489867
8489891
8489917
8489927
8489933
8489947
8489951
8489969
8490019
8490023
8490043
8490047
8490071
8490073
8490101
8490107
8490121
8490133
8490143
8490179
8490217
8490233
8490247
8490253
8490271
8490281
8490323
8490341
8490379
8490389
8490401
8490413
8490421
8490439
8490457
8490487
8490491
8490499
8490539
8490541
8490553
8490563
8490571
8490583
8490589
8490593
8490613
8490617
8490619
8490623
8490637
8490661
8490673
8490721
8490761
8490763
8490787
8490791
8490793
8490799
8490827
8490829
8490877
8490893
8490899
8490901
8490913
8490917
8490919
8490941
8490947
8490949
8491001
8491033
8491037
8491051
8491061
8491069
8491073
8491097
8491099
8491121
8491127
8491151
8491169
8491181
8491193
8491207
8491237
8491247
8491267
8491277
8491297
8491319
8491321
8491331
8491333
8491337
8491363
8491369
8491391
8491409
8491411
8491429
8491451
8491453
8491471
8491487
8491507
8491541
8491543
8491547
8491559
8491583
8491589
8491591
8491621
8491643
8491663
8491667
8491673
8491697
8491711
8491723
8491733
8491741
8491753
8491801
8491817
8491829
8491831
8491897
8491919
8491921
8491933
8491943
8491949
8491963
8491969
8492039
8492053
8492093
8492111
8492119
8492123
8492153
8492161
8492179
8492189
8492201
8492249
8492251
8492261
8492303
8492321
8492329
8492369
8492377
8492399
8492413
8492417
8492423
8492437
8492441
8492459
8492461
8492489
8492501
8492507
8492513
8492521
8492531
8492557
8492567
8492569
8492591
8492593
8492597
8492611
8492623
8492633
8492651
8492657
8492683
8492689
8492713
8492717
8492749
8492777
8492797
8492831
8492849
8492857
8492881
8492899
8492903
8492917
8492921
8492927
8492929
8492959
8492963
8492971
8492993
8492999
8493007
8493031
8493073
8493077
8493103
8493127
8493139
8493151
8493157
8493179
8493203
8493257
8493281
8493283
8493293
8493311
8493341
8493367
8493377
8493413
8493427
8493431
8493439
8493449
8493451
8493469
8493487
8493493
8493497
8493503
8493559
8493631
8493637
8493649
8493671
8493673
8493697
8493707
8493713
8493731
8493743
8493763
8493773
8493799
8493803
8493811
8493827
8493841
8493853
8493869
8493883
8493899
8493913
8493937
8493941
8493949
8493959
8493967
8493973
8493977
8493983
8493997
8494019
8494021
8494027
8494037
8494039
8494051
8494063
8494069
8494081
8494099
8494133
8494139
8494147
8494181
8494219
8494231
8494243
8494247
8494253
8494267
8494301
8494313
8494331
8494333
8494351
8494379
8494391
8494399
8494439
8494457
8494459
8494483
8494487
8494523
8494547
8494553
8494559
8494573
8494583
8494597
8494627
8494657
8494663
8494669
8494687
8494699
8494711
8494721
8494727
8494753
8494757
8494769
8494813
8494817
8494823
8494841
8494853
8494897
8494901
8494909
8494939
8494943
8494963
8494973
8494979
8494987
8495029
8495041
8495059
8495063
8495093
8495099
8495101
8495117
8495129
8495141
8495177
8495183
8495191
8495239
8495243
8495251
8495269
8495273
8495321
8495327
8495329
8495341
8495369
8495387
8495407
8495429
8495447
8495449
8495471
8495477
8495497
8495503
8495549
8495561
8495573
8495593
8495609
8495621
8495623
8495629
8495657
8495659
8495677
8495687
8495701
8495731
8495737
8495761
8495783
8495803
8495807
8495849
8495863
8495873
8495887
8495899
8495923
8495933
8495951
8495957
8495969
8495989
8495999
8496001
8496011
8496013
8496017
8496041
8496067
8496079
8496083
8496091
8496109
8496119
8496151
8496193
8496227
8496239
8496247
8496259
8496281
8496343
8496349
8496359
8496403
8496419
8496431
8496437
8496443
8496469
8496479
8496491
8496493
8496503
8496517
8496533
8496539
8496541
8496547
8496571
8496581
8496611
8496661
8496673
8496679
8496713
8496721
8496727
8496731
8496749
8496769
8496773
8496823
8496833
8496841
8496853
8496869
8496871
8496893
8496941
8496949
8496967
8496973
8496979
8497031
8497033
8497037
8497039
8497057
8497091
8497133
8497147
8497157
8497163
8497169
8497207
8497213
8497217
8497219
8497243
8497249
8497259
8497283
8497289
8497303
8497337
8497339
8497343
8497369
8497387
8497403
8497417
8497421
8497429
8497451
8497469
8497507
8497519
8497523
8497561
8497571
8497583
8497607
8497639
8497651
8497661
8497681
8497717
8497757
8497759
8497771
8497817
8497823
8497843
8497847
8497859
8497871
8497873
8497877
8497913
8497927
8497963
8497969
8497991
8498051
8498053
8498071
8498081
8498089
8498099
8498137
8498141
8498143
8498153
8498159
8498167
8498173
8498177
8498233
8498239
8498257
8498297
8498299
8498323
8498327
8498333
8498341
8498353
8498359
8498389
8498401
8498407
8498417
8498423
8498429
8498437
8498449
8498467
8498471
8498473
8498489
8498509
8498519
8498527
8498543
8498549
8498551
8498561
8498573
8498591
8498593
8498647
8498663
8498669
8498671
8498683
8498687
8498701
8498723
8498731
8498761
8498779
8498801
8498837
8498873
8498911
8498953
8498957
8498969
8498977
8498989
8498999
8499037
8499041
8499047
8499077
8499083
8499089
8499097
8499103
8499143
8499193
8499203
8499209
8499223
8499229
8499277
8499287
8499311
8499329
8499367
8499377
8499383
8499389
8499409
8499461
8499503
8499511
8499563
8499571
8499577
8499583
8499629
8499641
8499653
8499661
8499683
8499703
8499727
8499731
8499739
8499763
8499773
8499839
8499851
8499877
8499889
8499893
8499917
8499937
8499971
8499977
8499979
8500007
8500021
8500027
8500057
8500061
8500067
8500069
8500081
8500099
8500109
8500117
8500127
8500139
8500157
8500159
8500181
8500183
8500211
8500213
8500229
8500249
8500259
8500309
8500313
8500337
8500361
8500381
8500399
8500403
8500421
8500433
8500447
8500483
8500517
8500519
8500529
8500549
8500573
8500577
8500579
8500607
8500621
8500633
8500643
8500673
8500691
8500699
8500703
8500711
8500729
8500753
8500757
8500781
8500783
8500819
8500841
8500859
8500871
8500873
8500879
8500883
8500903
8500907
8500931
8500951
8500957
8500963
8500967
8501011
8501023
8501029
8501033
8501039
8501107
8501117
8501123
8501159
8501183
8501201
8501209
8501221
8501239
8501243
8501267
8501293
8501323
8501351
8501357
8501399
8501431
8501443
8501447
8501459
8501461
8501477
8501489
8501497
8501543
8501551
8501557
8501561
8501567
8501579
8501609
8501617
8501627
8501639
8501641
8501663
8501671
8501681
8501693
8501711
8501729
8501737
8501767
8501777
8501813
8501821
8501837
8501839
8501849
8501861
8501869
8501893
8501923
8501951
8501993
8502041
8502049
8502061
8502073
8502097
8502103
8502121
8502127
8502161
8502181
8502187
8502251
8502287
8502301
8502311
8502317
8502343
8502349
8502353
8502359
8502371
8502379
8502391
8502409
8502449
8502467
8502469
8502493
8502497
8502503
8502509
8502553
8502577
8502581
8502583
8502589
8502619
8502643
8502661
8502677
8502707
8502719
8502727
8502733
8502743
8502749
8502751
8502757
8502787
8502797
8502799
8502803
8502811
8502827
8502841
8502853
8502881
8502883
8502913
8502917
8502929
8502931
8502943
8502947
8502953
8502997
8503039
8503057
8503063
8503067
8503073
8503087
8503091
8503093
8503109
8503133
8503141
8503147
8503163
8503189
8503211
8503219
8503223
8503237
8503273
8503283
8503289
8503309
8503321
8503337
8503357
8503361
8503403
8503421
8503423
8503427
8503447
8503471
8503477
8503483
8503489
8503499
8503501
8503513
8503529
8503531
8503559
8503609
8503631
8503643
8503657
8503681
8503711
8503717
8503751
8503777
8503787
8503799
8503819
8503829
8503837
8503871
8503879
8503907
8503919
8503967
8503973
8503991
8503993
8504021
8504051
8504053
8504057
8504081
8504129
8504143
8504183
8504189
8504203
8504231
8504257
8504291
8504297
8504299
8504303
8504317
8504341
8504347
8504357
8504359
8504393
8504399
8504417
8504423
8504449
8504459
8504477
8504501
8504513
8504527
8504543
8504557
8504563
8504567
8504579
8504581
8504591
8504597
8504599
8504653
8504659
8504693
8504729
8504759
8504767
8504789
8504807
8504849
8504887
8504891
8504893
8504933
8504941
8504953
8504971
8504983
8504987
8505001
8505023
8505031
8505037
8505053
8505059
8505071
8505089
8505113
8505127
8505137
8505187
8505197
8505209
8505221
8505229
8505247
8505257
8505269
8505283
8505313
8505337
8505347
8505359
8505361
8505373
8505391
8505401
8505403
8505433
8505451
8505461
8505467
8505473
8505481
8505487
8505509
8505517
8505527
8505533
8505547
8505551
8505569
8505577
8505619
8505631
8505643
8505647
8505649
8505667
8505691
8505709
8505719
8505727
8505767
8505769
8505793
8505799
8505817
8505821
8505823
8505841
8505859
8505881
8505907
8505941
8505943
8505949
8505979
8505989
8506031
8506039
8506051
8506063
8506081
8506087
8506093
8506117
8506153
8506163
8506181
8506213
8506219
8506271
8506279
8506291
8506313
8506327
8506331
8506339
8506349
8506361
8506363
8506373
8506391
8506403
8506423
8506427
8506441
8506501
8506507
8506513
8506517
8506543
8506549
8506571
8506643
8506649
8506651
8506703
8506717
8506759
8506777
8506787
8506801
8506811
8506829
8506843
8506847
8506867
8506907
8506921
8506933
8506937
8506951
8506963
8506973
8507017
8507029
8507039
8507053
8507069
8507071
8507087
8507099
8507101
8507137
8507159
8507167
8507173
8507197
8507207
8507209
8507221
8507267
8507281
8507321
8507357
8507363
8507371
8507407
8507419
8507461
8507467
8507479
8507483
8507537
8507549
8507561
8507591
8507617
8507627
8507647
8507651
8507659
8507689
8507711
8507729
8507753
8507761
8507783
8507789
8507791
8507797
8507809
8507831
8507833
8507843
8507879
8507881
8507887
8507897
8507899
8507909
8507911
8507921
8507929
8507957
8507959
8508011
8508013
8508053
8508061
8508083
8508089
8508103
8508127
8508151
8508169
8508173
8508179
8508191
8508193
8508209
8508217
8508251
8508277
8508287
8508289
8508293
8508323
8508337
8508343
8508373
8508389
8508391
8508403
8508421
8508433
8508469
8508473
8508491
8508509
8508527
8508529
8508547
8508553
8508559
8508583
8508589
8508593
8508611
8508613
8508623
8508671
8508679
8508691
8508719
8508733
8508737
8508749
8508757
8508761
8508767
8508769
8508793
8508809
8508811
8508847
8508881
8508893
8508917
8508923
8508931
8508949
8508967
8508989
8509009
8509031
8509037
8509043
8509049
8509063
8509069
8509079
8509087
8509091
8509121
8509133
8509147
8509183
8509199
8509211
8509219
8509229
8509247
8509261
8509301
8509307
8509331
8509339
8509349
8509363
8509373
8509387
8509433
8509451
8509453
8509483
8509489
8509507
8509513
8509541
8509547
8509573
8509577
8509583
8509597
8509601
8509607
8509619
8509649
8509661
8509681
8509703
8509727
8509751
8509763
8509769
8509783
8509799
8509811
8509849
8509861
8509873
8509883
8509901
8509909
8509933
8509937
8509939
8509973
8509981
8509987
8509999
8510009
8510011
8510017
8510039
8510057
8510059
8510071
8510129
8510147
8510167
8510179
8510191
8510237
8510287
8510317
8510323
8510339
8510351
8510357
8510401
8510419
8510429
8510441
8510443
8510479
8510497
8510501
8510507
8510519
8510527
8510531
8510539
8510609
8510617
8510627
8510639
8510641
8510653
8510669
8510701
8510707
8510729
8510743
8510753
8510767
8510797
8510819
8510839
8510849
8510921
8510923
8510933
8510959
8510969
8510977
8510987
8511001
8511011
8511017
8511023
8511037
8511043
8511049
8511053
8511059
8511079
8511091
8511121
8511131
8511157
8511161
8511187
8511193
8511197
8511229
8511233
8511247
8511253
8511287
8511301
8511317
8511319
8511331
8511353
8511361
8511367
8511383
8511439
8511457
8511491
8511497
8511511
8511521
8511523
8511527
8511557
8511571
8511589
8511599
8511617
8511619
8511631
8511637
8511647
8511649
8511683
8511689
8511691
8511731
8511787
8511793
8511799
8511803
8511809
8511821
8511857
8511859
8511907
8511911
8511913
8511929
8511931
8511941
8511953
8511973
8511983
8511991
8512003
8512033
8512039
8512043
8512067
8512079
8512081
8512111
8512117
8512129
8512169
8512181
8512187
8512193
8512201
8512219
8512267
8512271
8512307
8512313
8512337
8512351
8512363
8512391
8512411
8512421
8512423
8512433
8512451
8512453
8512523
8512531
8512547
8512549
8512561
8512571
8512577
8512607
8512633
8512639
8512643
8512663
8512709
8512717
8512723
8512739
8512759
8512771
8512787
8512793
8512799
8512831
8512837
8512841
8512853
8512859
8512877
8512883
8512891
8512901
8512909
8512919
8512981
8512991
8512993
8513023
8513033
8513069
8513077
8513111
8513129
8513137
8513143
8513147
8513171
8513173
8513177
8513179
8513201
8513207
8513233
8513237
8513257
8513291
8513321
8513339
8513341
8513347
8513357
8513359
8513389
8513429
8513431
8513459
8513467
8513497
8513507
8513509
8513513
8513521
8513537
8513551
8513563
8513579
8513597
8513629
8513633
8513647
8513677
8513683
8513693
8513731
8513783
8513797
8513801
8513803
8513819
8513839
8513861
8513863
8513893
8513899
8513927
8513929
8513941
8513951
8513969
8513971
8513977
8513987
8513993
8514013
8514029
8514041
8514049
8514073
8514131
8514133
8514137
8514157
8514169
8514173
8514179
8514193
8514203
8514227
8514239
8514241
8514251
8514257
8514277
8514343
8514353
8514361
8514377
8514409
8514419
8514463
8514469
8514479
8514481
8514497
8514509
8514521
8514523
8514529
8514547
8514557
8514599
8514601
8514619
8514683
8514691
8514697
8514707
8514743
8514749
8514787
8514791
8514797
8514823
8514833
8514871
8514881
8514901
8514911
8514923
8514941
8514949
8515063
8515081
8515123
8515127
8515141
8515153
8515159
8515207
8515229
8515237
8515277
8515289
8515301
8515303
8515307
8515321
8515361
8515369
8515373
8515379
8515391
8515433
8515447
8515471
8515511
8515519
8515541
8515561
8515597
8515621
8515627
8515631
8515649
8515651
8515673
8515679
8515687
8515697
8515699
8515711
8515721
8515723
8515747
8515757
8515769
8515813
8515847
8515853
8515867
8515877
8515889
8515891
8515907
8515909
8515931
8515939
8515951
8515967
8515993
8515999
8516029
8516051
8516059
8516077
8516083
8516153
8516159
8516173
8516177
8516197
8516213
8516251
8516273
8516297
8516323
8516329
8516341
8516357
8516363
8516407
8516419
8516429
8516467
8516477
8516483
8516489
8516491
8516513
8516527
8516533
8516539
8516567
8516569
8516581
8516597
8516611
8516621
8516639
8516653
8516657
8516659
8516701
8516707
8516737
8516741
8516743
8516773
8516797
8516803
8516819
8516843
8516857
8516863
8516867
8516873
8516887
8516899
8516927
8516951
8516957
8516987
8517023
8517029
8517031
8517037
8517049
8517071
8517077
8517083
8517121
8517127
8517137
8517163
8517169
8517191
8517193
8517203
8517233
8517253
8517269
8517277
8517319
8517331
8517349
8517359
8517401
8517403
8517409
8517413
8517419
8517433
8517449
8517461
8517469
8517479
8517497
8517499
8517517
8517541
8517547
8517557
8517563
8517571
8517581
8517583
8517589
8517599
8517611
8517617
8517631
8517661
8517671
8517727
8517737
8517767
8517779
8517787
8517823
8517863
8517877
8517893
8517907
8517919
8517937
8517983
8517991
8518009
8518019
8518021
8518033
8518039
8518049
8518051
8518067
8518079
8518091
8518109
8518121
8518157
8518183
8518189
8518219
8518231
8518261
8518277
8518291
8518331
8518339
8518351
8518357
8518369
8518387
8518417
8518427
8518439
8518451
8518481
8518483
8518493
8518501
8518507
8518519
8518541
8518567
8518577
8518603
8518607
8518613
8518619
8518633
8518639
8518661
8518667
8518681
8518709
8518723
8518729
8518733
8518739
8518747
8518771
8518781
8518787
8518801
8518841
8518847
8518883
8518889
8518907
8518931
8518933
8518963
8518969
8518981
8518997
8518999
8519009
8519041
8519051
8519053
8519081
8519089
8519111
8519143
8519207
8519209
8519221
8519237
8519257
8519263
8519279
8519299
8519317
8519351
8519377
8519383
8519387
8519393
8519411
8519471
8519473
8519477
8519479
8519491
8519551
8519569
8519587
8519603
8519617
8519647
8519681
8519711
8519717
8519723
8519743
8519747
8519773
8519783
8519789
8519813
8519827
8519837
8519843
8519857
8519869
8519887
8519897
8519899
8519911
8519933
8519957
8519963
8519971
8519983
8519989
8520007
8520011
8520023
8520041
8520079
8520091
8520103
8520107
8520139
8520157
8520163
8520181
8520191
8520241
8520269
8520289
8520293
8520307
8520311
8520329
8520331
8520353
8520359
8520389
8520401
8520409
8520427
8520431
8520433
8520437
8520481
8520503
8520509
8520521
8520527
There are 2204 prime numbers in S486.
