S487(8520553~8555616)
8520571
8520613
8520623
8520647
8520653
8520679
8520709
8520713
8520719
8520737
8520739
8520749
8520761
8520793
8520803
8520821
8520829
8520851
8520887
8520901
8520913
8520929
8520943
8520947
8520973
8520979
8521003
8521013
8521021
8521061
8521069
8521091
8521103
8521111
8521129
8521133
8521141
8521171
8521189
8521213
8521223
8521229
8521231
8521237
8521243
8521259
8521283
8521297
8521321
8521327
8521343
8521391
8521397
8521411
8521417
8521427
8521451
8521453
8521501
8521561
8521567
8521577
8521589
8521603
8521613
8521619
8521631
8521649
8521687
8521699
8521703
8521739
8521759
8521763
8521781
8521787
8521789
8521813
8521819
8521829
8521831
8521841
8521867
8521871
8521907
8521939
8521949
8521963
8521999
8522009
8522021
8522039
8522047
8522113
8522119
8522141
8522147
8522149
8522159
8522161
8522197
8522207
8522209
8522221
8522233
8522237
8522251
8522281
8522291
8522309
8522341
8522363
8522401
8522407
8522411
8522413
8522419
8522429
8522461
8522473
8522477
8522497
8522509
8522513
8522533
8522537
8522561
8522567
8522603
8522623
8522639
8522641
8522663
8522669
8522671
8522681
8522699
8522707
8522713
8522741
8522743
8522749
8522777
8522779
8522791
8522803
8522809
8522863
8522909
8522939
8522951
8522959
8522989
8522999
8523007
8523017
8523029
8523043
8523049
8523083
8523091
8523101
8523113
8523127
8523131
8523139
8523143
8523149
8523173
8523211
8523223
8523227
8523259
8523287
8523311
8523313
8523323
8523329
8523349
8523391
8523397
8523413
8523421
8523439
8523461
8523467
8523499
8523509
8523517
8523521
8523523
8523527
8523587
8523601
8523607
8523611
8523617
8523629
8523631
8523637
8523643
8523659
8523661
8523679
8523689
8523701
8523707
8523719
8523721
8523733
8523743
8523769
8523773
8523787
8523793
8523821
8523841
8523877
8523881
8523899
8523917
8523959
8523973
8523979
8524013
8524037
8524049
8524051
8524073
8524091
8524111
8524193
8524207
8524213
8524247
8524253
8524267
8524273
8524279
8524291
8524297
8524303
8524333
8524339
8524357
8524391
8524423
8524427
8524441
8524487
8524489
8524499
8524507
8524511
8524543
8524547
8524553
8524561
8524591
8524603
8524609
8524613
8524631
8524639
8524643
8524657
8524669
8524699
8524709
8524717
8524723
8524727
8524729
8524739
8524741
8524777
8524799
8524801
8524807
8524819
8524823
8524853
8524877
8524889
8524897
8524909
8524931
8524949
8524951
8524963
8524979
8524981
8524987
8524993
8525017
8525029
8525047
8525071
8525113
8525117
8525119
8525131
8525141
8525149
8525161
8525191
8525201
8525213
8525227
8525239
8525261
8525263
8525291
8525329
8525351
8525371
8525401
8525411
8525431
8525459
8525477
8525497
8525501
8525521
8525557
8525579
8525593
8525599
8525603
8525669
8525689
8525701
8525707
8525711
8525723
8525729
8525731
8525747
8525749
8525761
8525771
8525773
8525779
8525791
8525809
8525831
8525833
8525849
8525861
8525863
8525879
8525887
8525897
8525969
8525977
8525981
8525983
8525989
8526013
8526017
8526053
8526059
8526071
8526097
8526101
8526107
8526127
8526143
8526151
8526173
8526179
8526191
8526211
8526247
8526251
8526253
8526257
8526277
8526281
8526283
8526359
8526373
8526389
8526403
8526409
8526439
8526449
8526451
8526499
8526527
8526533
8526541
8526559
8526563
8526569
8526577
8526601
8526607
8526631
8526671
8526691
8526709
8526719
8526733
8526737
8526769
8526773
8526779
8526781
8526797
8526863
8526871
8526901
8526913
8526919
8526929
8526941
8526949
8526971
8526977
8527009
8527021
8527027
8527033
8527037
8527039
8527049
8527087
8527097
8527109
8527147
8527159
8527177
8527193
8527213
8527229
8527231
8527237
8527243
8527261
8527271
8527283
8527289
8527301
8527331
8527361
8527369
8527391
8527399
8527403
8527417
8527429
8527433
8527439
8527451
8527469
8527471
8527481
8527487
8527499
8527513
8527529
8527543
8527601
8527609
8527613
8527619
8527627
8527643
8527661
8527663
8527681
8527691
8527699
8527741
8527763
8527777
8527781
8527807
8527817
8527819
8527837
8527843
8527847
8527853
8527867
8527873
8527901
8527913
8527921
8527927
8527951
8527991
8528021
8528029
8528057
8528063
8528087
8528111
8528141
8528159
8528171
8528173
8528183
8528209
8528213
8528243
8528257
8528281
8528309
8528353
8528357
8528383
8528411
8528417
8528461
8528467
8528483
8528489
8528519
8528551
8528557
8528563
8528567
8528599
8528609
8528633
8528657
8528671
8528683
8528687
8528693
8528717
8528783
8528789
8528797
8528843
8528867
8528873
8528879
8528881
8528893
8528903
8528911
8528969
8528977
8528983
8529023
8529041
8529047
8529049
8529089
8529091
8529097
8529109
8529139
8529173
8529197
8529221
8529229
8529259
8529281
8529293
8529299
8529317
8529361
8529373
8529383
8529397
8529403
8529413
8529439
8529473
8529559
8529601
8529611
8529617
8529623
8529641
8529643
8529649
8529659
8529673
8529679
8529707
8529749
8529751
8529761
8529769
8529779
8529809
8529811
8529821
8529823
8529847
8529853
8529863
8529877
8529919
8529923
8529931
8529949
8529959
8530001
8530003
8530007
8530037
8530051
8530063
8530099
8530103
8530117
8530121
8530127
8530133
8530213
8530219
8530229
8530237
8530241
8530253
8530261
8530273
8530283
8530289
8530307
8530351
8530367
8530391
8530409
8530427
8530441
8530451
8530523
8530531
8530537
8530541
8530567
8530591
8530597
8530619
8530637
8530693
8530699
8530733
8530759
8530771
8530799
8530801
8530807
8530811
8530817
8530849
8530891
8530897
8530913
8530927
8530939
8531009
8531021
8531023
8531051
8531063
8531099
8531101
8531129
8531141
8531153
8531189
8531197
8531203
8531207
8531213
8531219
8531221
8531227
8531233
8531261
8531267
8531269
8531279
8531287
8531309
8531317
8531333
8531339
8531359
8531371
8531381
8531389
8531407
8531429
8531443
8531461
8531473
8531477
8531483
8531489
8531507
8531531
8531533
8531543
8531561
8531609
8531617
8531639
8531647
8531659
8531683
8531687
8531693
8531707
8531711
8531717
8531749
8531767
8531801
8531821
8531833
8531849
8531879
8531881
8531903
8531911
8531923
8531933
8531947
8532019
8532031
8532071
8532127
8532133
8532137
8532157
8532169
8532179
8532191
8532221
8532229
8532233
8532247
8532257
8532259
8532269
8532281
8532289
8532299
8532301
8532319
8532323
8532331
8532343
8532371
8532413
8532421
8532437
8532439
8532443
8532449
8532457
8532473
8532541
8532547
8532569
8532571
8532593
8532631
8532637
8532659
8532679
8532707
8532737
8532739
8532761
8532773
8532779
8532787
8532809
8532817
8532833
8532889
8532893
8532899
8532911
8532913
8532917
8532941
8532943
8532971
8532973
8532983
8533001
8533009
8533061
8533067
8533073
8533079
8533097
8533103
8533123
8533139
8533141
8533169
8533183
8533211
8533237
8533267
8533297
8533309
8533333
8533361
8533363
8533387
8533397
8533411
8533429
8533433
8533457
8533513
8533517
8533531
8533537
8533543
8533549
8533559
8533601
8533619
8533639
8533663
8533669
8533673
8533697
8533729
8533739
8533741
8533751
8533753
8533757
8533783
8533787
8533799
8533829
8533841
8533849
8533853
8533871
8533879
8533883
8533891
8533913
8533933
8533951
8533979
8533981
8534003
8534011
8534023
8534041
8534047
8534069
8534089
8534101
8534107
8534131
8534137
8534147
8534159
8534177
8534179
8534189
8534203
8534209
8534243
8534261
8534297
8534303
8534329
8534341
8534347
8534353
8534359
8534371
8534377
8534387
8534411
8534419
8534423
8534429
8534441
8534443
8534447
8534467
8534473
8534489
8534509
8534521
8534543
8534549
8534567
8534569
8534573
8534593
8534621
8534627
8534639
8534651
8534657
8534681
8534699
8534707
8534717
8534741
8534759
8534789
8534791
8534849
8534861
8534873
8534891
8534917
8534921
8534927
8534947
8534957
8534959
8534983
8534989
8534993
8535029
8535031
8535061
8535083
8535089
8535091
8535097
8535119
8535157
8535179
8535209
8535211
8535223
8535253
8535259
8535269
8535287
8535337
8535347
8535349
8535361
8535403
8535413
8535431
8535433
8535437
8535469
8535473
8535487
8535523
8535533
8535539
8535551
8535559
8535587
8535607
8535613
8535661
8535673
8535677
8535689
8535701
8535719
8535721
8535727
8535739
8535743
8535767
8535781
8535847
8535869
8535911
8535929
8535931
8535949
8535977
8535983
8535991
8536007
8536037
8536043
8536069
8536081
8536103
8536153
8536169
8536183
8536201
8536219
8536223
8536249
8536267
8536271
8536273
8536277
8536313
8536321
8536343
8536351
8536357
8536361
8536379
8536387
8536399
8536417
8536441
8536457
8536459
8536471
8536477
8536511
8536513
8536531
8536571
8536573
8536579
8536631
8536637
8536673
8536699
8536709
8536711
8536721
8536727
8536729
8536739
8536753
8536777
8536783
8536793
8536807
8536831
8536861
8536883
8536903
8536921
8536961
8536993
8536999
8537003
8537027
8537041
8537051
8537083
8537093
8537101
8537153
8537159
8537167
8537173
8537197
8537201
8537203
8537219
8537237
8537239
8537267
8537303
8537317
8537323
8537329
8537357
8537381
8537387
8537407
8537411
8537413
8537437
8537443
8537447
8537467
8537497
8537527
8537533
8537539
8537549
8537561
8537563
8537603
8537651
8537657
8537671
8537699
8537731
8537747
8537759
8537801
8537839
8537857
8537873
8537911
8537923
8537933
8537957
8537959
8537981
8537983
8538017
8538031
8538053
8538071
8538073
8538077
8538107
8538143
8538149
8538193
8538223
8538227
8538259
8538263
8538269
8538281
8538317
8538319
8538331
8538347
8538367
8538371
8538377
8538401
8538419
8538433
8538457
8538461
8538469
8538511
8538529
8538533
8538587
8538599
8538611
8538613
8538617
8538637
8538653
8538659
8538667
8538679
8538683
8538689
8538697
8538703
8538713
8538721
8538767
8538779
8538781
8538793
8538797
8538833
8538839
8538851
8538853
8538869
8538889
8538931
8538941
8538967
8538977
8538979
8538991
8538997
8539033
8539039
8539051
8539057
8539061
8539067
8539087
8539093
8539121
8539147
8539163
8539171
8539177
8539183
8539199
8539213
8539259
8539273
8539277
8539301
8539313
8539337
8539343
8539361
8539373
8539393
8539397
8539409
8539429
8539441
8539471
8539507
8539537
8539547
8539561
8539567
8539591
8539631
8539669
8539673
8539679
8539691
8539747
8539771
8539781
8539807
8539813
8539829
8539847
8539889
8539901
8539903
8539907
8539913
8539919
8539961
8539997
8540003
8540009
8540011
8540027
8540033
8540047
8540053
8540083
8540087
8540089
8540099
8540111
8540113
8540117
8540141
8540143
8540167
8540179
8540219
8540227
8540237
8540243
8540281
8540293
8540327
8540333
8540339
8540347
8540353
8540381
8540387
8540393
8540401
8540431
8540461
8540479
8540501
8540503
8540507
8540509
8540513
8540527
8540533
8540537
8540551
8540563
8540569
8540573
8540621
8540629
8540639
8540683
8540689
8540713
8540723
8540729
8540731
8540737
8540743
8540759
8540771
8540773
8540801
8540809
8540839
8540849
8540867
8540869
8540891
8540893
8540921
8540933
8540941
8540971
8540977
8540989
8540999
8541007
8541011
8541023
8541041
8541053
8541067
8541101
8541121
8541139
8541149
8541163
8541173
8541179
8541199
8541217
8541233
8541251
8541277
8541289
8541301
8541307
8541319
8541347
8541353
8541359
8541367
8541373
8541389
8541397
8541409
8541473
8541479
8541499
8541503
8541509
8541517
8541521
8541551
8541553
8541587
8541679
8541691
8541707
8541713
8541721
8541737
8541749
8541751
8541823
8541881
8541889
8541941
8541943
8541959
8541971
8541983
8541991
8541997
8542043
8542057
8542067
8542069
8542129
8542133
8542139
8542141
8542151
8542189
8542201
8542243
8542253
8542273
8542291
8542321
8542333
8542351
8542357
8542363
8542367
8542409
8542411
8542421
8542427
8542451
8542459
8542463
8542481
8542489
8542493
8542519
8542529
8542531
8542537
8542549
8542553
8542561
8542601
8542603
8542621
8542631
8542643
8542663
8542711
8542747
8542769
8542771
8542777
8542811
8542817
8542847
8542873
8542879
8542927
8542943
8542973
8542979
8542999
8543009
8543069
8543071
8543077
8543083
8543089
8543099
8543113
8543131
8543137
8543147
8543149
8543153
8543167
8543177
8543191
8543207
8543257
8543261
8543267
8543279
8543309
8543317
8543323
8543329
8543341
8543347
8543363
8543387
8543389
8543399
8543413
8543443
8543453
8543459
8543461
8543471
8543473
8543527
8543543
8543551
8543567
8543573
8543609
8543617
8543641
8543651
8543657
8543681
8543683
8543687
8543699
8543723
8543729
8543753
8543779
8543791
8543803
8543807
8543819
8543827
8543831
8543839
8543861
8543881
8543903
8543921
8543957
8543963
8543987
8543999
8544001
8544007
8544037
8544049
8544059
8544071
8544073
8544079
8544121
8544131
8544157
8544161
8544163
8544169
8544197
8544199
8544223
8544253
8544287
8544301
8544307
8544317
8544329
8544337
8544379
8544383
8544391
8544397
8544413
8544427
8544449
8544451
8544457
8544491
8544493
8544527
8544539
8544541
8544551
8544593
8544617
8544629
8544649
8544671
8544709
8544733
8544751
8544773
8544797
8544803
8544839
8544841
8544853
8544859
8544953
8544971
8544973
8544997
8545007
8545049
8545051
8545073
8545087
8545091
8545109
8545123
8545139
8545151
8545153
8545177
8545183
8545217
8545249
8545279
8545283
8545291
8545301
8545319
8545321
8545331
8545333
8545337
8545357
8545387
8545417
8545447
8545451
8545463
8545469
8545477
8545487
8545499
8545529
8545541
8545571
8545613
8545637
8545643
8545651
8545661
8545697
8545699
8545717
8545721
8545729
8545759
8545787
8545813
8545829
8545837
8545841
8545843
8545907
8545909
8545937
8545939
8545961
8545967
8545993
8546017
8546023
8546059
8546093
8546107
8546117
8546119
8546123
8546129
8546171
8546201
8546227
8546243
8546249
8546267
8546273
8546287
8546311
8546381
8546383
8546389
8546407
8546413
8546423
8546429
8546431
8546437
8546441
8546443
8546459
8546467
8546477
8546497
8546507
8546521
8546537
8546539
8546543
8546611
8546623
8546627
8546633
8546647
8546651
8546653
8546663
8546683
8546687
8546689
8546717
8546743
8546749
8546761
8546779
8546803
8546807
8546831
8546843
8546899
8546911
8546927
8546929
8546933
8546947
8546953
8546959
8546969
8546999
8547029
8547031
8547079
8547109
8547113
8547157
8547173
8547179
8547197
8547211
8547223
8547233
8547241
8547251
8547269
8547317
8547353
8547361
8547377
8547403
8547419
8547437
8547463
8547491
8547493
8547499
8547509
8547521
8547523
8547541
8547593
8547601
8547631
8547641
8547653
8547667
8547673
8547677
8547767
8547809
8547817
8547829
8547839
8547857
8547863
8547871
8547887
8547899
8547901
8547907
8547911
8547919
8547941
8547947
8547949
8547983
8548003
8548009
8548039
8548063
8548079
8548091
8548109
8548121
8548129
8548151
8548159
8548171
8548181
8548193
8548201
8548223
8548231
8548237
8548247
8548273
8548277
8548283
8548291
8548303
8548321
8548327
8548339
8548363
8548367
8548409
8548411
8548429
8548447
8548453
8548469
8548483
8548487
8548489
8548523
8548559
8548567
8548583
8548609
8548619
8548621
8548627
8548643
8548681
8548693
8548697
8548721
8548733
8548747
8548759
8548769
8548781
8548817
8548829
8548831
8548843
8548849
8548853
8548913
8548927
8548933
8548949
8548987
8549027
8549071
8549117
8549129
8549137
8549153
8549201
8549243
8549263
8549291
8549293
8549329
8549339
8549371
8549383
8549413
8549417
8549503
8549507
8549531
8549539
8549543
8549557
8549573
8549579
8549591
8549599
8549609
8549641
8549663
8549683
8549711
8549719
8549773
8549777
8549789
8549797
8549837
8549857
8549881
8549887
8549903
8549909
8549921
8549941
8549969
8550001
8550007
8550011
8550023
8550037
8550053
8550107
8550109
8550161
8550169
8550197
8550211
8550229
8550251
8550253
8550301
8550313
8550329
8550341
8550349
8550359
8550379
8550397
8550413
8550419
8550449
8550461
8550469
8550481
8550517
8550547
8550557
8550571
8550583
8550611
8550613
8550617
8550623
8550653
8550667
8550671
8550683
8550697
8550727
8550739
8550769
8550781
8550791
8550793
8550799
8550803
8550821
8550827
8550859
8550869
8550877
8550887
8550889
8550907
8550943
8550973
8550977
8550989
8550991
8551019
8551043
8551057
8551061
8551063
8551069
8551079
8551087
8551091
8551097
8551099
8551139
8551157
8551171
8551189
8551211
8551219
8551223
8551243
8551253
8551271
8551297
8551303
8551307
8551313
8551337
8551351
8551373
8551379
8551393
8551397
8551409
8551421
8551427
8551441
8551447
8551451
8551457
8551481
8551483
8551489
8551507
8551511
8551523
8551531
8551537
8551541
8551553
8551579
8551591
8551601
8551639
8551667
8551687
8551721
8551733
8551759
8551769
8551783
8551787
8551789
8551819
8551831
8551849
8551853
8551871
8551889
8551891
8551931
8551937
8551981
8551993
8551997
8552039
8552057
8552059
8552077
8552101
8552107
8552111
8552119
8552123
8552161
8552177
8552191
8552213
8552221
8552233
8552263
8552267
8552279
8552281
8552287
8552293
8552339
8552347
8552351
8552353
8552359
8552363
8552381
8552429
8552437
8552443
8552459
8552471
8552473
8552491
8552501
8552503
8552519
8552521
8552539
8552549
8552563
8552567
8552591
8552623
8552629
8552647
8552653
8552659
8552671
8552681
8552689
8552707
8552737
8552741
8552771
8552779
8552801
8552813
8552833
8552851
8552861
8552867
8552881
8552897
8552909
8552911
8552923
8552927
8552939
8552953
8552959
8553007
8553029
8553043
8553073
8553101
8553113
8553119
8553137
8553143
8553163
8553187
8553199
8553221
8553229
8553247
8553269
8553271
8553277
8553283
8553301
8553313
8553317
8553361
8553367
8553373
8553403
8553437
8553449
8553451
8553469
8553487
8553491
8553497
8553527
8553529
8553541
8553547
8553563
8553569
8553581
8553593
8553599
8553607
8553619
8553673
8553679
8553683
8553691
8553719
8553733
8553749
8553757
8553767
8553773
8553793
8553803
8553817
8553821
8553827
8553833
8553851
8553877
8553911
8553913
8553929
8553949
8553959
8553967
8553973
8553989
8554019
8554027
8554031
8554069
8554079
8554081
8554093
8554099
8554103
8554121
8554127
8554153
8554157
8554163
8554177
8554187
8554193
8554223
8554243
8554261
8554267
8554277
8554279
8554283
8554297
8554309
8554327
8554361
8554373
8554379
8554387
8554393
8554421
8554453
8554471
8554487
8554489
8554501
8554523
8554529
8554547
8554607
8554619
8554633
8554639
8554649
8554669
8554687
8554697
8554703
8554717
8554747
8554751
8554771
8554787
8554789
8554817
8554829
8554837
8554849
8554867
8554877
8554901
8554907
8554939
8554951
8554957
8554967
8554969
8554981
8554993
8554999
8555021
8555047
8555051
8555123
8555143
8555153
8555159
8555171
8555191
8555221
8555227
8555279
8555291
8555317
8555321
8555353
8555359
8555389
8555441
8555447
8555461
8555467
8555507
8555543
8555549
8555579
8555587
8555611
There are 2228 prime numbers in S487.
