S488(8555617~8590752)
8555623
8555629
8555633
8555639
8555683
8555693
8555711
8555717
8555749
8555759
8555761
8555773
8555791
8555801
8555803
8555809
8555831
8555861
8555873
8555881
8555887
8555891
8555903
8555929
8555933
8555951
8555959
8555999
8556001
8556007
8556017
8556059
8556071
8556089
8556091
8556133
8556157
8556181
8556187
8556199
8556203
8556211
8556241
8556271
8556277
8556319
8556323
8556347
8556349
8556419
8556463
8556487
8556511
8556521
8556523
8556557
8556563
8556571
8556629
8556641
8556649
8556671
8556697
8556739
8556749
8556761
8556791
8556817
8556839
8556853
8556869
8556887
8556893
8556907
8556923
8556937
8556941
8556949
8556959
8557007
8557013
8557033
8557057
8557061
8557063
8557067
8557079
8557091
8557093
8557121
8557123
8557139
8557169
8557181
8557189
8557193
8557207
8557223
8557229
8557253
8557267
8557303
8557309
8557319
8557363
8557399
8557411
8557421
8557447
8557459
8557463
8557469
8557489
8557529
8557531
8557547
8557553
8557567
8557573
8557589
8557607
8557609
8557649
8557691
8557711
8557721
8557723
8557727
8557729
8557763
8557777
8557781
8557793
8557799
8557819
8557853
8557859
8557867
8557897
8557907
8557921
8557931
8557933
8557937
8557981
8557993
8558003
8558027
8558029
8558041
8558083
8558087
8558101
8558107
8558119
8558159
8558171
8558233
8558261
8558273
8558287
8558309
8558311
8558321
8558399
8558413
8558423
8558441
8558443
8558453
8558471
8558477
8558479
8558489
8558491
8558503
8558521
8558549
8558551
8558587
8558603
8558611
8558629
8558651
8558659
8558681
8558687
8558689
8558713
8558723
8558731
8558743
8558749
8558761
8558777
8558779
8558813
8558827
8558833
8558843
8558861
8558867
8558881
8558887
8558897
8558899
8558929
8558933
8558941
8558999
8559011
8559017
8559073
8559079
8559091
8559113
8559127
8559137
8559149
8559157
8559179
8559181
8559223
8559227
8559233
8559259
8559269
8559277
8559301
8559361
8559371
8559373
8559389
8559391
8559401
8559431
8559433
8559479
8559487
8559491
8559511
8559533
8559539
8559559
8559563
8559569
8559583
8559589
8559599
8559613
8559631
8559713
8559767
8559773
8559799
8559827
8559829
8559833
8559869
8559877
8559917
8559949
8559983
8559989
8560001
8560007
8560009
8560031
8560049
8560073
8560087
8560093
8560099
8560159
8560169
8560217
8560219
8560229
8560289
8560291
8560297
8560303
8560319
8560327
8560337
8560373
8560403
8560411
8560417
8560421
8560427
8560441
8560451
8560463
8560493
8560499
8560529
8560543
8560549
8560609
8560631
8560633
8560661
8560663
8560687
8560691
8560693
8560711
8560729
8560733
8560753
8560763
8560787
8560793
8560813
8560817
8560823
8560831
8560859
8560879
8560883
8560891
8560907
8560933
8560957
8560961
8561011
8561017
8561027
8561041
8561057
8561071
8561089
8561099
8561101
8561107
8561117
8561131
8561159
8561213
8561237
8561263
8561269
8561279
8561281
8561297
8561299
8561321
8561339
8561341
8561347
8561383
8561407
8561417
8561437
8561447
8561471
8561477
8561479
8561503
8561537
8561551
8561569
8561573
8561603
8561627
8561633
8561701
8561713
8561731
8561737
8561741
8561801
8561803
8561807
8561809
8561857
8561867
8561869
8561887
8561893
8561909
8561939
8561953
8561963
8562023
8562041
8562061
8562077
8562079
8562083
8562121
8562137
8562149
8562167
8562193
8562199
8562251
8562263
8562269
8562283
8562311
8562313
8562329
8562343
8562353
8562361
8562377
8562383
8562397
8562401
8562403
8562409
8562419
8562431
8562457
8562473
8562523
8562527
8562551
8562557
8562581
8562599
8562607
8562613
8562629
8562641
8562643
8562649
8562661
8562683
8562689
8562703
8562707
8562709
8562737
8562751
8562767
8562769
8562773
8562791
8562797
8562803
8562821
8562857
8562887
8562899
8562941
8562943
8562979
8562991
8563001
8563003
8563007
8563031
8563039
8563043
8563067
8563073
8563081
8563109
8563117
8563123
8563141
8563171
8563183
8563187
8563237
8563271
8563273
8563277
8563283
8563307
8563309
8563351
8563397
8563403
8563421
8563463
8563481
8563501
8563517
8563519
8563537
8563553
8563559
8563571
8563589
8563619
8563627
8563637
8563693
8563697
8563717
8563727
8563741
8563747
8563757
8563769
8563771
8563783
8563811
8563817
8563831
8563853
8563859
8563861
8563883
8563901
8563939
8563969
8563987
8564053
8564063
8564071
8564089
8564099
8564113
8564123
8564147
8564167
8564177
8564191
8564197
8564221
8564273
8564291
8564299
8564317
8564321
8564329
8564333
8564341
8564351
8564357
8564359
8564407
8564419
8564431
8564467
8564471
8564503
8564527
8564537
8564551
8564557
8564593
8564597
8564653
8564681
8564713
8564729
8564741
8564749
8564767
8564789
8564791
8564813
8564819
8564833
8564837
8564861
8564863
8564867
8564891
8564909
8564939
8564981
8564987
8565031
8565047
8565049
8565077
8565097
8565107
8565113
8565119
8565203
8565209
8565211
8565217
8565281
8565283
8565289
8565301
8565307
8565317
8565343
8565373
8565379
8565397
8565419
8565439
8565451
8565461
8565509
8565539
8565577
8565581
8565589
8565593
8565619
8565629
8565631
8565673
8565677
8565691
8565707
8565721
8565727
8565731
8565737
8565743
8565787
8565829
8565847
8565853
8565857
8565881
8565917
8565929
8565971
8565989
8566001
8566003
8566009
8566021
8566027
8566031
8566037
8566043
8566109
8566111
8566121
8566123
8566157
8566163
8566177
8566193
8566211
8566213
8566237
8566247
8566279
8566289
8566297
8566301
8566303
8566307
8566319
8566357
8566399
8566409
8566427
8566451
8566469
8566489
8566507
8566543
8566559
8566583
8566601
8566609
8566619
8566627
8566631
8566639
8566651
8566667
8566673
8566697
8566703
8566729
8566771
8566781
8566783
8566799
8566801
8566813
8566823
8566837
8566849
8566897
8566907
8566913
8566949
8566981
8567003
8567033
8567047
8567057
8567059
8567101
8567107
8567131
8567161
8567173
8567179
8567197
8567203
8567219
8567243
8567257
8567261
8567281
8567297
8567311
8567341
8567399
8567411
8567417
8567453
8567513
8567539
8567549
8567561
8567591
8567593
8567617
8567627
8567653
8567681
8567693
8567701
8567717
8567723
8567737
8567743
8567747
8567761
8567809
8567827
8567833
8567851
8567857
8567861
8567863
8567869
8567899
8567903
8567929
8567939
8567953
8567957
8567969
8567987
8567989
8568011
8568019
8568023
8568041
8568047
8568061
8568071
8568073
8568097
8568101
8568113
8568149
8568169
8568179
8568181
8568191
8568211
8568227
8568251
8568271
8568281
8568283
8568319
8568337
8568353
8568379
8568383
8568401
8568403
8568407
8568409
8568433
8568463
8568473
8568491
8568509
8568529
8568541
8568557
8568559
8568583
8568611
8568619
8568643
8568647
8568649
8568661
8568683
8568691
8568701
8568709
8568733
8568737
8568743
8568757
8568761
8568767
8568773
8568787
8568823
8568839
8568851
8568869
8568907
8568913
8568947
8568961
8568979
8569013
8569021
8569031
8569039
8569049
8569063
8569069
8569079
8569081
8569111
8569117
8569147
8569153
8569159
8569189
8569193
8569201
8569229
8569273
8569277
8569283
8569289
8569313
8569321
8569331
8569339
8569349
8569357
8569381
8569387
8569417
8569433
8569441
8569447
8569453
8569469
8569481
8569493
8569499
8569511
8569541
8569553
8569559
8569567
8569571
8569577
8569591
8569619
8569633
8569637
8569663
8569669
8569679
8569699
8569711
8569727
8569747
8569763
8569787
8569793
8569801
8569811
8569871
8569879
8569937
8569949
8569963
8569987
8569991
8570011
8570021
8570041
8570069
8570101
8570117
8570123
8570129
8570137
8570161
8570203
8570207
8570209
8570231
8570267
8570269
8570279
8570293
8570299
8570357
8570371
8570383
8570389
8570411
8570437
8570447
8570449
8570461
8570479
8570483
8570489
8570491
8570509
8570537
8570563
8570587
8570621
8570633
8570641
8570647
8570659
8570671
8570677
8570687
8570701
8570719
8570761
8570797
8570813
8570819
8570827
8570831
8570867
8570869
8570899
8570909
8570923
8570951
8570953
8570963
8570977
8570981
8570983
8570987
8570999
8571011
8571023
8571041
8571047
8571053
8571067
8571083
8571089
8571113
8571119
8571137
8571151
8571169
8571181
8571197
8571229
8571253
8571259
8571271
8571287
8571289
8571301
8571307
8571317
8571347
8571359
8571361
8571391
8571401
8571403
8571427
8571439
8571467
8571473
8571481
8571487
8571509
8571529
8571533
8571539
8571551
8571581
8571601
8571643
8571649
8571653
8571671
8571677
8571683
8571691
8571701
8571707
8571727
8571751
8571767
8571799
8571803
8571809
8571811
8571839
8571851
8571853
8571863
8571881
8571917
8571919
8571929
8571947
8571967
8571973
8572009
8572033
8572073
8572079
8572099
8572111
8572117
8572121
8572127
8572133
8572141
8572163
8572217
8572219
8572229
8572237
8572241
8572243
8572253
8572279
8572309
8572331
8572339
8572349
8572367
8572387
8572397
8572411
8572427
8572433
8572451
8572483
8572507
8572511
8572517
8572541
8572549
8572589
8572621
8572633
8572639
8572643
8572651
8572657
8572673
8572679
8572693
8572699
8572727
8572783
8572799
8572807
8572829
8572831
8572841
8572853
8572871
8572903
8572961
8573003
8573017
8573023
8573027
8573041
8573051
8573053
8573077
8573101
8573107
8573111
8573167
8573189
8573207
8573209
8573221
8573239
8573249
8573251
8573261
8573269
8573293
8573303
8573309
8573353
8573363
8573377
8573393
8573399
8573401
8573413
8573419
8573429
8573431
8573437
8573441
8573443
8573447
8573449
8573471
8573479
8573497
8573501
8573507
8573519
8573533
8573561
8573567
8573573
8573623
8573657
8573671
8573683
8573689
8573713
8573717
8573723
8573737
8573743
8573749
8573753
8573759
8573767
8573771
8573783
8573801
8573809
8573827
8573843
8573849
8573869
8573951
8573953
8573987
8574019
8574037
8574061
8574067
8574077
8574079
8574089
8574133
8574161
8574179
8574199
8574211
8574229
8574253
8574271
8574277
8574283
8574311
8574323
8574337
8574353
8574359
8574367
8574373
8574403
8574413
8574427
8574437
8574439
8574463
8574473
8574479
8574497
8574521
8574523
8574541
8574547
8574557
8574571
8574623
8574649
8574661
8574667
8574679
8574689
8574721
8574737
8574743
8574751
8574763
8574767
8574809
8574823
8574847
8574857
8574859
8574877
8574887
8574899
8574911
8574959
8574961
8574971
8574977
8574983
8574991
8575013
8575031
8575033
8575037
8575057
8575069
8575079
8575093
8575117
8575121
8575141
8575169
8575181
8575187
8575199
8575201
8575207
8575211
8575219
8575247
8575321
8575331
8575337
8575339
8575351
8575393
8575409
8575423
8575439
8575459
8575487
8575493
8575543
8575547
8575577
8575579
8575603
8575613
8575627
8575649
8575657
8575663
8575703
8575727
8575733
8575739
8575741
8575751
8575759
8575829
8575841
8575873
8575901
8575913
8575937
8575969
8575981
8575991
8575997
8576017
8576021
8576027
8576077
8576081
8576107
8576111
8576123
8576131
8576147
8576153
8576159
8576203
8576207
8576219
8576233
8576261
8576273
8576311
8576317
8576327
8576329
8576333
8576363
8576383
8576387
8576411
8576441
8576443
8576453
8576459
8576461
8576507
8576509
8576521
8576531
8576549
8576567
8576569
8576573
8576591
8576593
8576597
8576599
8576609
8576621
8576627
8576629
8576641
8576647
8576669
8576671
8576681
8576683
8576699
8576713
8576719
8576731
8576747
8576759
8576761
8576767
8576791
8576797
8576807
8576839
8576849
8576851
8576873
8576903
8576927
8576929
8576941
8576947
8576957
8576969
8577001
8577017
8577029
8577053
8577073
8577089
8577103
8577133
8577161
8577169
8577181
8577187
8577193
8577209
8577251
8577259
8577263
8577293
8577307
8577313
8577329
8577337
8577343
8577353
8577397
8577403
8577449
8577463
8577473
8577521
8577529
8577557
8577563
8577589
8577593
8577601
8577617
8577623
8577629
8577631
8577671
8577677
8577727
8577739
8577743
8577757
8577761
8577763
8577773
8577787
8577799
8577817
8577847
8577853
8577871
8577883
8577893
8577901
8577929
8577931
8577977
8577983
8577991
8578019
8578021
8578033
8578039
8578049
8578067
8578091
8578093
8578099
8578109
8578121
8578123
8578127
8578147
8578181
8578189
8578223
8578231
8578237
8578243
8578249
8578321
8578327
8578331
8578343
8578363
8578397
8578417
8578439
8578447
8578459
8578463
8578477
8578513
8578567
8578571
8578589
8578607
8578639
8578651
8578667
8578681
8578697
8578699
8578711
8578729
8578733
8578771
8578781
8578789
8578807
8578811
8578819
8578831
8578879
8578883
8578891
8578901
8578903
8578907
8578919
8578943
8578949
8578981
8578991
8578993
8579003
8579071
8579093
8579107
8579111
8579113
8579117
8579141
8579159
8579167
8579173
8579183
8579191
8579201
8579251
8579287
8579297
8579303
8579309
8579341
8579353
8579357
8579399
8579411
8579419
8579443
8579491
8579503
8579513
8579531
8579533
8579561
8579573
8579633
8579639
8579651
8579663
8579687
8579699
8579731
8579743
8579749
8579761
8579789
8579807
8579821
8579869
8579873
8579881
8579891
8579903
8579927
8579929
8579939
8579981
8579999
8580023
8580031
8580037
8580043
8580071
8580073
8580079
8580097
8580101
8580113
8580133
8580151
8580167
8580217
8580227
8580233
8580241
8580251
8580287
8580289
8580301
8580353
8580389
8580391
8580409
8580413
8580431
8580469
8580479
8580487
8580497
8580499
8580503
8580511
8580527
8580553
8580557
8580569
8580581
8580601
8580613
8580617
8580643
8580653
8580697
8580713
8580731
8580739
8580751
8580763
8580773
8580787
8580791
8580821
8580829
8580833
8580841
8580851
8580853
8580857
8580883
8580899
8580917
8580919
8580953
8580959
8580967
8580977
8580983
8580997
8581007
8581021
8581043
8581049
8581051
8581087
8581099
8581117
8581147
8581163
8581169
8581171
8581189
8581193
8581201
8581211
8581241
8581247
8581253
8581267
8581289
8581337
8581343
8581351
8581367
8581399
8581403
8581411
8581429
8581457
8581471
8581499
8581501
8581511
8581519
8581523
8581567
8581577
8581591
8581607
8581613
8581621
8581631
8581633
8581681
8581693
8581717
8581723
8581733
8581739
8581747
8581759
8581789
8581799
8581819
8581843
8581847
8581861
8581927
8581931
8581933
8581943
8581961
8581973
8581981
8582017
8582023
8582027
8582051
8582083
8582111
8582137
8582143
8582159
8582177
8582179
8582183
8582191
8582201
8582207
8582209
8582213
8582221
8582293
8582303
8582309
8582311
8582339
8582369
8582383
8582389
8582411
8582417
8582419
8582423
8582447
8582461
8582491
8582543
8582593
8582597
8582617
8582641
8582659
8582663
8582687
8582711
8582713
8582723
8582731
8582741
8582747
8582759
8582771
8582801
8582803
8582831
8582837
8582857
8582863
8582867
8582891
8582921
8582963
8582969
8582971
8583013
8583019
8583059
8583061
8583073
8583077
8583083
8583109
8583131
8583137
8583139
8583151
8583167
8583203
8583221
8583233
8583241
8583247
8583259
8583277
8583287
8583313
8583343
8583353
8583361
8583397
8583401
8583457
8583479
8583481
8583503
8583511
8583527
8583529
8583539
8583541
8583569
8583581
8583599
8583613
8583629
8583713
8583779
8583781
8583791
8583833
8583847
8583871
8583893
8583907
8583919
8583923
8583937
8583941
8583947
8583977
8583979
8583989
8584001
8584007
8584013
8584019
8584073
8584097
8584151
8584157
8584183
8584187
8584189
8584193
8584217
8584229
8584231
8584243
8584249
8584253
8584273
8584291
8584309
8584327
8584339
8584343
8584351
8584393
8584399
8584417
8584421
8584423
8584519
8584529
8584531
8584547
8584549
8584567
8584573
8584577
8584579
8584619
8584633
8584657
8584663
8584679
8584733
8584739
8584747
8584753
8584757
8584759
8584787
8584811
8584817
8584837
8584853
8584859
8584883
8584909
8584921
8584937
8584943
8584951
8584967
8584987
8585021
8585039
8585053
8585069
8585077
8585081
8585111
8585173
8585177
8585191
8585209
8585237
8585243
8585261
8585287
8585293
8585333
8585387
8585389
8585399
8585429
8585431
8585449
8585477
8585497
8585501
8585513
8585531
8585539
8585569
8585611
8585617
8585623
8585639
8585651
8585657
8585669
8585671
8585713
8585719
8585743
8585747
8585789
8585803
8585807
8585839
8585873
8585879
8585881
8585893
8585921
8585963
8585981
8585989
8586013
8586031
8586073
8586077
8586103
8586121
8586131
8586143
8586167
8586181
8586191
8586209
8586239
8586247
8586269
8586301
8586307
8586311
8586317
8586323
8586341
8586353
8586367
8586373
8586419
8586427
8586439
8586443
8586463
8586467
8586481
8586491
8586493
8586497
8586511
8586533
8586559
8586563
8586577
8586587
8586593
8586619
8586623
8586629
8586637
8586647
8586661
8586667
8586679
8586691
8586709
8586719
8586733
8586737
8586761
8586769
8586791
8586793
8586829
8586847
8586859
8586863
8586869
8586883
8586899
8586913
8586937
8586959
8586967
8586979
8587039
8587043
8587087
8587109
8587123
8587127
8587147
8587207
8587231
8587247
8587253
8587283
8587289
8587301
8587309
8587321
8587333
8587351
8587357
8587361
8587399
8587421
8587459
8587471
8587493
8587529
8587531
8587541
8587543
8587549
8587561
8587577
8587583
8587597
8587609
8587619
8587633
8587687
8587693
8587697
8587723
8587751
8587757
8587769
8587801
8587807
8587841
8587849
8587861
8587871
8587889
8587897
8587937
8587949
8587963
8588017
8588029
8588059
8588071
8588087
8588143
8588149
8588159
8588161
8588189
8588191
8588207
8588221
8588227
8588249
8588257
8588273
8588291
8588299
8588341
8588381
8588389
8588423
8588429
8588431
8588473
8588479
8588497
8588501
8588521
8588527
8588533
8588539
8588543
8588549
8588563
8588579
8588623
8588647
8588651
8588659
8588677
8588681
8588707
8588717
8588719
8588761
8588771
8588813
8588819
8588831
8588837
8588849
8588851
8588897
8588903
8588911
8588917
8588929
8588947
8588971
8589001
8589011
8589013
8589037
8589041
8589073
8589101
8589149
8589157
8589167
8589173
8589179
8589181
8589193
8589209
8589223
8589241
8589247
8589289
8589299
8589319
8589323
8589331
8589337
8589341
8589359
8589401
8589431
8589473
8589487
8589491
8589517
8589521
8589523
8589533
8589547
8589563
8589569
8589583
8589589
8589613
8589619
8589629
8589631
8589677
8589683
8589689
8589733
8589739
8589769
8589773
8589797
8589839
8589857
8589859
8589871
8589877
8589901
8589923
8589929
8589943
8589953
8589961
8589967
8589989
8589991
8590009
8590073
8590111
8590121
8590139
8590159
8590163
8590171
8590189
8590199
8590207
8590217
8590243
8590249
8590273
8590289
8590291
8590301
8590333
8590357
8590363
8590367
8590391
8590427
8590433
8590469
8590471
8590487
8590501
8590507
8590513
8590529
8590531
8590537
8590553
8590573
8590591
8590597
8590633
8590639
8590643
8590657
8590663
8590693
8590711
8590721
8590723
8590727
8590733
8590741
There are 2212 prime numbers in S488.
