S489(8590753~8625960)
8590759
8590783
8590789
8590811
8590837
8590877
8590889
8590909
8590913
8590949
8590951
8590957
8590963
8590969
8590987
8590991
8590997
8591039
8591041
8591087
8591113
8591117
8591119
8591129
8591131
8591183
8591227
8591237
8591251
8591257
8591291
8591293
8591299
8591311
8591327
8591369
8591377
8591381
8591389
8591419
8591431
8591441
8591449
8591467
8591483
8591501
8591507
8591519
8591533
8591543
8591549
8591563
8591573
8591587
8591593
8591599
8591603
8591617
8591623
8591633
8591663
8591683
8591689
8591711
8591717
8591747
8591771
8591773
8591809
8591813
8591827
8591831
8591887
8591899
8591909
8591927
8591941
8591963
8592043
8592049
8592061
8592079
8592097
8592109
8592121
8592127
8592151
8592169
8592193
8592197
8592203
8592209
8592253
8592257
8592299
8592343
8592377
8592401
8592431
8592443
8592461
8592481
8592499
8592509
8592511
8592523
8592533
8592539
8592559
8592581
8592589
8592637
8592641
8592653
8592659
8592677
8592691
8592697
8592709
8592719
8592743
8592763
8592791
8592809
8592833
8592851
8592863
8592889
8592893
8592901
8592911
8592923
8592929
8592931
8592949
8592977
8592989
8593001
8593021
8593027
8593033
8593037
8593043
8593087
8593097
8593103
8593121
8593127
8593129
8593147
8593153
8593157
8593159
8593171
8593183
8593199
8593223
8593229
8593243
8593289
8593297
8593303
8593307
8593331
8593349
8593369
8593379
8593391
8593423
8593471
8593511
8593531
8593549
8593591
8593597
8593609
8593631
8593639
8593667
8593703
8593747
8593759
8593771
8593777
8593799
8593813
8593817
8593829
8593841
8593843
8593847
8593883
8593901
8593931
8593933
8593939
8593943
8593951
8593957
8593961
8593979
8594009
8594017
8594029
8594059
8594081
8594083
8594087
8594093
8594119
8594123
8594219
8594227
8594233
8594263
8594269
8594357
8594359
8594371
8594407
8594413
8594419
8594429
8594431
8594449
8594477
8594507
8594549
8594557
8594563
8594581
8594587
8594591
8594603
8594623
8594627
8594659
8594681
8594683
8594687
8594689
8594699
8594713
8594723
8594731
8594737
8594743
8594753
8594771
8594777
8594791
8594837
8594857
8594863
8594891
8594917
8594921
8594923
8594951
8595001
8595007
8595017
8595019
8595023
8595127
8595133
8595143
8595151
8595173
8595187
8595221
8595253
8595259
8595269
8595283
8595287
8595289
8595311
8595329
8595347
8595371
8595383
8595409
8595443
8595451
8595469
8595493
8595511
8595539
8595541
8595547
8595551
8595553
8595577
8595589
8595599
8595607
8595611
8595623
8595637
8595667
8595673
8595683
8595703
8595731
8595737
8595749
8595751
8595779
8595781
8595787
8595793
8595817
8595833
8595841
8595857
8595889
8595893
8595941
8595943
8595947
8595967
8596031
8596039
8596057
8596097
8596109
8596111
8596121
8596127
8596153
8596157
8596171
8596187
8596193
8596199
8596201
8596213
8596223
8596283
8596297
8596333
8596369
8596381
8596387
8596397
8596403
8596409
8596439
8596453
8596459
8596463
8596513
8596519
8596529
8596537
8596561
8596571
8596573
8596583
8596589
8596597
8596619
8596631
8596639
8596649
8596657
8596663
8596667
8596727
8596729
8596739
8596741
8596793
8596807
8596811
8596813
8596823
8596829
8596843
8596877
8596879
8596897
8596901
8596909
8596943
8596961
8596967
8596969
8596979
8596981
8596997
8597023
8597027
8597041
8597047
8597051
8597059
8597081
8597093
8597111
8597117
8597123
8597143
8597159
8597179
8597203
8597213
8597219
8597227
8597263
8597293
8597297
8597299
8597317
8597321
8597339
8597341
8597353
8597363
8597371
8597417
8597471
8597473
8597521
8597527
8597531
8597551
8597587
8597591
8597599
8597621
8597623
8597629
8597639
8597647
8597651
8597669
8597683
8597707
8597723
8597737
8597753
8597759
8597783
8597821
8597839
8597843
8597857
8597863
8597873
8597879
8597947
8597969
8597977
8597989
8597993
8597999
8598001
8598061
8598071
8598101
8598119
8598143
8598167
8598169
8598179
8598197
8598221
8598307
8598341
8598347
8598353
8598361
8598367
8598383
8598391
8598427
8598437
8598511
8598523
8598547
8598553
8598571
8598589
8598593
8598599
8598613
8598647
8598649
8598661
8598673
8598677
8598691
8598701
8598781
8598797
8598809
8598817
8598829
8598851
8598857
8598859
8598869
8598893
8598899
8598917
8598937
8598973
8598977
8598983
8599013
8599021
8599027
8599037
8599061
8599067
8599069
8599081
8599111
8599117
8599141
8599159
8599163
8599169
8599193
8599211
8599219
8599223
8599243
8599271
8599273
8599289
8599301
8599319
8599333
8599363
8599379
8599397
8599403
8599411
8599439
8599453
8599469
8599471
8599489
8599519
8599541
8599553
8599559
8599561
8599567
8599579
8599583
8599589
8599607
8599649
8599667
8599673
8599687
8599691
8599693
8599771
8599793
8599817
8599819
8599823
8599849
8599867
8599891
8599897
8599961
8599967
8599993
8600023
8600029
8600041
8600047
8600063
8600071
8600089
8600093
8600099
8600101
8600143
8600161
8600171
8600213
8600219
8600231
8600233
8600239
8600309
8600323
8600341
8600359
8600393
8600399
8600411
8600437
8600461
8600467
8600477
8600491
8600497
8600509
8600519
8600533
8600549
8600587
8600591
8600593
8600621
8600629
8600633
8600639
8600677
8600701
8600717
8600719
8600741
8600743
8600747
8600777
8600783
8600789
8600807
8600819
8600881
8600897
8600899
8600923
8600941
8600947
8600957
8600959
8600971
8601013
8601029
8601037
8601077
8601083
8601097
8601101
8601107
8601113
8601121
8601143
8601157
8601163
8601169
8601191
8601209
8601233
8601253
8601277
8601289
8601293
8601331
8601343
8601361
8601389
8601391
8601401
8601421
8601443
8601449
8601457
8601491
8601499
8601503
8601511
8601557
8601569
8601581
8601587
8601629
8601631
8601641
8601647
8601653
8601667
8601683
8601689
8601707
8601727
8601739
8601743
8601767
8601773
8601821
8601823
8601869
8601877
8601883
8601907
8601917
8601937
8601947
8601961
8601979
8601991
8601997
8602001
8602007
8602031
8602039
8602043
8602049
8602109
8602151
8602157
8602177
8602199
8602201
8602211
8602213
8602219
8602273
8602301
8602303
8602313
8602339
8602343
8602379
8602381
8602397
8602409
8602417
8602439
8602471
8602481
8602487
8602507
8602511
8602519
8602543
8602549
8602567
8602631
8602637
8602673
8602679
8602691
8602703
8602729
8602751
8602753
8602757
8602777
8602787
8602807
8602817
8602823
8602837
8602873
8602931
8602933
8602949
8602961
8602987
8603009
8603017
8603041
8603047
8603051
8603057
8603087
8603093
8603099
8603131
8603137
8603167
8603183
8603201
8603233
8603237
8603239
8603249
8603251
8603263
8603267
8603293
8603297
8603299
8603341
8603347
8603369
8603381
8603389
8603393
8603407
8603429
8603453
8603467
8603471
8603477
8603489
8603509
8603521
8603533
8603579
8603591
8603593
8603597
8603603
8603611
8603657
8603663
8603677
8603681
8603689
8603701
8603711
8603729
8603731
8603753
8603767
8603779
8603797
8603813
8603831
8603839
8603843
8603893
8603927
8603951
8603953
8603963
8604059
8604067
8604077
8604083
8604107
8604119
8604151
8604157
8604161
8604203
8604209
8604221
8604223
8604241
8604259
8604269
8604287
8604293
8604307
8604317
8604319
8604347
8604353
8604371
8604373
8604403
8604413
8604467
8604469
8604481
8604487
8604509
8604529
8604539
8604551
8604593
8604613
8604623
8604641
8604643
8604647
8604649
8604667
8604689
8604697
8604707
8604733
8604749
8604751
8604767
8604769
8604779
8604781
8604797
8604809
8604811
8604823
8604863
8604913
8604943
8604961
8604977
8604983
8604991
8605001
8605019
8605057
8605061
8605147
8605153
8605159
8605169
8605171
8605187
8605211
8605217
8605229
8605231
8605237
8605241
8605273
8605297
8605307
8605319
8605361
8605369
8605379
8605403
8605411
8605433
8605447
8605463
8605469
8605481
8605501
8605511
8605529
8605543
8605561
8605567
8605577
8605601
8605607
8605609
8605637
8605691
8605733
8605789
8605801
8605811
8605813
8605823
8605829
8605843
8605853
8605871
8605873
8605913
8605931
8605939
8605963
8605997
8605999
8606041
8606047
8606051
8606053
8606077
8606093
8606137
8606173
8606179
8606197
8606201
8606219
8606261
8606263
8606281
8606287
8606293
8606309
8606327
8606329
8606341
8606363
8606387
8606401
8606413
8606431
8606441
8606443
8606447
8606453
8606491
8606501
8606509
8606527
8606537
8606557
8606599
8606603
8606621
8606657
8606693
8606729
8606737
8606779
8606789
8606797
8606827
8606839
8606863
8606869
8606893
8606909
8606911
8606929
8606957
8606959
8606963
8606999
8607023
8607029
8607043
8607059
8607061
8607073
8607077
8607103
8607139
8607163
8607167
8607173
8607191
8607197
8607217
8607223
8607227
8607233
8607241
8607257
8607271
8607281
8607293
8607307
8607329
8607341
8607343
8607371
8607373
8607377
8607383
8607397
8607407
8607409
8607413
8607427
8607433
8607449
8607463
8607479
8607481
8607539
8607563
8607583
8607587
8607601
8607629
8607631
8607637
8607653
8607659
8607667
8607673
8607689
8607713
8607733
8607737
8607749
8607769
8607803
8607821
8607871
8607883
8607887
8607901
8607913
8607917
8607943
8607947
8607971
8607997
8608009
8608027
8608037
8608079
8608081
8608091
8608133
8608147
8608163
8608183
8608217
8608231
8608241
8608247
8608261
8608291
8608321
8608333
8608357
8608373
8608399
8608423
8608427
8608429
8608451
8608487
8608489
8608507
8608529
8608543
8608549
8608553
8608571
8608573
8608583
8608591
8608597
8608603
8608609
8608619
8608627
8608667
8608673
8608727
8608751
8608759
8608771
8608777
8608799
8608801
8608823
8608829
8608837
8608841
8608861
8608871
8608879
8608889
8608891
8608907
8608909
8608913
8608931
8608973
8609023
8609063
8609077
8609087
8609093
8609099
8609119
8609129
8609137
8609149
8609173
8609207
8609239
8609257
8609269
8609273
8609281
8609287
8609297
8609309
8609323
8609333
8609347
8609353
8609371
8609411
8609431
8609441
8609443
8609449
8609459
8609473
8609477
8609483
8609501
8609533
8609563
8609569
8609581
8609591
8609597
8609609
8609611
8609617
8609621
8609639
8609647
8609651
8609663
8609669
8609677
8609683
8609687
8609719
8609729
8609753
8609773
8609791
8609813
8609819
8609833
8609849
8609879
8609891
8609899
8609911
8609917
8609927
8609963
8609987
8609999
8610001
8610061
8610067
8610101
8610113
8610137
8610139
8610167
8610169
8610197
8610209
8610227
8610229
8610247
8610269
8610293
8610299
8610311
8610319
8610323
8610331
8610341
8610359
8610367
8610373
8610377
8610379
8610389
8610403
8610409
8610431
8610443
8610461
8610463
8610479
8610509
8610521
8610523
8610557
8610559
8610583
8610599
8610601
8610607
8610617
8610643
8610649
8610659
8610731
8610737
8610739
8610803
8610827
8610829
8610851
8610863
8610871
8610881
8610893
8610913
8610919
8610937
8610961
8610997
8611003
8611033
8611037
8611063
8611117
8611133
8611139
8611147
8611151
8611181
8611201
8611219
8611247
8611249
8611261
8611283
8611297
8611301
8611303
8611307
8611321
8611331
8611349
8611357
8611381
8611399
8611403
8611411
8611423
8611433
8611439
8611441
8611487
8611501
8611523
8611529
8611531
8611549
8611573
8611597
8611601
8611613
8611619
8611633
8611643
8611663
8611667
8611679
8611697
8611703
8611709
8611721
8611723
8611783
8611789
8611793
8611819
8611829
8611847
8611849
8611859
8611873
8611879
8611891
8611903
8611961
8611969
8611987
8611991
8612011
8612033
8612039
8612057
8612059
8612089
8612099
8612119
8612167
8612209
8612221
8612243
8612293
8612299
8612311
8612347
8612399
8612411
8612413
8612423
8612437
8612473
8612479
8612497
8612503
8612531
8612581
8612627
8612629
8612633
8612641
8612657
8612663
8612671
8612683
8612687
8612689
8612701
8612707
8612711
8612713
8612729
8612731
8612743
8612753
8612767
8612777
8612801
8612831
8612837
8612839
8612861
8612873
8612893
8612927
8612941
8612957
8612959
8612969
8612983
8613001
8613019
8613041
8613043
8613047
8613089
8613091
8613107
8613127
8613149
8613161
8613181
8613211
8613221
8613229
8613281
8613299
8613323
8613329
8613347
8613349
8613379
8613391
8613421
8613427
8613439
8613457
8613461
8613463
8613481
8613529
8613547
8613559
8613571
8613617
8613623
8613677
8613701
8613733
8613739
8613743
8613751
8613757
8613797
8613809
8613811
8613817
8613827
8613851
8613853
8613863
8613887
8613893
8613911
8613929
8613947
8613953
8613959
8613961
8613967
8614003
8614009
8614031
8614051
8614079
8614093
8614117
8614127
8614129
8614157
8614159
8614171
8614181
8614231
8614253
8614261
8614273
8614297
8614313
8614327
8614337
8614357
8614369
8614381
8614409
8614439
8614453
8614477
8614483
8614499
8614513
8614517
8614519
8614547
8614549
8614553
8614561
8614579
8614601
8614609
8614637
8614651
8614681
8614693
8614717
8614729
8614757
8614759
8614777
8614783
8614787
8614789
8614829
8614831
8614841
8614849
8614867
8614873
8614883
8614889
8614901
8614913
8614939
8614951
8614967
8614973
8614979
8614987
8615017
8615051
8615063
8615083
8615099
8615137
8615149
8615161
8615177
8615197
8615219
8615231
8615237
8615261
8615267
8615273
8615279
8615287
8615323
8615333
8615377
8615389
8615423
8615461
8615471
8615473
8615479
8615491
8615507
8615513
8615527
8615539
8615543
8615567
8615587
8615591
8615623
8615653
8615657
8615693
8615707
8615723
8615749
8615767
8615771
8615791
8615809
8615833
8615879
8615881
8615891
8615917
8615941
8615963
8615983
8615989
8616011
8616019
8616029
8616037
8616043
8616071
8616089
8616131
8616149
8616151
8616169
8616173
8616187
8616197
8616199
8616203
8616217
8616221
8616241
8616247
8616271
8616281
8616299
8616319
8616323
8616337
8616353
8616371
8616373
8616379
8616397
8616407
8616431
8616457
8616493
8616499
8616527
8616533
8616541
8616547
8616563
8616599
8616653
8616661
8616679
8616689
8616691
8616703
8616719
8616721
8616733
8616757
8616761
8616763
8616781
8616809
8616821
8616827
8616833
8616859
8616869
8616887
8616901
8616911
8616913
8616917
8616919
8616947
8616989
8616991
8616997
8617001
8617073
8617097
8617109
8617129
8617153
8617171
8617177
8617187
8617201
8617207
8617211
8617237
8617253
8617261
8617277
8617291
8617313
8617319
8617327
8617333
8617361
8617373
8617381
8617391
8617397
8617417
8617439
8617447
8617513
8617519
8617523
8617547
8617549
8617561
8617627
8617681
8617699
8617703
8617753
8617769
8617787
8617799
8617823
8617837
8617871
8617877
8617927
8617933
8617943
8617949
8617991
8617993
8618021
8618033
8618041
8618047
8618059
8618063
8618083
8618087
8618089
8618107
8618119
8618131
8618147
8618149
8618173
8618213
8618221
8618237
8618243
8618251
8618257
8618273
8618287
8618293
8618297
8618317
8618327
8618329
8618339
8618377
8618387
8618413
8618429
8618443
8618479
8618483
8618501
8618557
8618567
8618581
8618591
8618593
8618639
8618681
8618683
8618689
8618699
8618737
8618747
8618749
8618759
8618783
8618789
8618809
8618833
8618851
8618861
8618867
8618879
8618893
8618917
8618923
8618933
8618959
8618999
8619031
8619041
8619053
8619059
8619067
8619071
8619077
8619097
8619101
8619131
8619151
8619157
8619167
8619197
8619199
8619211
8619223
8619229
8619241
8619263
8619269
8619343
8619353
8619397
8619421
8619427
8619431
8619433
8619437
8619439
8619461
8619469
8619473
8619491
8619509
8619511
8619539
8619551
8619587
8619593
8619601
8619623
8619649
8619661
8619683
8619713
8619719
8619773
8619791
8619797
8619811
8619817
8619857
8619859
8619869
8619883
8619893
8619937
8619943
8619997
8620043
8620049
8620063
8620069
8620109
8620111
8620121
8620133
8620141
8620151
8620159
8620187
8620189
8620211
8620217
8620219
8620231
8620259
8620267
8620277
8620289
8620307
8620327
8620349
8620361
8620369
8620393
8620429
8620499
8620529
8620543
8620553
8620567
8620571
8620589
8620603
8620621
8620631
8620637
8620639
8620663
8620673
8620687
8620691
8620721
8620723
8620727
8620739
8620747
8620757
8620841
8620847
8620861
8620873
8620897
8620943
8620949
8620951
8620973
8620993
8621009
8621017
8621047
8621051
8621077
8621083
8621087
8621089
8621101
8621143
8621147
8621153
8621183
8621189
8621201
8621209
8621213
8621237
8621243
8621281
8621299
8621309
8621339
8621377
8621411
8621413
8621429
8621443
8621453
8621467
8621477
8621479
8621491
8621551
8621581
8621609
8621617
8621623
8621653
8621677
8621681
8621693
8621707
8621747
8621749
8621773
8621779
8621797
8621819
8621827
8621831
8621843
8621857
8621861
8621863
8621867
8621869
8621897
8621911
8621927
8621933
8621939
8621947
8621959
8621971
8621983
8621989
8622001
8622007
8622011
8622017
8622023
8622041
8622071
8622113
8622127
8622137
8622191
8622209
8622223
8622241
8622287
8622293
8622301
8622307
8622323
8622331
8622337
8622343
8622353
8622359
8622373
8622379
8622391
8622413
8622421
8622461
8622463
8622469
8622473
8622487
8622491
8622499
8622511
8622521
8622529
8622563
8622577
8622611
8622683
8622707
8622721
8622763
8622767
8622781
8622793
8622811
8622841
8622847
8622853
8622857
8622871
8622877
8622883
8622923
8622959
8622973
8622983
8623003
8623019
8623031
8623033
8623037
8623039
8623051
8623061
8623067
8623073
8623081
8623103
8623123
8623141
8623193
8623213
8623247
8623249
8623253
8623261
8623291
8623319
8623339
8623357
8623393
8623409
8623423
8623429
8623519
8623523
8623529
8623547
8623579
8623583
8623603
8623619
8623621
8623639
8623651
8623661
8623679
8623687
8623717
8623721
8623729
8623751
8623757
8623763
8623787
8623793
8623799
8623801
8623807
8623831
8623843
8623847
8623883
8623897
8623903
8623939
8623961
8623963
8623969
8624003
8624009
8624017
8624023
8624027
8624051
8624059
8624101
8624111
8624129
8624131
8624137
8624141
8624153
8624159
8624177
8624179
8624183
8624191
8624201
8624221
8624237
8624243
8624249
8624251
8624267
8624311
8624323
8624327
8624353
8624383
8624393
8624449
8624459
8624477
8624503
8624507
8624573
8624599
8624617
8624621
8624633
8624669
8624677
8624713
8624717
8624753
8624771
8624773
8624807
8624821
8624873
8624881
8624887
8624921
8624929
8624953
8624981
8624999
8625007
8625011
8625013
8625053
8625059
8625073
8625077
8625083
8625091
8625119
8625121
8625131
8625173
8625187
8625191
8625203
8625229
8625233
8625247
8625263
8625289
8625301
8625311
8625313
8625317
8625343
8625349
8625359
8625431
8625451
8625467
8625479
8625493
8625509
8625517
8625521
8625527
8625541
8625553
8625559
8625587
8625599
8625637
8625641
8625649
8625689
8625707
8625709
8625733
8625787
8625809
8625811
8625821
8625833
8625853
8625889
8625901
8625913
8625959
There are 2211 prime numbers in S489.
