S49(84673~88200)
84673
84691
84697
84701
84713
84719
84731
84737
84751
84761
84787
84793
84809
84811
84827
84857
84859
84869
84871
84913
84919
84947
84961
84967
84977
84979
84991
85009
85021
85027
85037
85049
85061
85081
85087
85091
85093
85103
85109
85121
85133
85147
85159
85193
85199
85201
85213
85223
85229
85237
85243
85247
85259
85297
85303
85313
85331
85333
85361
85363
85369
85381
85411
85427
85429
85439
85447
85451
85453
85469
85487
85513
85517
85523
85531
85549
85571
85577
85597
85601
85607
85619
85621
85627
85639
85643
85661
85667
85669
85691
85703
85711
85717
85733
85751
85781
85793
85817
85819
85829
85831
85837
85843
85847
85853
85889
85903
85909
85931
85933
85991
85999
86011
86017
86027
86029
86069
86077
86083
86111
86113
86117
86131
86137
86143
86161
86171
86179
86183
86197
86201
86209
86239
86243
86249
86257
86263
86269
86287
86291
86293
86297
86311
86323
86341
86351
86353
86357
86369
86371
86381
86389
86399
86413
86423
86441
86453
86461
86467
86477
86491
86501
86509
86531
86533
86539
86561
86573
86579
86587
86599
86627
86629
86677
86689
86693
86711
86719
86729
86743
86753
86767
86771
86783
86813
86837
86843
86851
86857
86861
86869
86923
86927
86929
86939
86951
86959
86969
86981
86993
87011
87013
87037
87041
87049
87071
87083
87103
87107
87119
87121
87133
87149
87151
87179
87181
87187
87211
87221
87223
87251
87253
87257
87277
87281
87293
87299
87313
87317
87323
87337
87359
87383
87403
87407
87421
87427
87433
87443
87473
87481
87491
87509
87511
87517
87523
87539
87541
87547
87553
87557
87559
87583
87587
87589
87613
87623
87629
87631
87641
87643
87649
87671
87679
87683
87691
87697
87701
87719
87721
87739
87743
87751
87767
87793
87797
87803
87811
87833
87853
87869
87877
87881
87887
87911
87917
87931
87943
87959
87961
87973
87977
87991
88001
88003
88007
88019
88037
88069
88079
88093
88117
88129
88169
88177
There are 305 prime numbers in S49.
