S490(8625961~8661240)
8625961
8625973
8625979
8625983
8625997
8626001
8626043
8626061
8626063
8626067
8626099
8626103
8626109
8626129
8626139
8626141
8626159
8626169
8626181
8626229
8626237
8626243
8626249
8626271
8626283
8626297
8626301
8626349
8626391
8626417
8626421
8626459
8626469
8626487
8626493
8626507
8626517
8626529
8626549
8626577
8626603
8626613
8626621
8626643
8626669
8626691
8626697
8626699
8626733
8626747
8626763
8626777
8626801
8626811
8626819
8626823
8626831
8626841
8626847
8626861
8626901
8626903
8626927
8626999
8627029
8627033
8627051
8627057
8627081
8627111
8627119
8627141
8627147
8627149
8627153
8627161
8627167
8627173
8627191
8627243
8627251
8627257
8627299
8627321
8627329
8627341
8627351
8627357
8627363
8627371
8627417
8627429
8627431
8627441
8627447
8627467
8627473
8627497
8627503
8627513
8627527
8627533
8627561
8627569
8627573
8627581
8627603
8627609
8627611
8627617
8627627
8627639
8627681
8627693
8627699
8627701
8627713
8627741
8627777
8627807
8627809
8627813
8627833
8627851
8627867
8627893
8627897
8627903
8627909
8627911
8627939
8627947
8627953
8627977
8627987
8628007
8628017
8628019
8628031
8628049
8628077
8628097
8628107
8628121
8628131
8628149
8628157
8628161
8628173
8628181
8628187
8628203
8628233
8628271
8628293
8628349
8628353
8628359
8628377
8628383
8628407
8628421
8628443
8628449
8628463
8628479
8628481
8628493
8628547
8628551
8628553
8628601
8628623
8628629
8628643
8628647
8628661
8628677
8628709
8628727
8628751
8628773
8628779
8628787
8628791
8628799
8628811
8628847
8628857
8628859
8628883
8628889
8628899
8628913
8628923
8628937
8628967
8628973
8629003
8629009
8629063
8629073
8629079
8629087
8629109
8629123
8629139
8629141
8629157
8629169
8629171
8629193
8629199
8629213
8629241
8629279
8629297
8629333
8629343
8629349
8629409
8629429
8629433
8629441
8629447
8629483
8629507
8629561
8629583
8629597
8629613
8629637
8629651
8629661
8629679
8629681
8629711
8629739
8629763
8629771
8629813
8629823
8629847
8629867
8629883
8629889
8629891
8629909
8629927
8629949
8629961
8629963
8629981
8630003
8630029
8630071
8630113
8630117
8630119
8630159
8630173
8630177
8630179
8630191
8630201
8630207
8630231
8630239
8630243
8630249
8630269
8630291
8630311
8630387
8630417
8630443
8630449
8630477
8630483
8630491
8630519
8630591
8630593
8630599
8630639
8630641
8630647
8630653
8630663
8630669
8630683
8630737
8630749
8630759
8630771
8630779
8630789
8630813
8630821
8630833
8630837
8630851
8630857
8630861
8630899
8630903
8630929
8630971
8630983
8631001
8631011
8631017
8631023
8631037
8631041
8631083
8631097
8631109
8631151
8631167
8631191
8631193
8631199
8631229
8631247
8631251
8631269
8631277
8631283
8631307
8631319
8631331
8631341
8631367
8631373
8631379
8631391
8631401
8631451
8631479
8631499
8631517
8631533
8631569
8631599
8631611
8631617
8631629
8631659
8631673
8631713
8631737
8631743
8631769
8631781
8631787
8631803
8631823
8631851
8631881
8631893
8631899
8631907
8631911
8631943
8631977
8631979
8632003
8632009
8632027
8632069
8632081
8632087
8632103
8632123
8632133
8632139
8632157
8632187
8632219
8632223
8632237
8632279
8632297
8632303
8632313
8632333
8632357
8632361
8632363
8632367
8632381
8632387
8632391
8632399
8632411
8632423
8632451
8632453
8632457
8632487
8632489
8632493
8632513
8632523
8632529
8632531
8632573
8632579
8632597
8632609
8632621
8632649
8632661
8632667
8632699
8632717
8632727
8632759
8632777
8632801
8632817
8632829
8632831
8632891
8632901
8632927
8632931
8632933
8632937
8632979
8633021
8633029
8633047
8633063
8633069
8633111
8633113
8633137
8633143
8633167
8633189
8633231
8633237
8633279
8633281
8633311
8633323
8633327
8633347
8633363
8633371
8633377
8633381
8633389
8633413
8633423
8633431
8633453
8633459
8633461
8633489
8633551
8633567
8633633
8633641
8633659
8633663
8633683
8633699
8633701
8633711
8633719
8633731
8633747
8633767
8633777
8633827
8633843
8633857
8633861
8633869
8633893
8633897
8633899
8633921
8633939
8633941
8633951
8633957
8633959
8633971
8633981
8633983
8634049
8634053
8634077
8634107
8634133
8634137
8634139
8634161
8634163
8634169
8634173
8634179
8634203
8634211
8634233
8634251
8634253
8634259
8634299
8634347
8634359
8634371
8634383
8634391
8634397
8634413
8634421
8634427
8634449
8634467
8634469
8634481
8634497
8634503
8634517
8634539
8634551
8634557
8634581
8634617
8634629
8634667
8634671
8634677
8634679
8634697
8634713
8634751
8634761
8634767
8634803
8634811
8634823
8634839
8634841
8634851
8634859
8634863
8634881
8634883
8634889
8634907
8634917
8634947
8634961
8634971
8635021
8635043
8635049
8635057
8635061
8635073
8635087
8635093
8635117
8635141
8635163
8635199
8635219
8635241
8635259
8635261
8635273
8635279
8635283
8635313
8635321
8635351
8635381
8635409
8635423
8635433
8635441
8635469
8635477
8635513
8635531
8635553
8635559
8635567
8635579
8635607
8635621
8635631
8635637
8635657
8635663
8635667
8635673
8635687
8635699
8635717
8635723
8635729
8635777
8635811
8635817
8635849
8635853
8635867
8635883
8635897
8635919
8635927
8635933
8635951
8635967
8635969
8635981
8635999
8636021
8636039
8636057
8636081
8636083
8636087
8636093
8636107
8636123
8636129
8636137
8636141
8636167
8636219
8636237
8636239
8636261
8636263
8636269
8636347
8636377
8636387
8636389
8636423
8636449
8636473
8636491
8636513
8636521
8636533
8636539
8636543
8636549
8636581
8636587
8636591
8636599
8636603
8636627
8636633
8636647
8636671
8636689
8636701
8636713
8636737
8636741
8636759
8636779
8636791
8636801
8636819
8636839
8636857
8636869
8636893
8636899
8636909
8636911
8636917
8636921
8636923
8636959
8636987
8636989
8637007
8637017
8637053
8637059
8637061
8637067
8637091
8637103
8637107
8637119
8637131
8637133
8637151
8637163
8637179
8637203
8637227
8637247
8637253
8637257
8637263
8637289
8637301
8637311
8637319
8637323
8637337
8637341
8637373
8637379
8637427
8637449
8637451
8637467
8637481
8637491
8637493
8637509
8637521
8637523
8637527
8637611
8637617
8637619
8637637
8637641
8637667
8637697
8637701
8637749
8637779
8637787
8637791
8637821
8637829
8637847
8637869
8637929
8637943
8637953
8637973
8637991
8638033
8638039
8638043
8638051
8638061
8638067
8638117
8638121
8638139
8638151
8638183
8638187
8638199
8638207
8638213
8638219
8638229
8638237
8638241
8638247
8638277
8638283
8638291
8638319
8638327
8638337
8638339
8638349
8638373
8638379
8638381
8638403
8638411
8638447
8638451
8638453
8638457
8638463
8638471
8638477
8638481
8638517
8638543
8638583
8638621
8638627
8638633
8638661
8638687
8638691
8638697
8638727
8638733
8638807
8638843
8638849
8638853
8638867
8638891
8638909
8638933
8638937
8638951
8638967
8638991
8638997
8638999
8639011
8639027
8639051
8639063
8639089
8639107
8639119
8639123
8639131
8639143
8639149
8639153
8639161
8639171
8639177
8639207
8639219
8639227
8639249
8639251
8639261
8639263
8639273
8639291
8639299
8639347
8639363
8639381
8639401
8639413
8639441
8639443
8639453
8639459
8639461
8639507
8639531
8639539
8639549
8639551
8639563
8639567
8639591
8639597
8639599
8639639
8639647
8639663
8639711
8639713
8639747
8639749
8639753
8639773
8639779
8639797
8639803
8639809
8639819
8639837
8639849
8639863
8639899
8639903
8639909
8639921
8639923
8639951
8639977
8639987
8640001
8640013
8640017
8640059
8640109
8640133
8640161
8640169
8640187
8640197
8640211
8640221
8640241
8640251
8640259
8640263
8640287
8640329
8640337
8640349
8640391
8640407
8640409
8640419
8640427
8640439
8640451
8640481
8640493
8640503
8640547
8640553
8640559
8640587
8640601
8640679
8640683
8640689
8640691
8640701
8640703
8640707
8640713
8640719
8640733
8640739
8640761
8640767
8640781
8640787
8640799
8640817
8640823
8640859
8640871
8640883
8640887
8640889
8640911
8640949
8640967
8640977
8641007
8641063
8641079
8641093
8641097
8641133
8641147
8641187
8641211
8641231
8641247
8641249
8641273
8641289
8641301
8641309
8641319
8641327
8641331
8641349
8641351
8641361
8641421
8641429
8641433
8641453
8641469
8641471
8641513
8641517
8641519
8641541
8641543
8641547
8641571
8641603
8641613
8641621
8641631
8641643
8641651
8641669
8641673
8641697
8641709
8641733
8641741
8641747
8641781
8641783
8641807
8641817
8641819
8641873
8641883
8641891
8641909
8641949
8641957
8641987
8641991
8642003
8642027
8642033
8642057
8642059
8642063
8642077
8642099
8642107
8642111
8642119
8642141
8642147
8642159
8642173
8642189
8642197
8642237
8642281
8642303
8642329
8642383
8642429
8642449
8642453
8642467
8642489
8642507
8642509
8642519
8642533
8642567
8642581
8642591
8642633
8642651
8642723
8642747
8642761
8642773
8642819
8642839
8642849
8642857
8642861
8642863
8642897
8642903
8642911
8642927
8642939
8642947
8642951
8642989
8643013
8643023
8643053
8643059
8643077
8643083
8643091
8643109
8643121
8643133
8643137
8643143
8643149
8643181
8643197
8643199
8643209
8643211
8643223
8643281
8643287
8643307
8643317
8643337
8643343
8643359
8643367
8643409
8643433
8643443
8643457
8643487
8643521
8643527
8643539
8643563
8643577
8643587
8643589
8643619
8643631
8643647
8643671
8643673
8643697
8643707
8643721
8643749
8643757
8643779
8643787
8643797
8643821
8643839
8643851
8643889
8643893
8643919
8643923
8643941
8643953
8643959
8643991
8643997
8644019
8644049
8644057
8644061
8644081
8644091
8644123
8644147
8644157
8644171
8644187
8644213
8644231
8644243
8644253
8644261
8644301
8644327
8644331
8644397
8644439
8644451
8644453
8644457
8644477
8644499
8644501
8644507
8644511
8644529
8644553
8644607
8644609
8644633
8644651
8644661
8644679
8644703
8644723
8644729
8644751
8644771
8644781
8644799
8644843
8644861
8644873
8644903
8644913
8644919
8644927
8644949
8644957
8644963
8644991
8645009
8645011
8645023
8645029
8645047
8645053
8645071
8645081
8645113
8645123
8645141
8645179
8645237
8645239
8645243
8645257
8645261
8645267
8645269
8645281
8645293
8645327
8645341
8645353
8645359
8645381
8645407
8645431
8645443
8645449
8645477
8645491
8645543
8645579
8645587
8645597
8645617
8645633
8645647
8645653
8645657
8645669
8645687
8645719
8645729
8645759
8645761
8645773
8645789
8645803
8645849
8645863
8645887
8645899
8645927
8645941
8645971
8645981
8646017
8646059
8646061
8646103
8646107
8646119
8646163
8646181
8646221
8646223
8646227
8646233
8646247
8646257
8646259
8646269
8646277
8646293
8646299
8646317
8646329
8646361
8646377
8646389
8646401
8646403
8646457
8646479
8646487
8646497
8646503
8646511
8646529
8646559
8646571
8646581
8646607
8646667
8646683
8646707
8646709
8646719
8646721
8646751
8646779
8646793
8646817
8646821
8646823
8646851
8646853
8646889
8646899
8646929
8646943
8646947
8646949
8646961
8646971
8647007
8647021
8647027
8647031
8647043
8647061
8647063
8647091
8647123
8647127
8647129
8647139
8647157
8647181
8647183
8647193
8647229
8647231
8647253
8647273
8647277
8647349
8647367
8647369
8647391
8647393
8647409
8647411
8647417
8647447
8647459
8647469
8647501
8647511
8647531
8647537
8647567
8647579
8647589
8647657
8647697
8647699
8647711
8647739
8647753
8647759
8647783
8647801
8647817
8647819
8647823
8647879
8647889
8647897
8647913
8647927
8647937
8647949
8647963
8647967
8647979
8647993
8647997
8648033
8648083
8648093
8648099
8648111
8648113
8648131
8648149
8648179
8648191
8648221
8648239
8648251
8648267
8648317
8648323
8648333
8648347
8648369
8648371
8648389
8648413
8648447
8648459
8648501
8648513
8648531
8648533
8648537
8648543
8648551
8648557
8648677
8648687
8648701
8648729
8648737
8648741
8648747
8648749
8648779
8648791
8648797
8648813
8648831
8648833
8648837
8648839
8648863
8648867
8648879
8648881
8648921
8648923
8648929
8648953
8649001
8649023
8649029
8649049
8649061
8649071
8649079
8649103
8649187
8649191
8649197
8649211
8649227
8649239
8649241
8649253
8649283
8649293
8649299
8649317
8649323
8649331
8649343
8649349
8649353
8649367
8649371
8649383
8649391
8649409
8649419
8649451
8649463
8649467
8649469
8649479
8649491
8649517
8649521
8649533
8649581
8649611
8649623
8649629
8649637
8649661
8649671
8649677
8649689
8649691
8649703
8649721
8649757
8649761
8649763
8649791
8649793
8649803
8649847
8649853
8649857
8649869
8649871
8649881
8649887
8649911
8649929
8649937
8649967
8649973
8650003
8650027
8650039
8650051
8650087
8650121
8650123
8650129
8650141
8650151
8650153
8650189
8650211
8650217
8650219
8650223
8650253
8650259
8650283
8650307
8650309
8650319
8650321
8650361
8650391
8650409
8650423
8650429
8650451
8650459
8650463
8650487
8650511
8650517
8650531
8650541
8650559
8650561
8650583
8650597
8650627
8650633
8650651
8650657
8650667
8650669
8650673
8650687
8650703
8650709
8650721
8650723
8650727
8650753
8650777
8650793
8650799
8650813
8650849
8650879
8650897
8650919
8650927
8650979
8650981
8650997
8651009
8651017
8651039
8651047
8651051
8651063
8651117
8651119
8651141
8651143
8651161
8651179
8651189
8651191
8651207
8651231
8651233
8651239
8651261
8651267
8651281
8651297
8651311
8651323
8651329
8651353
8651359
8651389
8651399
8651429
8651437
8651443
8651459
8651501
8651507
8651537
8651543
8651549
8651579
8651581
8651603
8651609
8651627
8651639
8651647
8651663
8651683
8651689
8651693
8651711
8651717
8651723
8651737
8651771
8651791
8651803
8651857
8651869
8651891
8651893
8651917
8651939
8651941
8651953
8651959
8651977
8651999
8652013
8652023
8652029
8652037
8652041
8652047
8652053
8652079
8652097
8652101
8652139
8652143
8652151
8652187
8652211
8652223
8652227
8652229
8652253
8652257
8652263
8652283
8652299
8652349
8652359
8652361
8652373
8652389
8652401
8652403
8652407
8652431
8652433
8652461
8652493
8652551
8652563
8652571
8652587
8652593
8652601
8652613
8652629
8652641
8652647
8652659
8652661
8652697
8652703
8652731
8652767
8652773
8652781
8652793
8652797
8652803
8652821
8652823
8652827
8652863
8652887
8652913
8652929
8652947
8652971
8652979
8652997
8653031
8653063
8653081
8653087
8653093
8653103
8653111
8653121
8653147
8653157
8653163
8653171
8653199
8653207
8653219
8653231
8653237
8653241
8653243
8653259
8653261
8653279
8653283
8653297
8653319
8653327
8653343
8653361
8653373
8653453
8653457
8653487
8653517
8653529
8653537
8653549
8653553
8653591
8653609
8653613
8653627
8653651
8653657
8653669
8653679
8653691
8653699
8653703
8653709
8653717
8653741
8653763
8653769
8653789
8653807
8653811
8653817
8653847
8653859
8653877
8653889
8653891
8653903
8653937
8653963
8654011
8654017
8654021
8654027
8654029
8654033
8654039
8654047
8654057
8654089
8654099
8654111
8654117
8654123
8654147
8654171
8654183
8654201
8654221
8654231
8654237
8654249
8654257
8654281
8654287
8654299
8654333
8654339
8654351
8654357
8654381
8654389
8654431
8654447
8654453
8654461
8654467
8654483
8654489
8654521
8654543
8654563
8654573
8654579
8654609
8654617
8654621
8654641
8654663
8654689
8654713
8654729
8654749
8654753
8654759
8654761
8654771
8654773
8654803
8654809
8654837
8654839
8654873
8654897
8654917
8654941
8654959
8654981
8655007
8655011
8655029
8655037
8655041
8655047
8655071
8655103
8655149
8655167
8655173
8655197
8655211
8655217
8655259
8655263
8655287
8655307
8655313
8655331
8655343
8655349
8655371
8655401
8655403
8655421
8655433
8655457
8655497
8655527
8655611
8655623
8655629
8655631
8655637
8655641
8655649
8655653
8655671
8655677
8655679
8655701
8655707
8655719
8655721
8655733
8655739
8655749
8655761
8655769
8655809
8655841
8655859
8655869
8655877
8655883
8655901
8655917
8655919
8655923
8655937
8655953
8655967
8655991
8656019
8656031
8656033
8656057
8656069
8656079
8656091
8656093
8656097
8656117
8656129
8656133
8656147
8656159
8656163
8656169
8656171
8656177
8656189
8656231
8656253
8656273
8656279
8656283
8656313
8656321
8656339
8656357
8656363
8656367
8656369
8656379
8656393
8656399
8656411
8656423
8656433
8656463
8656469
8656477
8656481
8656493
8656499
8656511
8656517
8656523
8656537
8656547
8656561
8656573
8656577
8656589
8656603
8656667
8656691
8656721
8656727
8656729
8656733
8656759
8656787
8656801
8656807
8656829
8656831
8656847
8656849
8656871
8656891
8656897
8656903
8656919
8656933
8656939
8656979
8657009
8657017
8657021
8657041
8657053
8657069
8657111
8657123
8657161
8657221
8657237
8657239
8657249
8657291
8657309
8657323
8657333
8657357
8657377
8657381
8657387
8657423
8657431
8657449
8657461
8657503
8657513
8657533
8657557
8657563
8657567
8657569
8657611
8657629
8657633
8657639
8657651
8657681
8657687
8657699
8657723
8657731
8657767
8657771
8657783
8657801
8657827
8657833
8657849
8657851
8657881
8657903
8657923
8657927
8657933
8657969
8657983
8658017
8658043
8658059
8658101
8658103
8658107
8658109
8658137
8658161
8658193
8658203
8658217
8658233
8658277
8658289
8658313
8658323
8658329
8658371
8658383
8658413
8658431
8658469
8658493
8658527
8658553
8658569
8658571
8658577
8658581
8658583
8658589
8658613
8658619
8658653
8658659
8658673
8658677
8658679
8658697
8658709
8658739
8658757
8658773
8658829
8658847
8658869
8658877
8658887
8658893
8658911
8658919
8658931
8658941
8658943
8658959
8658961
8658977
8658983
8658989
8658997
8659009
8659019
8659037
8659043
8659051
8659061
8659067
8659097
8659099
8659121
8659153
8659181
8659207
8659219
8659223
8659243
8659279
8659289
8659309
8659351
8659363
8659381
8659393
8659423
8659457
8659463
8659471
8659501
8659513
8659531
8659537
8659543
8659559
8659589
8659601
8659627
8659631
8659643
8659663
8659667
8659669
8659691
8659711
8659741
8659747
8659769
8659793
8659811
8659837
8659867
8659873
8659909
8659913
8659921
8659927
8659939
8659949
8659957
8659997
8659999
8660033
8660039
8660051
8660053
8660077
8660081
8660087
8660107
8660161
8660177
8660189
8660203
8660221
8660227
8660233
8660263
8660269
8660287
8660291
8660297
8660339
8660369
8660381
8660383
8660387
8660401
8660413
8660419
8660423
8660437
8660461
8660467
8660503
8660507
8660527
8660537
8660539
8660543
8660569
8660579
8660609
8660611
8660623
8660653
8660657
8660671
8660681
8660683
8660689
8660693
8660699
8660723
8660741
8660747
8660753
8660767
8660797
8660819
8660863
8660887
8660891
8660909
8660921
8660929
8660933
8660947
8660969
8660983
8660987
8661001
8661043
8661047
8661049
8661061
8661089
8661119
8661137
8661161
8661173
8661181
8661193
8661197
8661203
8661217
8661223
8661239
There are 2226 prime numbers in S490.
