S491(8661241~8696592)
8661241
8661251
8661253
8661281
8661311
8661353
8661383
8661407
8661413
8661427
8661437
8661439
8661461
8661469
8661479
8661487
8661491
8661509
8661529
8661553
8661557
8661571
8661577
8661581
8661623
8661629
8661641
8661643
8661673
8661683
8661689
8661703
8661707
8661727
8661733
8661743
8661767
8661769
8661799
8661839
8661841
8661871
8661881
8661883
8661889
8661899
8661901
8661941
8661943
8661953
8661977
8661997
8662009
8662019
8662021
8662037
8662057
8662079
8662091
8662109
8662127
8662133
8662151
8662153
8662169
8662177
8662187
8662189
8662201
8662217
8662219
8662223
8662243
8662249
8662259
8662273
8662279
8662319
8662327
8662337
8662343
8662349
8662397
8662411
8662441
8662447
8662453
8662471
8662481
8662483
8662487
8662517
8662531
8662541
8662553
8662579
8662583
8662597
8662649
8662657
8662729
8662747
8662751
8662769
8662783
8662799
8662807
8662811
8662831
8662853
8662859
8662867
8662889
8662891
8662939
8662943
8662963
8662987
8662991
8663003
8663023
8663071
8663089
8663093
8663099
8663101
8663117
8663119
8663153
8663209
8663261
8663273
8663279
8663309
8663311
8663357
8663401
8663437
8663441
8663461
8663467
8663471
8663497
8663503
8663507
8663509
8663519
8663521
8663537
8663579
8663593
8663609
8663621
8663653
8663687
8663701
8663719
8663741
8663777
8663797
8663803
8663807
8663819
8663821
8663827
8663861
8663869
8663899
8663923
8663959
8663969
8663987
8664023
8664037
8664043
8664053
8664107
8664109
8664157
8664181
8664193
8664223
8664259
8664311
8664317
8664329
8664367
8664377
8664389
8664413
8664419
8664421
8664427
8664431
8664433
8664451
8664473
8664517
8664527
8664529
8664547
8664553
8664559
8664581
8664613
8664661
8664671
8664701
8664731
8664739
8664743
8664757
8664787
8664791
8664847
8664857
8664863
8664869
8664871
8664907
8664941
8664947
8664949
8664959
8664961
8664977
8664979
8664991
8665021
8665031
8665039
8665073
8665099
8665109
8665123
8665147
8665157
8665193
8665201
8665207
8665219
8665253
8665259
8665277
8665303
8665313
8665333
8665357
8665361
8665369
8665373
8665409
8665429
8665441
8665451
8665469
8665471
8665499
8665541
8665543
8665561
8665567
8665571
8665583
8665603
8665619
8665633
8665649
8665651
8665667
8665703
8665717
8665777
8665799
8665817
8665849
8665873
8665889
8665897
8665913
8665931
8665933
8665939
8665949
8665967
8665973
8665991
8665999
8666017
8666023
8666027
8666051
8666057
8666059
8666069
8666093
8666137
8666153
8666159
8666167
8666173
8666183
8666201
8666219
8666237
8666269
8666291
8666323
8666327
8666347
8666351
8666369
8666381
8666387
8666393
8666417
8666419
8666431
8666443
8666459
8666477
8666479
8666491
8666501
8666513
8666519
8666533
8666543
8666591
8666597
8666627
8666681
8666683
8666711
8666747
8666767
8666773
8666783
8666797
8666807
8666809
8666839
8666849
8666863
8666881
8666891
8666927
8666939
8666953
8666989
8666993
8667079
8667103
8667121
8667137
8667151
8667167
8667179
8667227
8667257
8667271
8667289
8667299
8667301
8667313
8667319
8667349
8667371
8667377
8667403
8667413
8667419
8667427
8667431
8667457
8667497
8667511
8667521
8667539
8667559
8667563
8667601
8667611
8667613
8667641
8667653
8667661
8667677
8667689
8667697
8667707
8667721
8667727
8667733
8667793
8667797
8667809
8667821
8667829
8667847
8667863
8667871
8667899
8667907
8667913
8667929
8667931
8667949
8667961
8667973
8667979
8668001
8668031
8668043
8668057
8668061
8668063
8668067
8668073
8668081
8668111
8668133
8668141
8668151
8668157
8668193
8668201
8668207
8668267
8668273
8668279
8668301
8668349
8668357
8668367
8668369
8668379
8668381
8668403
8668421
8668423
8668459
8668483
8668489
8668501
8668519
8668523
8668547
8668549
8668553
8668571
8668577
8668609
8668613
8668637
8668643
8668687
8668697
8668711
8668721
8668739
8668741
8668763
8668783
8668799
8668801
8668813
8668817
8668831
8668837
8668873
8668889
8668897
8668901
8668951
8668967
8668973
8668993
8669027
8669041
8669071
8669083
8669107
8669113
8669117
8669123
8669159
8669179
8669189
8669207
8669233
8669237
8669239
8669249
8669251
8669279
8669293
8669317
8669329
8669333
8669341
8669351
8669389
8669393
8669399
8669411
8669417
8669443
8669447
8669477
8669483
8669489
8669501
8669513
8669527
8669543
8669593
8669611
8669621
8669623
8669627
8669629
8669651
8669657
8669669
8669671
8669701
8669767
8669777
8669821
8669831
8669861
8669879
8669893
8669897
8669911
8669923
8669929
8669939
8669963
8669981
8669989
8669993
8670007
8670029
8670031
8670037
8670041
8670071
8670089
8670107
8670127
8670157
8670191
8670197
8670239
8670257
8670281
8670301
8670313
8670331
8670353
8670371
8670373
8670397
8670407
8670433
8670451
8670481
8670491
8670499
8670503
8670509
8670523
8670533
8670551
8670553
8670559
8670583
8670589
8670611
8670619
8670637
8670653
8670667
8670679
8670703
8670709
8670713
8670743
8670751
8670773
8670791
8670811
8670863
8670869
8670887
8670919
8670941
8670943
8670947
8670989
8670997
8671007
8671009
8671031
8671051
8671057
8671063
8671067
8671097
8671099
8671127
8671133
8671147
8671151
8671177
8671193
8671219
8671231
8671249
8671291
8671307
8671321
8671331
8671339
8671361
8671363
8671367
8671381
8671393
8671409
8671427
8671441
8671447
8671457
8671463
8671469
8671471
8671499
8671501
8671511
8671517
8671519
8671549
8671573
8671583
8671589
8671631
8671633
8671639
8671669
8671697
8671709
8671711
8671721
8671739
8671769
8671811
8671837
8671907
8671919
8671937
8671967
8671979
8671981
8671987
8671991
8672003
8672047
8672063
8672087
8672099
8672101
8672117
8672161
8672177
8672201
8672203
8672207
8672239
8672263
8672267
8672273
8672297
8672333
8672347
8672353
8672381
8672387
8672407
8672423
8672429
8672441
8672471
8672483
8672501
8672509
8672513
8672519
8672527
8672539
8672551
8672561
8672563
8672597
8672621
8672639
8672641
8672647
8672659
8672687
8672707
8672723
8672731
8672767
8672773
8672779
8672789
8672791
8672801
8672819
8672821
8672831
8672861
8672869
8672891
8672897
8672927
8672933
8672947
8672953
8672969
8673011
8673019
8673029
8673037
8673073
8673097
8673107
8673109
8673113
8673121
8673127
8673131
8673157
8673167
8673187
8673199
8673209
8673221
8673271
8673293
8673341
8673347
8673359
8673361
8673373
8673377
8673389
8673419
8673421
8673433
8673463
8673499
8673517
8673547
8673569
8673571
8673593
8673601
8673611
8673677
8673683
8673703
8673727
8673761
8673781
8673817
8673839
8673877
8673901
8673911
8673913
8673923
8673941
8673953
8673989
8673997
8674009
8674037
8674049
8674069
8674087
8674091
8674109
8674177
8674187
8674213
8674249
8674271
8674307
8674321
8674331
8674339
8674343
8674349
8674361
8674397
8674399
8674409
8674447
8674453
8674483
8674489
8674499
8674511
8674531
8674537
8674543
8674553
8674571
8674577
8674619
8674667
8674681
8674693
8674727
8674759
8674769
8674781
8674793
8674819
8674859
8674867
8674889
8674891
8674901
8674921
8674927
8674937
8674961
8675003
8675011
8675021
8675027
8675033
8675047
8675053
8675059
8675099
8675111
8675113
8675137
8675189
8675197
8675221
8675297
8675309
8675311
8675323
8675327
8675341
8675357
8675371
8675377
8675383
8675399
8675413
8675441
8675449
8675473
8675503
8675509
8675521
8675573
8675591
8675621
8675651
8675671
8675677
8675699
8675743
8675749
8675767
8675813
8675833
8675839
8675857
8675861
8675869
8675879
8675893
8675903
8675911
8675921
8675923
8676013
8676029
8676043
8676049
8676053
8676061
8676071
8676079
8676089
8676119
8676131
8676139
8676163
8676169
8676181
8676197
8676209
8676211
8676223
8676229
8676251
8676257
8676263
8676281
8676287
8676301
8676319
8676337
8676361
8676377
8676383
8676397
8676401
8676431
8676449
8676467
8676487
8676517
8676527
8676533
8676541
8676587
8676601
8676631
8676641
8676643
8676659
8676691
8676719
8676721
8676743
8676751
8676757
8676769
8676779
8676781
8676799
8676821
8676827
8676847
8676883
8676893
8676937
8676949
8676971
8676973
8676991
8677027
8677037
8677043
8677051
8677057
8677079
8677121
8677127
8677139
8677171
8677181
8677223
8677247
8677261
8677267
8677283
8677289
8677297
8677343
8677367
8677387
8677391
8677393
8677397
8677399
8677453
8677457
8677477
8677481
8677483
8677511
8677553
8677577
8677607
8677651
8677663
8677681
8677723
8677727
8677759
8677763
8677771
8677829
8677841
8677847
8677883
8677891
8677951
8677961
8677967
8677979
8677993
8678011
8678027
8678029
8678039
8678051
8678053
8678057
8678063
8678069
8678081
8678083
8678093
8678113
8678129
8678141
8678147
8678149
8678161
8678179
8678203
8678213
8678237
8678311
8678323
8678333
8678339
8678353
8678359
8678363
8678393
8678399
8678447
8678473
8678507
8678519
8678557
8678581
8678587
8678599
8678603
8678639
8678669
8678671
8678693
8678699
8678701
8678707
8678713
8678741
8678749
8678753
8678759
8678773
8678777
8678779
8678783
8678821
8678833
8678851
8678863
8678893
8678899
8678903
8678927
8678933
8678939
8678941
8678947
8678951
8678963
8679037
8679059
8679071
8679079
8679109
8679137
8679179
8679193
8679199
8679217
8679221
8679271
8679277
8679289
8679311
8679347
8679353
8679373
8679379
8679397
8679427
8679449
8679457
8679499
8679527
8679529
8679551
8679557
8679581
8679607
8679617
8679641
8679677
8679709
8679739
8679743
8679767
8679791
8679841
8679871
8679883
8679887
8679899
8679943
8679953
8679971
8679973
8679991
8680003
8680027
8680033
8680037
8680043
8680073
8680099
8680103
8680121
8680153
8680157
8680171
8680187
8680201
8680213
8680219
8680229
8680249
8680267
8680277
8680297
8680303
8680307
8680313
8680327
8680337
8680369
8680379
8680391
8680409
8680417
8680439
8680471
8680481
8680501
8680513
8680543
8680559
8680583
8680601
8680613
8680619
8680631
8680669
8680691
8680697
8680699
8680717
8680723
8680733
8680741
8680753
8680769
8680781
8680801
8680811
8680813
8680823
8680871
8680901
8680907
8680909
8680921
8680939
8680951
8680993
8681003
8681009
8681021
8681047
8681059
8681077
8681089
8681111
8681117
8681129
8681131
8681159
8681177
8681191
8681207
8681213
8681221
8681243
8681251
8681263
8681287
8681291
8681311
8681317
8681341
8681357
8681359
8681363
8681369
8681377
8681401
8681429
8681447
8681467
8681473
8681483
8681489
8681503
8681507
8681513
8681539
8681549
8681567
8681579
8681587
8681623
8681639
8681663
8681669
8681693
8681707
8681731
8681737
8681779
8681789
8681821
8681831
8681837
8681851
8681857
8681899
8681923
8681941
8681957
8681969
8681977
8681989
8681999
8682007
8682041
8682043
8682067
8682097
8682127
8682133
8682143
8682181
8682199
8682203
8682209
8682211
8682229
8682239
8682241
8682251
8682253
8682269
8682277
8682299
8682319
8682343
8682391
8682403
8682409
8682413
8682433
8682437
8682467
8682473
8682481
8682493
8682533
8682551
8682559
8682577
8682587
8682589
8682659
8682671
8682691
8682701
8682719
8682721
8682727
8682743
8682749
8682757
8682763
8682841
8682851
8682871
8682887
8682893
8682911
8682959
8682991
8683001
8683009
8683013
8683027
8683061
8683063
8683079
8683091
8683097
8683153
8683159
8683163
8683183
8683187
8683189
8683201
8683217
8683219
8683223
8683231
8683237
8683249
8683253
8683261
8683303
8683307
8683309
8683319
8683321
8683327
8683331
8683393
8683427
8683439
8683453
8683459
8683483
8683511
8683517
8683523
8683529
8683531
8683541
8683553
8683603
8683607
8683613
8683637
8683639
8683657
8683663
8683681
8683687
8683691
8683693
8683699
8683723
8683729
8683757
8683769
8683781
8683783
8683793
8683823
8683853
8683877
8683897
8683907
8683933
8683943
8684003
8684009
8684023
8684029
8684047
8684051
8684069
8684077
8684089
8684099
8684107
8684111
8684131
8684147
8684171
8684173
8684177
8684189
8684201
8684213
8684231
8684243
8684257
8684261
8684267
8684279
8684329
8684341
8684359
8684407
8684411
8684419
8684437
8684461
8684471
8684479
8684483
8684503
8684513
8684521
8684537
8684573
8684587
8684597
8684629
8684657
8684693
8684699
8684713
8684747
8684759
8684761
8684771
8684783
8684789
8684821
8684831
8684861
8684873
8684903
8684911
8684939
8684941
8684947
8684959
8684981
8684983
8685013
8685031
8685041
8685043
8685073
8685077
8685107
8685151
8685161
8685167
8685197
8685199
8685211
8685227
8685251
8685253
8685263
8685289
8685311
8685319
8685323
8685367
8685371
8685373
8685377
8685379
8685407
8685409
8685463
8685473
8685493
8685517
8685539
8685557
8685569
8685571
8685577
8685583
8685601
8685619
8685629
8685631
8685637
8685653
8685659
8685661
8685667
8685683
8685709
8685731
8685737
8685739
8685749
8685751
8685763
8685767
8685769
8685791
8685847
8685857
8685863
8685893
8685913
8685917
8685923
8685949
8685953
8685961
8685967
8685979
8686001
8686003
8686049
8686087
8686103
8686121
8686123
8686127
8686141
8686147
8686159
8686163
8686177
8686187
8686189
8686193
8686207
8686213
8686241
8686259
8686273
8686277
8686291
8686297
8686309
8686313
8686361
8686369
8686373
8686397
8686409
8686421
8686459
8686463
8686471
8686487
8686499
8686501
8686529
8686567
8686589
8686651
8686661
8686669
8686679
8686687
8686703
8686721
8686729
8686807
8686829
8686841
8686877
8686883
8686889
8686901
8686961
8686981
8686999
8687027
8687069
8687087
8687089
8687093
8687117
8687131
8687141
8687149
8687171
8687183
8687197
8687207
8687209
8687213
8687227
8687233
8687249
8687291
8687299
8687303
8687309
8687317
8687321
8687359
8687363
8687369
8687381
8687383
8687387
8687401
8687423
8687429
8687453
8687461
8687467
8687477
8687479
8687513
8687521
8687587
8687599
8687603
8687641
8687659
8687669
8687671
8687687
8687699
8687713
8687729
8687759
8687771
8687797
8687827
8687873
8687879
8687881
8687891
8687911
8687923
8687929
8687953
8687963
8687981
8687983
8687993
8688011
8688013
8688059
8688067
8688077
8688083
8688101
8688109
8688133
8688143
8688157
8688161
8688167
8688203
8688209
8688221
8688259
8688271
8688283
8688287
8688299
8688311
8688349
8688353
8688397
8688409
8688437
8688469
8688497
8688521
8688527
8688551
8688553
8688557
8688569
8688571
8688577
8688583
8688593
8688601
8688607
8688611
8688613
8688629
8688671
8688697
8688703
8688707
8688739
8688787
8688791
8688809
8688817
8688829
8688863
8688919
8688943
8688961
8688991
8688997
8689033
8689039
8689063
8689069
8689097
8689111
8689129
8689133
8689141
8689169
8689181
8689217
8689223
8689243
8689249
8689259
8689273
8689279
8689283
8689301
8689309
8689319
8689321
8689349
8689399
8689433
8689451
8689453
8689463
8689481
8689489
8689493
8689529
8689537
8689543
8689553
8689573
8689591
8689609
8689627
8689643
8689649
8689657
8689661
8689673
8689687
8689711
8689727
8689729
8689753
8689777
8689799
8689817
8689823
8689841
8689843
8689853
8689943
8689949
8689957
8689969
8689979
8689981
8689987
8689997
8690041
8690063
8690069
8690089
8690093
8690117
8690119
8690173
8690177
8690191
8690203
8690221
8690267
8690291
8690293
8690303
8690317
8690333
8690351
8690359
8690371
8690377
8690387
8690399
8690411
8690413
8690453
8690477
8690489
8690531
8690551
8690557
8690567
8690593
8690599
8690603
8690611
8690639
8690659
8690663
8690677
8690683
8690713
8690741
8690767
8690783
8690789
8690797
8690813
8690821
8690827
8690867
8690917
8690921
8690947
8690951
8690953
8690959
8690963
8690971
8691019
8691043
8691091
8691101
8691119
8691127
8691157
8691167
8691187
8691209
8691211
8691223
8691229
8691239
8691247
8691251
8691269
8691281
8691299
8691313
8691359
8691367
8691373
8691383
8691391
8691407
8691413
8691433
8691451
8691469
8691479
8691481
8691497
8691509
8691541
8691581
8691583
8691587
8691589
8691593
8691623
8691643
8691653
8691667
8691673
8691689
8691731
8691733
8691751
8691763
8691799
8691803
8691827
8691833
8691853
8691883
8691889
8691901
8691923
8691937
8691941
8691961
8691971
8691973
8691979
8692001
8692027
8692043
8692051
8692069
8692093
8692097
8692109
8692127
8692169
8692181
8692207
8692217
8692223
8692237
8692249
8692259
8692279
8692283
8692289
8692297
8692309
8692319
8692331
8692339
8692351
8692393
8692403
8692417
8692421
8692427
8692429
8692433
8692441
8692469
8692483
8692487
8692499
8692571
8692577
8692589
8692591
8692609
8692637
8692657
8692667
8692681
8692687
8692693
8692703
8692711
8692727
8692759
8692793
8692799
8692807
8692819
8692829
8692841
8692877
8692889
8692907
8692909
8692961
8692963
8692973
8692987
8692991
8693021
8693033
8693071
8693093
8693117
8693131
8693159
8693161
8693173
8693197
8693207
8693213
8693227
8693231
8693233
8693257
8693263
8693281
8693309
8693323
8693327
8693339
8693369
8693381
8693387
8693401
8693407
8693441
8693459
8693467
8693491
8693521
8693549
8693551
8693567
8693617
8693623
8693627
8693639
8693653
8693677
8693687
8693689
8693693
8693743
8693753
8693759
8693767
8693771
8693801
8693813
8693837
8693891
8693911
8693917
8693941
8693947
8693957
8693959
8693969
8693983
8694017
8694019
8694031
8694047
8694073
8694079
8694083
8694097
8694109
8694131
8694197
8694211
8694221
8694233
8694239
8694241
8694247
8694281
8694313
8694317
8694319
8694331
8694341
8694347
8694379
8694397
8694449
8694451
8694479
8694481
8694527
8694541
8694551
8694607
8694613
8694641
8694649
8694683
8694689
8694691
8694709
8694727
8694733
8694739
8694767
8694793
8694797
8694823
8694839
8694841
8694857
8694869
8694899
8694941
8694947
8694967
8694971
8694991
8695009
8695013
8695019
8695051
8695061
8695069
8695079
8695117
8695121
8695129
8695133
8695139
8695147
8695151
8695171
8695187
8695199
8695201
8695207
8695213
8695223
8695277
8695301
8695303
8695319
8695343
8695373
8695399
8695411
8695433
8695457
8695501
8695513
8695529
8695543
8695549
8695571
8695573
8695591
8695601
8695639
8695651
8695663
8695667
8695681
8695723
8695727
8695747
8695769
8695807
8695837
8695849
8695859
8695879
8695889
8695927
8695931
8695937
8695949
8695957
8695961
8695991
8696021
8696029
8696041
8696063
8696113
8696123
8696137
8696153
8696161
8696179
8696183
8696189
8696203
8696209
8696227
8696239
8696249
8696251
8696263
8696267
8696273
8696309
8696321
8696371
8696377
8696381
8696383
8696407
8696411
8696419
8696431
8696437
8696459
8696473
8696483
8696521
8696531
8696561
8696573
8696581
There are 2198 prime numbers in S491.
