S492(8696593~8732016)
8696603
8696609
8696617
8696627
8696629
8696651
8696663
8696671
8696689
8696693
8696711
8696713
8696749
8696759
8696761
8696767
8696789
8696791
8696837
8696867
8696893
8696903
8696917
8696939
8696951
8696977
8696983
8696993
8696999
8697037
8697049
8697061
8697089
8697097
8697103
8697107
8697113
8697127
8697133
8697163
8697233
8697239
8697253
8697263
8697277
8697301
8697313
8697343
8697379
8697389
8697407
8697433
8697499
8697503
8697509
8697511
8697539
8697551
8697581
8697587
8697599
8697607
8697613
8697641
8697677
8697683
8697691
8697697
8697707
8697769
8697779
8697791
8697797
8697803
8697809
8697811
8697823
8697833
8697851
8697859
8697869
8697889
8697901
8697919
8697937
8697943
8697947
8697967
8697971
8697973
8697977
8698009
8698037
8698049
8698061
8698093
8698097
8698111
8698121
8698133
8698153
8698187
8698189
8698213
8698223
8698229
8698241
8698253
8698297
8698343
8698363
8698369
8698397
8698399
8698421
8698451
8698457
8698493
8698499
8698517
8698549
8698553
8698559
8698597
8698603
8698621
8698633
8698639
8698643
8698673
8698681
8698699
8698727
8698757
8698763
8698777
8698787
8698801
8698813
8698819
8698831
8698841
8698861
8698871
8698889
8698931
8698933
8698939
8698961
8698969
8698973
8698997
8699039
8699051
8699063
8699069
8699077
8699113
8699143
8699161
8699167
8699179
8699219
8699227
8699233
8699237
8699239
8699263
8699269
8699279
8699293
8699297
8699309
8699311
8699351
8699381
8699387
8699389
8699413
8699419
8699423
8699443
8699489
8699501
8699513
8699519
8699533
8699539
8699557
8699567
8699573
8699611
8699633
8699641
8699659
8699723
8699731
8699753
8699771
8699807
8699813
8699827
8699851
8699857
8699879
8699893
8699917
8699923
8699947
8699953
8699959
8699969
8699981
8699993
8700001
8700007
8700011
8700019
8700031
8700037
8700047
8700059
8700071
8700079
8700113
8700121
8700161
8700169
8700193
8700239
8700253
8700257
8700281
8700283
8700287
8700299
8700353
8700361
8700383
8700401
8700407
8700421
8700431
8700449
8700457
8700467
8700473
8700511
8700521
8700529
8700539
8700547
8700563
8700581
8700589
8700599
8700649
8700697
8700709
8700721
8700751
8700767
8700773
8700793
8700799
8700817
8700827
8700833
8700869
8700871
8700893
8700911
8700931
8700941
8700947
8700953
8701001
8701009
8701013
8701027
8701039
8701057
8701067
8701081
8701117
8701123
8701141
8701163
8701177
8701193
8701207
8701211
8701243
8701267
8701271
8701279
8701289
8701309
8701321
8701349
8701367
8701391
8701403
8701409
8701423
8701447
8701457
8701477
8701489
8701493
8701499
8701507
8701519
8701529
8701531
8701559
8701571
8701577
8701621
8701631
8701643
8701657
8701703
8701709
8701723
8701729
8701741
8701747
8701757
8701789
8701811
8701813
8701853
8701871
8701873
8701877
8701883
8701907
8701921
8701933
8701949
8701951
8701961
8701991
8701997
8701999
8702009
8702051
8702063
8702093
8702107
8702131
8702137
8702149
8702159
8702173
8702179
8702189
8702207
8702231
8702251
8702279
8702311
8702327
8702329
8702333
8702341
8702359
8702371
8702387
8702411
8702431
8702459
8702483
8702489
8702497
8702503
8702539
8702543
8702557
8702569
8702587
8702591
8702593
8702597
8702647
8702663
8702689
8702693
8702699
8702731
8702747
8702753
8702777
8702803
8702819
8702821
8702833
8702839
8702843
8702879
8702959
8702989
8702999
8703001
8703041
8703047
8703061
8703089
8703091
8703113
8703119
8703137
8703139
8703151
8703173
8703181
8703241
8703257
8703283
8703287
8703293
8703301
8703307
8703347
8703353
8703377
8703379
8703389
8703403
8703427
8703481
8703491
8703493
8703511
8703523
8703533
8703551
8703581
8703589
8703593
8703613
8703619
8703623
8703631
8703641
8703659
8703661
8703719
8703743
8703781
8703787
8703811
8703817
8703823
8703829
8703833
8703841
8703853
8703859
8703889
8703899
8703911
8703943
8703971
8704027
8704049
8704067
8704117
8704121
8704123
8704159
8704169
8704183
8704193
8704219
8704229
8704253
8704279
8704303
8704309
8704313
8704331
8704351
8704369
8704403
8704417
8704433
8704481
8704499
8704513
8704523
8704547
8704559
8704567
8704589
8704601
8704607
8704609
8704613
8704621
8704651
8704687
8704691
8704699
8704711
8704721
8704723
8704757
8704777
8704783
8704811
8704837
8704853
8704889
8704897
8704903
8704909
8704921
8704937
8704951
8704967
8704973
8704979
8704981
8705009
8705029
8705033
8705041
8705051
8705057
8705069
8705077
8705087
8705093
8705111
8705149
8705159
8705167
8705171
8705183
8705219
8705237
8705261
8705269
8705297
8705299
8705311
8705351
8705369
8705383
8705399
8705419
8705429
8705441
8705443
8705449
8705453
8705461
8705467
8705483
8705491
8705507
8705519
8705527
8705531
8705549
8705551
8705561
8705573
8705611
8705617
8705639
8705657
8705681
8705689
8705729
8705747
8705759
8705773
8705777
8705791
8705803
8705831
8705843
8705861
8705881
8705903
8705911
8705923
8705941
8705959
8705969
8705999
8706001
8706007
8706011
8706013
8706059
8706073
8706079
8706101
8706107
8706149
8706163
8706169
8706197
8706221
8706239
8706241
8706251
8706277
8706283
8706287
8706289
8706323
8706337
8706349
8706361
8706367
8706377
8706403
8706407
8706413
8706419
8706457
8706461
8706463
8706479
8706497
8706527
8706547
8706553
8706557
8706569
8706587
8706611
8706613
8706647
8706667
8706671
8706707
8706727
8706743
8706751
8706791
8706793
8706823
8706829
8706833
8706853
8706869
8706871
8706881
8706937
8706947
8706953
8706961
8706967
8706979
8706983
8707003
8707007
8707021
8707031
8707037
8707057
8707091
8707093
8707103
8707123
8707147
8707159
8707183
8707189
8707207
8707219
8707241
8707273
8707277
8707289
8707327
8707333
8707343
8707351
8707357
8707379
8707393
8707421
8707429
8707477
8707537
8707579
8707591
8707603
8707607
8707631
8707649
8707651
8707661
8707669
8707687
8707697
8707711
8707747
8707753
8707763
8707781
8707793
8707817
8707837
8707841
8707843
8707861
8707873
8707877
8707879
8707883
8707903
8707939
8707969
8707997
8707999
8708003
8708017
8708039
8708069
8708071
8708081
8708087
8708093
8708101
8708129
8708143
8708153
8708159
8708173
8708197
8708201
8708261
8708269
8708291
8708339
8708387
8708393
8708411
8708423
8708429
8708449
8708461
8708501
8708507
8708509
8708519
8708521
8708527
8708537
8708591
8708611
8708617
8708621
8708627
8708639
8708657
8708663
8708701
8708717
8708731
8708741
8708803
8708807
8708831
8708849
8708893
8708911
8708963
8708969
8708971
8709007
8709059
8709067
8709079
8709121
8709133
8709139
8709149
8709187
8709191
8709221
8709229
8709257
8709271
8709289
8709299
8709301
8709313
8709317
8709361
8709373
8709377
8709383
8709431
8709443
8709461
8709469
8709509
8709527
8709553
8709563
8709587
8709611
8709647
8709653
8709677
8709697
8709713
8709719
8709721
8709731
8709737
8709751
8709781
8709793
8709817
8709821
8709839
8709871
8709913
8709919
8709929
8709931
8709941
8709959
8709971
8709973
8709979
8709991
8710021
8710033
8710043
8710057
8710061
8710109
8710127
8710147
8710193
8710213
8710241
8710243
8710249
8710253
8710271
8710277
8710279
8710301
8710313
8710333
8710337
8710343
8710357
8710393
8710397
8710421
8710423
8710441
8710459
8710483
8710487
8710523
8710529
8710547
8710567
8710571
8710589
8710609
8710621
8710627
8710631
8710633
8710649
8710679
8710687
8710693
8710699
8710703
8710717
8710727
8710729
8710733
8710747
8710771
8710781
8710829
8710847
8710903
8710909
8710913
8710939
8710957
8710963
8710967
8710973
8710979
8711009
8711011
8711033
8711051
8711071
8711081
8711083
8711117
8711137
8711141
8711159
8711161
8711179
8711189
8711237
8711267
8711333
8711347
8711357
8711359
8711363
8711377
8711383
8711387
8711399
8711401
8711447
8711467
8711489
8711491
8711501
8711533
8711543
8711551
8711561
8711569
8711603
8711617
8711621
8711627
8711653
8711657
8711669
8711683
8711707
8711719
8711737
8711741
8711743
8711749
8711767
8711777
8711783
8711797
8711821
8711849
8711851
8711863
8711867
8711869
8711887
8711897
8711921
8711933
8711951
8711953
8711971
8711987
8712017
8712019
8712029
8712059
8712091
8712113
8712133
8712149
8712157
8712163
8712167
8712169
8712173
8712181
8712227
8712229
8712233
8712257
8712259
8712269
8712281
8712287
8712293
8712307
8712311
8712323
8712337
8712349
8712367
8712371
8712373
8712397
8712421
8712491
8712497
8712523
8712533
8712547
8712577
8712601
8712611
8712629
8712661
8712677
8712701
8712709
8712713
8712727
8712749
8712751
8712757
8712761
8712779
8712793
8712827
8712859
8712863
8712919
8712931
8712973
8712997
8713007
8713009
8713013
8713037
8713043
8713051
8713069
8713087
8713109
8713121
8713123
8713127
8713141
8713157
8713181
8713193
8713213
8713217
8713249
8713261
8713291
8713303
8713307
8713319
8713339
8713349
8713363
8713373
8713399
8713403
8713421
8713429
8713433
8713447
8713451
8713459
8713487
8713513
8713519
8713531
8713547
8713553
8713567
8713577
8713583
8713591
8713603
8713631
8713643
8713693
8713699
8713709
8713721
8713763
8713781
8713807
8713811
8713813
8713823
8713867
8713879
8713897
8713919
8713927
8713931
8713933
8713961
8714003
8714009
8714021
8714023
8714039
8714051
8714053
8714063
8714071
8714077
8714107
8714117
8714119
8714161
8714177
8714197
8714213
8714231
8714261
8714267
8714269
8714281
8714287
8714291
8714311
8714323
8714333
8714339
8714341
8714357
8714393
8714417
8714429
8714437
8714449
8714467
8714473
8714491
8714507
8714551
8714567
8714581
8714593
8714609
8714639
8714669
8714683
8714701
8714729
8714731
8714743
8714773
8714779
8714789
8714821
8714857
8714873
8714903
8714921
8714941
8714947
8714957
8714963
8714983
8714989
8715011
8715013
8715019
8715023
8715029
8715041
8715059
8715079
8715103
8715107
8715143
8715151
8715181
8715191
8715193
8715209
8715233
8715263
8715269
8715323
8715337
8715347
8715349
8715361
8715383
8715401
8715403
8715409
8715431
8715449
8715451
8715523
8715559
8715587
8715589
8715601
8715617
8715647
8715649
8715653
8715659
8715667
8715671
8715673
8715697
8715703
8715709
8715719
8715731
8715761
8715769
8715779
8715787
8715793
8715841
8715877
8715881
8715887
8715901
8715907
8715937
8715947
8715961
8715977
8715989
8716007
8716013
8716021
8716027
8716039
8716061
8716063
8716069
8716109
8716151
8716159
8716163
8716181
8716187
8716207
8716217
8716219
8716237
8716243
8716249
8716271
8716283
8716289
8716373
8716381
8716429
8716439
8716441
8716447
8716451
8716453
8716469
8716489
8716531
8716553
8716567
8716579
8716583
8716613
8716619
8716627
8716639
8716661
8716663
8716679
8716691
8716693
8716703
8716709
8716727
8716753
8716759
8716769
8716783
8716817
8716819
8716843
8716853
8716861
8716889
8716891
8716919
8716943
8716957
8716997
8716999
8717011
8717021
8717041
8717113
8717117
8717119
8717123
8717131
8717171
8717201
8717213
8717239
8717263
8717273
8717287
8717323
8717329
8717341
8717353
8717389
8717393
8717491
8717509
8717521
8717531
8717551
8717557
8717563
8717591
8717623
8717633
8717677
8717689
8717717
8717741
8717743
8717747
8717749
8717767
8717773
8717783
8717791
8717803
8717809
8717843
8717857
8717861
8717867
8717869
8717873
8717881
8717909
8717927
8717939
8717959
8717963
8717981
8717987
8717993
8717999
8718007
8718011
8718013
8718043
8718089
8718091
8718097
8718103
8718109
8718113
8718163
8718191
8718197
8718217
8718221
8718247
8718251
8718271
8718277
8718301
8718313
8718343
8718349
8718377
8718401
8718407
8718419
8718427
8718431
8718439
8718461
8718469
8718487
8718491
8718503
8718539
8718571
8718581
8718601
8718649
8718673
8718709
8718727
8718733
8718737
8718757
8718779
8718793
8718797
8718799
8718803
8718811
8718823
8718833
8718839
8718851
8718859
8718869
8718877
8718881
8718887
8718907
8718917
8718949
8718953
8718973
8719003
8719021
8719031
8719037
8719049
8719057
8719099
8719127
8719133
8719141
8719159
8719163
8719177
8719187
8719199
8719211
8719213
8719219
8719223
8719253
8719261
8719273
8719289
8719301
8719303
8719307
8719327
8719349
8719367
8719379
8719391
8719421
8719441
8719483
8719519
8719541
8719549
8719567
8719573
8719577
8719591
8719603
8719661
8719663
8719681
8719699
8719703
8719747
8719771
8719801
8719813
8719817
8719819
8719831
8719847
8719873
8719903
8719939
8719943
8719951
8719961
8719987
8719999
8720027
8720057
8720071
8720081
8720087
8720111
8720113
8720119
8720137
8720161
8720171
8720177
8720189
8720191
8720227
8720233
8720281
8720311
8720317
8720321
8720339
8720347
8720389
8720407
8720417
8720429
8720431
8720447
8720471
8720477
8720479
8720483
8720489
8720497
8720513
8720531
8720533
8720557
8720581
8720597
8720617
8720623
8720627
8720629
8720671
8720681
8720687
8720689
8720693
8720707
8720713
8720729
8720771
8720773
8720783
8720797
8720807
8720809
8720819
8720837
8720839
8720891
8720911
8720941
8720947
8720953
8720969
8720977
8721029
8721043
8721049
8721061
8721077
8721079
8721101
8721121
8721157
8721191
8721197
8721239
8721253
8721259
8721269
8721281
8721299
8721311
8721313
8721329
8721359
8721371
8721379
8721403
8721413
8721443
8721467
8721469
8721473
8721481
8721487
8721499
8721511
8721533
8721539
8721541
8721599
8721607
8721617
8721631
8721667
8721673
8721701
8721737
8721749
8721763
8721773
8721851
8721877
8721883
8721907
8721913
8721917
8721929
8721941
8721989
8721997
8722001
8722009
8722019
8722027
8722033
8722079
8722081
8722093
8722097
8722099
8722117
8722123
8722169
8722171
8722187
8722193
8722211
8722223
8722237
8722283
8722291
8722297
8722303
8722331
8722333
8722339
8722361
8722367
8722391
8722393
8722409
8722423
8722429
8722447
8722459
8722471
8722477
8722499
8722517
8722541
8722603
8722607
8722613
8722621
8722631
8722643
8722661
8722673
8722711
8722739
8722757
8722789
8722799
8722829
8722841
8722859
8722877
8722891
8722913
8722949
8722969
8722981
8722991
8722993
8722999
8723017
8723041
8723047
8723053
8723063
8723081
8723089
8723107
8723123
8723137
8723149
8723191
8723203
8723213
8723243
8723303
8723311
8723317
8723321
8723347
8723353
8723359
8723387
8723399
8723419
8723423
8723437
8723441
8723459
8723479
8723483
8723497
8723521
8723531
8723551
8723569
8723593
8723609
8723639
8723653
8723677
8723707
8723731
8723789
8723807
8723821
8723833
8723851
8723879
8723887
8723893
8723899
8723903
8723909
8723921
8723929
8723933
8723947
8723951
8723977
8723987
8723993
8724013
8724071
8724073
8724101
8724127
8724139
8724143
8724161
8724169
8724181
8724223
8724241
8724253
8724259
8724263
8724269
8724283
8724293
8724301
8724311
8724319
8724323
8724329
8724347
8724371
8724377
8724421
8724437
8724461
8724467
8724479
8724487
8724493
8724497
8724511
8724559
8724589
8724601
8724619
8724631
8724641
8724643
8724649
8724697
8724713
8724719
8724721
8724739
8724787
8724799
8724803
8724827
8724847
8724871
8724883
8724929
8724943
8724949
8724967
8724983
8725021
8725037
8725039
8725051
8725091
8725099
8725103
8725111
8725133
8725139
8725141
8725147
8725153
8725159
8725177
8725183
8725207
8725217
8725219
8725243
8725253
8725279
8725307
8725319
8725357
8725361
8725363
8725391
8725397
8725399
8725421
8725429
8725459
8725463
8725481
8725489
8725499
8725511
8725523
8725531
8725547
8725567
8725571
8725609
8725621
8725627
8725631
8725643
8725657
8725669
8725681
8725699
8725733
8725757
8725799
8725813
8725817
8725823
8725831
8725841
8725877
8725931
8725949
8725961
8725963
8725979
8725987
8725991
8725999
8726017
8726021
8726027
8726051
8726063
8726087
8726093
8726101
8726141
8726143
8726197
8726203
8726209
8726227
8726239
8726243
8726257
8726273
8726323
8726329
8726351
8726357
8726359
8726363
8726381
8726383
8726401
8726447
8726449
8726461
8726467
8726479
8726507
8726521
8726527
8726533
8726569
8726573
8726587
8726611
8726633
8726647
8726671
8726677
8726687
8726699
8726713
8726723
8726737
8726759
8726761
8726777
8726789
8726801
8726803
8726849
8726863
8726873
8726917
8726923
8726953
8726957
8726969
8726983
8726987
8726989
8727031
8727049
8727053
8727067
8727083
8727091
8727109
8727113
8727119
8727149
8727157
8727161
8727163
8727179
8727197
8727211
8727247
8727263
8727269
8727283
8727287
8727317
8727343
8727349
8727359
8727413
8727427
8727431
8727451
8727493
8727497
8727529
8727539
8727569
8727577
8727583
8727599
8727601
8727611
8727619
8727623
8727643
8727659
8727673
8727689
8727701
8727727
8727731
8727757
8727767
8727773
8727779
8727791
8727809
8727857
8727871
8727899
8727907
8727913
8727931
8727937
8727989
8728037
8728073
8728079
8728129
8728147
8728169
8728193
8728207
8728211
8728241
8728261
8728273
8728289
8728303
8728309
8728331
8728373
8728381
8728387
8728397
8728427
8728457
8728471
8728481
8728483
8728513
8728549
8728571
8728579
8728591
8728597
8728607
8728609
8728627
8728649
8728663
8728679
8728691
8728711
8728717
8728721
8728757
8728787
8728807
8728823
8728849
8728883
8728897
8728901
8728903
8728921
8728927
8728943
8728963
8728969
8728987
8729033
8729051
8729053
8729057
8729059
8729081
8729093
8729099
8729107
8729117
8729131
8729141
8729173
8729179
8729183
8729191
8729207
8729219
8729221
8729239
8729243
8729249
8729291
8729309
8729317
8729323
8729327
8729333
8729389
8729401
8729411
8729429
8729467
8729491
8729543
8729557
8729563
8729593
8729603
8729621
8729629
8729641
8729647
8729659
8729681
8729689
8729711
8729717
8729729
8729767
8729801
8729821
8729837
8729839
8729849
8729867
8729869
8729881
8729887
8729923
8729939
8729977
8729983
8729999
8730013
8730049
8730067
8730077
8730083
8730091
8730103
8730149
8730151
8730157
8730181
8730229
8730257
8730263
8730269
8730283
8730287
8730307
8730311
8730331
8730341
8730343
8730349
8730353
8730377
8730467
8730473
8730487
8730511
8730517
8730529
8730559
8730577
8730583
8730607
8730611
8730619
8730629
8730649
8730661
8730691
8730697
8730737
8730781
8730793
8730797
8730803
8730847
8730851
8730857
8730859
8730863
8730881
8730889
8730893
8730901
8730913
8730919
8730929
8730947
8730949
8730977
8730983
8731027
8731031
8731039
8731069
8731097
8731103
8731109
8731111
8731139
8731141
8731153
8731187
8731201
8731211
8731213
8731231
8731249
8731277
8731301
8731309
8731313
8731321
8731339
8731343
8731363
8731369
8731381
8731417
8731427
8731433
8731447
8731477
8731493
8731501
8731511
8731529
8731531
8731571
8731579
8731607
8731609
8731627
8731637
8731643
8731661
8731673
8731687
8731699
8731711
8731721
8731757
8731763
8731777
8731783
8731787
8731817
8731819
8731831
8731859
8731861
8731867
8731873
8731901
8731907
8731913
8731937
8731939
8731951
8731979
8731981
8731991
8731993
There are 2248 prime numbers in S492.
