S493(8732017~8767512)
8732023
8732027
8732029
8732047
8732051
8732071
8732081
8732093
8732117
8732123
8732137
8732159
8732189
8732197
8732201
8732209
8732239
8732257
8732261
8732291
8732299
8732309
8732351
8732363
8732369
8732371
8732411
8732417
8732429
8732431
8732447
8732461
8732473
8732489
8732501
8732551
8732573
8732593
8732599
8732627
8732639
8732641
8732653
8732677
8732687
8732719
8732743
8732749
8732797
8732807
8732819
8732831
8732833
8732839
8732861
8732869
8732879
8732887
8732921
8732923
8732957
8732963
8732993
8733001
8733017
8733047
8733059
8733083
8733107
8733113
8733119
8733133
8733143
8733149
8733157
8733161
8733163
8733173
8733247
8733251
8733259
8733271
8733281
8733301
8733311
8733313
8733317
8733323
8733341
8733391
8733397
8733401
8733419
8733433
8733463
8733467
8733479
8733511
8733541
8733547
8733551
8733617
8733619
8733649
8733677
8733691
8733701
8733707
8733709
8733713
8733719
8733731
8733737
8733743
8733811
8733821
8733827
8733833
8733839
8733871
8733889
8733899
8733929
8733941
8733979
8734001
8734013
8734021
8734027
8734051
8734069
8734079
8734093
8734147
8734153
8734169
8734199
8734211
8734213
8734223
8734237
8734247
8734259
8734283
8734351
8734361
8734367
8734373
8734387
8734393
8734403
8734417
8734421
8734441
8734469
8734483
8734501
8734507
8734511
8734513
8734519
8734543
8734571
8734573
8734577
8734603
8734613
8734639
8734643
8734697
8734729
8734741
8734757
8734769
8734801
8734807
8734819
8734823
8734841
8734853
8734883
8734919
8734981
8734993
8735011
8735029
8735039
8735047
8735113
8735137
8735179
8735183
8735197
8735249
8735291
8735299
8735339
8735341
8735347
8735359
8735371
8735413
8735417
8735429
8735443
8735449
8735453
8735479
8735509
8735537
8735549
8735557
8735563
8735581
8735609
8735621
8735633
8735677
8735681
8735711
8735743
8735761
8735777
8735789
8735809
8735813
8735821
8735827
8735849
8735851
8735861
8735879
8735891
8735897
8735933
8735941
8735971
8736001
8736037
8736041
8736059
8736061
8736073
8736089
8736097
8736109
8736127
8736139
8736173
8736179
8736187
8736191
8736199
8736209
8736223
8736263
8736323
8736341
8736367
8736401
8736433
8736449
8736461
8736463
8736473
8736503
8736509
8736529
8736547
8736583
8736593
8736617
8736631
8736647
8736653
8736659
8736667
8736683
8736701
8736703
8736719
8736727
8736781
8736787
8736799
8736809
8736817
8736853
8736881
8736883
8736899
8736907
8736911
8736919
8736943
8736989
8737021
8737039
8737049
8737061
8737063
8737067
8737073
8737097
8737111
8737117
8737129
8737139
8737153
8737177
8737193
8737199
8737237
8737243
8737247
8737249
8737271
8737277
8737301
8737343
8737349
8737357
8737373
8737423
8737427
8737433
8737453
8737459
8737481
8737483
8737489
8737501
8737523
8737529
8737543
8737571
8737577
8737583
8737591
8737627
8737657
8737667
8737669
8737693
8737697
8737699
8737709
8737717
8737741
8737763
8737783
8737789
8737801
8737829
8737843
8737849
8737867
8737871
8737873
8737921
8737933
8737943
8737979
8738011
8738033
8738047
8738053
8738071
8738083
8738087
8738089
8738101
8738123
8738129
8738161
8738201
8738209
8738227
8738231
8738239
8738263
8738273
8738281
8738293
8738299
8738333
8738339
8738351
8738363
8738377
8738383
8738399
8738407
8738437
8738447
8738449
8738473
8738491
8738507
8738533
8738539
8738567
8738579
8738581
8738591
8738641
8738659
8738671
8738707
8738711
8738713
8738729
8738759
8738767
8738783
8738801
8738809
8738813
8738837
8738839
8738843
8738881
8738929
8738957
8738963
8739001
8739007
8739023
8739053
8739079
8739097
8739113
8739119
8739127
8739163
8739167
8739169
8739187
8739193
8739197
8739209
8739281
8739299
8739331
8739337
8739349
8739359
8739389
8739391
8739397
8739431
8739433
8739463
8739481
8739491
8739499
8739503
8739529
8739583
8739607
8739617
8739623
8739637
8739667
8739671
8739673
8739713
8739721
8739739
8739749
8739767
8739769
8739803
8739811
8739821
8739823
8739827
8739851
8739869
8739877
8739883
8739901
8739911
8739917
8739919
8739937
8739953
8739961
8739967
8740003
8740037
8740087
8740097
8740111
8740117
8740129
8740139
8740157
8740163
8740169
8740183
8740187
8740219
8740273
8740289
8740301
8740321
8740327
8740331
8740337
8740367
8740373
8740387
8740393
8740411
8740427
8740429
8740447
8740453
8740493
8740517
8740519
8740531
8740541
8740559
8740561
8740577
8740579
8740591
8740603
8740607
8740643
8740649
8740657
8740679
8740681
8740727
8740757
8740763
8740783
8740789
8740793
8740799
8740807
8740841
8740859
8740867
8740871
8740891
8740939
8740951
8740993
8740999
8741041
8741053
8741071
8741099
8741119
8741123
8741129
8741137
8741141
8741143
8741147
8741149
8741153
8741191
8741203
8741231
8741233
8741251
8741269
8741279
8741303
8741309
8741321
8741329
8741347
8741353
8741363
8741371
8741393
8741401
8741431
8741437
8741459
8741471
8741479
8741503
8741521
8741533
8741563
8741609
8741639
8741641
8741683
8741687
8741699
8741741
8741743
8741749
8741753
8741779
8741797
8741801
8741813
8741839
8741861
8741867
8741911
8741923
8741933
8741947
8741951
8741977
8741983
8741987
8741989
8742011
8742037
8742059
8742067
8742077
8742103
8742121
8742133
8742157
8742161
8742169
8742187
8742193
8742197
8742259
8742263
8742313
8742317
8742347
8742353
8742359
8742367
8742379
8742401
8742421
8742449
8742463
8742469
8742493
8742497
8742499
8742511
8742529
8742541
8742551
8742571
8742577
8742623
8742637
8742653
8742673
8742677
8742689
8742739
8742779
8742787
8742817
8742821
8742847
8742857
8742887
8742917
8742919
8742931
8742941
8742973
8742977
8742997
8743001
8743019
8743027
8743037
8743043
8743067
8743079
8743087
8743099
8743103
8743121
8743139
8743169
8743213
8743261
8743277
8743279
8743309
8743327
8743331
8743349
8743367
8743379
8743393
8743409
8743411
8743417
8743421
8743447
8743453
8743459
8743489
8743499
8743513
8743531
8743547
8743549
8743561
8743571
8743583
8743589
8743597
8743621
8743633
8743639
8743673
8743681
8743711
8743717
8743733
8743747
8743753
8743769
8743771
8743807
8743817
8743837
8743843
8743853
8743879
8743883
8743901
8743913
8743919
8743937
8743963
8743981
8743991
8743997
8744003
8744023
8744033
8744041
8744063
8744081
8744083
8744101
8744129
8744143
8744149
8744189
8744191
8744207
8744227
8744233
8744243
8744261
8744269
8744297
8744317
8744413
8744419
8744423
8744447
8744459
8744467
8744497
8744507
8744513
8744537
8744551
8744557
8744563
8744599
8744611
8744627
8744663
8744683
8744707
8744711
8744717
8744737
8744819
8744831
8744833
8744837
8744843
8744861
8744887
8744891
8744903
8744909
8744917
8744927
8744929
8744941
8744951
8744969
8745017
8745019
8745031
8745067
8745071
8745097
8745101
8745119
8745133
8745161
8745169
8745199
8745203
8745223
8745227
8745239
8745241
8745299
8745307
8745311
8745329
8745343
8745353
8745367
8745419
8745437
8745449
8745493
8745523
8745547
8745551
8745553
8745557
8745571
8745613
8745637
8745677
8745679
8745683
8745697
8745703
8745743
8745749
8745767
8745799
8745817
8745827
8745829
8745857
8745881
8745889
8745917
8745923
8745929
8745991
8746009
8746037
8746063
8746069
8746093
8746117
8746193
8746207
8746223
8746229
8746237
8746259
8746261
8746267
8746271
8746301
8746303
8746351
8746357
8746369
8746379
8746391
8746399
8746427
8746447
8746453
8746459
8746469
8746513
8746519
8746609
8746637
8746651
8746679
8746697
8746709
8746723
8746733
8746753
8746757
8746799
8746807
8746811
8746813
8746819
8746847
8746849
8746861
8746873
8746879
8746919
8746921
8746937
8746939
8746949
8746957
8746963
8746967
8746979
8746999
8747041
8747071
8747083
8747093
8747111
8747119
8747159
8747171
8747191
8747213
8747243
8747251
8747257
8747261
8747273
8747327
8747329
8747381
8747407
8747419
8747423
8747441
8747471
8747483
8747489
8747513
8747527
8747539
8747561
8747573
8747579
8747603
8747617
8747623
8747653
8747677
8747689
8747701
8747723
8747737
8747743
8747747
8747759
8747777
8747789
8747803
8747807
8747819
8747831
8747857
8747863
8747891
8747903
8747917
8747927
8747929
8747933
8747941
8747957
8747971
8747987
8748001
8748011
8748017
8748031
8748043
8748097
8748109
8748137
8748143
8748161
8748167
8748191
8748199
8748203
8748209
8748263
8748277
8748281
8748287
8748323
8748329
8748331
8748359
8748361
8748367
8748403
8748413
8748419
8748431
8748463
8748469
8748473
8748499
8748503
8748563
8748581
8748583
8748587
8748589
8748599
8748601
8748643
8748647
8748653
8748673
8748709
8748713
8748731
8748739
8748743
8748767
8748787
8748811
8748821
8748827
8748841
8748847
8748853
8748877
8748881
8748889
8748893
8748953
8748973
8748979
8748989
8748991
8749001
8749007
8749019
8749049
8749087
8749121
8749127
8749133
8749141
8749151
8749163
8749199
8749207
8749219
8749229
8749243
8749309
8749331
8749337
8749343
8749357
8749417
8749421
8749423
8749439
8749451
8749457
8749469
8749549
8749571
8749579
8749589
8749603
8749607
8749613
8749627
8749651
8749669
8749733
8749751
8749753
8749771
8749787
8749789
8749813
8749817
8749837
8749841
8749847
8749891
8749903
8749921
8749927
8749981
8749991
8750011
8750017
8750033
8750039
8750047
8750069
8750101
8750107
8750123
8750171
8750177
8750191
8750197
8750227
8750233
8750239
8750243
8750249
8750293
8750309
8750321
8750333
8750341
8750347
8750351
8750363
8750369
8750377
8750387
8750429
8750447
8750453
8750471
8750479
8750491
8750501
8750509
8750519
8750527
8750531
8750549
8750551
8750591
8750639
8750641
8750657
8750689
8750701
8750713
8750719
8750737
8750761
8750771
8750783
8750809
8750831
8750843
8750857
8750867
8750873
8750881
8750891
8750893
8750921
8750923
8750933
8750941
8750947
8750957
8750969
8751007
8751013
8751037
8751079
8751089
8751091
8751097
8751101
8751139
8751143
8751151
8751157
8751173
8751181
8751221
8751233
8751251
8751257
8751289
8751319
8751329
8751341
8751349
8751367
8751371
8751401
8751427
8751439
8751451
8751461
8751467
8751469
8751493
8751503
8751527
8751557
8751563
8751577
8751593
8751599
8751619
8751629
8751667
8751671
8751727
8751733
8751739
8751749
8751767
8751773
8751781
8751803
8751817
8751829
8751839
8751859
8751863
8751871
8751887
8751907
8751931
8751949
8751973
8752031
8752033
8752039
8752057
8752063
8752067
8752123
8752129
8752153
8752157
8752181
8752187
8752201
8752207
8752231
8752253
8752273
8752291
8752309
8752321
8752327
8752339
8752361
8752379
8752417
8752421
8752427
8752441
8752477
8752507
8752511
8752531
8752537
8752543
8752553
8752561
8752567
8752573
8752613
8752619
8752643
8752651
8752657
8752697
8752717
8752741
8752769
8752771
8752781
8752801
8752817
8752823
8752847
8752853
8752871
8752987
8752993
8753021
8753023
8753047
8753051
8753071
8753077
8753083
8753089
8753119
8753141
8753149
8753153
8753161
8753177
8753189
8753197
8753203
8753207
8753219
8753231
8753257
8753267
8753291
8753293
8753359
8753369
8753401
8753441
8753443
8753449
8753461
8753489
8753513
8753531
8753539
8753557
8753567
8753573
8753579
8753581
8753587
8753603
8753651
8753659
8753663
8753669
8753707
8753713
8753741
8753743
8753747
8753791
8753809
8753821
8753839
8753879
8753887
8753893
8753903
8753947
8753971
8753977
8753981
8753989
8753999
8754013
8754017
8754029
8754037
8754061
8754071
8754077
8754091
8754101
8754107
8754131
8754157
8754181
8754199
8754257
8754281
8754289
8754301
8754313
8754349
8754367
8754373
8754397
8754401
8754451
8754457
8754461
8754469
8754523
8754539
8754583
8754587
8754623
8754631
8754653
8754667
8754703
8754721
8754731
8754751
8754773
8754787
8754869
8754871
8754883
8754913
8754917
8754919
8754931
8754959
8754971
8754979
8755001
8755027
8755031
8755049
8755063
8755073
8755079
8755121
8755141
8755177
8755189
8755217
8755231
8755247
8755267
8755277
8755283
8755291
8755297
8755319
8755321
8755337
8755339
8755343
8755349
8755379
8755381
8755393
8755399
8755451
8755469
8755499
8755501
8755517
8755529
8755559
8755601
8755603
8755613
8755619
8755639
8755667
8755699
8755711
8755723
8755729
8755741
8755781
8755811
8755819
8755823
8755841
8755849
8755853
8755889
8755891
8755913
8755921
8755937
8755951
8755963
8755973
8755991
8755997
8756009
8756021
8756039
8756051
8756063
8756089
8756101
8756107
8756113
8756117
8756119
8756129
8756149
8756159
8756201
8756203
8756213
8756221
8756233
8756239
8756263
8756299
8756317
8756323
8756333
8756357
8756381
8756393
8756401
8756413
8756437
8756441
8756459
8756471
8756507
8756509
8756519
8756533
8756551
8756557
8756567
8756591
8756593
8756609
8756623
8756633
8756653
8756659
8756669
8756677
8756687
8756689
8756707
8756771
8756789
8756807
8756837
8756843
8756897
8756939
8756941
8756947
8756953
8756959
8756963
8756971
8756981
8756983
8756999
8757013
8757019
8757029
8757037
8757041
8757053
8757059
8757061
8757083
8757107
8757109
8757113
8757121
8757127
8757131
8757143
8757173
8757179
8757187
8757191
8757209
8757223
8757253
8757263
8757269
8757277
8757289
8757341
8757373
8757377
8757379
8757389
8757409
8757473
8757487
8757517
8757523
8757527
8757563
8757569
8757571
8757599
8757643
8757659
8757691
8757701
8757713
8757719
8757757
8757769
8757799
8757809
8757817
8757821
8757829
8757851
8757857
8757877
8757893
8757919
8757943
8757961
8758003
8758007
8758049
8758067
8758081
8758093
8758103
8758117
8758129
8758157
8758171
8758187
8758199
8758201
8758219
8758229
8758279
8758289
8758313
8758327
8758333
8758339
8758361
8758391
8758427
8758429
8758433
8758447
8758457
8758459
8758481
8758483
8758499
8758501
8758507
8758511
8758513
8758537
8758549
8758573
8758577
8758583
8758597
8758637
8758661
8758669
8758697
8758721
8758733
8758747
8758777
8758781
8758787
8758793
8758801
8758819
8758823
8758847
8758861
8758877
8758879
8758889
8758891
8758901
8758903
8758921
8758931
8758933
8758951
8758979
8758987
8758993
8759033
8759039
8759059
8759077
8759087
8759089
8759123
8759137
8759141
8759161
8759167
8759183
8759207
8759221
8759273
8759279
8759287
8759299
8759327
8759339
8759347
8759351
8759353
8759357
8759371
8759393
8759407
8759419
8759423
8759459
8759467
8759503
8759507
8759521
8759557
8759579
8759581
8759591
8759603
8759657
8759677
8759689
8759693
8759731
8759749
8759759
8759761
8759771
8759797
8759819
8759837
8759843
8759851
8759867
8759869
8759897
8759899
8759921
8759951
8759953
8759957
8759977
8760029
8760041
8760061
8760071
8760091
8760107
8760113
8760119
8760127
8760131
8760139
8760161
8760163
8760187
8760209
8760223
8760229
8760239
8760247
8760281
8760289
8760293
8760299
8760307
8760331
8760337
8760341
8760373
8760391
8760403
8760419
8760421
8760449
8760461
8760467
8760469
8760481
8760487
8760503
8760517
8760533
8760553
8760571
8760607
8760613
8760623
8760629
8760641
8760649
8760667
8760671
8760673
8760701
8760721
8760727
8760743
8760779
8760781
8760799
8760809
8760811
8760833
8760877
8760883
8760901
8760911
8760923
8760959
8760977
8760991
8761007
8761009
8761019
8761037
8761079
8761099
8761117
8761133
8761139
8761141
8761153
8761157
8761169
8761177
8761213
8761237
8761243
8761253
8761279
8761289
8761297
8761303
8761327
8761339
8761429
8761433
8761439
8761453
8761457
8761463
8761469
8761507
8761517
8761531
8761537
8761547
8761601
8761619
8761631
8761633
8761639
8761691
8761703
8761721
8761733
8761751
8761763
8761789
8761807
8761843
8761847
8761849
8761853
8761867
8761877
8761889
8761903
8761939
8761943
8761957
8761967
8761993
8761997
8761999
8762023
8762027
8762041
8762051
8762063
8762099
8762129
8762141
8762179
8762189
8762203
8762213
8762219
8762231
8762261
8762269
8762311
8762353
8762357
8762389
8762399
8762407
8762441
8762447
8762449
8762473
8762483
8762489
8762513
8762521
8762549
8762557
8762569
8762573
8762597
8762603
8762617
8762627
8762639
8762647
8762651
8762653
8762671
8762683
8762687
8762731
8762737
8762773
8762777
8762783
8762797
8762813
8762827
8762849
8762867
8762893
8762903
8762911
8762921
8762947
8762951
8762953
8762989
8763019
8763031
8763059
8763067
8763101
8763107
8763119
8763121
8763187
8763203
8763229
8763239
8763241
8763277
8763283
8763289
8763301
8763311
8763319
8763331
8763341
8763353
8763361
8763367
8763371
8763373
8763379
8763383
8763397
8763409
8763439
8763457
8763473
8763499
8763509
8763511
8763527
8763553
8763569
8763571
8763581
8763589
8763611
8763613
8763637
8763641
8763649
8763673
8763679
8763691
8763737
8763749
8763763
8763773
8763803
8763817
8763827
8763841
8763847
8763863
8763877
8763893
8763901
8763907
8763967
8763971
8763973
8763977
8763983
8764001
8764009
8764013
8764033
8764039
8764087
8764117
8764121
8764139
8764141
8764183
8764193
8764207
8764229
8764237
8764247
8764253
8764277
8764309
8764319
8764321
8764331
8764361
8764387
8764423
8764429
8764433
8764439
8764463
8764487
8764489
8764499
8764501
8764507
8764519
8764573
8764577
8764589
8764601
8764621
8764687
8764703
8764711
8764751
8764753
8764759
8764781
8764787
8764801
8764807
8764829
8764831
8764859
8764867
8764897
8764919
8764927
8764933
8764937
8764961
8764963
8765011
8765027
8765039
8765051
8765059
8765063
8765089
8765101
8765117
8765131
8765143
8765161
8765173
8765177
8765179
8765191
8765203
8765209
8765243
8765261
8765269
8765291
8765293
8765321
8765357
8765371
8765377
8765401
8765417
8765423
8765429
8765437
8765473
8765483
8765501
8765503
8765539
8765551
8765579
8765597
8765611
8765629
8765657
8765711
8765741
8765747
8765753
8765789
8765797
8765837
8765849
8765857
8765881
8765927
8765957
8765969
8765971
8765983
8765989
8765993
8766007
8766029
8766031
8766047
8766073
8766089
8766113
8766119
8766133
8766137
8766143
8766187
8766193
8766209
8766217
8766223
8766229
8766269
8766283
8766293
8766301
8766311
8766337
8766343
8766383
8766413
8766419
8766431
8766437
8766449
8766451
8766463
8766469
8766503
8766517
8766523
8766533
8766557
8766559
8766587
8766599
8766601
8766673
8766689
8766691
8766701
8766721
8766727
8766811
8766827
8766829
8766833
8766851
8766871
8766881
8766899
8766911
8766929
8766941
8766943
8766949
8766959
8766977
8766997
8767001
8767007
8767021
8767061
8767067
8767069
8767093
8767111
8767127
8767169
8767219
8767243
8767249
8767267
8767271
8767289
8767321
8767337
8767349
8767361
8767387
8767391
8767397
8767403
8767433
8767453
8767471
8767501
8767511
There are 2218 prime numbers in S493.
