S494(8767513~8803080)
8767537
8767543
8767547
8767559
8767567
8767573
8767579
8767609
8767621
8767639
8767643
8767673
8767679
8767697
8767711
8767753
8767757
8767763
8767769
8767771
8767777
8767799
8767841
8767849
8767867
8767877
8767883
8767907
8767919
8767921
8767939
8767943
8767951
8767963
8767999
8768017
8768021
8768027
8768029
8768033
8768041
8768051
8768057
8768059
8768077
8768093
8768119
8768153
8768171
8768197
8768213
8768231
8768233
8768251
8768261
8768269
8768281
8768317
8768327
8768339
8768341
8768351
8768377
8768387
8768401
8768407
8768423
8768437
8768453
8768467
8768471
8768477
8768483
8768503
8768531
8768533
8768561
8768563
8768579
8768581
8768587
8768597
8768609
8768621
8768647
8768653
8768657
8768693
8768707
8768717
8768729
8768737
8768779
8768789
8768801
8768803
8768813
8768843
8768887
8768891
8768909
8768917
8768953
8768983
8768987
8769011
8769041
8769043
8769071
8769083
8769109
8769113
8769133
8769143
8769151
8769157
8769217
8769239
8769247
8769253
8769283
8769287
8769301
8769349
8769353
8769361
8769379
8769403
8769413
8769443
8769451
8769457
8769461
8769473
8769491
8769493
8769499
8769503
8769517
8769529
8769547
8769577
8769581
8769587
8769599
8769617
8769623
8769641
8769653
8769661
8769667
8769679
8769737
8769757
8769767
8769779
8769797
8769799
8769809
8769821
8769829
8769833
8769847
8769853
8769883
8769899
8769907
8769911
8769913
8769961
8769967
8769973
8769983
8770007
8770009
8770033
8770037
8770063
8770081
8770109
8770121
8770159
8770169
8770171
8770189
8770193
8770213
8770217
8770219
8770253
8770273
8770277
8770297
8770301
8770309
8770313
8770357
8770379
8770423
8770451
8770477
8770481
8770547
8770561
8770607
8770621
8770633
8770661
8770681
8770687
8770703
8770709
8770771
8770777
8770823
8770831
8770841
8770849
8770873
8770891
8770901
8770907
8770939
8770943
8770967
8770973
8770987
8771017
8771029
8771033
8771041
8771051
8771069
8771071
8771107
8771123
8771149
8771159
8771177
8771207
8771219
8771227
8771239
8771261
8771263
8771267
8771327
8771333
8771351
8771363
8771381
8771383
8771401
8771423
8771429
8771431
8771437
8771443
8771459
8771489
8771491
8771501
8771549
8771551
8771569
8771591
8771593
8771599
8771603
8771621
8771639
8771641
8771647
8771669
8771681
8771683
8771723
8771743
8771767
8771783
8771797
8771857
8771869
8771887
8771897
8771941
8771953
8771969
8771981
8772011
8772013
8772031
8772037
8772067
8772079
8772089
8772139
8772149
8772157
8772161
8772173
8772209
8772229
8772233
8772241
8772251
8772259
8772299
8772307
8772317
8772329
8772347
8772371
8772419
8772427
8772437
8772443
8772479
8772481
8772523
8772551
8772553
8772563
8772581
8772619
8772649
8772653
8772667
8772679
8772727
8772733
8772739
8772749
8772763
8772767
8772773
8772781
8772791
8772809
8772839
8772847
8772853
8772857
8772859
8772917
8772923
8772937
8772941
8772947
8772977
8772979
8772983
8772991
8773007
8773019
8773021
8773027
8773073
8773091
8773103
8773111
8773133
8773147
8773151
8773153
8773157
8773159
8773199
8773211
8773223
8773253
8773273
8773319
8773321
8773339
8773351
8773357
8773379
8773393
8773439
8773469
8773481
8773483
8773487
8773517
8773543
8773559
8773561
8773571
8773577
8773579
8773607
8773619
8773637
8773657
8773669
8773697
8773727
8773729
8773733
8773757
8773759
8773771
8773781
8773783
8773799
8773823
8773859
8773861
8773871
8773873
8773883
8773903
8773907
8773927
8773937
8773951
8773969
8773981
8773997
8774009
8774011
8774033
8774039
8774047
8774053
8774071
8774083
8774093
8774113
8774131
8774137
8774141
8774149
8774177
8774191
8774221
8774239
8774273
8774299
8774317
8774341
8774351
8774399
8774419
8774429
8774483
8774489
8774497
8774509
8774531
8774543
8774551
8774611
8774639
8774659
8774663
8774671
8774683
8774693
8774719
8774723
8774741
8774747
8774783
8774803
8774813
8774837
8774851
8774863
8774869
8774897
8774917
8774921
8774929
8774933
8774939
8774951
8774959
8774989
8774993
8774999
8775001
8775047
8775073
8775089
8775127
8775149
8775161
8775163
8775199
8775233
8775269
8775287
8775301
8775329
8775331
8775343
8775367
8775373
8775407
8775409
8775413
8775419
8775439
8775457
8775461
8775463
8775469
8775499
8775523
8775527
8775539
8775541
8775551
8775583
8775589
8775607
8775629
8775631
8775647
8775659
8775677
8775691
8775709
8775721
8775731
8775733
8775737
8775743
8775749
8775761
8775773
8775797
8775863
8775937
8775941
8775947
8775953
8775971
8775973
8775979
8775989
8775997
8776013
8776021
8776037
8776039
8776051
8776121
8776151
8776181
8776211
8776213
8776219
8776223
8776231
8776277
8776291
8776297
8776349
8776367
8776373
8776387
8776393
8776399
8776421
8776447
8776459
8776483
8776507
8776513
8776519
8776529
8776541
8776543
8776553
8776561
8776567
8776577
8776609
8776633
8776637
8776667
8776673
8776681
8776693
8776697
8776699
8776721
8776739
8776753
8776759
8776769
8776783
8776787
8776819
8776849
8776891
8776897
8776909
8776919
8776931
8776969
8776987
8776991
8776997
8777011
8777033
8777047
8777051
8777077
8777081
8777101
8777113
8777141
8777149
8777173
8777189
8777231
8777243
8777257
8777267
8777281
8777303
8777339
8777357
8777381
8777407
8777497
8777519
8777521
8777533
8777543
8777551
8777569
8777581
8777591
8777617
8777641
8777647
8777663
8777669
8777683
8777689
8777693
8777707
8777723
8777759
8777771
8777779
8777819
8777837
8777851
8777869
8777897
8777911
8777947
8777971
8777999
8778013
8778023
8778041
8778043
8778061
8778101
8778131
8778167
8778191
8778241
8778269
8778293
8778299
8778313
8778353
8778359
8778379
8778383
8778389
8778391
8778421
8778431
8778461
8778463
8778467
8778499
8778521
8778527
8778547
8778557
8778569
8778577
8778593
8778607
8778629
8778641
8778643
8778667
8778701
8778713
8778719
8778727
8778739
8778769
8778799
8778829
8778839
8778881
8778883
8778899
8778901
8778947
8778997
8779013
8779019
8779037
8779051
8779061
8779063
8779073
8779087
8779091
8779117
8779139
8779151
8779153
8779163
8779171
8779189
8779201
8779213
8779217
8779237
8779241
8779247
8779313
8779319
8779321
8779391
8779403
8779409
8779451
8779469
8779481
8779493
8779513
8779517
8779523
8779549
8779607
8779621
8779703
8779711
8779717
8779723
8779753
8779787
8779801
8779807
8779819
8779831
8779853
8779867
8779873
8779877
8779879
8779907
8779909
8779933
8779937
8779943
8779961
8779993
8780017
8780021
8780081
8780087
8780111
8780113
8780131
8780153
8780159
8780171
8780173
8780183
8780201
8780207
8780237
8780249
8780251
8780263
8780281
8780287
8780309
8780311
8780323
8780327
8780329
8780339
8780363
8780371
8780377
8780383
8780389
8780393
8780419
8780423
8780459
8780509
8780521
8780531
8780543
8780561
8780573
8780593
8780617
8780663
8780677
8780689
8780699
8780701
8780711
8780743
8780747
8780749
8780773
8780791
8780813
8780833
8780851
8780861
8780867
8780873
8780879
8780887
8780909
8780923
8780977
8780999
8781013
8781023
8781037
8781043
8781049
8781053
8781077
8781079
8781083
8781107
8781109
8781131
8781137
8781181
8781191
8781233
8781259
8781263
8781271
8781293
8781301
8781319
8781337
8781341
8781347
8781349
8781359
8781371
8781373
8781379
8781397
8781407
8781413
8781419
8781449
8781457
8781467
8781473
8781491
8781497
8781511
8781547
8781551
8781559
8781583
8781593
8781599
8781601
8781611
8781631
8781637
8781659
8781683
8781709
8781713
8781727
8781739
8781763
8781767
8781769
8781793
8781797
8781853
8781859
8781863
8781869
8781889
8781893
8781907
8781917
8781931
8781937
8781953
8781967
8782001
8782049
8782057
8782097
8782117
8782121
8782127
8782129
8782139
8782141
8782181
8782211
8782229
8782243
8782261
8782289
8782307
8782309
8782321
8782337
8782369
8782381
8782391
8782399
8782429
8782439
8782441
8782463
8782513
8782519
8782531
8782537
8782547
8782549
8782559
8782589
8782601
8782607
8782637
8782639
8782643
8782649
8782661
8782717
8782723
8782729
8782747
8782759
8782777
8782783
8782817
8782819
8782847
8782861
8782867
8782871
8782877
8782901
8782909
8782919
8782927
8782957
8782967
8782973
8782981
8783009
8783017
8783029
8783039
8783041
8783053
8783057
8783063
8783069
8783077
8783113
8783123
8783129
8783147
8783161
8783167
8783183
8783191
8783209
8783227
8783239
8783249
8783251
8783267
8783279
8783293
8783303
8783353
8783371
8783399
8783417
8783429
8783431
8783449
8783459
8783473
8783479
8783483
8783513
8783521
8783527
8783557
8783561
8783563
8783587
8783591
8783609
8783617
8783627
8783629
8783647
8783659
8783669
8783683
8783759
8783771
8783791
8783843
8783851
8783857
8783891
8783893
8783903
8783921
8783933
8783959
8783969
8783987
8783989
8784001
8784007
8784031
8784073
8784077
8784079
8784101
8784103
8784107
8784161
8784197
8784203
8784221
8784227
8784239
8784241
8784263
8784277
8784301
8784311
8784313
8784317
8784323
8784329
8784331
8784337
8784343
8784397
8784401
8784407
8784431
8784443
8784449
8784469
8784487
8784491
8784497
8784509
8784511
8784533
8784547
8784553
8784557
8784583
8784613
8784623
8784641
8784647
8784649
8784653
8784667
8784719
8784731
8784739
8784751
8784757
8784761
8784779
8784833
8784847
8784863
8784877
8784887
8784889
8784899
8784907
8784917
8784929
8784949
8784953
8784961
8784983
8785001
8785003
8785009
8785013
8785027
8785033
8785061
8785067
8785069
8785079
8785093
8785109
8785123
8785157
8785171
8785177
8785181
8785187
8785199
8785223
8785261
8785267
8785297
8785303
8785313
8785349
8785397
8785409
8785417
8785421
8785423
8785433
8785453
8785489
8785501
8785507
8785519
8785541
8785547
8785571
8785573
8785589
8785607
8785649
8785661
8785681
8785691
8785697
8785783
8785789
8785801
8785837
8785841
8785853
8785871
8785883
8785897
8785913
8785937
8785943
8785951
8785963
8785981
8785993
8786009
8786017
8786021
8786047
8786053
8786077
8786087
8786119
8786123
8786149
8786153
8786171
8786201
8786231
8786269
8786273
8786359
8786363
8786369
8786377
8786389
8786413
8786419
8786429
8786431
8786441
8786443
8786473
8786513
8786521
8786527
8786537
8786543
8786593
8786597
8786611
8786639
8786641
8786651
8786677
8786689
8786707
8786719
8786779
8786809
8786831
8786839
8786861
8786863
8786879
8786887
8786893
8786903
8786917
8786927
8786951
8786957
8786963
8787001
8787017
8787041
8787049
8787061
8787089
8787109
8787131
8787157
8787187
8787193
8787199
8787209
8787211
8787217
8787223
8787227
8787263
8787269
8787281
8787287
8787299
8787301
8787307
8787323
8787341
8787343
8787371
8787391
8787409
8787413
8787431
8787491
8787497
8787503
8787529
8787547
8787553
8787563
8787577
8787607
8787617
8787629
8787643
8787661
8787673
8787683
8787697
8787703
8787733
8787739
8787743
8787749
8787763
8787773
8787797
8787799
8787809
8787811
8787829
8787839
8787847
8787853
8787859
8787887
8787893
8787901
8787917
8787941
8787971
8787979
8788007
8788027
8788037
8788057
8788079
8788081
8788121
8788141
8788147
8788151
8788163
8788181
8788187
8788193
8788217
8788223
8788243
8788267
8788319
8788321
8788327
8788387
8788399
8788433
8788441
8788447
8788477
8788487
8788511
8788517
8788523
8788597
8788603
8788607
8788627
8788639
8788651
8788657
8788667
8788669
8788673
8788723
8788729
8788757
8788771
8788777
8788799
8788823
8788861
8788891
8788907
8788909
8788931
8788939
8788951
8788957
8788973
8788979
8788991
8789009
8789021
8789041
8789057
8789101
8789111
8789113
8789189
8789201
8789203
8789227
8789251
8789279
8789281
8789309
8789311
8789321
8789327
8789359
8789369
8789371
8789393
8789401
8789411
8789447
8789453
8789477
8789483
8789497
8789507
8789531
8789537
8789569
8789579
8789593
8789597
8789623
8789653
8789681
8789687
8789689
8789699
8789713
8789719
8789747
8789773
8789821
8789827
8789843
8789897
8789899
8789909
8789923
8789927
8789939
8789941
8789953
8789981
8789983
8789999
8790007
8790077
8790079
8790083
8790107
8790137
8790151
8790167
8790169
8790191
8790193
8790227
8790247
8790289
8790307
8790319
8790323
8790403
8790413
8790473
8790487
8790517
8790539
8790541
8790557
8790583
8790589
8790599
8790647
8790653
8790667
8790671
8790679
8790689
8790703
8790707
8790721
8790757
8790781
8790811
8790839
8790841
8790871
8790889
8790907
8790911
8790917
8790919
8790923
8790937
8790953
8790967
8790983
8791009
8791019
8791051
8791063
8791093
8791103
8791109
8791121
8791169
8791183
8791187
8791219
8791229
8791247
8791249
8791253
8791273
8791283
8791297
8791327
8791369
8791373
8791411
8791421
8791423
8791429
8791457
8791469
8791477
8791487
8791493
8791537
8791561
8791571
8791579
8791583
8791591
8791603
8791637
8791639
8791667
8791697
8791709
8791721
8791733
8791751
8791759
8791781
8791787
8791793
8791801
8791847
8791891
8791933
8791987
8792027
8792039
8792059
8792087
8792099
8792101
8792123
8792129
8792131
8792137
8792197
8792207
8792237
8792261
8792263
8792291
8792293
8792299
8792317
8792321
8792323
8792351
8792387
8792393
8792401
8792419
8792429
8792447
8792449
8792453
8792467
8792473
8792503
8792513
8792549
8792551
8792599
8792603
8792617
8792627
8792657
8792669
8792671
8792677
8792681
8792699
8792761
8792783
8792813
8792821
8792837
8792843
8792857
8792891
8792897
8792899
8792909
8792911
8792929
8792957
8792963
8792977
8792981
8792989
8793019
8793023
8793041
8793047
8793053
8793073
8793079
8793101
8793121
8793133
8793149
8793163
8793167
8793173
8793193
8793209
8793221
8793227
8793247
8793251
8793259
8793271
8793287
8793307
8793329
8793347
8793349
8793373
8793391
8793397
8793431
8793439
8793461
8793469
8793479
8793481
8793487
8793493
8793503
8793509
8793511
8793517
8793541
8793571
8793593
8793623
8793643
8793649
8793667
8793671
8793689
8793691
8793703
8793737
8793749
8793761
8793779
8793839
8793857
8793859
8793871
8793881
8793991
8793997
8794003
8794007
8794031
8794033
8794067
8794081
8794087
8794139
8794153
8794157
8794183
8794189
8794193
8794241
8794249
8794259
8794267
8794307
8794327
8794333
8794351
8794367
8794381
8794393
8794399
8794411
8794439
8794463
8794469
8794477
8794501
8794507
8794523
8794543
8794547
8794561
8794571
8794573
8794589
8794603
8794613
8794619
8794631
8794673
8794697
8794703
8794757
8794771
8794811
8794837
8794867
8794871
8794909
8794913
8794921
8794927
8794931
8794943
8794949
8794963
8794997
8794999
8795029
8795047
8795057
8795077
8795089
8795093
8795099
8795107
8795123
8795167
8795183
8795201
8795219
8795221
8795231
8795249
8795287
8795299
8795327
8795329
8795377
8795387
8795393
8795399
8795411
8795429
8795431
8795441
8795467
8795473
8795483
8795489
8795491
8795519
8795557
8795561
8795573
8795609
8795617
8795621
8795629
8795641
8795687
8795711
8795747
8795753
8795767
8795791
8795797
8795833
8795849
8795861
8795887
8795911
8795921
8795929
8795947
8796001
8796049
8796071
8796079
8796083
8796101
8796113
8796127
8796131
8796163
8796167
8796169
8796173
8796187
8796197
8796199
8796217
8796233
8796241
8796253
8796283
8796287
8796301
8796323
8796331
8796349
8796353
8796371
8796421
8796439
8796451
8796479
8796481
8796499
8796503
8796517
8796521
8796523
8796527
8796533
8796547
8796581
8796583
8796587
8796611
8796617
8796629
8796637
8796647
8796659
8796679
8796691
8796709
8796721
8796727
8796743
8796757
8796761
8796763
8796817
8796847
8796859
8796863
8796869
8796881
8796911
8796923
8796929
8796941
8796961
8797003
8797021
8797049
8797051
8797079
8797081
8797111
8797153
8797169
8797183
8797199
8797207
8797289
8797291
8797297
8797307
8797331
8797337
8797343
8797363
8797387
8797391
8797421
8797423
8797441
8797447
8797457
8797487
8797489
8797501
8797511
8797541
8797543
8797553
8797559
8797571
8797577
8797597
8797639
8797669
8797673
8797709
8797771
8797777
8797781
8797783
8797787
8797849
8797853
8797871
8797907
8797909
8797939
8797949
8797961
8797967
8797979
8798011
8798047
8798057
8798063
8798077
8798081
8798087
8798093
8798113
8798131
8798137
8798143
8798147
8798161
8798171
8798173
8798201
8798219
8798221
8798233
8798243
8798263
8798269
8798287
8798323
8798329
8798347
8798357
8798369
8798381
8798393
8798407
8798417
8798431
8798459
8798473
8798483
8798509
8798527
8798549
8798567
8798597
8798623
8798633
8798651
8798683
8798749
8798759
8798771
8798813
8798821
8798827
8798831
8798837
8798849
8798851
8798863
8798869
8798891
8798893
8798963
8798983
8798987
8798989
8799001
8799017
8799023
8799029
8799031
8799073
8799097
8799137
8799173
8799227
8799233
8799239
8799247
8799253
8799269
8799277
8799281
8799283
8799331
8799389
8799403
8799463
8799487
8799491
8799503
8799509
8799517
8799521
8799529
8799533
8799551
8799587
8799601
8799607
8799611
8799613
8799617
8799619
8799671
8799683
8799689
8799701
8799719
8799733
8799737
8799751
8799757
8799779
8799781
8799851
8799853
8799883
8799887
8799899
8799911
8799913
8799919
8799929
8799941
8799949
8799971
8799977
8799997
8800009
8800019
8800037
8800049
8800069
8800073
8800087
8800111
8800123
8800133
8800147
8800151
8800153
8800159
8800201
8800213
8800247
8800261
8800273
8800291
8800301
8800303
8800307
8800331
8800343
8800349
8800357
8800361
8800391
8800397
8800403
8800411
8800459
8800483
8800489
8800501
8800511
8800523
8800529
8800537
8800541
8800579
8800619
8800657
8800721
8800777
8800787
8800793
8800801
8800829
8800867
8800877
8800889
8800901
8800903
8800921
8800963
8800997
8800999
8801003
8801011
8801033
8801057
8801059
8801069
8801083
8801129
8801137
8801147
8801159
8801209
8801213
8801269
8801293
8801327
8801329
8801333
8801357
8801371
8801381
8801399
8801437
8801447
8801459
8801467
8801473
8801483
8801491
8801501
8801519
8801521
8801531
8801543
8801557
8801581
8801599
8801623
8801633
8801707
8801711
8801717
8801729
8801743
8801773
8801791
8801803
8801843
8801851
8801867
8801879
8801911
8801917
8801951
8801953
8801963
8801977
8801981
8801983
8801987
8801999
8802007
8802029
8802037
8802061
8802091
8802097
8802161
8802179
8802181
8802191
8802197
8802203
8802217
8802221
8802223
8802253
8802257
8802281
8802289
8802317
8802323
8802329
8802359
8802371
8802373
8802383
8802397
8802421
8802433
8802439
8802461
8802467
8802511
8802517
8802523
8802533
8802539
8802553
8802571
8802589
8802593
8802637
8802679
8802691
8802697
8802701
8802749
8802763
8802769
8802779
8802797
8802803
8802809
8802811
8802817
8802841
8802869
8802877
8802883
8802931
8802943
8802953
8802961
8803001
8803013
8803027
8803057
There are 2227 prime numbers in S494.
