S496(8838721~8874432)
8838727
8838733
8838761
8838769
8838803
8838833
8838853
8838859
8838883
8838901
8838917
8838953
8838959
8838979
8838989
8839007
8839021
8839027
8839043
8839049
8839069
8839079
8839093
8839111
8839139
8839141
8839177
8839183
8839211
8839249
8839253
8839267
8839273
8839277
8839279
8839297
8839301
8839307
8839331
8839333
8839339
8839343
8839349
8839361
8839367
8839373
8839387
8839409
8839421
8839459
8839483
8839529
8839531
8839543
8839601
8839631
8839637
8839667
8839669
8839687
8839703
8839729
8839739
8839757
8839763
8839771
8839783
8839799
8839801
8839819
8839829
8839837
8839841
8839871
8839891
8839903
8839907
8839927
8839931
8839933
8839951
8839967
8840057
8840093
8840113
8840123
8840129
8840131
8840137
8840141
8840159
8840171
8840173
8840191
8840201
8840207
8840213
8840231
8840243
8840287
8840309
8840317
8840333
8840341
8840369
8840393
8840401
8840407
8840411
8840417
8840431
8840437
8840443
8840467
8840477
8840497
8840509
8840551
8840569
8840581
8840591
8840599
8840609
8840627
8840647
8840659
8840683
8840687
8840701
8840749
8840753
8840759
8840761
8840773
8840779
8840857
8840863
8840869
8840879
8840893
8840917
8840927
8840939
8840959
8840963
8840977
8840987
8840999
8841017
8841031
8841043
8841073
8841083
8841097
8841167
8841179
8841181
8841191
8841197
8841221
8841227
8841247
8841263
8841331
8841337
8841367
8841383
8841389
8841431
8841449
8841451
8841463
8841467
8841473
8841487
8841493
8841509
8841529
8841629
8841643
8841653
8841659
8841661
8841673
8841697
8841709
8841719
8841733
8841739
8841743
8841757
8841787
8841817
8841823
8841827
8841871
8841881
8841941
8841947
8841949
8841953
8841967
8841983
8841991
8841997
8842007
8842027
8842033
8842039
8842069
8842079
8842103
8842109
8842123
8842151
8842177
8842199
8842213
8842217
8842231
8842243
8842259
8842279
8842291
8842307
8842313
8842319
8842349
8842387
8842399
8842403
8842453
8842487
8842489
8842523
8842541
8842579
8842591
8842607
8842609
8842633
8842637
8842643
8842661
8842697
8842699
8842747
8842753
8842783
8842793
8842807
8842831
8842871
8842877
8842919
8842927
8842931
8842937
8842949
8842957
8842969
8842973
8843011
8843047
8843053
8843059
8843071
8843089
8843101
8843141
8843183
8843269
8843273
8843287
8843291
8843297
8843309
8843323
8843369
8843371
8843377
8843381
8843389
8843399
8843411
8843441
8843447
8843501
8843503
8843507
8843539
8843551
8843557
8843561
8843563
8843573
8843591
8843603
8843623
8843641
8843647
8843669
8843671
8843677
8843699
8843701
8843713
8843729
8843771
8843789
8843827
8843867
8843881
8843903
8843909
8843917
8843993
8844001
8844007
8844013
8844047
8844049
8844053
8844071
8844089
8844091
8844103
8844107
8844113
8844127
8844133
8844181
8844191
8844223
8844229
8844239
8844263
8844271
8844289
8844307
8844313
8844323
8844347
8844349
8844361
8844371
8844373
8844377
8844379
8844389
8844401
8844421
8844457
8844463
8844467
8844497
8844499
8844547
8844559
8844571
8844593
8844613
8844629
8844653
8844659
8844677
8844691
8844697
8844701
8844721
8844733
8844767
8844769
8844779
8844853
8844859
8844863
8844877
8844881
8844911
8844929
8844931
8844943
8844991
8845003
8845021
8845027
8845033
8845063
8845069
8845073
8845079
8845099
8845129
8845141
8845147
8845157
8845163
8845171
8845181
8845189
8845201
8845211
8845231
8845237
8845247
8845267
8845297
8845303
8845307
8845327
8845349
8845357
8845373
8845387
8845391
8845399
8845451
8845453
8845477
8845517
8845519
8845531
8845567
8845589
8845597
8845601
8845607
8845619
8845637
8845657
8845673
8845687
8845691
8845699
8845703
8845723
8845789
8845813
8845817
8845829
8845853
8845861
8845897
8845901
8845937
8845951
8846023
8846027
8846063
8846081
8846083
8846087
8846093
8846111
8846141
8846143
8846207
8846209
8846221
8846231
8846251
8846263
8846291
8846309
8846317
8846323
8846353
8846371
8846393
8846399
8846413
8846423
8846429
8846437
8846449
8846459
8846471
8846483
8846507
8846521
8846527
8846543
8846557
8846581
8846599
8846627
8846641
8846659
8846683
8846713
8846729
8846731
8846741
8846753
8846759
8846779
8846807
8846809
8846821
8846833
8846839
8846861
8846879
8846897
8846909
8846923
8846963
8846977
8846983
8847023
8847029
8847031
8847043
8847061
8847067
8847071
8847077
8847127
8847133
8847143
8847161
8847169
8847193
8847229
8847247
8847253
8847271
8847277
8847281
8847287
8847301
8847353
8847359
8847373
8847383
8847389
8847409
8847413
8847427
8847439
8847451
8847457
8847469
8847473
8847481
8847491
8847511
8847529
8847533
8847539
8847547
8847557
8847563
8847569
8847577
8847589
8847593
8847607
8847613
8847647
8847653
8847659
8847689
8847691
8847719
8847731
8847733
8847743
8847781
8847793
8847799
8847859
8847869
8847877
8847887
8847889
8847899
8847907
8847911
8847913
8847919
8847941
8847967
8847991
8847997
8848027
8848057
8848061
8848093
8848097
8848121
8848127
8848139
8848141
8848159
8848163
8848181
8848183
8848187
8848193
8848199
8848201
8848247
8848271
8848283
8848309
8848327
8848337
8848349
8848351
8848373
8848379
8848391
8848429
8848453
8848459
8848487
8848493
8848501
8848529
8848571
8848577
8848589
8848607
8848613
8848621
8848633
8848667
8848703
8848709
8848717
8848739
8848759
8848769
8848771
8848783
8848811
8848817
8848837
8848871
8848877
8848897
8848901
8848937
8848949
8848969
8849021
8849047
8849063
8849077
8849081
8849083
8849111
8849119
8849131
8849173
8849177
8849189
8849201
8849219
8849237
8849249
8849257
8849261
8849287
8849297
8849303
8849363
8849371
8849381
8849387
8849389
8849413
8849417
8849429
8849441
8849447
8849461
8849473
8849483
8849521
8849531
8849567
8849579
8849591
8849597
8849627
8849647
8849671
8849681
8849747
8849767
8849783
8849791
8849803
8849833
8849837
8849851
8849857
8849861
8849879
8849899
8849903
8849921
8849969
8849977
8849987
8849999
8850001
8850007
8850011
8850019
8850031
8850073
8850089
8850113
8850119
8850151
8850157
8850167
8850187
8850197
8850203
8850209
8850211
8850263
8850271
8850293
8850329
8850343
8850349
8850379
8850403
8850419
8850433
8850461
8850463
8850487
8850497
8850509
8850521
8850533
8850559
8850577
8850587
8850601
8850613
8850641
8850661
8850671
8850773
8850797
8850811
8850839
8850847
8850857
8850859
8850869
8850937
8850949
8850973
8850977
8851009
8851043
8851057
8851069
8851091
8851097
8851111
8851123
8851133
8851187
8851211
8851223
8851229
8851243
8851253
8851267
8851307
8851309
8851313
8851319
8851331
8851333
8851363
8851379
8851387
8851393
8851429
8851439
8851457
8851471
8851487
8851489
8851517
8851529
8851553
8851567
8851597
8851603
8851627
8851631
8851637
8851639
8851657
8851669
8851691
8851697
8851721
8851723
8851727
8851751
8851763
8851793
8851807
8851813
8851831
8851837
8851841
8851847
8851861
8851877
8851879
8851889
8851897
8851919
8851939
8851949
8851961
8851963
8852009
8852057
8852059
8852069
8852071
8852093
8852141
8852147
8852153
8852159
8852161
8852177
8852197
8852201
8852203
8852227
8852231
8852243
8852251
8852273
8852293
8852323
8852339
8852353
8852357
8852377
8852411
8852413
8852429
8852443
8852449
8852471
8852477
8852479
8852513
8852567
8852593
8852611
8852617
8852629
8852633
8852647
8852663
8852681
8852687
8852707
8852719
8852729
8852737
8852791
8852807
8852813
8852827
8852867
8852881
8852923
8852939
8852941
8852947
8852951
8852981
8852989
8853001
8853017
8853079
8853109
8853139
8853151
8853157
8853167
8853181
8853191
8853193
8853217
8853223
8853233
8853239
8853241
8853263
8853269
8853289
8853329
8853337
8853347
8853359
8853371
8853389
8853391
8853401
8853407
8853409
8853419
8853421
8853433
8853443
8853457
8853463
8853469
8853473
8853511
8853521
8853529
8853541
8853547
8853553
8853577
8853587
8853589
8853641
8853661
8853673
8853683
8853697
8853731
8853737
8853739
8853749
8853763
8853797
8853799
8853847
8853851
8853863
8853893
8853917
8853937
8853947
8853973
8854007
8854031
8854037
8854039
8854049
8854061
8854067
8854081
8854121
8854123
8854129
8854151
8854163
8854169
8854177
8854199
8854207
8854217
8854231
8854249
8854253
8854267
8854273
8854303
8854337
8854369
8854381
8854387
8854409
8854411
8854423
8854453
8854463
8854487
8854493
8854553
8854579
8854607
8854613
8854621
8854631
8854639
8854667
8854669
8854679
8854687
8854691
8854693
8854697
8854723
8854733
8854751
8854757
8854759
8854777
8854789
8854799
8854829
8854837
8854843
8854849
8854883
8854919
8854927
8854949
8854961
8854981
8854987
8854991
8854997
8855003
8855009
8855027
8855039
8855047
8855053
8855059
8855087
8855089
8855101
8855111
8855123
8855137
8855149
8855167
8855183
8855239
8855257
8855261
8855267
8855279
8855281
8855359
8855389
8855401
8855423
8855447
8855461
8855477
8855479
8855503
8855507
8855533
8855537
8855563
8855569
8855573
8855593
8855597
8855669
8855687
8855689
8855719
8855747
8855771
8855773
8855779
8855857
8855867
8855887
8855911
8855921
8855927
8855939
8855941
8855981
8856019
8856037
8856053
8856073
8856079
8856101
8856103
8856121
8856131
8856179
8856181
8856187
8856227
8856233
8856241
8856251
8856259
8856293
8856307
8856317
8856329
8856361
8856377
8856427
8856437
8856443
8856457
8856487
8856503
8856557
8856559
8856569
8856593
8856613
8856637
8856649
8856689
8856703
8856713
8856721
8856733
8856761
8856763
8856767
8856787
8856829
8856833
8856877
8856901
8856929
8856959
8856971
8856997
8857003
8857027
8857031
8857039
8857049
8857063
8857067
8857091
8857111
8857127
8857133
8857157
8857159
8857181
8857217
8857253
8857259
8857273
8857283
8857301
8857367
8857379
8857399
8857411
8857421
8857447
8857451
8857483
8857487
8857489
8857501
8857523
8857529
8857531
8857543
8857621
8857637
8857643
8857649
8857669
8857687
8857721
8857727
8857733
8857753
8857757
8857759
8857777
8857787
8857817
8857831
8857841
8857853
8857873
8857879
8857883
8857907
8857913
8857973
8857999
8858023
8858027
8858029
8858093
8858107
8858141
8858149
8858153
8858203
8858233
8858249
8858257
8858273
8858287
8858293
8858299
8858303
8858323
8858327
8858329
8858347
8858357
8858431
8858441
8858449
8858453
8858461
8858471
8858483
8858489
8858527
8858569
8858573
8858587
8858593
8858621
8858627
8858677
8858711
8858713
8858723
8858743
8858753
8858767
8858779
8858783
8858797
8858813
8858821
8858881
8858923
8858951
8858953
8858957
8858987
8859029
8859031
8859041
8859049
8859083
8859089
8859101
8859127
8859131
8859143
8859197
8859203
8859223
8859229
8859233
8859271
8859283
8859289
8859299
8859307
8859373
8859421
8859437
8859463
8859467
8859479
8859481
8859497
8859511
8859541
8859551
8859559
8859581
8859589
8859607
8859637
8859659
8859671
8859673
8859691
8859709
8859733
8859743
8859749
8859787
8859793
8859811
8859817
8859827
8859841
8859857
8859863
8859887
8859889
8859911
8859913
8859919
8859943
8859953
8859967
8859973
8859989
8859997
8860003
8860031
8860069
8860073
8860081
8860097
8860121
8860123
8860127
8860139
8860151
8860157
8860171
8860177
8860183
8860219
8860231
8860259
8860261
8860273
8860297
8860301
8860307
8860309
8860343
8860351
8860361
8860363
8860367
8860429
8860463
8860471
8860477
8860547
8860567
8860571
8860597
8860601
8860603
8860619
8860627
8860639
8860651
8860661
8860673
8860703
8860739
8860771
8860793
8860807
8860811
8860837
8860849
8860861
8860867
8860883
8860889
8860909
8860913
8860931
8860933
8860939
8860949
8860963
8860993
8861059
8861089
8861113
8861117
8861119
8861137
8861143
8861147
8861159
8861173
8861191
8861213
8861227
8861231
8861243
8861249
8861261
8861263
8861273
8861291
8861309
8861383
8861393
8861401
8861423
8861473
8861491
8861497
8861513
8861519
8861533
8861557
8861561
8861563
8861597
8861609
8861627
8861659
8861663
8861683
8861701
8861707
8861711
8861717
8861719
8861729
8861747
8861767
8861773
8861779
8861807
8861813
8861837
8861851
8861857
8861861
8861869
8861873
8861887
8861891
8861893
8861903
8861911
8861921
8861927
8861929
8861987
8861989
8862013
8862031
8862041
8862053
8862079
8862097
8862137
8862163
8862167
8862173
8862181
8862221
8862229
8862233
8862239
8862241
8862247
8862323
8862349
8862391
8862397
8862409
8862421
8862431
8862443
8862467
8862479
8862481
8862509
8862517
8862527
8862541
8862547
8862563
8862571
8862577
8862583
8862611
8862619
8862631
8862641
8862673
8862677
8862691
8862697
8862757
8862769
8862781
8862787
8862809
8862817
8862877
8862881
8862883
8862901
8862907
8862923
8862977
8862983
8862991
8863007
8863013
8863037
8863051
8863109
8863133
8863147
8863163
8863199
8863201
8863207
8863219
8863237
8863249
8863259
8863319
8863331
8863333
8863343
8863373
8863399
8863423
8863429
8863433
8863447
8863453
8863469
8863471
8863493
8863499
8863501
8863513
8863529
8863537
8863567
8863573
8863577
8863619
8863639
8863643
8863651
8863661
8863663
8863691
8863697
8863703
8863781
8863787
8863801
8863807
8863837
8863909
8863927
8863949
8863963
8863969
8863973
8863997
8863999
8864003
8864029
8864041
8864081
8864099
8864117
8864147
8864161
8864179
8864189
8864231
8864239
8864243
8864249
8864267
8864291
8864299
8864329
8864333
8864351
8864371
8864381
8864399
8864411
8864417
8864461
8864477
8864491
8864503
8864509
8864521
8864549
8864561
8864587
8864641
8864663
8864731
8864741
8864747
8864759
8864761
8864767
8864771
8864789
8864797
8864813
8864851
8864879
8864881
8864893
8864899
8864903
8864917
8864929
8864953
8864969
8864987
8864993
8865011
8865013
8865019
8865029
8865067
8865083
8865113
8865137
8865139
8865149
8865167
8865179
8865203
8865209
8865289
8865293
8865299
8865317
8865331
8865341
8865359
8865371
8865377
8865391
8865397
8865401
8865403
8865413
8865421
8865427
8865431
8865443
8865487
8865497
8865499
8865581
8865583
8865601
8865613
8865683
8865707
8865719
8865737
8865749
8865763
8865797
8865803
8865809
8865821
8865827
8865847
8865859
8865877
8865911
8865919
8865929
8865953
8865973
8865991
8866003
8866007
8866019
8866057
8866079
8866087
8866097
8866111
8866139
8866147
8866157
8866159
8866171
8866189
8866259
8866283
8866303
8866313
8866337
8866391
8866397
8866399
8866427
8866433
8866439
8866441
8866453
8866457
8866463
8866513
8866567
8866573
8866577
8866591
8866601
8866603
8866609
8866621
8866633
8866657
8866667
8866679
8866709
8866733
8866751
8866801
8866811
8866817
8866829
8866861
8866873
8866903
8866909
8866919
8866931
8866943
8866951
8866967
8866993
8867003
8867063
8867071
8867099
8867107
8867153
8867179
8867189
8867191
8867207
8867231
8867233
8867269
8867273
8867279
8867291
8867293
8867303
8867311
8867321
8867323
8867381
8867393
8867399
8867423
8867429
8867459
8867473
8867479
8867501
8867527
8867539
8867549
8867563
8867587
8867597
8867609
8867633
8867647
8867657
8867669
8867701
8867711
8867731
8867743
8867773
8867779
8867791
8867797
8867843
8867861
8867869
8867893
8867909
8867917
8867923
8867959
8867977
8867993
8868011
8868017
8868047
8868071
8868089
8868091
8868107
8868109
8868137
8868149
8868151
8868161
8868173
8868217
8868247
8868253
8868319
8868323
8868329
8868337
8868359
8868361
8868367
8868389
8868401
8868443
8868451
8868463
8868469
8868473
8868479
8868521
8868523
8868527
8868529
8868533
8868553
8868581
8868599
8868631
8868647
8868653
8868689
8868701
8868719
8868721
8868733
8868737
8868767
8868803
8868841
8868859
8868887
8868889
8868907
8868919
8868931
8868943
8868949
8868971
8869009
8869037
8869039
8869043
8869061
8869109
8869127
8869129
8869141
8869153
8869169
8869171
8869177
8869187
8869213
8869241
8869247
8869253
8869277
8869279
8869321
8869349
8869351
8869361
8869363
8869369
8869373
8869387
8869397
8869423
8869429
8869453
8869459
8869477
8869499
8869507
8869547
8869577
8869579
8869591
8869607
8869633
8869649
8869669
8869673
8869681
8869687
8869703
8869711
8869717
8869727
8869741
8869747
8869759
8869771
8869781
8869799
8869837
8869843
8869859
8869867
8869873
8869901
8869909
8869919
8869951
8869957
8870003
8870009
8870021
8870053
8870129
8870149
8870153
8870167
8870179
8870261
8870273
8870287
8870333
8870353
8870369
8870377
8870383
8870399
8870401
8870423
8870429
8870431
8870443
8870467
8870471
8870483
8870489
8870497
8870503
8870507
8870509
8870551
8870567
8870573
8870593
8870627
8870633
8870647
8870671
8870683
8870689
8870711
8870737
8870749
8870761
8870779
8870783
8870819
8870833
8870837
8870863
8870879
8870881
8870899
8870909
8870947
8870951
8870959
8870987
8870993
8870999
8871019
8871041
8871089
8871091
8871097
8871101
8871103
8871113
8871139
8871143
8871151
8871167
8871173
8871199
8871209
8871217
8871223
8871241
8871251
8871257
8871259
8871277
8871337
8871341
8871349
8871371
8871389
8871409
8871427
8871449
8871503
8871509
8871547
8871553
8871571
8871587
8871589
8871607
8871623
8871641
8871661
8871677
8871683
8871697
8871701
8871719
8871757
8871761
8871769
8871781
8871799
8871833
8871847
8871853
8871869
8871871
8871887
8871893
8871899
8871931
8871991
8872001
8872009
8872037
8872051
8872063
8872067
8872091
8872099
8872103
8872121
8872133
8872139
8872153
8872177
8872189
8872211
8872217
8872219
8872223
8872261
8872271
8872291
8872301
8872309
8872313
8872327
8872337
8872343
8872349
8872363
8872387
8872393
8872429
8872447
8872459
8872471
8872477
8872481
8872483
8872537
8872559
8872573
8872583
8872621
8872631
8872649
8872673
8872679
8872693
8872697
8872723
8872739
8872741
8872751
8872771
8872781
8872819
8872837
8872849
8872891
8872901
8872907
8872909
8872937
8872939
8872957
8872967
8872973
8872979
8872991
8872993
8873017
8873021
8873027
8873041
8873047
8873071
8873087
8873089
8873107
8873119
8873129
8873149
8873191
8873219
8873233
8873251
8873257
8873273
8873299
8873309
8873317
8873321
8873327
8873329
8873387
8873401
8873407
8873411
8873429
8873453
8873461
8873477
8873489
8873497
8873519
8873531
8873537
8873539
8873549
8873563
8873573
8873591
8873597
8873611
8873629
8873639
8873663
8873687
8873701
8873707
8873713
8873723
8873743
8873749
8873771
8873773
8873783
8873801
8873803
8873819
8873827
8873849
8873869
8873897
8873903
8873927
8873933
8873939
8873951
8873989
8874011
8874037
8874049
8874053
8874079
8874109
8874127
8874133
8874137
8874139
8874143
8874157
8874167
8874169
8874181
8874199
8874227
8874233
8874241
8874253
8874263
8874269
8874287
8874293
8874301
8874317
8874331
8874353
8874419
There are 2222 prime numbers in S496.
