S497(8874433~8910216)
8874461
8874497
8874499
8874533
8874557
8874559
8874563
8874581
8874599
8874631
8874637
8874643
8874647
8874659
8874661
8874673
8874689
8874703
8874713
8874743
8874751
8874763
8874779
8874791
8874809
8874847
8874863
8874883
8874911
8874913
8874917
8874937
8874949
8874953
8874977
8874989
8875001
8875039
8875051
8875093
8875123
8875127
8875129
8875159
8875183
8875211
8875231
8875249
8875253
8875277
8875283
8875297
8875303
8875313
8875319
8875351
8875369
8875379
8875409
8875417
8875453
8875457
8875459
8875463
8875469
8875481
8875487
8875499
8875511
8875541
8875591
8875609
8875619
8875651
8875661
8875667
8875739
8875747
8875753
8875777
8875787
8875817
8875829
8875859
8875871
8875891
8875939
8875969
8875973
8876003
8876033
8876039
8876051
8876053
8876081
8876083
8876089
8876099
8876107
8876149
8876239
8876267
8876297
8876299
8876327
8876341
8876347
8876353
8876383
8876393
8876419
8876423
8876443
8876449
8876471
8876473
8876479
8876501
8876503
8876531
8876557
8876563
8876579
8876603
8876611
8876627
8876653
8876657
8876663
8876683
8876687
8876701
8876717
8876719
8876729
8876759
8876773
8876797
8876801
8876831
8876863
8876867
8876887
8876893
8876899
8876911
8876921
8876927
8876939
8876983
8876999
8877013
8877053
8877061
8877073
8877083
8877091
8877097
8877109
8877119
8877131
8877133
8877137
8877163
8877181
8877217
8877223
8877227
8877229
8877233
8877257
8877259
8877283
8877293
8877329
8877331
8877347
8877409
8877413
8877419
8877461
8877481
8877497
8877499
8877511
8877527
8877581
8877593
8877599
8877601
8877611
8877623
8877629
8877637
8877647
8877653
8877667
8877677
8877679
8877691
8877697
8877703
8877707
8877719
8877727
8877733
8877767
8877787
8877809
8877821
8877829
8877833
8877851
8877881
8877889
8877899
8877919
8877923
8877937
8877943
8877989
8878003
8878007
8878019
8878033
8878043
8878049
8878057
8878061
8878087
8878151
8878153
8878157
8878201
8878213
8878223
8878229
8878241
8878249
8878271
8878273
8878277
8878279
8878283
8878319
8878327
8878343
8878349
8878381
8878393
8878411
8878417
8878421
8878423
8878433
8878477
8878517
8878531
8878537
8878543
8878549
8878561
8878601
8878603
8878609
8878627
8878633
8878637
8878657
8878663
8878687
8878691
8878693
8878711
8878789
8878799
8878823
8878847
8878861
8878867
8878873
8878921
8878949
8878963
8878973
8878979
8878997
8878999
8879021
8879069
8879077
8879111
8879119
8879131
8879153
8879159
8879161
8879177
8879179
8879183
8879197
8879207
8879231
8879243
8879261
8879267
8879279
8879281
8879291
8879293
8879341
8879359
8879369
8879393
8879401
8879417
8879447
8879489
8879503
8879537
8879551
8879581
8879623
8879641
8879659
8879681
8879687
8879701
8879719
8879723
8879743
8879747
8879749
8879753
8879777
8879791
8879807
8879809
8879813
8879861
8879869
8879911
8879957
8879971
8879987
8879989
8879993
8879999
8880007
8880023
8880029
8880073
8880089
8880101
8880107
8880143
8880161
8880173
8880187
8880191
8880211
8880233
8880241
8880269
8880271
8880281
8880283
8880337
8880371
8880379
8880413
8880433
8880439
8880451
8880457
8880463
8880479
8880491
8880499
8880517
8880527
8880533
8880541
8880551
8880569
8880577
8880587
8880593
8880623
8880637
8880643
8880653
8880667
8880671
8880689
8880709
8880713
8880719
8880743
8880761
8880797
8880799
8880811
8880853
8880871
8880877
8880889
8880901
8880913
8880959
8881027
8881039
8881057
8881069
8881087
8881099
8881111
8881121
8881129
8881141
8881193
8881199
8881207
8881217
8881219
8881231
8881241
8881273
8881277
8881291
8881357
8881363
8881391
8881393
8881403
8881501
8881507
8881513
8881529
8881547
8881549
8881553
8881583
8881589
8881601
8881619
8881651
8881681
8881711
8881751
8881753
8881771
8881777
8881781
8881787
8881799
8881811
8881819
8881853
8881861
8881879
8881909
8881921
8881969
8881991
8881997
8882009
8882017
8882021
8882047
8882051
8882057
8882119
8882131
8882141
8882147
8882161
8882173
8882191
8882197
8882219
8882221
8882233
8882261
8882297
8882303
8882311
8882317
8882327
8882353
8882369
8882383
8882407
8882417
8882437
8882441
8882453
8882473
8882491
8882513
8882561
8882579
8882603
8882611
8882651
8882677
8882683
8882689
8882693
8882711
8882749
8882777
8882779
8882803
8882813
8882821
8882827
8882831
8882843
8882851
8882873
8882879
8882893
8882911
8882921
8882941
8882963
8882971
8882977
8882987
8882989
8882999
8883041
8883053
8883059
8883067
8883079
8883103
8883107
8883131
8883137
8883157
8883181
8883209
8883229
8883239
8883257
8883263
8883271
8883283
8883319
8883349
8883361
8883379
8883389
8883397
8883403
8883409
8883419
8883421
8883437
8883439
8883473
8883487
8883493
8883527
8883557
8883569
8883587
8883607
8883617
8883631
8883649
8883683
8883691
8883703
8883751
8883767
8883779
8883793
8883803
8883817
8883821
8883883
8883937
8883971
8883977
8883991
8883997
8884009
8884021
8884037
8884067
8884079
8884091
8884123
8884129
8884147
8884151
8884163
8884177
8884243
8884277
8884283
8884297
8884303
8884339
8884349
8884357
8884361
8884391
8884409
8884427
8884433
8884439
8884453
8884483
8884511
8884541
8884607
8884619
8884621
8884627
8884649
8884651
8884679
8884717
8884769
8884783
8884807
8884849
8884859
8884871
8884873
8884907
8884943
8884949
8884979
8885017
8885029
8885039
8885059
8885083
8885087
8885113
8885117
8885119
8885159
8885161
8885167
8885171
8885183
8885197
8885207
8885221
8885231
8885243
8885249
8885263
8885267
8885269
8885287
8885299
8885309
8885311
8885323
8885333
8885347
8885377
8885389
8885411
8885413
8885423
8885447
8885449
8885467
8885497
8885507
8885519
8885531
8885533
8885551
8885557
8885573
8885603
8885641
8885647
8885663
8885689
8885699
8885717
8885719
8885743
8885761
8885771
8885777
8885783
8885801
8885831
8885837
8885839
8885857
8885869
8885923
8885941
8885959
8886011
8886013
8886023
8886041
8886061
8886067
8886077
8886089
8886107
8886109
8886113
8886133
8886161
8886169
8886173
8886187
8886193
8886239
8886247
8886287
8886301
8886307
8886313
8886329
8886331
8886347
8886379
8886389
8886391
8886407
8886421
8886439
8886467
8886469
8886481
8886497
8886503
8886511
8886517
8886523
8886539
8886551
8886569
8886599
8886601
8886607
8886611
8886617
8886629
8886637
8886649
8886653
8886667
8886701
8886707
8886721
8886781
8886793
8886799
8886811
8886817
8886821
8886827
8886833
8886841
8886859
8886877
8886883
8886929
8886931
8886949
8886959
8886961
8886967
8886973
8887001
8887013
8887031
8887051
8887061
8887063
8887103
8887127
8887129
8887133
8887139
8887159
8887163
8887169
8887213
8887217
8887247
8887259
8887267
8887271
8887301
8887321
8887331
8887367
8887381
8887387
8887393
8887397
8887399
8887423
8887441
8887493
8887513
8887519
8887523
8887537
8887547
8887553
8887597
8887609
8887621
8887631
8887633
8887657
8887661
8887663
8887667
8887679
8887691
8887699
8887721
8887727
8887757
8887759
8887777
8887817
8887849
8887861
8887871
8887873
8887897
8887903
8887919
8887961
8887981
8888003
8888017
8888023
8888027
8888039
8888063
8888071
8888083
8888107
8888119
8888129
8888137
8888147
8888167
8888183
8888197
8888213
8888233
8888293
8888309
8888323
8888329
8888339
8888357
8888359
8888381
8888389
8888417
8888437
8888441
8888449
8888459
8888461
8888479
8888489
8888491
8888497
8888507
8888521
8888531
8888549
8888563
8888609
8888629
8888641
8888651
8888657
8888669
8888701
8888731
8888749
8888753
8888767
8888771
8888791
8888801
8888813
8888821
8888839
8888849
8888851
8888861
8888927
8888933
8888939
8888947
8888951
8888953
8888959
8888989
8889007
8889019
8889031
8889143
8889149
8889151
8889187
8889193
8889203
8889229
8889233
8889263
8889301
8889323
8889329
8889337
8889401
8889403
8889407
8889427
8889479
8889499
8889527
8889539
8889557
8889563
8889571
8889581
8889607
8889659
8889679
8889719
8889757
8889779
8889781
8889821
8889833
8889851
8889871
8889877
8889883
8889889
8889893
8889941
8889971
8889973
8889977
8890039
8890051
8890069
8890073
8890093
8890103
8890109
8890117
8890129
8890187
8890223
8890229
8890241
8890243
8890247
8890267
8890283
8890291
8890307
8890361
8890363
8890373
8890403
8890411
8890421
8890429
8890447
8890457
8890463
8890513
8890529
8890543
8890589
8890601
8890603
8890621
8890633
8890639
8890657
8890667
8890669
8890709
8890741
8890747
8890757
8890759
8890781
8890793
8890799
8890801
8890823
8890829
8890837
8890919
8890939
8890963
8890969
8890997
8891009
8891033
8891053
8891059
8891083
8891093
8891147
8891149
8891167
8891171
8891191
8891231
8891237
8891243
8891249
8891261
8891279
8891291
8891293
8891303
8891339
8891341
8891347
8891387
8891417
8891419
8891431
8891461
8891471
8891479
8891539
8891549
8891551
8891557
8891579
8891591
8891611
8891621
8891627
8891633
8891657
8891689
8891693
8891741
8891747
8891783
8891797
8891809
8891837
8891843
8891851
8891879
8891881
8891891
8891899
8891921
8891923
8891929
8891983
8891999
8892001
8892011
8892029
8892041
8892049
8892073
8892077
8892097
8892101
8892109
8892119
8892127
8892131
8892137
8892157
8892179
8892187
8892193
8892197
8892217
8892223
8892263
8892277
8892337
8892347
8892379
8892391
8892409
8892427
8892431
8892439
8892451
8892461
8892487
8892491
8892493
8892497
8892509
8892517
8892553
8892557
8892577
8892599
8892601
8892607
8892623
8892661
8892671
8892677
8892721
8892727
8892733
8892749
8892773
8892781
8892799
8892827
8892847
8892857
8892883
8892889
8892907
8892991
8893009
8893013
8893021
8893033
8893039
8893043
8893051
8893069
8893099
8893103
8893139
8893153
8893177
8893189
8893211
8893219
8893223
8893229
8893237
8893243
8893253
8893259
8893271
8893279
8893289
8893309
8893319
8893321
8893327
8893331
8893361
8893393
8893399
8893403
8893421
8893427
8893457
8893471
8893477
8893487
8893523
8893541
8893553
8893589
8893603
8893607
8893609
8893613
8893627
8893649
8893697
8893751
8893783
8893789
8893793
8893799
8893817
8893823
8893831
8893853
8893867
8893879
8893883
8893889
8893897
8893901
8893921
8893943
8893961
8893967
8893979
8893987
8894003
8894021
8894029
8894059
8894063
8894107
8894141
8894167
8894173
8894189
8894201
8894209
8894219
8894243
8894251
8894267
8894269
8894279
8894287
8894311
8894321
8894323
8894339
8894351
8894357
8894377
8894381
8894401
8894419
8894423
8894429
8894443
8894447
8894461
8894477
8894497
8894533
8894563
8894573
8894597
8894617
8894623
8894647
8894657
8894659
8894681
8894701
8894707
8894713
8894729
8894741
8894761
8894773
8894777
8894783
8894789
8894807
8894819
8894839
8894843
8894857
8894887
8894933
8894939
8894947
8894981
8894993
8895011
8895013
8895037
8895049
8895067
8895071
8895091
8895113
8895143
8895169
8895179
8895197
8895209
8895221
8895223
8895239
8895251
8895277
8895307
8895311
8895347
8895349
8895353
8895379
8895407
8895413
8895421
8895427
8895451
8895493
8895511
8895517
8895521
8895527
8895529
8895559
8895571
8895587
8895611
8895613
8895631
8895683
8895697
8895701
8895703
8895727
8895751
8895767
8895769
8895827
8895829
8895839
8895851
8895869
8895877
8895881
8895889
8895899
8895911
8895919
8895959
8895983
8895989
8896001
8896003
8896031
8896061
8896067
8896073
8896093
8896109
8896133
8896171
8896177
8896183
8896211
8896249
8896259
8896273
8896289
8896309
8896319
8896333
8896337
8896339
8896361
8896397
8896403
8896441
8896451
8896453
8896483
8896487
8896507
8896519
8896543
8896619
8896621
8896651
8896673
8896681
8896691
8896709
8896711
8896747
8896759
8896781
8896793
8896801
8896813
8896841
8896843
8896847
8896861
8896873
8896891
8896903
8896913
8896919
8896931
8896981
8896991
8897011
8897017
8897039
8897047
8897099
8897129
8897143
8897153
8897183
8897209
8897221
8897227
8897233
8897249
8897261
8897267
8897293
8897299
8897309
8897311
8897321
8897323
8897327
8897359
8897381
8897387
8897401
8897407
8897423
8897437
8897467
8897503
8897509
8897513
8897543
8897557
8897569
8897591
8897621
8897627
8897633
8897639
8897641
8897653
8897671
8897677
8897687
8897729
8897771
8897773
8897813
8897821
8897831
8897839
8897857
8897869
8897881
8897921
8897929
8897939
8897951
8897963
8897969
8897989
8898017
8898031
8898047
8898053
8898059
8898073
8898077
8898083
8898103
8898133
8898139
8898143
8898151
8898163
8898179
8898193
8898199
8898221
8898229
8898233
8898257
8898283
8898301
8898311
8898313
8898317
8898319
8898341
8898343
8898367
8898391
8898419
8898451
8898467
8898521
8898523
8898529
8898551
8898553
8898569
8898629
8898653
8898671
8898691
8898697
8898709
8898719
8898733
8898749
8898751
8898761
8898779
8898787
8898809
8898811
8898823
8898887
8898913
8898931
8898937
8898941
8898943
8898949
8898971
8898977
8898997
8899013
8899019
8899031
8899057
8899061
8899067
8899073
8899117
8899123
8899127
8899157
8899171
8899181
8899193
8899213
8899217
8899243
8899249
8899307
8899333
8899339
8899361
8899399
8899411
8899417
8899421
8899439
8899441
8899447
8899453
8899463
8899469
8899477
8899481
8899489
8899531
8899537
8899571
8899603
8899609
8899613
8899633
8899651
8899663
8899691
8899711
8899727
8899783
8899799
8899801
8899819
8899831
8899837
8899843
8899853
8899867
8899909
8899927
8899937
8899949
8899987
8899997
8900029
8900039
8900051
8900053
8900093
8900123
8900159
8900161
8900179
8900201
8900207
8900251
8900257
8900261
8900273
8900279
8900291
8900293
8900323
8900351
8900383
8900399
8900407
8900413
8900431
8900447
8900459
8900473
8900483
8900513
8900579
8900603
8900641
8900669
8900713
8900737
8900761
8900783
8900789
8900803
8900807
8900821
8900849
8900861
8900863
8900869
8900887
8900891
8900893
8900909
8900923
8900929
8900939
8900953
8900959
8900971
8900981
8901019
8901031
8901041
8901089
8901091
8901097
8901103
8901107
8901119
8901121
8901227
8901239
8901259
8901281
8901293
8901307
8901323
8901337
8901383
8901397
8901413
8901461
8901467
8901493
8901499
8901511
8901533
8901577
8901587
8901589
8901611
8901617
8901631
8901643
8901649
8901653
8901679
8901689
8901701
8901749
8901751
8901773
8901779
8901803
8901853
8901857
8901877
8901881
8901887
8901889
8901911
8901923
8901947
8901953
8902001
8902007
8902009
8902037
8902063
8902093
8902109
8902111
8902121
8902133
8902141
8902151
8902183
8902189
8902199
8902211
8902249
8902261
8902297
8902337
8902351
8902379
8902381
8902417
8902429
8902433
8902447
8902457
8902471
8902483
8902489
8902499
8902501
8902513
8902547
8902567
8902609
8902637
8902639
8902643
8902651
8902657
8902661
8902667
8902711
8902717
8902727
8902769
8902783
8902799
8902807
8902837
8902853
8902867
8902871
8902877
8902879
8902961
8902967
8902969
8902973
8902981
8902987
8902991
8903017
8903023
8903033
8903071
8903101
8903129
8903131
8903177
8903179
8903183
8903201
8903207
8903233
8903239
8903243
8903249
8903269
8903309
8903317
8903333
8903353
8903357
8903371
8903387
8903407
8903431
8903441
8903443
8903473
8903483
8903491
8903497
8903509
8903561
8903581
8903593
8903641
8903663
8903681
8903689
8903693
8903707
8903753
8903759
8903771
8903773
8903777
8903813
8903819
8903833
8903849
8903863
8903887
8903891
8903893
8903959
8904023
8904043
8904067
8904079
8904113
8904127
8904143
8904163
8904173
8904193
8904199
8904239
8904253
8904263
8904299
8904317
8904341
8904359
8904373
8904377
8904403
8904431
8904437
8904439
8904443
8904451
8904487
8904491
8904499
8904509
8904523
8904541
8904557
8904587
8904601
8904631
8904677
8904691
8904733
8904737
8904767
8904773
8904799
8904809
8904817
8904823
8904839
8904851
8904869
8904871
8904899
8904911
8904919
8904937
8904947
8904953
8904989
8905003
8905009
8905021
8905031
8905063
8905079
8905097
8905109
8905111
8905139
8905147
8905151
8905177
8905181
8905187
8905189
8905199
8905321
8905327
8905361
8905397
8905423
8905427
8905441
8905447
8905499
8905517
8905529
8905543
8905549
8905571
8905579
8905583
8905597
8905613
8905619
8905657
8905679
8905681
8905691
8905693
8905703
8905723
8905747
8905759
8905777
8905801
8905811
8905823
8905843
8905849
8905903
8905913
8905933
8905957
8905997
8906017
8906033
8906071
8906087
8906089
8906111
8906123
8906137
8906153
8906179
8906189
8906197
8906237
8906239
8906251
8906257
8906263
8906273
8906291
8906327
8906329
8906333
8906347
8906353
8906357
8906369
8906399
8906407
8906411
8906413
8906423
8906437
8906441
8906489
8906501
8906519
8906533
8906537
8906561
8906587
8906591
8906593
8906617
8906627
8906629
8906659
8906663
8906669
8906701
8906707
8906713
8906747
8906753
8906761
8906771
8906783
8906789
8906797
8906837
8906851
8906869
8906893
8906897
8906921
8906927
8906939
8906941
8906959
8906969
8907007
8907011
8907061
8907077
8907113
8907161
8907169
8907179
8907193
8907203
8907211
8907221
8907229
8907271
8907277
8907287
8907293
8907307
8907313
8907317
8907319
8907331
8907359
8907361
8907377
8907389
8907391
8907427
8907443
8907467
8907469
8907497
8907511
8907517
8907539
8907557
8907593
8907623
8907631
8907659
8907671
8907673
8907683
8907697
8907719
8907733
8907737
8907781
8907793
8907799
8907839
8907841
8907853
8907859
8907883
8907889
8907893
8907911
8907917
8907919
8907929
8907937
8907989
8908001
8908007
8908019
8908021
8908033
8908037
8908057
8908063
8908087
8908091
8908103
8908121
8908127
8908139
8908147
8908183
8908201
8908217
8908223
8908261
8908271
8908313
8908327
8908331
8908363
8908373
8908411
8908421
8908433
8908457
8908463
8908477
8908483
8908507
8908513
8908517
8908519
8908541
8908553
8908589
8908591
8908619
8908621
8908637
8908667
8908673
8908681
8908693
8908703
8908721
8908723
8908727
8908733
8908741
8908763
8908769
8908793
8908817
8908819
8908877
8908883
8908903
8908937
8908943
8908951
8908979
8908987
8909023
8909029
8909039
8909051
8909083
8909099
8909101
8909143
8909149
8909161
8909171
8909189
8909209
8909227
8909237
8909239
8909249
8909261
8909281
8909287
8909291
8909297
8909317
8909321
8909323
8909359
8909387
8909389
8909393
8909401
8909437
8909449
8909473
8909491
8909497
8909501
8909503
8909539
8909567
8909573
8909591
8909609
8909611
8909647
8909653
8909707
8909713
8909731
8909737
8909749
8909759
8909773
8909779
8909807
8909821
8909863
8909867
8909881
8909899
8909903
8909909
8909941
8909963
8909983
8910001
8910017
8910043
8910049
8910053
8910067
8910071
8910089
8910101
8910103
8910127
8910137
8910149
8910151
8910157
8910169
8910179
8910199
8910203
There are 2223 prime numbers in S497.
