S498(8910217~8946072)
8910233
8910241
8910247
8910257
8910271
8910277
8910281
8910283
8910289
8910301
8910311
8910347
8910379
8910409
8910437
8910439
8910443
8910463
8910469
8910481
8910497
8910509
8910527
8910529
8910557
8910581
8910607
8910659
8910667
8910679
8910689
8910691
8910709
8910719
8910749
8910757
8910763
8910767
8910773
8910787
8910833
8910877
8910887
8910893
8910911
8910929
8910949
8910971
8910973
8910977
8910989
8911031
8911039
8911061
8911069
8911087
8911093
8911103
8911141
8911169
8911211
8911219
8911223
8911237
8911241
8911271
8911283
8911297
8911313
8911319
8911321
8911333
8911369
8911379
8911433
8911453
8911471
8911489
8911493
8911499
8911501
8911517
8911523
8911531
8911547
8911549
8911571
8911583
8911607
8911619
8911631
8911633
8911667
8911697
8911739
8911759
8911781
8911789
8911829
8911841
8911843
8911853
8911901
8911907
8911909
8911919
8911933
8911963
8911967
8911979
8911997
8912011
8912021
8912023
8912053
8912087
8912107
8912147
8912173
8912177
8912203
8912207
8912209
8912213
8912219
8912237
8912243
8912269
8912279
8912297
8912303
8912317
8912333
8912347
8912353
8912357
8912359
8912381
8912383
8912389
8912399
8912401
8912411
8912447
8912459
8912489
8912509
8912537
8912551
8912591
8912609
8912627
8912663
8912669
8912681
8912689
8912699
8912711
8912713
8912723
8912731
8912741
8912749
8912791
8912801
8912833
8912863
8912887
8912921
8912927
8912929
8912941
8912963
8912971
8912977
8912989
8912999
8913013
8913019
8913043
8913053
8913067
8913103
8913119
8913139
8913143
8913161
8913173
8913181
8913187
8913197
8913199
8913239
8913283
8913293
8913323
8913347
8913349
8913391
8913403
8913407
8913419
8913433
8913473
8913481
8913497
8913521
8913529
8913539
8913547
8913551
8913557
8913563
8913587
8913589
8913623
8913677
8913683
8913689
8913703
8913713
8913721
8913727
8913731
8913733
8913739
8913743
8913761
8913767
8913787
8913791
8913803
8913847
8913871
8913887
8913889
8913893
8913901
8913917
8913923
8913941
8913953
8913977
8914007
8914027
8914033
8914043
8914051
8914079
8914099
8914109
8914127
8914141
8914153
8914181
8914183
8914187
8914189
8914247
8914253
8914259
8914291
8914319
8914331
8914403
8914427
8914463
8914471
8914481
8914483
8914519
8914531
8914567
8914573
8914583
8914621
8914637
8914649
8914651
8914673
8914679
8914709
8914721
8914729
8914733
8914739
8914757
8914771
8914799
8914811
8914837
8914847
8914849
8914853
8914877
8914879
8914883
8914897
8914921
8914937
8914951
8914957
8914963
8914981
8914993
8915003
8915029
8915069
8915083
8915119
8915129
8915131
8915141
8915143
8915149
8915167
8915171
8915177
8915213
8915243
8915281
8915297
8915299
8915303
8915311
8915339
8915341
8915359
8915363
8915377
8915393
8915407
8915411
8915419
8915443
8915447
8915449
8915461
8915519
8915521
8915537
8915539
8915551
8915591
8915593
8915597
8915639
8915671
8915677
8915681
8915707
8915717
8915719
8915723
8915741
8915747
8915761
8915801
8915831
8915839
8915843
8915867
8915869
8915897
8915917
8915953
8915981
8915993
8915999
8916029
8916043
8916049
8916067
8916077
8916107
8916121
8916151
8916161
8916163
8916181
8916191
8916197
8916199
8916217
8916233
8916239
8916329
8916331
8916361
8916367
8916379
8916389
8916403
8916419
8916421
8916443
8916451
8916461
8916463
8916469
8916487
8916503
8916521
8916539
8916541
8916559
8916563
8916569
8916581
8916587
8916599
8916629
8916641
8916671
8916673
8916679
8916689
8916727
8916737
8916749
8916779
8916827
8916839
8916841
8916863
8916883
8916899
8916911
8916913
8916923
8916931
8916977
8917001
8917009
8917021
8917033
8917043
8917063
8917067
8917109
8917127
8917141
8917151
8917159
8917187
8917199
8917219
8917229
8917247
8917253
8917309
8917339
8917351
8917361
8917369
8917373
8917393
8917397
8917411
8917423
8917453
8917463
8917523
8917663
8917679
8917681
8917691
8917693
8917697
8917709
8917717
8917729
8917747
8917763
8917771
8917781
8917789
8917793
8917817
8917829
8917837
8917841
8917849
8917871
8917873
8917879
8917891
8917903
8917907
8917913
8917927
8917949
8917963
8917991
8918003
8918023
8918029
8918059
8918069
8918099
8918113
8918123
8918131
8918141
8918171
8918177
8918207
8918209
8918237
8918269
8918293
8918311
8918333
8918347
8918407
8918417
8918419
8918453
8918473
8918477
8918479
8918509
8918519
8918521
8918527
8918561
8918597
8918621
8918639
8918653
8918677
8918713
8918717
8918729
8918743
8918753
8918773
8918797
8918821
8918827
8918831
8918843
8918849
8918857
8918869
8918891
8918909
8918911
8918927
8918929
8918933
8918939
8918947
8918953
8918983
8918989
8919011
8919019
8919023
8919061
8919073
8919077
8919121
8919133
8919139
8919149
8919161
8919167
8919173
8919187
8919191
8919217
8919223
8919259
8919277
8919283
8919293
8919299
8919301
8919319
8919343
8919347
8919349
8919371
8919389
8919401
8919403
8919431
8919437
8919451
8919461
8919487
8919497
8919503
8919527
8919539
8919541
8919551
8919557
8919571
8919583
8919593
8919623
8919629
8919649
8919671
8919689
8919737
8919767
8919803
8919809
8919817
8919839
8919851
8919853
8919857
8919871
8919887
8919893
8919899
8919901
8919913
8919931
8919941
8919959
8919979
8919983
8920003
8920027
8920031
8920039
8920057
8920069
8920097
8920103
8920123
8920129
8920141
8920147
8920169
8920181
8920199
8920201
8920243
8920277
8920279
8920321
8920337
8920391
8920403
8920423
8920433
8920463
8920489
8920517
8920531
8920537
8920543
8920547
8920567
8920609
8920649
8920679
8920687
8920693
8920721
8920729
8920753
8920763
8920771
8920783
8920817
8920837
8920853
8920867
8920889
8920913
8920921
8920927
8920939
8920943
8920981
8920999
8921021
8921053
8921063
8921069
8921071
8921123
8921131
8921161
8921173
8921179
8921197
8921207
8921239
8921249
8921261
8921267
8921287
8921321
8921333
8921359
8921371
8921377
8921383
8921387
8921389
8921417
8921441
8921453
8921461
8921467
8921569
8921573
8921581
8921599
8921603
8921609
8921629
8921639
8921663
8921669
8921701
8921729
8921741
8921761
8921771
8921777
8921779
8921791
8921833
8921837
8921863
8921867
8921873
8921911
8921917
8921951
8921959
8921989
8922013
8922019
8922041
8922047
8922049
8922083
8922097
8922103
8922107
8922139
8922149
8922163
8922187
8922209
8922211
8922223
8922233
8922241
8922247
8922257
8922259
8922281
8922283
8922289
8922299
8922301
8922307
8922311
8922313
8922337
8922349
8922359
8922377
8922383
8922421
8922427
8922443
8922449
8922469
8922479
8922521
8922523
8922539
8922547
8922553
8922559
8922577
8922601
8922607
8922611
8922649
8922659
8922677
8922701
8922703
8922731
8922733
8922737
8922743
8922763
8922779
8922791
8922811
8922817
8922829
8922833
8922847
8922869
8922877
8922917
8922931
8922937
8922959
8922967
8923003
8923007
8923021
8923049
8923063
8923069
8923073
8923087
8923093
8923099
8923121
8923157
8923171
8923177
8923193
8923207
8923223
8923259
8923267
8923309
8923339
8923357
8923367
8923391
8923427
8923457
8923463
8923469
8923477
8923501
8923511
8923531
8923571
8923591
8923601
8923613
8923631
8923637
8923639
8923643
8923669
8923679
8923727
8923729
8923781
8923801
8923807
8923813
8923819
8923829
8923841
8923847
8923883
8923891
8923897
8923913
8923921
8923933
8923951
8923961
8923969
8923987
8923991
8924011
8924017
8924029
8924033
8924039
8924059
8924081
8924089
8924131
8924137
8924171
8924189
8924213
8924287
8924309
8924327
8924329
8924341
8924369
8924387
8924389
8924411
8924441
8924449
8924453
8924477
8924479
8924491
8924519
8924527
8924533
8924537
8924543
8924579
8924581
8924603
8924611
8924633
8924639
8924651
8924681
8924687
8924701
8924719
8924731
8924743
8924749
8924777
8924801
8924803
8924809
8924819
8924821
8924879
8924887
8924893
8924911
8924917
8924933
8924941
8924963
8924969
8924987
8924999
8925001
8925013
8925019
8925023
8925031
8925043
8925047
8925061
8925083
8925097
8925109
8925113
8925131
8925149
8925181
8925211
8925223
8925233
8925263
8925277
8925281
8925283
8925299
8925313
8925317
8925377
8925401
8925407
8925419
8925437
8925439
8925443
8925457
8925463
8925487
8925509
8925523
8925529
8925557
8925559
8925563
8925569
8925583
8925599
8925617
8925643
8925661
8925691
8925701
8925713
8925727
8925739
8925767
8925773
8925781
8925793
8925797
8925803
8925809
8925827
8925841
8925853
8925883
8925887
8925913
8925967
8925971
8925977
8925979
8925989
8926013
8926019
8926031
8926033
8926039
8926061
8926079
8926081
8926091
8926097
8926111
8926123
8926129
8926133
8926147
8926189
8926201
8926217
8926237
8926243
8926271
8926273
8926283
8926301
8926319
8926331
8926339
8926349
8926363
8926387
8926391
8926417
8926427
8926439
8926451
8926453
8926457
8926459
8926501
8926517
8926529
8926571
8926573
8926591
8926597
8926607
8926609
8926613
8926681
8926699
8926711
8926721
8926781
8926811
8926817
8926823
8926859
8926873
8926891
8926927
8926933
8926937
8926943
8926961
8926987
8926993
8926999
8927063
8927069
8927077
8927111
8927141
8927143
8927153
8927203
8927213
8927221
8927239
8927263
8927279
8927293
8927297
8927309
8927311
8927333
8927341
8927353
8927357
8927383
8927407
8927423
8927441
8927453
8927461
8927483
8927489
8927497
8927521
8927537
8927539
8927543
8927551
8927561
8927579
8927593
8927623
8927629
8927641
8927647
8927687
8927689
8927707
8927713
8927717
8927741
8927761
8927803
8927813
8927833
8927851
8927881
8927909
8927927
8927957
8927959
8927981
8928001
8928041
8928053
8928067
8928079
8928083
8928089
8928091
8928107
8928121
8928131
8928149
8928151
8928169
8928173
8928191
8928193
8928203
8928223
8928239
8928253
8928263
8928277
8928289
8928313
8928319
8928329
8928371
8928389
8928407
8928419
8928421
8928431
8928457
8928511
8928523
8928547
8928551
8928571
8928583
8928593
8928599
8928643
8928653
8928671
8928679
8928683
8928707
8928709
8928719
8928721
8928749
8928767
8928769
8928779
8928797
8928811
8928847
8928851
8928863
8928869
8928929
8928971
8928979
8929003
8929007
8929009
8929033
8929051
8929073
8929087
8929093
8929111
8929117
8929127
8929139
8929163
8929169
8929177
8929189
8929211
8929213
8929229
8929231
8929253
8929289
8929307
8929331
8929339
8929343
8929367
8929381
8929391
8929399
8929409
8929439
8929447
8929463
8929517
8929537
8929549
8929553
8929561
8929567
8929597
8929603
8929621
8929631
8929667
8929673
8929733
8929763
8929769
8929783
8929799
8929807
8929849
8929873
8929897
8929909
8929919
8929927
8929931
8929933
8929937
8929951
8929967
8929969
8930011
8930021
8930027
8930029
8930059
8930069
8930093
8930101
8930107
8930123
8930143
8930179
8930183
8930189
8930213
8930221
8930227
8930249
8930267
8930293
8930297
8930351
8930353
8930413
8930419
8930429
8930459
8930473
8930483
8930501
8930507
8930549
8930557
8930567
8930569
8930591
8930599
8930629
8930639
8930651
8930681
8930683
8930707
8930749
8930783
8930809
8930813
8930833
8930839
8930849
8930863
8930879
8930881
8930891
8930897
8930917
8930941
8930947
8930951
8930959
8930981
8930983
8931017
8931037
8931067
8931073
8931079
8931089
8931113
8931119
8931149
8931163
8931179
8931211
8931277
8931283
8931287
8931289
8931313
8931343
8931353
8931359
8931367
8931421
8931431
8931493
8931497
8931509
8931523
8931583
8931617
8931631
8931649
8931667
8931673
8931677
8931683
8931697
8931709
8931731
8931737
8931757
8931779
8931799
8931827
8931863
8931869
8931877
8931907
8931929
8931941
8931947
8931961
8931983
8931997
8932009
8932031
8932043
8932097
8932111
8932117
8932139
8932141
8932159
8932181
8932193
8932199
8932213
8932241
8932271
8932277
8932289
8932321
8932367
8932369
8932381
8932447
8932453
8932457
8932481
8932501
8932523
8932529
8932589
8932591
8932597
8932601
8932613
8932621
8932631
8932639
8932669
8932687
8932727
8932733
8932739
8932747
8932751
8932753
8932757
8932771
8932787
8932801
8932813
8932817
8932823
8932849
8932883
8932921
8932927
8932933
8932951
8932967
8932981
8932999
8933011
8933017
8933027
8933047
8933117
8933123
8933137
8933153
8933159
8933179
8933191
8933209
8933227
8933231
8933233
8933251
8933257
8933263
8933273
8933297
8933299
8933303
8933329
8933339
8933369
8933387
8933413
8933417
8933423
8933429
8933437
8933443
8933447
8933471
8933489
8933497
8933501
8933503
8933513
8933563
8933567
8933569
8933621
8933623
8933641
8933651
8933657
8933671
8933677
8933681
8933699
8933737
8933741
8933747
8933767
8933773
8933779
8933791
8933801
8933803
8933831
8933849
8933851
8933861
8933887
8933917
8933927
8933929
8933963
8933989
8934017
8934019
8934043
8934071
8934073
8934083
8934127
8934137
8934139
8934173
8934223
8934227
8934229
8934253
8934257
8934259
8934271
8934283
8934287
8934301
8934307
8934319
8934391
8934413
8934421
8934439
8934451
8934461
8934463
8934467
8934473
8934481
8934491
8934509
8934521
8934533
8934553
8934587
8934589
8934623
8934631
8934637
8934659
8934721
8934733
8934743
8934773
8934791
8934803
8934817
8934823
8934829
8934859
8934869
8934889
8934907
8934917
8934923
8934953
8934973
8934983
8935009
8935021
8935039
8935049
8935051
8935079
8935133
8935139
8935153
8935177
8935193
8935207
8935229
8935231
8935237
8935243
8935259
8935291
8935307
8935313
8935327
8935331
8935343
8935361
8935363
8935391
8935397
8935411
8935439
8935457
8935469
8935481
8935517
8935541
8935573
8935583
8935601
8935603
8935607
8935613
8935627
8935631
8935637
8935651
8935691
8935699
8935733
8935739
8935763
8935777
8935793
8935811
8935813
8935819
8935831
8935841
8935879
8935889
8935919
8935921
8935933
8935943
8935957
8935987
8936009
8936017
8936021
8936027
8936041
8936069
8936071
8936077
8936087
8936107
8936119
8936141
8936159
8936173
8936183
8936197
8936209
8936219
8936231
8936233
8936261
8936287
8936293
8936311
8936329
8936341
8936357
8936371
8936377
8936387
8936399
8936413
8936419
8936429
8936467
8936471
8936491
8936507
8936519
8936531
8936537
8936563
8936617
8936621
8936623
8936651
8936657
8936659
8936663
8936731
8936737
8936743
8936749
8936771
8936777
8936791
8936797
8936827
8936833
8936887
8936947
8936953
8936969
8936971
8936981
8936989
8937013
8937029
8937031
8937037
8937067
8937079
8937101
8937107
8937109
8937119
8937151
8937157
8937161
8937167
8937193
8937209
8937211
8937233
8937241
8937263
8937281
8937311
8937323
8937343
8937361
8937367
8937373
8937377
8937437
8937451
8937457
8937491
8937493
8937503
8937521
8937527
8937557
8937559
8937569
8937583
8937587
8937613
8937623
8937667
8937697
8937701
8937707
8937727
8937751
8937763
8937769
8937787
8937791
8937811
8937833
8937857
8937881
8937893
8937917
8937919
8937931
8937947
8937949
8937953
8937983
8937997
8938009
8938019
8938049
8938051
8938057
8938081
8938093
8938103
8938121
8938129
8938157
8938159
8938183
8938207
8938217
8938219
8938229
8938231
8938247
8938253
8938271
8938273
8938301
8938309
8938331
8938333
8938381
8938427
8938429
8938469
8938471
8938477
8938511
8938541
8938543
8938561
8938577
8938627
8938637
8938663
8938667
8938669
8938679
8938681
8938693
8938729
8938739
8938799
8938801
8938807
8938817
8938823
8938843
8938849
8938859
8938871
8938901
8938903
8938921
8938933
8938961
8938997
8938999
8939003
8939023
8939027
8939039
8939041
8939053
8939057
8939131
8939159
8939167
8939173
8939179
8939197
8939219
8939233
8939243
8939257
8939299
8939303
8939321
8939323
8939339
8939347
8939363
8939369
8939383
8939393
8939407
8939419
8939431
8939471
8939521
8939527
8939531
8939537
8939549
8939551
8939587
8939591
8939597
8939699
8939701
8939731
8939759
8939789
8939803
8939809
8939831
8939849
8939863
8939891
8939921
8939923
8939929
8939933
8939947
8939951
8939963
8939969
8939971
8939989
8939993
8940007
8940017
8940023
8940037
8940049
8940053
8940083
8940097
8940109
8940119
8940131
8940143
8940157
8940161
8940163
8940167
8940187
8940227
8940229
8940247
8940251
8940263
8940271
8940287
8940301
8940311
8940313
8940319
8940359
8940367
8940397
8940427
8940433
8940457
8940461
8940479
8940499
8940523
8940539
8940541
8940553
8940563
8940571
8940593
8940601
8940611
8940649
8940707
8940719
8940727
8940731
8940769
8940779
8940809
8940839
8940863
8940889
8940913
8940917
8940923
8940931
8940973
8940977
8940979
8940991
8941021
8941057
8941061
8941067
8941091
8941109
8941117
8941123
8941129
8941147
8941151
8941171
8941189
8941249
8941271
8941277
8941279
8941297
8941301
8941313
8941333
8941349
8941357
8941369
8941397
8941399
8941417
8941447
8941451
8941459
8941469
8941477
8941487
8941519
8941523
8941553
8941573
8941589
8941607
8941637
8941651
8941661
8941663
8941693
8941727
8941759
8941781
8941783
8941817
8941819
8941859
8941861
8941873
8941897
8941903
8941909
8941921
8941927
8941973
8941993
8942039
8942041
8942071
8942081
8942083
8942111
8942117
8942137
8942149
8942159
8942177
8942207
8942233
8942243
8942257
8942261
8942299
8942309
8942317
8942321
8942327
8942341
8942347
8942359
8942363
8942383
8942393
8942413
8942443
8942447
8942467
8942473
8942491
8942501
8942509
8942569
8942587
8942599
8942611
8942623
8942651
8942671
8942741
8942761
8942771
8942779
8942803
8942821
8942851
8942873
8942881
8942891
8942909
8942951
8942963
8942971
8942981
8942993
8943007
8943013
8943023
8943047
8943059
8943073
8943079
8943127
8943133
8943199
8943203
8943229
8943299
8943313
8943317
8943323
8943329
8943331
8943359
8943367
8943401
8943413
8943419
8943437
8943439
8943457
8943461
8943463
8943523
8943533
8943551
8943553
8943563
8943569
8943601
8943607
8943653
8943667
8943673
8943679
8943689
8943707
8943709
8943719
8943743
8943761
8943769
8943773
8943787
8943791
8943797
8943811
8943817
8943829
8943833
8943859
8943901
8943911
8943917
8943923
8943937
8943943
8943953
8943971
8944009
8944051
8944069
8944073
8944099
8944123
8944127
8944153
8944181
8944189
8944207
8944249
8944253
8944259
8944279
8944291
8944297
8944303
8944349
8944357
8944361
8944409
8944427
8944469
8944487
8944489
8944513
8944517
8944531
8944541
8944553
8944561
8944571
8944583
8944591
8944597
8944603
8944609
8944643
8944679
8944681
8944693
8944699
8944739
8944759
8944777
8944853
8944883
8944889
8944919
8944927
8944937
8944939
8944973
8945003
8945033
8945039
8945047
8945051
8945063
8945071
8945099
8945117
8945119
8945147
8945149
8945171
8945173
8945177
8945191
8945207
8945221
8945263
8945273
8945309
8945323
8945327
8945351
8945353
8945381
8945401
8945429
8945441
8945449
8945471
8945477
8945483
8945501
8945549
8945579
8945581
8945593
8945609
8945611
8945617
8945627
8945641
8945663
8945669
8945683
8945707
8945719
8945747
8945759
8945771
8945779
8945809
8945813
8945819
8945821
8945837
8945851
8945869
8945879
8945899
8945939
8945947
8945953
8945969
8945983
8945999
8946001
8946031
8946037
8946043
8946061
There are 2266 prime numbers in S498.
