S499(8946073~8982000)
8946083
8946089
8946101
8946137
8946139
8946151
8946173
8946187
8946209
8946211
8946221
8946247
8946251
8946253
8946281
8946293
8946313
8946317
8946337
8946367
8946373
8946391
8946409
8946449
8946481
8946491
8946493
8946499
8946503
8946521
8946527
8946533
8946541
8946557
8946589
8946593
8946629
8946647
8946659
8946673
8946697
8946713
8946719
8946727
8946737
8946757
8946767
8946787
8946797
8946799
8946827
8946851
8946857
8946869
8946887
8946893
8946911
8946919
8946991
8947009
8947021
8947027
8947031
8947039
8947063
8947067
8947111
8947121
8947123
8947153
8947171
8947177
8947181
8947193
8947201
8947217
8947319
8947331
8947339
8947361
8947369
8947417
8947441
8947459
8947469
8947481
8947487
8947501
8947511
8947517
8947567
8947577
8947579
8947583
8947591
8947597
8947639
8947643
8947657
8947669
8947681
8947699
8947703
8947709
8947721
8947723
8947751
8947753
8947769
8947789
8947801
8947817
8947819
8947823
8947837
8947843
8947853
8947889
8947891
8947903
8947951
8947973
8947987
8947997
8948021
8948041
8948053
8948063
8948077
8948083
8948087
8948099
8948101
8948111
8948123
8948143
8948161
8948179
8948207
8948227
8948231
8948237
8948263
8948279
8948309
8948323
8948333
8948369
8948371
8948383
8948393
8948417
8948419
8948431
8948441
8948473
8948503
8948507
8948509
8948519
8948539
8948543
8948549
8948581
8948591
8948609
8948623
8948629
8948669
8948671
8948689
8948711
8948759
8948789
8948803
8948813
8948827
8948837
8948869
8948887
8948893
8948897
8948899
8948917
8948921
8948939
8948957
8948969
8948971
8948999
8949013
8949037
8949067
8949071
8949077
8949097
8949113
8949131
8949151
8949167
8949181
8949221
8949253
8949299
8949331
8949341
8949377
8949379
8949419
8949427
8949433
8949443
8949469
8949481
8949503
8949517
8949557
8949559
8949601
8949617
8949631
8949637
8949649
8949679
8949757
8949761
8949781
8949791
8949797
8949823
8949839
8949869
8949883
8949911
8949923
8949937
8949943
8949947
8949959
8949961
8949991
8950001
8950027
8950037
8950043
8950049
8950087
8950091
8950129
8950133
8950157
8950169
8950181
8950199
8950213
8950217
8950247
8950267
8950303
8950309
8950339
8950363
8950369
8950373
8950393
8950399
8950421
8950429
8950453
8950489
8950507
8950511
8950541
8950547
8950549
8950553
8950583
8950607
8950609
8950639
8950649
8950673
8950681
8950709
8950741
8950759
8950769
8950783
8950787
8950793
8950801
8950813
8950817
8950829
8950849
8950853
8950873
8950883
8950889
8950897
8950901
8950913
8950951
8950967
8950973
8950987
8951023
8951029
8951039
8951051
8951081
8951113
8951119
8951123
8951141
8951149
8951153
8951171
8951177
8951207
8951213
8951221
8951249
8951251
8951263
8951269
8951273
8951287
8951309
8951317
8951321
8951339
8951387
8951389
8951399
8951417
8951419
8951441
8951477
8951543
8951549
8951557
8951563
8951581
8951587
8951599
8951629
8951651
8951659
8951687
8951693
8951699
8951711
8951729
8951737
8951779
8951791
8951801
8951819
8951821
8951827
8951837
8951851
8951857
8951861
8951863
8951867
8951879
8951897
8951903
8951909
8951939
8951947
8951959
8951989
8952001
8952007
8952023
8952067
8952089
8952091
8952101
8952107
8952109
8952121
8952133
8952143
8952157
8952161
8952179
8952193
8952197
8952233
8952239
8952241
8952259
8952277
8952289
8952311
8952323
8952341
8952347
8952431
8952457
8952467
8952469
8952479
8952481
8952487
8952499
8952509
8952511
8952529
8952533
8952547
8952569
8952613
8952623
8952641
8952649
8952673
8952679
8952683
8952689
8952721
8952731
8952733
8952767
8952791
8952799
8952817
8952821
8952841
8952859
8952869
8952899
8952907
8952929
8952949
8952953
8952959
8952973
8953013
8953019
8953057
8953093
8953099
8953111
8953121
8953157
8953177
8953181
8953183
8953193
8953207
8953229
8953247
8953267
8953289
8953291
8953303
8953319
8953349
8953367
8953387
8953393
8953403
8953409
8953423
8953429
8953433
8953487
8953499
8953501
8953517
8953531
8953537
8953631
8953639
8953643
8953691
8953697
8953709
8953723
8953727
8953729
8953733
8953757
8953771
8953783
8953793
8953801
8953811
8953853
8953859
8953871
8953891
8953897
8953913
8953927
8953943
8953993
8953999
8954021
8954027
8954041
8954051
8954059
8954063
8954083
8954089
8954093
8954131
8954161
8954171
8954177
8954213
8954221
8954227
8954261
8954273
8954287
8954311
8954317
8954321
8954329
8954347
8954369
8954401
8954419
8954437
8954447
8954467
8954471
8954479
8954497
8954501
8954507
8954513
8954527
8954531
8954573
8954593
8954599
8954609
8954639
8954641
8954663
8954713
8954747
8954773
8954779
8954789
8954791
8954807
8954831
8954849
8954857
8954867
8954899
8954917
8954921
8954929
8954951
8954977
8954987
8955043
8955083
8955103
8955109
8955131
8955139
8955143
8955157
8955181
8955241
8955253
8955259
8955263
8955281
8955283
8955293
8955299
8955307
8955371
8955389
8955407
8955431
8955439
8955449
8955493
8955511
8955539
8955547
8955563
8955581
8955587
8955599
8955619
8955623
8955629
8955637
8955643
8955673
8955701
8955703
8955721
8955731
8955733
8955757
8955761
8955769
8955773
8955797
8955833
8955839
8955841
8955853
8955871
8955883
8955893
8955899
8955929
8955937
8955967
8955971
8955977
8955979
8956001
8956021
8956063
8956069
8956097
8956121
8956133
8956139
8956147
8956217
8956219
8956231
8956237
8956243
8956247
8956249
8956253
8956261
8956291
8956307
8956333
8956351
8956369
8956397
8956403
8956411
8956457
8956459
8956463
8956471
8956481
8956483
8956487
8956517
8956531
8956537
8956547
8956559
8956567
8956609
8956631
8956643
8956663
8956681
8956699
8956723
8956757
8956789
8956817
8956823
8956859
8956879
8956889
8956891
8956897
8956903
8956933
8956939
8956949
8956951
8957009
8957063
8957083
8957089
8957093
8957107
8957129
8957131
8957141
8957153
8957167
8957231
8957243
8957251
8957269
8957309
8957359
8957381
8957383
8957407
8957413
8957447
8957449
8957461
8957467
8957479
8957489
8957513
8957537
8957539
8957551
8957561
8957563
8957567
8957579
8957591
8957593
8957621
8957629
8957651
8957653
8957671
8957681
8957693
8957743
8957749
8957771
8957821
8957843
8957887
8957899
8957917
8957957
8957983
8957989
8958011
8958041
8958067
8958073
8958077
8958083
8958097
8958119
8958121
8958143
8958149
8958161
8958193
8958203
8958217
8958227
8958311
8958331
8958343
8958353
8958407
8958409
8958449
8958479
8958493
8958497
8958517
8958553
8958563
8958583
8958611
8958641
8958647
8958667
8958683
8958701
8958727
8958731
8958739
8958743
8958757
8958769
8958793
8958797
8958809
8958839
8958853
8958857
8958863
8958871
8958877
8958893
8958947
8958953
8958997
8959001
8959021
8959063
8959073
8959081
8959109
8959133
8959141
8959147
8959157
8959163
8959169
8959183
8959201
8959207
8959219
8959229
8959273
8959303
8959333
8959337
8959343
8959367
8959369
8959373
8959387
8959409
8959411
8959421
8959427
8959429
8959451
8959453
8959499
8959529
8959537
8959603
8959667
8959711
8959729
8959739
8959759
8959763
8959777
8959787
8959789
8959807
8959823
8959829
8959879
8959891
8959913
8959921
8959931
8959981
8959991
8959997
8959999
8960011
8960047
8960053
8960057
8960089
8960113
8960117
8960123
8960137
8960167
8960177
8960183
8960213
8960227
8960243
8960249
8960257
8960261
8960291
8960293
8960299
8960311
8960321
8960323
8960353
8960359
8960387
8960443
8960447
8960453
8960467
8960477
8960489
8960527
8960557
8960573
8960587
8960603
8960617
8960669
8960689
8960701
8960713
8960729
8960737
8960741
8960747
8960753
8960773
8960789
8960801
8960803
8960807
8960851
8960857
8960863
8960867
8960893
8960909
8960923
8960933
8960977
8960983
8961019
8961031
8961037
8961041
8961047
8961061
8961079
8961107
8961109
8961131
8961133
8961137
8961149
8961209
8961221
8961223
8961257
8961269
8961299
8961301
8961311
8961341
8961347
8961353
8961373
8961383
8961391
8961401
8961409
8961419
8961439
8961473
8961479
8961487
8961497
8961509
8961527
8961583
8961619
8961661
8961671
8961679
8961707
8961709
8961713
8961731
8961751
8961763
8961767
8961779
8961791
8961793
8961809
8961811
8961851
8961859
8961889
8961893
8961943
8961959
8961961
8961983
8961989
8962003
8962013
8962027
8962039
8962081
8962097
8962127
8962139
8962169
8962183
8962207
8962237
8962253
8962279
8962309
8962321
8962337
8962367
8962381
8962411
8962453
8962493
8962511
8962529
8962531
8962561
8962573
8962579
8962601
8962607
8962633
8962643
8962693
8962697
8962729
8962741
8962781
8962799
8962819
8962823
8962861
8962871
8962873
8962879
8962901
8962931
8962979
8962997
8963011
8963021
8963033
8963081
8963083
8963093
8963099
8963107
8963147
8963161
8963167
8963173
8963177
8963191
8963197
8963203
8963237
8963239
8963249
8963257
8963281
8963299
8963347
8963351
8963377
8963429
8963431
8963473
8963483
8963501
8963503
8963551
8963561
8963579
8963593
8963599
8963609
8963621
8963623
8963627
8963653
8963677
8963683
8963701
8963719
8963723
8963741
8963753
8963761
8963771
8963791
8963797
8963803
8963807
8963827
8963831
8963849
8963861
8963869
8963873
8963891
8963897
8963923
8963939
8963957
8963959
8963993
8964013
8964017
8964019
8964023
8964031
8964079
8964097
8964107
8964113
8964119
8964121
8964127
8964149
8964191
8964211
8964217
8964223
8964251
8964259
8964289
8964299
8964311
8964313
8964331
8964337
8964349
8964359
8964379
8964383
8964391
8964407
8964413
8964419
8964421
8964427
8964433
8964463
8964467
8964469
8964479
8964497
8964517
8964521
8964541
8964547
8964563
8964569
8964577
8964583
8964587
8964601
8964607
8964623
8964647
8964671
8964677
8964701
8964721
8964731
8964737
8964793
8964817
8964821
8964853
8964877
8964887
8964889
8964919
8964929
8964947
8964953
8964961
8965007
8965013
8965039
8965049
8965051
8965087
8965091
8965097
8965127
8965133
8965153
8965189
8965213
8965217
8965261
8965267
8965279
8965289
8965291
8965301
8965303
8965309
8965351
8965357
8965367
8965381
8965393
8965399
8965403
8965447
8965487
8965499
8965513
8965529
8965559
8965589
8965591
8965609
8965643
8965651
8965657
8965661
8965679
8965687
8965709
8965717
8965721
8965753
8965763
8965769
8965823
8965829
8965897
8965903
8965907
8965939
8965961
8965969
8965981
8965991
8966011
8966057
8966077
8966101
8966107
8966117
8966129
8966137
8966149
8966179
8966183
8966203
8966219
8966227
8966257
8966267
8966299
8966303
8966311
8966333
8966339
8966341
8966357
8966359
8966369
8966383
8966387
8966411
8966443
8966453
8966479
8966501
8966561
8966567
8966569
8966591
8966603
8966609
8966621
8966623
8966627
8966641
8966653
8966669
8966681
8966687
8966693
8966717
8966729
8966759
8966779
8966807
8966813
8966821
8966831
8966851
8966869
8966873
8966891
8966897
8966899
8966927
8966959
8966963
8966977
8966999
8967001
8967011
8967037
8967043
8967073
8967097
8967113
8967149
8967169
8967173
8967191
8967193
8967199
8967223
8967241
8967251
8967253
8967269
8967281
8967311
8967317
8967319
8967323
8967353
8967377
8967379
8967383
8967389
8967391
8967407
8967419
8967457
8967503
8967533
8967557
8967571
8967593
8967611
8967659
8967667
8967697
8967713
8967719
8967731
8967737
8967743
8967767
8967799
8967809
8967811
8967853
8967859
8967899
8967911
8967913
8967919
8967947
8967961
8967967
8967983
8968033
8968049
8968051
8968103
8968109
8968111
8968121
8968139
8968153
8968181
8968187
8968189
8968199
8968213
8968237
8968241
8968243
8968273
8968283
8968301
8968303
8968339
8968357
8968363
8968373
8968387
8968397
8968409
8968417
8968433
8968439
8968499
8968567
8968573
8968591
8968601
8968637
8968651
8968657
8968693
8968721
8968727
8968733
8968759
8968783
8968789
8968793
8968823
8968829
8968831
8968871
8968879
8968907
8968913
8968937
8968943
8968957
8968987
8969017
8969029
8969039
8969041
8969053
8969087
8969099
8969101
8969117
8969131
8969143
8969171
8969179
8969189
8969203
8969221
8969231
8969237
8969263
8969293
8969309
8969321
8969347
8969351
8969393
8969407
8969417
8969419
8969473
8969479
8969483
8969579
8969617
8969647
8969657
8969663
8969683
8969689
8969707
8969713
8969717
8969731
8969771
8969777
8969783
8969789
8969791
8969803
8969813
8969887
8969899
8969921
8969923
8969959
8969971
8969993
8970007
8970011
8970037
8970041
8970047
8970089
8970097
8970119
8970121
8970133
8970139
8970163
8970217
8970229
8970263
8970281
8970289
8970293
8970319
8970329
8970331
8970341
8970361
8970389
8970421
8970427
8970433
8970443
8970449
8970473
8970491
8970497
8970499
8970503
8970547
8970583
8970587
8970593
8970601
8970607
8970629
8970649
8970653
8970659
8970671
8970673
8970691
8970707
8970737
8970757
8970763
8970769
8970791
8970799
8970803
8970821
8970827
8970839
8970877
8970887
8970901
8970919
8970953
8970959
8970971
8970979
8971007
8971033
8971037
8971049
8971091
8971117
8971129
8971139
8971147
8971163
8971177
8971181
8971213
8971217
8971229
8971241
8971243
8971271
8971283
8971297
8971321
8971337
8971351
8971379
8971381
8971397
8971399
8971421
8971441
8971447
8971471
8971483
8971499
8971511
8971559
8971561
8971583
8971601
8971619
8971637
8971639
8971657
8971663
8971687
8971691
8971693
8971709
8971727
8971747
8971751
8971757
8971777
8971789
8971799
8971811
8971813
8971849
8971873
8971883
8971913
8971939
8971943
8971969
8971973
8971979
8972023
8972053
8972069
8972081
8972083
8972101
8972129
8972137
8972147
8972177
8972191
8972203
8972207
8972219
8972221
8972261
8972263
8972273
8972279
8972287
8972291
8972297
8972303
8972309
8972371
8972407
8972459
8972473
8972489
8972501
8972567
8972569
8972591
8972603
8972627
8972647
8972657
8972669
8972701
8972749
8972797
8972801
8972813
8972827
8972837
8972839
8972849
8972863
8972869
8972879
8972903
8972933
8972947
8972963
8972969
8972983
8972993
8973001
8973007
8973023
8973049
8973061
8973067
8973071
8973101
8973103
8973113
8973121
8973131
8973163
8973199
8973221
8973241
8973259
8973269
8973311
8973317
8973323
8973329
8973343
8973347
8973389
8973401
8973407
8973409
8973413
8973421
8973493
8973509
8973521
8973533
8973551
8973563
8973577
8973581
8973593
8973617
8973659
8973661
8973667
8973691
8973697
8973709
8973737
8973751
8973763
8973791
8973803
8973821
8973857
8973859
8973863
8973889
8973901
8973919
8973931
8973961
8973967
8974001
8974019
8974033
8974037
8974051
8974067
8974087
8974093
8974103
8974111
8974123
8974127
8974129
8974139
8974151
8974169
8974177
8974193
8974219
8974223
8974241
8974271
8974279
8974363
8974391
8974409
8974429
8974447
8974451
8974481
8974499
8974507
8974519
8974529
8974579
8974597
8974607
8974627
8974661
8974663
8974673
8974681
8974703
8974711
8974723
8974741
8974751
8974769
8974789
8974811
8974829
8974843
8974877
8974913
8974937
8974969
8974981
8974993
8975009
8975033
8975041
8975047
8975059
8975063
8975101
8975117
8975143
8975147
8975159
8975171
8975173
8975189
8975191
8975227
8975237
8975243
8975293
8975311
8975327
8975333
8975339
8975341
8975363
8975377
8975381
8975389
8975437
8975441
8975453
8975459
8975489
8975501
8975503
8975531
8975539
8975579
8975621
8975633
8975639
8975641
8975651
8975653
8975669
8975689
8975693
8975713
8975717
8975753
8975767
8975783
8975797
8975803
8975821
8975839
8975887
8975899
8975903
8975933
8975947
8975951
8975963
8975987
8976001
8976029
8976031
8976043
8976047
8976053
8976061
8976067
8976073
8976091
8976127
8976137
8976157
8976169
8976179
8976197
8976223
8976229
8976257
8976263
8976271
8976277
8976281
8976287
8976301
8976349
8976353
8976361
8976397
8976403
8976413
8976421
8976431
8976439
8976449
8976467
8976469
8976479
8976491
8976503
8976521
8976529
8976547
8976559
8976587
8976589
8976619
8976659
8976677
8976707
8976713
8976719
8976749
8976757
8976767
8976787
8976811
8976823
8976839
8976841
8976853
8976881
8976889
8976893
8976907
8976931
8976937
8976941
8976967
8976971
8976997
8977013
8977021
8977039
8977049
8977069
8977091
8977097
8977099
8977117
8977159
8977201
8977217
8977223
8977229
8977247
8977261
8977271
8977277
8977279
8977303
8977307
8977313
8977333
8977369
8977379
8977433
8977439
8977459
8977471
8977477
8977523
8977541
8977571
8977589
8977597
8977603
8977607
8977651
8977663
8977673
8977679
8977681
8977687
8977699
8977721
8977741
8977763
8977807
8977831
8977867
8977873
8977883
8977901
8977909
8977949
8977951
8977957
8977961
8978059
8978063
8978069
8978071
8978093
8978117
8978129
8978171
8978173
8978183
8978191
8978237
8978239
8978243
8978273
8978287
8978297
8978311
8978323
8978327
8978351
8978353
8978369
8978377
8978381
8978449
8978471
8978479
8978491
8978503
8978539
8978573
8978617
8978633
8978639
8978663
8978687
8978689
8978699
8978707
8978743
8978759
8978779
8978803
8978807
8978813
8978821
8978831
8978863
8978869
8978891
8978909
8978911
8978923
8978953
8978969
8978971
8978989
8979007
8979011
8979013
8979029
8979059
8979071
8979097
8979107
8979137
8979149
8979163
8979169
8979199
8979211
8979221
8979233
8979251
8979259
8979263
8979293
8979317
8979329
8979331
8979337
8979353
8979359
8979371
8979379
8979409
8979427
8979431
8979433
8979461
8979479
8979497
8979569
8979577
8979599
8979611
8979617
8979629
8979653
8979661
8979671
8979673
8979703
8979709
8979721
8979731
8979767
8979781
8979787
8979797
8979811
8979827
8979847
8979857
8979881
8979889
8979907
8979923
8979973
8980003
8980007
8980031
8980061
8980067
8980079
8980087
8980093
8980109
8980133
8980171
8980177
8980187
8980219
8980229
8980253
8980259
8980277
8980289
8980313
8980319
8980333
8980339
8980417
8980429
8980441
8980451
8980469
8980493
8980501
8980523
8980541
8980547
8980549
8980571
8980579
8980583
8980589
8980591
8980627
8980637
8980663
8980667
8980687
8980703
8980729
8980733
8980739
8980753
8980757
8980789
8980813
8980823
8980841
8980859
8980883
8980891
8980897
8980931
8980943
8980963
8980987
8980991
8980997
8981057
8981087
8981099
8981101
8981107
8981111
8981113
8981123
8981143
8981153
8981177
8981179
8981191
8981233
8981249
8981251
8981261
8981267
8981279
8981299
8981303
8981311
8981317
8981341
8981359
8981363
8981377
8981383
8981411
8981437
8981447
8981459
8981461
8981563
8981573
8981597
8981611
8981617
8981633
8981647
8981657
8981659
8981689
8981717
8981743
8981767
8981773
8981783
8981801
8981807
8981809
8981827
8981837
8981839
8981867
8981873
8981879
8981887
8981897
8981923
8981939
8981941
8981957
8981977
8981981
8981989
There are 2219 prime numbers in S499.
