S50(88201~91800)
88211
88223
88237
88241
88259
88261
88289
88301
88321
88327
88337
88339
88379
88397
88411
88423
88427
88463
88469
88471
88493
88499
88513
88523
88547
88589
88591
88607
88609
88643
88651
88657
88661
88663
88667
88681
88721
88729
88741
88747
88771
88789
88793
88799
88801
88807
88811
88813
88817
88819
88843
88853
88861
88867
88873
88883
88897
88903
88919
88937
88951
88969
88993
88997
89003
89009
89017
89021
89041
89051
89057
89069
89071
89083
89087
89101
89107
89113
89119
89123
89137
89153
89189
89203
89209
89213
89227
89231
89237
89261
89269
89273
89293
89303
89317
89329
89363
89371
89381
89387
89393
89399
89413
89417
89431
89443
89449
89459
89477
89491
89501
89513
89519
89521
89527
89533
89561
89563
89567
89591
89597
89599
89603
89611
89627
89633
89653
89657
89659
89669
89671
89681
89689
89753
89759
89767
89779
89783
89797
89809
89819
89821
89833
89839
89849
89867
89891
89897
89899
89909
89917
89923
89939
89959
89963
89977
89983
89989
90001
90007
90011
90017
90019
90023
90031
90053
90059
90067
90071
90073
90089
90107
90121
90127
90149
90163
90173
90187
90191
90197
90199
90203
90217
90227
90239
90247
90263
90271
90281
90289
90313
90353
90359
90371
90373
90379
90397
90401
90403
90407
90437
90439
90469
90473
90481
90499
90511
90523
90527
90529
90533
90547
90583
90599
90617
90619
90631
90641
90647
90659
90677
90679
90697
90703
90709
90731
90749
90787
90793
90803
90821
90823
90833
90841
90847
90863
90887
90901
90907
90911
90917
90931
90947
90971
90977
90989
90997
91009
91019
91033
91079
91081
91097
91099
91121
91127
91129
91139
91141
91151
91153
91159
91163
91183
91193
91199
91229
91237
91243
91249
91253
91283
91291
91297
91303
91309
91331
91367
91369
91373
91381
91387
91393
91397
91411
91423
91433
91453
91457
91459
91463
91493
91499
91513
91529
91541
91571
91573
91577
91583
91591
91621
91631
91639
91673
91691
91703
91711
91733
91753
91757
91771
91781
There are 313 prime numbers in S50.
