S500(8982001~9018000)
8982007
8982013
8982019
8982023
8982037
8982053
8982073
8982089
8982091
8982107
8982109
8982119
8982143
8982151
8982173
8982187
8982191
8982209
8982229
8982241
8982247
8982293
8982317
8982331
8982349
8982353
8982359
8982361
8982367
8982371
8982419
8982427
8982437
8982439
8982461
8982469
8982473
8982517
8982521
8982541
8982551
8982553
8982559
8982619
8982629
8982643
8982697
8982713
8982737
8982751
8982769
8982773
8982821
8982847
8982863
8982871
8982881
8982887
8982889
8982893
8982899
8982907
8982913
8982923
8982929
8982947
8982973
8982989
8983027
8983031
8983049
8983057
8983081
8983099
8983151
8983187
8983189
8983199
8983201
8983207
8983217
8983229
8983231
8983237
8983241
8983253
8983279
8983283
8983297
8983309
8983343
8983349
8983391
8983411
8983421
8983423
8983433
8983493
8983511
8983519
8983529
8983537
8983549
8983577
8983607
8983619
8983621
8983631
8983661
8983669
8983687
8983693
8983699
8983703
8983729
8983759
8983783
8983787
8983811
8983813
8983841
8983847
8983883
8983901
8983907
8983913
8983937
8983943
8983951
8983981
8983991
8983993
8983999
8984021
8984029
8984077
8984089
8984149
8984159
8984167
8984179
8984197
8984201
8984219
8984221
8984243
8984251
8984257
8984267
8984273
8984293
8984299
8984309
8984341
8984351
8984363
8984369
8984399
8984407
8984441
8984471
8984477
8984489
8984491
8984497
8984509
8984531
8984539
8984557
8984593
8984609
8984611
8984623
8984641
8984669
8984671
8984707
8984711
8984753
8984771
8984783
8984791
8984803
8984813
8984827
8984839
8984861
8984879
8984903
8984923
8984951
8984957
8984981
8985001
8985007
8985017
8985023
8985091
8985103
8985113
8985139
8985149
8985161
8985167
8985181
8985187
8985211
8985217
8985241
8985247
8985253
8985259
8985269
8985281
8985283
8985289
8985293
8985307
8985311
8985313
8985337
8985349
8985373
8985391
8985451
8985463
8985467
8985481
8985517
8985541
8985577
8985589
8985593
8985607
8985611
8985653
8985659
8985661
8985671
8985677
8985719
8985721
8985733
8985751
8985763
8985773
8985787
8985799
8985811
8985817
8985833
8985863
8985881
8985913
8985923
8985937
8985947
8985953
8985959
8985989
8985997
8986039
8986057
8986073
8986091
8986121
8986127
8986151
8986163
8986193
8986199
8986213
8986223
8986247
8986253
8986277
8986283
8986303
8986333
8986357
8986361
8986363
8986379
8986381
8986391
8986403
8986409
8986423
8986451
8986457
8986477
8986499
8986507
8986511
8986513
8986531
8986547
8986573
8986657
8986669
8986673
8986687
8986697
8986717
8986739
8986751
8986787
8986793
8986799
8986801
8986841
8986843
8986849
8986877
8986883
8986891
8986903
8986909
8986919
8986921
8986927
8986933
8986937
8986949
8986963
8986987
8987023
8987029
8987047
8987093
8987107
8987113
8987137
8987149
8987161
8987183
8987197
8987207
8987213
8987219
8987221
8987243
8987269
8987287
8987291
8987299
8987311
8987327
8987347
8987351
8987353
8987357
8987371
8987383
8987389
8987401
8987417
8987443
8987449
8987467
8987483
8987497
8987501
8987507
8987519
8987527
8987567
8987579
8987591
8987603
8987609
8987621
8987623
8987639
8987653
8987659
8987689
8987711
8987723
8987749
8987753
8987761
8987777
8987789
8987791
8987807
8987809
8987851
8987911
8987921
8987933
8987939
8987947
8987959
8987981
8988013
8988017
8988029
8988037
8988043
8988079
8988113
8988131
8988149
8988163
8988191
8988209
8988227
8988229
8988241
8988253
8988263
8988277
8988281
8988337
8988367
8988391
8988401
8988437
8988443
8988449
8988451
8988503
8988509
8988517
8988523
8988557
8988569
8988571
8988583
8988587
8988601
8988611
8988613
8988619
8988643
8988649
8988659
8988689
8988701
8988751
8988757
8988761
8988769
8988773
8988781
8988809
8988821
8988829
8988839
8988871
8988877
8988887
8988901
8988943
8988949
8988979
8988989
8988997
8989007
8989027
8989051
8989061
8989069
8989081
8989103
8989117
8989133
8989139
8989153
8989199
8989207
8989229
8989231
8989237
8989241
8989259
8989273
8989301
8989313
8989369
8989399
8989459
8989469
8989493
8989499
8989511
8989517
8989553
8989567
8989571
8989577
8989579
8989601
8989609
8989621
8989627
8989633
8989637
8989639
8989661
8989667
8989691
8989697
8989699
8989703
8989723
8989733
8989741
8989759
8989763
8989781
8989789
8989817
8989837
8989861
8989867
8989873
8989919
8989921
8989973
8989999
8990011
8990027
8990039
8990041
8990063
8990081
8990083
8990099
8990101
8990123
8990141
8990143
8990147
8990153
8990183
8990209
8990239
8990257
8990321
8990339
8990347
8990353
8990407
8990411
8990413
8990431
8990441
8990459
8990497
8990533
8990543
8990563
8990567
8990573
8990581
8990587
8990617
8990623
8990669
8990687
8990693
8990719
8990731
8990747
8990777
8990791
8990803
8990831
8990843
8990873
8990881
8990887
8990929
8990939
8990981
8991001
8991007
8991029
8991041
8991067
8991077
8991089
8991097
8991127
8991139
8991149
8991163
8991167
8991197
8991223
8991239
8991251
8991253
8991289
8991293
8991299
8991319
8991347
8991361
8991371
8991377
8991379
8991383
8991401
8991431
8991439
8991443
8991449
8991517
8991529
8991533
8991539
8991553
8991559
8991599
8991607
8991611
8991613
8991637
8991649
8991667
8991679
8991713
8991739
8991743
8991757
8991761
8991779
8991799
8991823
8991839
8991893
8991901
8991967
8991973
8991977
8991989
8991991
8992007
8992019
8992069
8992091
8992121
8992129
8992141
8992153
8992157
8992183
8992189
8992199
8992211
8992219
8992229
8992231
8992259
8992279
8992283
8992297
8992307
8992331
8992343
8992397
8992411
8992421
8992441
8992483
8992493
8992499
8992519
8992531
8992549
8992553
8992561
8992583
8992619
8992631
8992637
8992661
8992663
8992691
8992693
8992699
8992703
8992717
8992723
8992729
8992741
8992769
8992771
8992777
8992811
8992831
8992861
8992877
8992889
8992897
8992901
8992903
8992913
8992927
8992937
8992979
8992993
8992999
8993003
8993011
8993041
8993053
8993057
8993071
8993087
8993143
8993147
8993167
8993191
8993197
8993233
8993249
8993261
8993267
8993269
8993273
8993287
8993297
8993329
8993333
8993351
8993363
8993371
8993377
8993399
8993401
8993417
8993419
8993443
8993447
8993449
8993471
8993489
8993507
8993531
8993533
8993563
8993573
8993587
8993599
8993603
8993609
8993681
8993687
8993693
8993723
8993737
8993749
8993753
8993771
8993773
8993791
8993807
8993827
8993839
8993861
8993863
8993869
8993891
8993903
8993909
8993921
8993927
8993939
8993951
8993977
8993981
8994017
8994053
8994077
8994091
8994101
8994103
8994109
8994121
8994133
8994157
8994169
8994191
8994197
8994199
8994233
8994283
8994299
8994317
8994347
8994383
8994407
8994413
8994463
8994473
8994481
8994487
8994497
8994509
8994533
8994563
8994569
8994593
8994599
8994613
8994631
8994637
8994641
8994647
8994653
8994659
8994677
8994707
8994721
8994731
8994767
8994779
8994781
8994833
8994851
8994857
8994859
8994871
8994883
8994889
8994893
8994899
8994911
8994943
8995003
8995013
8995027
8995039
8995069
8995073
8995079
8995097
8995109
8995111
8995123
8995163
8995187
8995211
8995223
8995229
8995247
8995253
8995267
8995289
8995297
8995309
8995313
8995331
8995333
8995339
8995351
8995373
8995381
8995387
8995391
8995411
8995447
8995451
8995453
8995513
8995529
8995543
8995559
8995561
8995573
8995579
8995583
8995603
8995619
8995631
8995681
8995709
8995741
8995751
8995757
8995787
8995799
8995801
8995813
8995823
8995837
8995841
8995843
8995867
8995871
8995937
8995939
8995951
8995957
8995963
8995981
8995993
8995997
8996011
8996017
8996027
8996033
8996041
8996047
8996083
8996087
8996089
8996093
8996131
8996149
8996153
8996161
8996191
8996201
8996203
8996233
8996303
8996311
8996321
8996327
8996333
8996357
8996359
8996371
8996389
8996401
8996419
8996431
8996437
8996521
8996527
8996539
8996543
8996549
8996551
8996563
8996567
8996569
8996573
8996579
8996609
8996627
8996629
8996639
8996651
8996681
8996711
8996717
8996759
8996797
8996831
8996833
8996837
8996843
8996849
8996857
8996863
8996879
8996891
8996903
8996941
8996963
8996971
8996983
8996993
8997007
8997011
8997017
8997059
8997083
8997101
8997103
8997113
8997119
8997139
8997167
8997217
8997239
8997259
8997293
8997299
8997311
8997319
8997341
8997343
8997353
8997407
8997413
8997421
8997427
8997451
8997463
8997487
8997503
8997517
8997529
8997551
8997553
8997587
8997601
8997613
8997647
8997649
8997661
8997671
8997701
8997713
8997721
8997733
8997767
8997797
8997803
8997847
8997869
8997871
8997881
8997883
8997889
8997931
8997941
8997943
8997953
8997971
8997973
8997979
8998061
8998063
8998109
8998139
8998159
8998169
8998177
8998189
8998211
8998243
8998247
8998261
8998271
8998307
8998333
8998349
8998351
8998357
8998361
8998373
8998391
8998397
8998411
8998417
8998421
8998427
8998433
8998447
8998471
8998487
8998489
8998519
8998547
8998553
8998579
8998603
8998607
8998643
8998651
8998657
8998663
8998673
8998687
8998709
8998747
8998757
8998771
8998793
8998813
8998823
8998861
8998877
8998883
8998889
8998901
8998919
8998921
8998963
8998987
8998991
8999009
8999033
8999047
8999051
8999059
8999087
8999099
8999101
8999113
8999143
8999161
8999183
8999189
8999197
8999203
8999209
8999219
8999257
8999299
8999303
8999311
8999317
8999323
8999327
8999339
8999359
8999381
8999383
8999387
8999401
8999411
8999423
8999429
8999437
8999461
8999467
8999489
8999491
8999503
8999519
8999527
8999567
8999581
8999609
8999651
8999671
8999687
8999699
8999707
8999737
8999741
8999761
8999777
8999779
8999789
8999813
8999819
8999839
8999849
8999867
8999897
8999899
8999927
8999957
8999971
8999981
8999993
9000011
9000041
9000049
9000059
9000067
9000119
9000127
9000143
9000163
9000193
9000203
9000209
9000217
9000223
9000253
9000269
9000283
9000289
9000317
9000331
9000349
9000377
9000379
9000403
9000427
9000451
9000461
9000473
9000487
9000499
9000517
9000569
9000577
9000601
9000637
9000683
9000703
9000709
9000721
9000743
9000767
9000773
9000779
9000781
9000787
9000791
9000793
9000809
9000821
9000839
9000841
9000877
9000899
9000907
9000913
9000931
9000961
9000983
9000989
9000997
9001001
9001033
9001039
9001063
9001093
9001121
9001163
9001169
9001171
9001189
9001199
9001219
9001229
9001243
9001259
9001277
9001283
9001301
9001337
9001351
9001387
9001417
9001429
9001463
9001481
9001493
9001507
9001511
9001519
9001523
9001561
9001621
9001627
9001667
9001691
9001723
9001739
9001747
9001771
9001781
9001793
9001799
9001829
9001843
9001897
9001933
9001961
9001963
9001969
9001987
9001999
9002003
9002009
9002011
9002023
9002033
9002041
9002047
9002087
9002107
9002113
9002171
9002233
9002249
9002251
9002293
9002311
9002317
9002339
9002341
9002347
9002363
9002377
9002393
9002449
9002467
9002489
9002501
9002519
9002533
9002549
9002569
9002621
9002629
9002641
9002663
9002671
9002689
9002701
9002717
9002779
9002801
9002813
9002831
9002839
9002849
9002863
9002879
9002893
9002909
9002923
9002969
9002977
9002993
9003023
9003031
9003061
9003083
9003103
9003133
9003187
9003191
9003193
9003209
9003221
9003227
9003233
9003263
9003271
9003277
9003343
9003347
9003349
9003377
9003403
9003409
9003431
9003437
9003487
9003497
9003517
9003529
9003583
9003607
9003613
9003619
9003647
9003667
9003689
9003703
9003707
9003713
9003719
9003721
9003749
9003767
9003773
9003779
9003803
9003809
9003817
9003821
9003859
9003871
9003877
9003889
9003901
9003959
9003977
9003997
9004013
9004019
9004031
9004057
9004069
9004087
9004091
9004097
9004103
9004111
9004147
9004189
9004231
9004249
9004267
9004277
9004301
9004319
9004327
9004343
9004349
9004351
9004361
9004367
9004399
9004451
9004459
9004469
9004481
9004507
9004511
9004519
9004531
9004561
9004571
9004591
9004603
9004621
9004627
9004643
9004649
9004669
9004687
9004691
9004711
9004739
9004741
9004771
9004811
9004829
9004843
9004889
9004901
9004907
9004909
9004921
9004927
9004939
9004943
9004969
9004991
9004999
9005011
9005021
9005027
9005039
9005041
9005047
9005057
9005081
9005089
9005093
9005099
9005119
9005149
9005173
9005179
9005197
9005201
9005219
9005233
9005237
9005267
9005279
9005299
9005327
9005329
9005371
9005387
9005401
9005429
9005473
9005497
9005509
9005519
9005539
9005543
9005551
9005561
9005621
9005657
9005663
9005693
9005713
9005723
9005729
9005741
9005743
9005783
9005839
9005849
9005873
9005879
9005881
9005897
9005917
9005923
9005947
9005977
9005989
9006013
9006031
9006043
9006061
9006071
9006077
9006139
9006157
9006163
9006169
9006181
9006191
9006197
9006199
9006203
9006253
9006289
9006293
9006313
9006359
9006373
9006377
9006391
9006397
9006419
9006433
9006457
9006493
9006499
9006509
9006581
9006587
9006601
9006611
9006623
9006631
9006649
9006653
9006659
9006671
9006677
9006707
9006749
9006769
9006793
9006797
9006853
9006859
9006863
9006883
9006919
9006929
9006937
9006953
9006971
9006973
9006983
9007001
9007039
9007043
9007049
9007051
9007087
9007111
9007123
9007151
9007157
9007171
9007177
9007181
9007183
9007189
9007211
9007213
9007223
9007231
9007241
9007259
9007261
9007277
9007289
9007291
9007303
9007309
9007319
9007333
9007351
9007357
9007363
9007373
9007393
9007441
9007457
9007477
9007499
9007507
9007529
9007541
9007549
9007553
9007567
9007571
9007573
9007619
9007627
9007631
9007633
9007643
9007657
9007679
9007703
9007709
9007717
9007727
9007753
9007759
9007771
9007781
9007783
9007793
9007811
9007849
9007853
9007861
9007877
9007883
9007891
9007903
9007913
9007939
9007961
9007979
9007991
9007993
9008023
9008029
9008059
9008063
9008101
9008117
9008119
9008123
9008141
9008171
9008177
9008213
9008221
9008231
9008243
9008269
9008281
9008303
9008309
9008359
9008369
9008381
9008393
9008423
9008431
9008497
9008557
9008581
9008599
9008633
9008639
9008687
9008707
9008731
9008761
9008767
9008771
9008773
9008777
9008803
9008809
9008837
9008843
9008863
9008873
9008899
9008911
9008921
9008927
9008933
9008947
9008969
9008981
9009017
9009023
9009041
9009061
9009083
9009103
9009107
9009157
9009163
9009179
9009191
9009199
9009223
9009229
9009277
9009281
9009331
9009347
9009349
9009367
9009379
9009391
9009409
9009419
9009443
9009487
9009509
9009521
9009527
9009551
9009593
9009601
9009631
9009647
9009659
9009673
9009683
9009697
9009727
9009739
9009751
9009769
9009773
9009811
9009827
9009839
9009851
9009893
9009901
9009929
9009941
9009943
9009961
9009977
9009989
9009991
9010003
9010007
9010031
9010033
9010063
9010081
9010087
9010103
9010121
9010139
9010207
9010219
9010241
9010247
9010279
9010291
9010301
9010307
9010381
9010399
9010409
9010423
9010433
9010439
9010451
9010453
9010471
9010481
9010501
9010531
9010559
9010567
9010633
9010637
9010667
9010711
9010717
9010741
9010751
9010759
9010787
9010829
9010843
9010847
9010849
9010853
9010873
9010877
9010879
9010889
9010891
9010907
9010913
9010927
9010933
9010949
9010973
9010979
9010993
9011029
9011053
9011059
9011069
9011077
9011081
9011099
9011117
9011143
9011159
9011183
9011201
9011213
9011221
9011237
9011251
9011269
9011273
9011279
9011281
9011287
9011333
9011341
9011407
9011417
9011419
9011459
9011501
9011507
9011521
9011531
9011543
9011549
9011551
9011579
9011593
9011617
9011623
9011627
9011633
9011659
9011671
9011687
9011689
9011693
9011707
9011711
9011747
9011753
9011771
9011803
9011843
9011857
9011867
9011869
9011881
9011903
9011939
9011987
9012001
9012007
9012013
9012037
9012043
9012049
9012071
9012077
9012097
9012121
9012131
9012149
9012181
9012187
9012217
9012239
9012247
9012253
9012259
9012277
9012281
9012293
9012299
9012313
9012319
9012337
9012383
9012401
9012449
9012463
9012467
9012529
9012539
9012547
9012551
9012559
9012569
9012583
9012587
9012589
9012611
9012617
9012623
9012629
9012637
9012659
9012667
9012691
9012697
9012709
9012761
9012769
9012791
9012797
9012833
9012841
9012869
9012889
9012893
9012911
9012923
9012943
9012961
9012967
9012977
9012979
9013019
9013027
9013051
9013057
9013061
9013097
9013117
9013129
9013223
9013231
9013243
9013271
9013283
9013289
9013313
9013321
9013327
9013351
9013369
9013387
9013393
9013409
9013423
9013439
9013441
9013453
9013463
9013483
9013507
9013513
9013523
9013541
9013547
9013561
9013597
9013603
9013639
9013649
9013673
9013687
9013691
9013699
9013729
9013747
9013811
9013813
9013817
9013853
9013871
9013889
9013937
9013957
9013969
9013993
9013997
9014003
9014017
9014021
9014023
9014039
9014059
9014077
9014101
9014107
9014111
9014119
9014141
9014143
9014167
9014171
9014179
9014207
9014209
9014221
9014237
9014249
9014279
9014281
9014287
9014309
9014323
9014353
9014371
9014387
9014393
9014407
9014443
9014449
9014479
9014483
9014507
9014513
9014527
9014591
9014609
9014623
9014639
9014653
9014659
9014693
9014699
9014701
9014767
9014773
9014807
9014809
9014813
9014833
9014839
9014861
9014891
9014897
9014903
9014909
9014921
9014923
9014953
9014963
9014983
9015001
9015029
9015047
9015059
9015089
9015091
9015109
9015119
9015131
9015133
9015137
9015169
9015173
9015179
9015187
9015197
9015199
9015217
9015229
9015233
9015257
9015263
9015271
9015283
9015301
9015343
9015359
9015371
9015421
9015431
9015439
9015463
9015467
9015497
9015511
9015521
9015533
9015547
9015553
9015577
9015581
9015583
9015599
9015619
9015631
9015647
9015649
9015653
9015659
9015673
9015689
9015691
9015703
9015707
9015803
9015821
9015847
9015863
9015889
9015911
9015913
9015943
9015949
9015953
9015991
9016027
9016037
9016043
9016061
9016067
9016079
9016087
9016121
9016177
9016193
9016199
9016223
9016237
9016277
9016289
9016291
9016297
9016327
9016363
9016367
9016411
9016421
9016457
9016463
9016481
9016499
9016523
9016543
9016547
9016561
9016571
9016577
9016603
9016607
9016643
9016649
9016687
9016703
9016717
9016727
9016757
9016769
9016801
9016841
9016901
9016921
9016949
9016957
9016961
9016967
9017027
9017051
9017053
9017083
9017087
9017093
9017101
9017111
9017117
9017119
9017137
9017161
9017167
9017189
9017201
9017207
9017209
9017221
9017227
9017237
9017263
9017269
9017291
9017317
9017339
9017353
9017363
9017377
9017387
9017389
9017413
9017423
9017431
9017441
9017443
9017453
9017479
9017537
9017543
9017549
9017627
9017651
9017681
9017689
9017693
9017707
9017711
9017717
9017719
9017741
9017759
9017773
9017777
9017797
9017819
9017821
9017839
9017849
9017857
9017861
9017881
9017891
9017893
9017941
9017947
9017969
9017977
There are 2224 prime numbers in S500.
