S51(91801~95472)
91801
91807
91811
91813
91823
91837
91841
91867
91873
91909
91921
91939
91943
91951
91957
91961
91967
91969
91997
92003
92009
92033
92041
92051
92077
92083
92107
92111
92119
92143
92153
92173
92177
92179
92189
92203
92219
92221
92227
92233
92237
92243
92251
92269
92297
92311
92317
92333
92347
92353
92357
92363
92369
92377
92381
92383
92387
92399
92401
92413
92419
92431
92459
92461
92467
92479
92489
92503
92507
92551
92557
92567
92569
92581
92593
92623
92627
92639
92641
92647
92657
92669
92671
92681
92683
92693
92699
92707
92717
92723
92737
92753
92761
92767
92779
92789
92791
92801
92809
92821
92831
92849
92857
92861
92863
92867
92893
92899
92921
92927
92941
92951
92957
92959
92987
92993
93001
93047
93053
93059
93077
93083
93089
93097
93103
93113
93131
93133
93139
93151
93169
93179
93187
93199
93229
93239
93241
93251
93253
93257
93263
93281
93283
93287
93307
93319
93323
93329
93337
93371
93377
93383
93407
93419
93427
93463
93479
93481
93487
93491
93493
93497
93503
93523
93529
93553
93557
93559
93563
93581
93601
93607
93629
93637
93683
93701
93703
93719
93739
93761
93763
93787
93809
93811
93827
93851
93871
93887
93889
93893
93901
93911
93913
93923
93937
93941
93949
93967
93971
93979
93983
93997
94007
94009
94033
94049
94057
94063
94079
94099
94109
94111
94117
94121
94151
94153
94169
94201
94207
94219
94229
94253
94261
94273
94291
94307
94309
94321
94327
94331
94343
94349
94351
94379
94397
94399
94421
94427
94433
94439
94441
94447
94463
94477
94483
94513
94529
94531
94541
94543
94547
94559
94561
94573
94583
94597
94603
94613
94621
94649
94651
94687
94693
94709
94723
94727
94747
94771
94777
94781
94789
94793
94811
94819
94823
94837
94841
94847
94849
94873
94889
94903
94907
94933
94949
94951
94961
94993
94999
95003
95009
95021
95027
95063
95071
95083
95087
95089
95093
95101
95107
95111
95131
95143
95153
95177
95189
95191
95203
95213
95219
95231
95233
95239
95257
95261
95267
95273
95279
95287
95311
95317
95327
95339
95369
95383
95393
95401
95413
95419
95429
95441
95443
95461
95467
95471
There are 336 prime numbers in S51.
