S56(110881~114912)
110881
110899
110909
110917
110921
110923
110927
110933
110939
110947
110951
110969
110977
110989
111029
111031
111043
111049
111053
111091
111103
111109
111119
111121
111127
111143
111149
111187
111191
111211
111217
111227
111229
111253
111263
111269
111271
111301
111317
111323
111337
111341
111347
111373
111409
111427
111431
111439
111443
111467
111487
111491
111493
111497
111509
111521
111533
111539
111577
111581
111593
111599
111611
111623
111637
111641
111653
111659
111667
111697
111721
111731
111733
111751
111767
111773
111779
111781
111791
111799
111821
111827
111829
111833
111847
111857
111863
111869
111871
111893
111913
111919
111949
111953
111959
111973
111977
111997
112019
112031
112061
112067
112069
112087
112097
112103
112111
112121
112129
112139
112153
112163
112181
112199
112207
112213
112223
112237
112241
112247
112249
112253
112261
112279
112289
112291
112297
112303
112327
112331
112337
112339
112349
112361
112363
112397
112403
112429
112459
112481
112501
112507
112543
112559
112571
112573
112577
112583
112589
112601
112603
112621
112643
112657
112663
112687
112691
112741
112757
112759
112771
112787
112799
112807
112831
112843
112859
112877
112901
112909
112913
112919
112921
112927
112939
112951
112967
112979
112997
113011
113017
113021
113023
113027
113039
113041
113051
113063
113081
113083
113089
113093
113111
113117
113123
113131
113143
113147
113149
113153
113159
113161
113167
113171
113173
113177
113189
113209
113213
113227
113233
113279
113287
113327
113329
113341
113357
113359
113363
113371
113381
113383
113417
113437
113453
113467
113489
113497
113501
113513
113537
113539
113557
113567
113591
113621
113623
113647
113657
113683
113717
113719
113723
113731
113749
113759
113761
113777
113779
113783
113797
113809
113819
113837
113843
113891
113899
113903
113909
113921
113933
113947
113957
113963
113969
113983
113989
114001
114013
114031
114041
114043
114067
114073
114077
114083
114089
114113
114143
114157
114161
114167
114193
114197
114199
114203
114217
114221
114229
114259
114269
114277
114281
114299
114311
114319
114329
114343
114371
114377
114407
114419
114451
114467
114473
114479
114487
114493
114547
114553
114571
114577
114593
114599
114601
114613
114617
114641
114643
114649
114659
114661
114671
114679
114689
114691
114713
114743
114749
114757
114761
114769
114773
114781
114797
114799
114809
114827
114833
114847
114859
114883
114889
114901
There are 344 prime numbers in S56.
