S57(114913~119016)
114913
114941
114967
114973
114997
115001
115013
115019
115021
115057
115061
115067
115079
115099
115117
115123
115127
115133
115151
115153
115163
115183
115201
115211
115223
115237
115249
115259
115279
115301
115303
115309
115319
115321
115327
115331
115337
115343
115361
115363
115399
115421
115429
115459
115469
115471
115499
115513
115523
115547
115553
115561
115571
115589
115597
115601
115603
115613
115631
115637
115657
115663
115679
115693
115727
115733
115741
115751
115757
115763
115769
115771
115777
115781
115783
115793
115807
115811
115823
115831
115837
115849
115853
115859
115861
115873
115877
115879
115883
115891
115901
115903
115931
115933
115963
115979
115981
115987
116009
116027
116041
116047
116089
116099
116101
116107
116113
116131
116141
116159
116167
116177
116189
116191
116201
116239
116243
116257
116269
116273
116279
116293
116329
116341
116351
116359
116371
116381
116387
116411
116423
116437
116443
116447
116461
116471
116483
116491
116507
116531
116533
116537
116539
116549
116579
116593
116639
116657
116663
116681
116687
116689
116707
116719
116731
116741
116747
116789
116791
116797
116803
116819
116827
116833
116849
116867
116881
116903
116911
116923
116927
116929
116933
116953
116959
116969
116981
116989
116993
117017
117023
117037
117041
117043
117053
117071
117101
117109
117119
117127
117133
117163
117167
117191
117193
117203
117209
117223
117239
117241
117251
117259
117269
117281
117307
117319
117329
117331
117353
117361
117371
117373
117389
117413
117427
117431
117437
117443
117497
117499
117503
117511
117517
117529
117539
117541
117563
117571
117577
117617
117619
117643
117659
117671
117673
117679
117701
117703
117709
117721
117727
117731
117751
117757
117763
117773
117779
117787
117797
117809
117811
117833
117839
117841
117851
117877
117881
117883
117889
117899
117911
117917
117937
117959
117973
117977
117979
117989
117991
118033
118037
118043
118051
118057
118061
118081
118093
118127
118147
118163
118169
118171
118189
118211
118213
118219
118247
118249
118253
118259
118273
118277
118297
118343
118361
118369
118373
118387
118399
118409
118411
118423
118429
118453
118457
118463
118471
118493
118529
118543
118549
118571
118583
118589
118603
118619
118621
118633
118661
118669
118673
118681
118687
118691
118709
118717
118739
118747
118751
118757
118787
118799
118801
118819
118831
118843
118861
118873
118891
118897
118901
118903
118907
118913
118927
118931
118967
118973
There are 348 prime numbers in S57.
