S58(119017~123192)
119027
119033
119039
119047
119057
119069
119083
119087
119089
119099
119101
119107
119129
119131
119159
119173
119179
119183
119191
119227
119233
119237
119243
119267
119291
119293
119297
119299
119311
119321
119359
119363
119389
119417
119419
119429
119447
119489
119503
119513
119533
119549
119551
119557
119563
119569
119591
119611
119617
119627
119633
119653
119657
119659
119671
119677
119687
119689
119699
119701
119723
119737
119747
119759
119771
119773
119783
119797
119809
119813
119827
119831
119839
119849
119851
119869
119881
119891
119921
119923
119929
119953
119963
119971
119981
119983
119993
120011
120017
120041
120047
120049
120067
120077
120079
120091
120097
120103
120121
120157
120163
120167
120181
120193
120199
120209
120223
120233
120247
120277
120283
120293
120299
120319
120331
120349
120371
120383
120391
120397
120401
120413
120427
120431
120473
120503
120511
120539
120551
120557
120563
120569
120577
120587
120607
120619
120623
120641
120647
120661
120671
120677
120689
120691
120709
120713
120721
120737
120739
120749
120763
120767
120779
120811
120817
120823
120829
120833
120847
120851
120863
120871
120877
120889
120899
120907
120917
120919
120929
120937
120941
120943
120947
120977
120997
121001
121007
121013
121019
121021
121039
121061
121063
121067
121081
121123
121139
121151
121157
121169
121171
121181
121189
121229
121259
121267
121271
121283
121291
121309
121313
121321
121327
121333
121343
121349
121351
121357
121367
121369
121379
121403
121421
121439
121441
121447
121453
121469
121487
121493
121501
121507
121523
121531
121547
121553
121559
121571
121577
121579
121591
121607
121609
121621
121631
121633
121637
121661
121687
121697
121711
121721
121727
121763
121787
121789
121843
121853
121867
121883
121889
121909
121921
121931
121937
121949
121951
121963
121967
121993
121997
122011
122021
122027
122029
122033
122039
122041
122051
122053
122069
122081
122099
122117
122131
122147
122149
122167
122173
122201
122203
122207
122209
122219
122231
122251
122263
122267
122273
122279
122299
122321
122323
122327
122347
122363
122387
122389
122393
122399
122401
122443
122449
122453
122471
122477
122489
122497
122501
122503
122509
122527
122533
122557
122561
122579
122597
122599
122609
122611
122651
122653
122663
122693
122701
122719
122741
122743
122753
122761
122777
122789
122819
122827
122833
122839
122849
122861
122867
122869
122887
122891
122921
122929
122939
122953
122957
122963
122971
123001
123007
123017
123031
123049
123059
123077
123083
123091
123113
123121
123127
123143
123169
123191
There are 364 prime numbers in S58.
