S59(123193~127440)
123203
123209
123217
123229
123239
123259
123269
123289
123307
123311
123323
123341
123373
123377
123379
123397
123401
123407
123419
123427
123433
123439
123449
123457
123479
123491
123493
123499
123503
123517
123527
123547
123551
123553
123581
123583
123593
123601
123619
123631
123637
123653
123661
123667
123677
123701
123707
123719
123727
123731
123733
123737
123757
123787
123791
123803
123817
123821
123829
123833
123853
123863
123887
123911
123923
123931
123941
123953
123973
123979
123983
123989
123997
124001
124021
124067
124087
124097
124121
124123
124133
124139
124147
124153
124171
124181
124183
124193
124199
124213
124231
124247
124249
124277
124291
124297
124301
124303
124309
124337
124339
124343
124349
124351
124363
124367
124427
124429
124433
124447
124459
124471
124477
124489
124493
124513
124529
124541
124543
124561
124567
124577
124601
124633
124643
124669
124673
124679
124693
124699
124703
124717
124721
124739
124753
124759
124769
124771
124777
124781
124783
124793
124799
124819
124823
124847
124853
124897
124907
124909
124919
124951
124979
124981
124987
124991
125003
125017
125029
125053
125063
125093
125101
125107
125113
125117
125119
125131
125141
125149
125183
125197
125201
125207
125219
125221
125231
125243
125261
125269
125287
125299
125303
125311
125329
125339
125353
125371
125383
125387
125399
125407
125423
125429
125441
125453
125471
125497
125507
125509
125527
125539
125551
125591
125597
125617
125621
125627
125639
125641
125651
125659
125669
125683
125687
125693
125707
125711
125717
125731
125737
125743
125753
125777
125789
125791
125803
125813
125821
125863
125887
125897
125899
125921
125927
125929
125933
125941
125959
125963
126001
126011
126013
126019
126023
126031
126037
126041
126047
126067
126079
126097
126107
126127
126131
126143
126151
126173
126199
126211
126223
126227
126229
126233
126241
126257
126271
126307
126311
126317
126323
126337
126341
126349
126359
126397
126421
126433
126443
126457
126461
126473
126481
126487
126491
126493
126499
126517
126541
126547
126551
126583
126601
126611
126613
126631
126641
126653
126683
126691
126703
126713
126719
126733
126739
126743
126751
126757
126761
126781
126823
126827
126839
126851
126857
126859
126913
126923
126943
126949
126961
126967
126989
127031
127033
127037
127051
127079
127081
127103
127123
127133
127139
127157
127163
127189
127207
127217
127219
127241
127247
127249
127261
127271
127277
127289
127291
127297
127301
127321
127331
127343
127363
127373
127399
127403
127423
There are 357 prime numbers in S59.
