S61(131761~136152)
131771
131777
131779
131783
131797
131837
131839
131849
131861
131891
131893
131899
131909
131927
131933
131939
131941
131947
131959
131969
132001
132019
132047
132049
132059
132071
132103
132109
132113
132137
132151
132157
132169
132173
132199
132229
132233
132241
132247
132257
132263
132283
132287
132299
132313
132329
132331
132347
132361
132367
132371
132383
132403
132409
132421
132437
132439
132469
132491
132499
132511
132523
132527
132529
132533
132541
132547
132589
132607
132611
132619
132623
132631
132637
132647
132661
132667
132679
132689
132697
132701
132707
132709
132721
132739
132749
132751
132757
132761
132763
132817
132833
132851
132857
132859
132863
132887
132893
132911
132929
132947
132949
132953
132961
132967
132971
132989
133013
133033
133039
133051
133069
133073
133087
133097
133103
133109
133117
133121
133153
133157
133169
133183
133187
133201
133213
133241
133253
133261
133271
133277
133279
133283
133303
133319
133321
133327
133337
133349
133351
133379
133387
133391
133403
133417
133439
133447
133451
133481
133493
133499
133519
133541
133543
133559
133571
133583
133597
133631
133633
133649
133657
133669
133673
133691
133697
133709
133711
133717
133723
133733
133769
133781
133801
133811
133813
133831
133843
133853
133873
133877
133919
133949
133963
133967
133979
133981
133993
133999
134033
134039
134047
134053
134059
134077
134081
134087
134089
134093
134129
134153
134161
134171
134177
134191
134207
134213
134219
134227
134243
134257
134263
134269
134287
134291
134293
134327
134333
134339
134341
134353
134359
134363
134369
134371
134399
134401
134417
134437
134443
134471
134489
134503
134507
134513
134581
134587
134591
134593
134597
134609
134639
134669
134677
134681
134683
134699
134707
134731
134741
134753
134777
134789
134807
134837
134839
134851
134857
134867
134873
134887
134909
134917
134921
134923
134947
134951
134989
134999
135007
135017
135019
135029
135043
135049
135059
135077
135089
135101
135119
135131
135151
135173
135181
135193
135197
135209
135211
135221
135241
135257
135271
135277
135281
135283
135301
135319
135329
135347
135349
135353
135367
135389
135391
135403
135409
135427
135431
135433
135449
135461
135463
135467
135469
135479
135497
135511
135533
135559
135571
135581
135589
135593
135599
135601
135607
135613
135617
135623
135637
135647
135649
135661
135671
135697
135701
135719
135721
135727
135731
135743
135757
135781
135787
135799
135829
135841
135851
135859
135887
135893
135899
135911
135913
135929
135937
135977
135979
136013
136027
136033
136043
136057
136067
136069
136093
136099
136111
136133
136139
There are 370 prime numbers in S61.
