S63(140617~145152)
140617
140627
140629
140639
140659
140663
140677
140681
140683
140689
140717
140729
140731
140741
140759
140761
140773
140779
140797
140813
140827
140831
140837
140839
140863
140867
140869
140891
140893
140897
140909
140929
140939
140977
140983
140989
141023
141041
141061
141067
141073
141079
141101
141107
141121
141131
141157
141161
141179
141181
141199
141209
141221
141223
141233
141241
141257
141263
141269
141277
141283
141301
141307
141311
141319
141353
141359
141371
141397
141403
141413
141439
141443
141461
141481
141497
141499
141509
141511
141529
141539
141551
141587
141601
141613
141619
141623
141629
141637
141649
141653
141667
141671
141677
141679
141689
141697
141707
141709
141719
141731
141761
141767
141769
141773
141793
141803
141811
141829
141833
141851
141853
141863
141871
141907
141917
141931
141937
141941
141959
141961
141971
141991
142007
142019
142031
142039
142049
142057
142061
142067
142097
142099
142111
142123
142151
142157
142159
142169
142183
142189
142193
142211
142217
142223
142231
142237
142271
142297
142319
142327
142357
142369
142381
142391
142403
142421
142427
142433
142453
142469
142501
142529
142537
142543
142547
142553
142559
142567
142573
142589
142591
142601
142607
142609
142619
142657
142673
142697
142699
142711
142733
142757
142759
142771
142787
142789
142799
142811
142837
142841
142867
142871
142873
142897
142903
142907
142939
142949
142963
142969
142973
142979
142981
142993
143053
143063
143093
143107
143111
143113
143137
143141
143159
143177
143197
143239
143243
143249
143257
143261
143263
143281
143287
143291
143329
143333
143357
143387
143401
143413
143419
143443
143461
143467
143477
143483
143489
143501
143503
143509
143513
143519
143527
143537
143551
143567
143569
143573
143593
143609
143617
143629
143651
143653
143669
143677
143687
143699
143711
143719
143729
143743
143779
143791
143797
143807
143813
143821
143827
143831
143833
143873
143879
143881
143909
143947
143953
143971
143977
143981
143999
144013
144031
144037
144061
144071
144073
144103
144139
144161
144163
144167
144169
144173
144203
144223
144241
144247
144253
144259
144271
144289
144299
144307
144311
144323
144341
144349
144379
144383
144407
144409
144413
144427
144439
144451
144461
144479
144481
144497
144511
144539
144541
144563
144569
144577
144583
144589
144593
144611
144629
144659
144667
144671
144701
144709
144719
144731
144737
144751
144757
144763
144773
144779
144791
144817
144829
144839
144847
144883
144887
144889
144899
144917
144931
144941
144961
144967
144973
144983
145007
145009
145021
145031
145037
145043
145063
145069
145091
145109
145121
145133
145139
There are 374 prime numbers in S63.
