S64(145153~149760)
145177
145193
145207
145213
145219
145253
145259
145267
145283
145289
145303
145307
145349
145361
145381
145391
145399
145417
145423
145433
145441
145451
145459
145463
145471
145477
145487
145501
145511
145513
145517
145531
145543
145547
145549
145577
145589
145601
145603
145633
145637
145643
145661
145679
145681
145687
145703
145709
145721
145723
145753
145757
145759
145771
145777
145799
145807
145819
145823
145829
145861
145879
145897
145903
145931
145933
145949
145963
145967
145969
145987
145991
146009
146011
146021
146023
146033
146051
146057
146059
146063
146077
146093
146099
146117
146141
146161
146173
146191
146197
146203
146213
146221
146239
146249
146273
146291
146297
146299
146309
146317
146323
146347
146359
146369
146381
146383
146389
146407
146417
146423
146437
146449
146477
146513
146519
146521
146527
146539
146543
146563
146581
146603
146609
146617
146639
146647
146669
146677
146681
146683
146701
146719
146743
146749
146767
146777
146801
146807
146819
146833
146837
146843
146849
146857
146891
146893
146917
146921
146933
146941
146953
146977
146983
146987
146989
147011
147029
147031
147047
147073
147083
147089
147097
147107
147137
147139
147151
147163
147179
147197
147209
147211
147221
147227
147229
147253
147263
147283
147289
147293
147299
147311
147319
147331
147341
147347
147353
147377
147391
147397
147401
147409
147419
147449
147451
147457
147481
147487
147503
147517
147541
147547
147551
147557
147571
147583
147607
147613
147617
147629
147647
147661
147671
147673
147689
147703
147709
147727
147739
147743
147761
147769
147773
147779
147787
147793
147799
147811
147827
147853
147859
147863
147881
147919
147937
147949
147977
147997
148013
148021
148061
148063
148073
148079
148091
148123
148139
148147
148151
148153
148157
148171
148193
148199
148201
148207
148229
148243
148249
148279
148301
148303
148331
148339
148361
148367
148381
148387
148399
148403
148411
148429
148439
148457
148469
148471
148483
148501
148513
148517
148531
148537
148549
148573
148579
148609
148627
148633
148639
148663
148667
148669
148691
148693
148711
148721
148723
148727
148747
148763
148781
148783
148793
148817
148829
148853
148859
148861
148867
148873
148891
148913
148921
148927
148931
148933
148949
148957
148961
148991
148997
149011
149021
149027
149033
149053
149057
149059
149069
149077
149087
149099
149101
149111
149113
149119
149143
149153
149159
149161
149173
149183
149197
149213
149239
149249
149251
149257
149269
149287
149297
149309
149323
149333
149341
149351
149371
149377
149381
149393
149399
149411
149417
149419
149423
149441
149459
149489
149491
149497
149503
149519
149521
149531
149533
149543
149551
149561
149563
149579
149603
149623
149627
149629
149689
149711
149713
149717
149729
149731
149749
149759
There are 393 prime numbers in S64.
