S66(154441~159192)
154459
154487
154493
154501
154523
154543
154571
154573
154579
154589
154591
154613
154619
154621
154643
154667
154669
154681
154691
154699
154723
154727
154733
154747
154753
154769
154787
154789
154799
154807
154823
154841
154849
154871
154873
154877
154883
154897
154927
154933
154937
154943
154981
154991
155003
155009
155017
155027
155047
155069
155081
155083
155087
155119
155137
155153
155161
155167
155171
155191
155201
155203
155209
155219
155231
155251
155269
155291
155299
155303
155317
155327
155333
155371
155377
155381
155383
155387
155399
155413
155423
155443
155453
155461
155473
155501
155509
155521
155537
155539
155557
155569
155579
155581
155593
155599
155609
155621
155627
155653
155657
155663
155671
155689
155693
155699
155707
155717
155719
155723
155731
155741
155747
155773
155777
155783
155797
155801
155809
155821
155833
155849
155851
155861
155863
155887
155891
155893
155921
156007
156011
156019
156041
156059
156061
156071
156089
156109
156119
156127
156131
156139
156151
156157
156217
156227
156229
156241
156253
156257
156259
156269
156307
156319
156329
156347
156353
156361
156371
156419
156421
156437
156467
156487
156491
156493
156511
156521
156539
156577
156589
156593
156601
156619
156623
156631
156641
156659
156671
156677
156679
156683
156691
156703
156707
156719
156727
156733
156749
156781
156797
156799
156817
156823
156833
156841
156887
156899
156901
156913
156941
156943
156967
156971
156979
157007
157013
157019
157037
157049
157051
157057
157061
157081
157103
157109
157127
157133
157141
157163
157177
157181
157189
157207
157211
157217
157219
157229
157231
157243
157247
157253
157259
157271
157273
157277
157279
157291
157303
157307
157321
157327
157349
157351
157363
157393
157411
157427
157429
157433
157457
157477
157483
157489
157513
157519
157523
157543
157559
157561
157571
157579
157627
157637
157639
157649
157667
157669
157679
157721
157733
157739
157747
157769
157771
157793
157799
157813
157823
157831
157837
157841
157867
157877
157889
157897
157901
157907
157931
157933
157951
157991
157999
158003
158009
158017
158029
158047
158071
158077
158113
158129
158141
158143
158161
158189
158201
158209
158227
158231
158233
158243
158261
158269
158293
158303
158329
158341
158351
158357
158359
158363
158371
158393
158407
158419
158429
158443
158449
158489
158507
158519
158527
158537
158551
158563
158567
158573
158581
158591
158597
158611
158617
158621
158633
158647
158657
158663
158699
158731
158747
158749
158759
158761
158771
158777
158791
158803
158843
158849
158863
158867
158881
158909
158923
158927
158941
158959
158981
158993
159013
159017
159023
159059
159073
159079
159097
159113
159119
159157
159161
159167
159169
159179
159191
There are 385 prime numbers in S66.
