S67(159193~164016)
159193
159199
159209
159223
159227
159233
159287
159293
159311
159319
159337
159347
159349
159361
159389
159403
159407
159421
159431
159437
159457
159463
159469
159473
159491
159499
159503
159521
159539
159541
159553
159563
159569
159571
159589
159617
159623
159629
159631
159667
159671
159673
159683
159697
159701
159707
159721
159737
159739
159763
159769
159773
159779
159787
159791
159793
159799
159811
159833
159839
159853
159857
159869
159871
159899
159911
159931
159937
159977
159979
160001
160009
160019
160031
160033
160049
160073
160079
160081
160087
160091
160093
160117
160141
160159
160163
160169
160183
160201
160207
160217
160231
160243
160253
160309
160313
160319
160343
160357
160367
160373
160387
160397
160403
160409
160423
160441
160453
160481
160483
160499
160507
160541
160553
160579
160583
160591
160603
160619
160621
160627
160637
160639
160649
160651
160663
160669
160681
160687
160697
160709
160711
160723
160739
160751
160753
160757
160781
160789
160807
160813
160817
160829
160841
160861
160877
160879
160883
160903
160907
160933
160967
160969
160981
160997
161009
161017
161033
161039
161047
161053
161059
161071
161087
161093
161123
161137
161141
161149
161159
161167
161201
161221
161233
161237
161263
161267
161281
161303
161309
161323
161333
161339
161341
161363
161377
161387
161407
161411
161453
161459
161461
161471
161503
161507
161521
161527
161531
161543
161561
161563
161569
161573
161591
161599
161611
161627
161639
161641
161659
161683
161717
161729
161731
161741
161743
161753
161761
161771
161773
161779
161783
161807
161831
161839
161869
161873
161879
161881
161911
161921
161923
161947
161957
161969
161971
161977
161983
161999
162007
162011
162017
162053
162059
162079
162091
162109
162119
162143
162209
162221
162229
162251
162257
162263
162269
162277
162287
162289
162293
162343
162359
162389
162391
162413
162419
162439
162451
162457
162473
162493
162499
162517
162523
162527
162529
162553
162557
162563
162577
162593
162601
162611
162623
162629
162641
162649
162671
162677
162683
162691
162703
162709
162713
162727
162731
162739
162749
162751
162779
162787
162791
162821
162823
162829
162839
162847
162853
162859
162881
162889
162901
162907
162917
162937
162947
162971
162973
162989
162997
163003
163019
163021
163027
163061
163063
163109
163117
163127
163129
163147
163151
163169
163171
163181
163193
163199
163211
163223
163243
163249
163259
163307
163309
163321
163327
163337
163351
163363
163367
163393
163403
163409
163411
163417
163433
163469
163477
163481
163483
163487
163517
163543
163561
163567
163573
163601
163613
163621
163627
163633
163637
163643
163661
163673
163679
163697
163729
163733
163741
163753
163771
163781
163789
163811
163819
163841
163847
163853
163859
163861
163871
163883
163901
163909
163927
163973
163979
163981
163987
163991
163993
163997
164011
There are 404 prime numbers in S67.
