S68(164017~168912)
164023
164039
164051
164057
164071
164089
164093
164113
164117
164147
164149
164173
164183
164191
164201
164209
164231
164233
164239
164249
164251
164267
164279
164291
164299
164309
164321
164341
164357
164363
164371
164377
164387
164413
164419
164429
164431
164443
164447
164449
164471
164477
164503
164513
164531
164569
164581
164587
164599
164617
164621
164623
164627
164653
164663
164677
164683
164701
164707
164729
164743
164767
164771
164789
164809
164821
164831
164837
164839
164881
164893
164911
164953
164963
164987
164999
165001
165037
165041
165047
165049
165059
165079
165083
165089
165103
165133
165161
165173
165181
165203
165211
165229
165233
165247
165287
165293
165311
165313
165317
165331
165343
165349
165367
165379
165383
165391
165397
165437
165443
165449
165457
165463
165469
165479
165511
165523
165527
165533
165541
165551
165553
165559
165569
165587
165589
165601
165611
165617
165653
165667
165673
165701
165703
165707
165709
165713
165719
165721
165749
165779
165799
165811
165817
165829
165833
165857
165877
165883
165887
165901
165931
165941
165947
165961
165983
166013
166021
166027
166031
166043
166063
166081
166099
166147
166151
166157
166169
166183
166189
166207
166219
166237
166247
166259
166273
166289
166297
166301
166303
166319
166349
166351
166357
166363
166393
166399
166403
166409
166417
166429
166457
166471
166487
166541
166561
166567
166571
166597
166601
166603
166609
166613
166619
166627
166631
166643
166657
166667
166669
166679
166693
166703
166723
166739
166741
166781
166783
166799
166807
166823
166841
166843
166847
166849
166853
166861
166867
166871
166909
166919
166931
166949
166967
166973
166979
166987
167009
167017
167021
167023
167033
167039
167047
167051
167071
167077
167081
167087
167099
167107
167113
167117
167119
167149
167159
167173
167177
167191
167197
167213
167221
167249
167261
167267
167269
167309
167311
167317
167329
167339
167341
167381
167393
167407
167413
167423
167429
167437
167441
167443
167449
167471
167483
167491
167521
167537
167543
167593
167597
167611
167621
167623
167627
167633
167641
167663
167677
167683
167711
167729
167747
167759
167771
167777
167779
167801
167809
167861
167863
167873
167879
167887
167891
167899
167911
167917
167953
167971
167987
168013
168023
168029
168037
168043
168067
168071
168083
168089
168109
168127
168143
168151
168193
168197
168211
168227
168247
168253
168263
168269
168277
168281
168293
168323
168331
168347
168353
168391
168409
168433
168449
168451
168457
168463
168481
168491
168499
168523
168527
168533
168541
168559
168599
168601
168617
168629
168631
168643
168673
168677
168697
168713
168719
168731
168737
168743
168761
168769
168781
168803
168851
168863
168869
168887
168893
168899
168901
There are 388 prime numbers in S68.
