S69(168913~173880)
168913
168937
168943
168977
168991
169003
169007
169009
169019
169049
169063
169067
169069
169079
169093
169097
169111
169129
169151
169159
169177
169181
169199
169217
169219
169241
169243
169249
169259
169283
169307
169313
169319
169321
169327
169339
169343
169361
169369
169373
169399
169409
169427
169457
169471
169483
169489
169493
169501
169523
169531
169553
169567
169583
169591
169607
169627
169633
169639
169649
169657
169661
169667
169681
169691
169693
169709
169733
169751
169753
169769
169777
169783
169789
169817
169823
169831
169837
169843
169859
169889
169891
169909
169913
169919
169933
169937
169943
169951
169957
169987
169991
170003
170021
170029
170047
170057
170063
170081
170099
170101
170111
170123
170141
170167
170179
170189
170197
170207
170213
170227
170231
170239
170243
170249
170263
170267
170279
170293
170299
170327
170341
170347
170351
170353
170363
170369
170371
170383
170389
170393
170413
170441
170447
170473
170483
170497
170503
170509
170537
170539
170551
170557
170579
170603
170609
170627
170633
170641
170647
170669
170689
170701
170707
170711
170741
170749
170759
170761
170767
170773
170777
170801
170809
170813
170827
170837
170843
170851
170857
170873
170881
170887
170899
170921
170927
170953
170957
170971
171007
171023
171029
171043
171047
171049
171053
171077
171079
171091
171103
171131
171161
171163
171167
171169
171179
171203
171233
171251
171253
171263
171271
171293
171299
171317
171329
171341
171383
171401
171403
171427
171439
171449
171467
171469
171473
171481
171491
171517
171529
171539
171541
171553
171559
171571
171583
171617
171629
171637
171641
171653
171659
171671
171673
171679
171697
171707
171713
171719
171733
171757
171761
171763
171793
171799
171803
171811
171823
171827
171851
171863
171869
171877
171881
171889
171917
171923
171929
171937
171947
172001
172009
172021
172027
172031
172049
172069
172079
172093
172097
172127
172147
172153
172157
172169
172171
172181
172199
172213
172217
172219
172223
172243
172259
172279
172283
172297
172307
172313
172321
172331
172343
172351
172357
172373
172399
172411
172421
172423
172427
172433
172439
172441
172489
172507
172517
172519
172541
172553
172561
172573
172583
172589
172597
172603
172607
172619
172633
172643
172649
172657
172663
172673
172681
172687
172709
172717
172721
172741
172751
172759
172787
172801
172807
172829
172849
172853
172859
172867
172871
172877
172883
172933
172969
172973
172981
172987
172993
172999
173021
173023
173039
173053
173059
173081
173087
173099
173137
173141
173149
173177
173183
173189
173191
173207
173209
173219
173249
173263
173267
173273
173291
173293
173297
173309
173347
173357
173359
173429
173431
173473
173483
173491
173497
173501
173531
173539
173543
173549
173561
173573
173599
173617
173629
173647
173651
173659
173669
173671
173683
173687
173699
173707
173713
173729
173741
173743
173773
173777
173779
173783
173807
173819
173827
173839
173851
173861
173867
There are 418 prime numbers in S69.
