S70(173881~178920)
173891
173897
173909
173917
173923
173933
173969
173977
173981
173993
174007
174017
174019
174047
174049
174061
174067
174071
174077
174079
174091
174101
174121
174137
174143
174149
174157
174169
174197
174221
174241
174257
174259
174263
174281
174289
174299
174311
174329
174331
174337
174347
174367
174389
174407
174413
174431
174443
174457
174467
174469
174481
174487
174491
174527
174533
174569
174571
174583
174599
174613
174617
174631
174637
174649
174653
174659
174673
174679
174703
174721
174737
174749
174761
174763
174767
174773
174799
174821
174829
174851
174859
174877
174893
174901
174907
174917
174929
174931
174943
174959
174989
174991
175003
175013
175039
175061
175067
175069
175079
175081
175103
175129
175141
175211
175229
175261
175267
175277
175291
175303
175309
175327
175333
175349
175361
175391
175393
175403
175411
175433
175447
175453
175463
175481
175493
175499
175519
175523
175543
175573
175601
175621
175631
175633
175649
175663
175673
175687
175691
175699
175709
175723
175727
175753
175757
175759
175781
175783
175811
175829
175837
175843
175853
175859
175873
175891
175897
175909
175919
175937
175939
175949
175961
175963
175979
175991
175993
176017
176021
176023
176041
176047
176051
176053
176063
176081
176087
176089
176123
176129
176153
176159
176161
176179
176191
176201
176207
176213
176221
176227
176237
176243
176261
176299
176303
176317
176321
176327
176329
176333
176347
176353
176357
176369
176383
176389
176401
176413
176417
176419
176431
176459
176461
176467
176489
176497
176503
176507
176509
176521
176531
176537
176549
176551
176557
176573
176591
176597
176599
176609
176611
176629
176641
176651
176677
176699
176711
176713
176741
176747
176753
176777
176779
176789
176791
176797
176807
176809
176819
176849
176857
176887
176899
176903
176921
176923
176927
176933
176951
176977
176983
176989
177007
177011
177013
177019
177043
177091
177101
177109
177113
177127
177131
177167
177173
177209
177211
177217
177223
177239
177257
177269
177283
177301
177319
177323
177337
177347
177379
177383
177409
177421
177427
177431
177433
177467
177473
177481
177487
177493
177511
177533
177539
177553
177589
177601
177623
177647
177677
177679
177691
177739
177743
177761
177763
177787
177791
177797
177811
177823
177839
177841
177883
177887
177889
177893
177907
177913
177917
177929
177943
177949
177953
177967
177979
178001
178021
178037
178039
178067
178069
178091
178093
178103
178117
178127
178141
178151
178169
178183
178187
178207
178223
178231
178247
178249
178259
178261
178289
178301
178307
178327
178333
178349
178351
178361
178393
178397
178403
178417
178439
178441
178447
178469
178481
178487
178489
178501
178513
178531
178537
178559
178561
178567
178571
178597
178601
178603
178609
178613
178621
178627
178639
178643
178681
178691
178693
178697
178753
178757
178781
178793
178799
178807
178813
178817
178819
178831
178853
178859
178873
178877
178889
178897
178903
178907
178909
There are 418 prime numbers in S70.
