S71(178921~184032)
178921
178931
178933
178939
178951
178973
178987
179021
179029
179033
179041
179051
179057
179083
179089
179099
179107
179111
179119
179143
179161
179167
179173
179203
179209
179213
179233
179243
179261
179269
179281
179287
179317
179321
179327
179351
179357
179369
179381
179383
179393
179407
179411
179429
179437
179441
179453
179461
179471
179479
179483
179497
179519
179527
179533
179549
179563
179573
179579
179581
179591
179593
179603
179623
179633
179651
179657
179659
179671
179687
179689
179693
179717
179719
179737
179743
179749
179779
179801
179807
179813
179819
179821
179827
179833
179849
179897
179899
179903
179909
179917
179923
179939
179947
179951
179953
179957
179969
179981
179989
179999
180001
180007
180023
180043
180053
180071
180073
180077
180097
180137
180161
180179
180181
180211
180221
180233
180239
180241
180247
180259
180263
180281
180287
180289
180307
180311
180317
180331
180337
180347
180361
180371
180379
180391
180413
180419
180437
180463
180473
180491
180497
180503
180511
180533
180539
180541
180547
180563
180569
180617
180623
180629
180647
180667
180679
180701
180731
180749
180751
180773
180779
180793
180797
180799
180811
180847
180871
180883
180907
180949
180959
181001
181003
181019
181031
181039
181061
181063
181081
181087
181123
181141
181157
181183
181193
181199
181201
181211
181213
181219
181243
181253
181273
181277
181283
181297
181301
181303
181361
181387
181397
181399
181409
181421
181439
181457
181459
181499
181501
181513
181523
181537
181549
181553
181603
181607
181609
181619
181639
181667
181669
181693
181711
181717
181721
181729
181739
181751
181757
181759
181763
181777
181787
181789
181813
181837
181871
181873
181889
181891
181903
181913
181919
181927
181931
181943
181957
181967
181981
181997
182009
182011
182027
182029
182041
182047
182057
182059
182089
182099
182101
182107
182111
182123
182129
182131
182141
182159
182167
182177
182179
182201
182209
182233
182239
182243
182261
182279
182297
182309
182333
182339
182341
182353
182387
182389
182417
182423
182431
182443
182453
182467
182471
182473
182489
182503
182509
182519
182537
182549
182561
182579
182587
182593
182599
182603
182617
182627
182639
182641
182653
182657
182659
182681
182687
182701
182711
182713
182747
182773
182779
182789
182803
182813
182821
182839
182851
182857
182867
182887
182893
182899
182921
182927
182929
182933
182953
182957
182969
182981
182999
183023
183037
183041
183047
183059
183067
183089
183091
183119
183151
183167
183191
183203
183247
183259
183263
183283
183289
183299
183301
183307
183317
183319
183329
183343
183349
183361
183373
183377
183383
183389
183397
183437
183439
183451
183461
183473
183479
183487
183497
183499
183503
183509
183511
183523
183527
183569
183571
183577
183581
183587
183593
183611
183637
183661
183683
183691
183697
183707
183709
183713
183761
183763
183797
183809
183823
183829
183871
183877
183881
183907
183917
183919
183943
183949
183959
183971
183973
183979
184003
184007
184013
184031
There are 425 prime numbers in S71.
