S72(184033~189216)
184039
184043
184057
184073
184081
184087
184111
184117
184133
184153
184157
184181
184187
184189
184199
184211
184231
184241
184259
184271
184273
184279
184291
184309
184321
184333
184337
184351
184369
184409
184417
184441
184447
184463
184477
184487
184489
184511
184517
184523
184553
184559
184567
184571
184577
184607
184609
184627
184631
184633
184649
184651
184669
184687
184693
184703
184711
184721
184727
184733
184753
184777
184823
184829
184831
184837
184843
184859
184879
184901
184903
184913
184949
184957
184967
184969
184993
184997
184999
185021
185027
185051
185057
185063
185069
185071
185077
185089
185099
185123
185131
185137
185149
185153
185161
185167
185177
185183
185189
185221
185233
185243
185267
185291
185299
185303
185309
185323
185327
185359
185363
185369
185371
185401
185429
185441
185467
185477
185483
185491
185519
185527
185531
185533
185539
185543
185551
185557
185567
185569
185593
185599
185621
185641
185651
185677
185681
185683
185693
185699
185707
185711
185723
185737
185747
185749
185753
185767
185789
185797
185813
185819
185821
185831
185833
185849
185869
185873
185893
185897
185903
185917
185923
185947
185951
185957
185959
185971
185987
185993
186007
186013
186019
186023
186037
186041
186049
186071
186097
186103
186107
186113
186119
186149
186157
186161
186163
186187
186191
186211
186227
186229
186239
186247
186253
186259
186271
186283
186299
186301
186311
186317
186343
186377
186379
186391
186397
186419
186437
186451
186469
186479
186481
186551
186569
186581
186583
186587
186601
186619
186629
186647
186649
186653
186671
186679
186689
186701
186707
186709
186727
186733
186743
186757
186761
186763
186773
186793
186799
186841
186859
186869
186871
186877
186883
186889
186917
186947
186959
187003
187009
187027
187043
187049
187067
187069
187073
187081
187091
187111
187123
187127
187129
187133
187139
187141
187163
187171
187177
187181
187189
187193
187211
187217
187219
187223
187237
187273
187277
187303
187337
187339
187349
187361
187367
187373
187379
187387
187393
187409
187417
187423
187433
187441
187463
187469
187471
187477
187507
187513
187531
187547
187559
187573
187597
187631
187633
187637
187639
187651
187661
187669
187687
187699
187711
187721
187751
187763
187787
187793
187823
187843
187861
187871
187877
187883
187897
187907
187909
187921
187927
187931
187951
187963
187973
187987
188011
188017
188021
188029
188107
188137
188143
188147
188159
188171
188179
188189
188197
188249
188261
188273
188281
188291
188299
188303
188311
188317
188323
188333
188351
188359
188369
188389
188401
188407
188417
188431
188437
188443
188459
188473
188483
188491
188519
188527
188533
188563
188579
188603
188609
188621
188633
188653
188677
188681
188687
188693
188701
188707
188711
188719
188729
188753
188767
188779
188791
188801
188827
188831
188833
188843
188857
188861
188863
188869
188891
188911
188927
188933
188939
188941
188953
188957
188983
188999
189011
189017
189019
189041
189043
189061
189067
189127
189139
189149
189151
189169
189187
189199
There are 430 prime numbers in S72.
