S73(189217~194472)
189223
189229
189239
189251
189253
189257
189271
189307
189311
189337
189347
189349
189353
189361
189377
189389
189391
189401
189407
189421
189433
189437
189439
189463
189467
189473
189479
189491
189493
189509
189517
189523
189529
189547
189559
189583
189593
189599
189613
189617
189619
189643
189653
189661
189671
189691
189697
189701
189713
189733
189743
189757
189767
189797
189799
189817
189823
189851
189853
189859
189877
189881
189887
189901
189913
189929
189947
189949
189961
189967
189977
189983
189989
189997
190027
190031
190051
190063
190093
190097
190121
190129
190147
190159
190181
190207
190243
190249
190261
190271
190283
190297
190301
190313
190321
190331
190339
190357
190367
190369
190387
190391
190403
190409
190471
190507
190523
190529
190537
190543
190573
190577
190579
190583
190591
190607
190613
190633
190639
190649
190657
190667
190669
190699
190709
190711
190717
190753
190759
190763
190769
190783
190787
190793
190807
190811
190823
190829
190837
190843
190871
190889
190891
190901
190909
190913
190921
190979
190997
191021
191027
191033
191039
191047
191057
191071
191089
191099
191119
191123
191137
191141
191143
191161
191173
191189
191227
191231
191237
191249
191251
191281
191297
191299
191339
191341
191353
191413
191441
191447
191449
191453
191459
191461
191467
191473
191491
191497
191507
191509
191519
191531
191533
191537
191551
191561
191563
191579
191599
191621
191627
191657
191669
191671
191677
191689
191693
191699
191707
191717
191747
191749
191773
191783
191791
191801
191803
191827
191831
191833
191837
191861
191899
191903
191911
191929
191953
191969
191977
191999
192007
192013
192029
192037
192043
192047
192053
192091
192097
192103
192113
192121
192133
192149
192161
192173
192187
192191
192193
192229
192233
192239
192251
192259
192263
192271
192307
192317
192319
192323
192341
192343
192347
192373
192377
192383
192391
192407
192431
192461
192463
192497
192499
192529
192539
192547
192553
192557
192571
192581
192583
192587
192601
192611
192613
192617
192629
192631
192637
192667
192677
192697
192737
192743
192749
192757
192767
192781
192791
192799
192811
192817
192833
192847
192853
192859
192877
192883
192887
192889
192917
192923
192931
192949
192961
192971
192977
192979
192991
193003
193009
193013
193031
193043
193051
193057
193073
193093
193133
193139
193147
193153
193163
193181
193183
193189
193201
193243
193247
193261
193283
193301
193327
193337
193357
193367
193373
193379
193381
193387
193393
193423
193433
193441
193447
193451
193463
193469
193493
193507
193513
193541
193549
193559
193573
193577
193597
193601
193603
193607
193619
193649
193663
193679
193703
193723
193727
193741
193751
193757
193763
193771
193789
193793
193799
193811
193813
193841
193847
193859
193861
193871
193873
193877
193883
193891
193937
193939
193943
193951
193957
193979
193993
194003
194017
194027
194057
194069
194071
194083
194087
194093
194101
194113
194119
194141
194149
194167
194179
194197
194203
194239
194263
194267
194269
194309
194323
194353
194371
194377
194413
194431
194443
194471
There are 434 prime numbers in S73.
