S74(194473~199800)
194479
194483
194507
194521
194527
194543
194569
194581
194591
194609
194647
194653
194659
194671
194681
194683
194687
194707
194713
194717
194723
194729
194749
194767
194771
194809
194813
194819
194827
194839
194861
194863
194867
194869
194891
194899
194911
194917
194933
194963
194977
194981
194989
195023
195029
195043
195047
195049
195053
195071
195077
195089
195103
195121
195127
195131
195137
195157
195161
195163
195193
195197
195203
195229
195241
195253
195259
195271
195277
195281
195311
195319
195329
195341
195343
195353
195359
195389
195401
195407
195413
195427
195443
195457
195469
195479
195493
195497
195511
195527
195539
195541
195581
195593
195599
195659
195677
195691
195697
195709
195731
195733
195737
195739
195743
195751
195761
195781
195787
195791
195809
195817
195863
195869
195883
195887
195893
195907
195913
195919
195929
195931
195967
195971
195973
195977
195991
195997
196003
196033
196039
196043
196051
196073
196081
196087
196111
196117
196139
196159
196169
196171
196177
196181
196187
196193
196201
196247
196271
196277
196279
196291
196303
196307
196331
196337
196379
196387
196429
196439
196453
196459
196477
196499
196501
196519
196523
196541
196543
196549
196561
196579
196583
196597
196613
196643
196657
196661
196663
196681
196687
196699
196709
196717
196727
196739
196751
196769
196771
196799
196817
196831
196837
196853
196871
196873
196879
196901
196907
196919
196927
196961
196991
196993
197003
197009
197023
197033
197059
197063
197077
197083
197089
197101
197117
197123
197137
197147
197159
197161
197203
197207
197221
197233
197243
197257
197261
197269
197273
197279
197293
197297
197299
197311
197339
197341
197347
197359
197369
197371
197381
197383
197389
197419
197423
197441
197453
197479
197507
197521
197539
197551
197567
197569
197573
197597
197599
197609
197621
197641
197647
197651
197677
197683
197689
197699
197711
197713
197741
197753
197759
197767
197773
197779
197803
197807
197831
197837
197887
197891
197893
197909
197921
197927
197933
197947
197957
197959
197963
197969
197971
198013
198017
198031
198043
198047
198073
198083
198091
198097
198109
198127
198139
198173
198179
198193
198197
198221
198223
198241
198251
198257
198259
198277
198281
198301
198313
198323
198337
198347
198349
198377
198391
198397
198409
198413
198427
198437
198439
198461
198463
198469
198479
198491
198503
198529
198533
198553
198571
198589
198593
198599
198613
198623
198637
198641
198647
198659
198673
198689
198701
198719
198733
198761
198769
198811
198817
198823
198827
198829
198833
198839
198841
198851
198859
198899
198901
198929
198937
198941
198943
198953
198959
198967
198971
198977
198997
199021
199033
199037
199039
199049
199081
199103
199109
199151
199153
199181
199193
199207
199211
199247
199261
199267
199289
199313
199321
199337
199343
199357
199373
199379
199399
199403
199411
199417
199429
199447
199453
199457
199483
199487
199489
199499
199501
199523
199559
199567
199583
199601
199603
199621
199637
199657
199669
199673
199679
199687
199697
199721
199729
199739
199741
199751
199753
199777
199783
199799
There are 438 prime numbers in S74.
