S75(199801~205200)
199807
199811
199813
199819
199831
199853
199873
199877
199889
199909
199921
199931
199933
199961
199967
199999
200003
200009
200017
200023
200029
200033
200041
200063
200087
200117
200131
200153
200159
200171
200177
200183
200191
200201
200227
200231
200237
200257
200273
200293
200297
200323
200329
200341
200351
200357
200363
200371
200381
200383
200401
200407
200437
200443
200461
200467
200483
200513
200569
200573
200579
200587
200591
200597
200609
200639
200657
200671
200689
200699
200713
200723
200731
200771
200779
200789
200797
200807
200843
200861
200867
200869
200881
200891
200899
200903
200909
200927
200929
200971
200983
200987
200989
201007
201011
201031
201037
201049
201073
201101
201107
201119
201121
201139
201151
201163
201167
201193
201203
201209
201211
201233
201247
201251
201281
201287
201307
201329
201337
201359
201389
201401
201403
201413
201437
201449
201451
201473
201491
201493
201497
201499
201511
201517
201547
201557
201577
201581
201589
201599
201611
201623
201629
201653
201661
201667
201673
201683
201701
201709
201731
201743
201757
201767
201769
201781
201787
201791
201797
201809
201821
201823
201827
201829
201833
201847
201881
201889
201893
201907
201911
201919
201923
201937
201947
201953
201961
201973
201979
201997
202001
202021
202031
202049
202061
202063
202067
202087
202099
202109
202121
202127
202129
202183
202187
202201
202219
202231
202243
202277
202289
202291
202309
202327
202339
202343
202357
202361
202381
202387
202393
202403
202409
202441
202471
202481
202493
202519
202529
202549
202567
202577
202591
202613
202621
202627
202637
202639
202661
202667
202679
202693
202717
202729
202733
202747
202751
202753
202757
202777
202799
202817
202823
202841
202859
202877
202879
202889
202907
202921
202931
202933
202949
202967
202973
202981
202987
202999
203011
203017
203023
203039
203051
203057
203117
203141
203173
203183
203207
203209
203213
203221
203227
203233
203249
203279
203293
203309
203311
203317
203321
203323
203339
203341
203351
203353
203363
203381
203383
203387
203393
203417
203419
203429
203431
203449
203459
203461
203531
203549
203563
203569
203579
203591
203617
203627
203641
203653
203657
203659
203663
203669
203713
203761
203767
203771
203773
203789
203807
203809
203821
203843
203857
203869
203873
203897
203909
203911
203921
203947
203953
203969
203971
203977
203989
203999
204007
204013
204019
204023
204047
204059
204067
204101
204107
204133
204137
204143
204151
204161
204163
204173
204233
204251
204299
204301
204311
204319
204329
204331
204353
204359
204361
204367
204371
204377
204397
204427
204431
204437
204439
204443
204461
204481
204487
204509
204511
204517
204521
204557
204563
204583
204587
204599
204601
204613
204623
204641
204667
204679
204707
204719
204733
204749
204751
204781
204791
204793
204797
204803
204821
204857
204859
204871
204887
204913
204917
204923
204931
204947
204973
204979
204983
205019
205031
205033
205043
205063
205069
205081
205097
205103
205111
205129
205133
205141
205151
205157
205171
205187
There are 430 prime numbers in S75.
