S78(216217~221832)
216217
216233
216259
216263
216289
216317
216319
216329
216347
216371
216373
216379
216397
216401
216421
216431
216451
216481
216493
216509
216523
216551
216553
216569
216571
216577
216607
216617
216641
216647
216649
216653
216661
216679
216703
216719
216731
216743
216751
216757
216761
216779
216781
216787
216791
216803
216829
216841
216851
216859
216877
216899
216901
216911
216917
216919
216947
216967
216973
216991
217001
217003
217027
217033
217057
217069
217081
217111
217117
217121
217157
217163
217169
217199
217201
217207
217219
217223
217229
217241
217253
217271
217307
217309
217313
217319
217333
217337
217339
217351
217361
217363
217367
217369
217387
217397
217409
217411
217421
217429
217439
217457
217463
217489
217499
217517
217519
217559
217561
217573
217577
217579
217619
217643
217661
217667
217681
217687
217691
217697
217717
217727
217733
217739
217747
217771
217781
217793
217823
217829
217849
217859
217901
217907
217909
217933
217937
217969
217979
217981
218003
218021
218047
218069
218077
218081
218083
218087
218107
218111
218117
218131
218137
218143
218149
218171
218191
218213
218227
218233
218249
218279
218287
218357
218363
218371
218381
218389
218401
218417
218419
218423
218437
218447
218453
218459
218461
218479
218509
218513
218521
218527
218531
218549
218551
218579
218591
218599
218611
218623
218627
218629
218641
218651
218657
218677
218681
218711
218717
218719
218723
218737
218749
218761
218783
218797
218809
218819
218833
218839
218843
218849
218857
218873
218887
218923
218941
218947
218963
218969
218971
218987
218989
218993
219001
219017
219019
219031
219041
219053
219059
219071
219083
219091
219097
219103
219119
219133
219143
219169
219187
219217
219223
219251
219277
219281
219293
219301
219311
219313
219353
219361
219371
219377
219389
219407
219409
219433
219437
219451
219463
219467
219491
219503
219517
219523
219529
219533
219547
219577
219587
219599
219607
219613
219619
219629
219647
219649
219677
219679
219683
219689
219707
219721
219727
219731
219749
219757
219761
219763
219767
219787
219797
219799
219809
219823
219829
219839
219847
219851
219871
219881
219889
219911
219917
219931
219937
219941
219943
219953
219959
219971
219977
219979
219983
220009
220013
220019
220021
220057
220063
220123
220141
220147
220151
220163
220169
220177
220189
220217
220243
220279
220291
220301
220307
220327
220333
220351
220357
220361
220369
220373
220391
220399
220403
220411
220421
220447
220469
220471
220511
220513
220529
220537
220543
220553
220559
220573
220579
220589
220613
220663
220667
220673
220681
220687
220699
220709
220721
220747
220757
220771
220783
220789
220793
220807
220811
220841
220859
220861
220873
220877
220879
220889
220897
220901
220903
220907
220919
220931
220933
220939
220973
221021
221047
221059
221069
221071
221077
221083
221087
221093
221101
221159
221171
221173
221197
221201
221203
221209
221219
221227
221233
221239
221251
221261
221281
221303
221311
221317
221327
221393
221399
221401
221411
221413
221447
221453
221461
221471
221477
221489
221497
221509
221537
221539
221549
221567
221581
221587
221603
221621
221623
221653
221657
221659
221671
221677
221707
221713
221717
221719
221723
221729
221737
221747
221773
221797
221807
221813
221827
221831
There are 462 prime numbers in S78.
