S79(221833~227520)
221849
221873
221891
221909
221941
221951
221953
221957
221987
221989
221999
222007
222011
222023
222029
222041
222043
222059
222067
222073
222107
222109
222113
222127
222137
222149
222151
222161
222163
222193
222197
222199
222247
222269
222289
222293
222311
222317
222323
222329
222337
222347
222349
222361
222367
222379
222389
222403
222419
222437
222461
222493
222499
222511
222527
222533
222553
222557
222587
222601
222613
222619
222643
222647
222659
222679
222707
222713
222731
222773
222779
222787
222791
222793
222799
222823
222839
222841
222857
222863
222877
222883
222913
222919
222931
222941
222947
222953
222967
222977
222979
222991
223007
223009
223019
223037
223049
223051
223061
223063
223087
223099
223103
223129
223133
223151
223207
223211
223217
223219
223229
223241
223243
223247
223253
223259
223273
223277
223283
223291
223303
223313
223319
223331
223337
223339
223361
223367
223381
223403
223423
223429
223439
223441
223463
223469
223481
223493
223507
223529
223543
223547
223549
223577
223589
223621
223633
223637
223667
223679
223681
223697
223711
223747
223753
223757
223759
223781
223823
223829
223831
223837
223841
223843
223849
223903
223919
223921
223939
223963
223969
223999
224011
224027
224033
224041
224047
224057
224069
224071
224101
224113
224129
224131
224149
224153
224171
224177
224197
224201
224209
224221
224233
224239
224251
224261
224267
224291
224299
224303
224309
224317
224327
224351
224359
224363
224401
224423
224429
224443
224449
224461
224467
224473
224491
224501
224513
224527
224563
224569
224579
224591
224603
224611
224617
224629
224633
224669
224677
224683
224699
224711
224717
224729
224737
224743
224759
224771
224797
224813
224831
224863
224869
224881
224891
224897
224909
224911
224921
224929
224947
224951
224969
224977
224993
225023
225037
225061
225067
225077
225079
225089
225109
225119
225133
225143
225149
225157
225161
225163
225167
225217
225221
225223
225227
225241
225257
225263
225287
225289
225299
225307
225341
225343
225347
225349
225353
225371
225373
225383
225427
225431
225457
225461
225479
225493
225499
225503
225509
225523
225527
225529
225569
225581
225583
225601
225611
225613
225619
225629
225637
225671
225683
225689
225697
225721
225733
225749
225751
225767
225769
225779
225781
225809
225821
225829
225839
225859
225871
225889
225919
225931
225941
225943
225949
225961
225977
225983
225989
226001
226007
226013
226027
226063
226087
226099
226103
226123
226129
226133
226141
226169
226183
226189
226199
226201
226217
226231
226241
226267
226283
226307
226313
226337
226357
226367
226379
226381
226397
226409
226427
226433
226451
226453
226463
226483
226487
226511
226531
226547
226549
226553
226571
226601
226609
226621
226631
226637
226643
226649
226657
226663
226669
226691
226697
226741
226753
226769
226777
226783
226789
226799
226813
226817
226819
226823
226843
226871
226901
226903
226907
226913
226937
226943
226991
227011
227027
227053
227081
227089
227093
227111
227113
227131
227147
227153
227159
227167
227177
227189
227191
227207
227219
227231
227233
227251
227257
227267
227281
227299
227303
227363
227371
227377
227387
227393
227399
227407
227419
227431
227453
227459
227467
227471
227473
227489
227497
227501
227519
There are 459 prime numbers in S79.
