S82(239113~245016)
239119
239137
239147
239167
239171
239179
239201
239231
239233
239237
239243
239251
239263
239273
239287
239297
239329
239333
239347
239357
239383
239387
239389
239417
239423
239429
239431
239441
239461
239489
239509
239521
239527
239531
239539
239543
239557
239567
239579
239587
239597
239611
239623
239633
239641
239671
239689
239699
239711
239713
239731
239737
239753
239779
239783
239803
239807
239831
239843
239849
239851
239857
239873
239879
239893
239929
239933
239947
239957
239963
239977
239999
240007
240011
240017
240041
240043
240047
240049
240059
240073
240089
240101
240109
240113
240131
240139
240151
240169
240173
240197
240203
240209
240257
240259
240263
240271
240283
240287
240319
240341
240347
240349
240353
240371
240379
240421
240433
240437
240473
240479
240491
240503
240509
240517
240551
240571
240587
240589
240599
240607
240623
240631
240641
240659
240677
240701
240707
240719
240727
240733
240739
240743
240763
240769
240797
240811
240829
240841
240853
240859
240869
240881
240883
240893
240899
240913
240943
240953
240959
240967
240997
241013
241027
241037
241049
241051
241061
241067
241069
241079
241093
241117
241127
241141
241169
241177
241183
241207
241229
241249
241253
241259
241261
241271
241291
241303
241313
241321
241327
241333
241337
241343
241361
241363
241391
241393
241421
241429
241441
241453
241463
241469
241489
241511
241513
241517
241537
241543
241559
241561
241567
241589
241597
241601
241603
241639
241643
241651
241663
241667
241679
241687
241691
241711
241727
241739
241771
241781
241783
241793
241807
241811
241817
241823
241847
241861
241867
241873
241877
241883
241903
241907
241919
241921
241931
241939
241951
241963
241973
241979
241981
241993
242009
242057
242059
242069
242083
242093
242101
242119
242129
242147
242161
242171
242173
242197
242201
242227
242243
242257
242261
242273
242279
242309
242329
242357
242371
242377
242393
242399
242413
242419
242441
242447
242449
242453
242467
242479
242483
242491
242509
242519
242521
242533
242551
242591
242603
242617
242621
242629
242633
242639
242647
242659
242677
242681
242689
242713
242729
242731
242747
242773
242779
242789
242797
242807
242813
242819
242863
242867
242873
242887
242911
242923
242927
242971
242989
242999
243011
243031
243073
243077
243091
243101
243109
243119
243121
243137
243149
243157
243161
243167
243197
243203
243209
243227
243233
243239
243259
243263
243301
243311
243343
243367
243391
243401
243403
243421
243431
243433
243437
243461
243469
243473
243479
243487
243517
243521
243527
243533
243539
243553
243577
243583
243587
243589
243613
243623
243631
243643
243647
243671
243673
243701
243703
243707
243709
243769
243781
243787
243799
243809
243829
243839
243851
243857
243863
243871
243889
243911
243917
243931
243953
243973
243989
244003
244009
244021
244033
244043
244087
244091
244109
244121
244129
244141
244147
244157
244159
244177
244199
244217
244219
244243
244247
244253
244261
244291
244297
244301
244303
244313
244333
244339
244351
244357
244367
244379
244381
244393
244399
244403
244411
244423
244429
244451
244457
244463
244471
244481
244493
244507
244529
244547
244553
244561
244567
244583
244589
244597
244603
244619
244633
244637
244639
244667
244669
244687
244691
244703
244711
244721
244733
244747
244753
244759
244781
244787
244813
244837
244841
244843
244859
244861
244873
244877
244889
244897
244901
244939
244943
244957
244997
There are 484 prime numbers in S82.
