S83(245017~250992)
245023
245029
245033
245039
245071
245083
245087
245107
245129
245131
245149
245171
245173
245177
245183
245209
245251
245257
245261
245269
245279
245291
245299
245317
245321
245339
245383
245389
245407
245411
245417
245419
245437
245471
245473
245477
245501
245513
245519
245521
245527
245533
245561
245563
245587
245591
245593
245621
245627
245629
245639
245653
245671
245681
245683
245711
245719
245723
245741
245747
245753
245759
245771
245783
245789
245821
245849
245851
245863
245881
245897
245899
245909
245911
245941
245963
245977
245981
245983
245989
246011
246017
246049
246073
246097
246119
246121
246131
246133
246151
246167
246173
246187
246193
246203
246209
246217
246223
246241
246247
246251
246271
246277
246289
246317
246319
246329
246343
246349
246361
246371
246391
246403
246439
246469
246473
246497
246509
246511
246523
246527
246539
246557
246569
246577
246599
246607
246611
246613
246637
246641
246643
246661
246683
246689
246707
246709
246713
246731
246739
246769
246773
246781
246787
246793
246803
246809
246811
246817
246833
246839
246889
246899
246907
246913
246919
246923
246929
246931
246937
246941
246947
246971
246979
247001
247007
247031
247067
247069
247073
247087
247099
247141
247183
247193
247201
247223
247229
247241
247249
247259
247279
247301
247309
247337
247339
247343
247363
247369
247381
247391
247393
247409
247421
247433
247439
247451
247463
247501
247519
247529
247531
247547
247553
247579
247591
247601
247603
247607
247609
247613
247633
247649
247651
247691
247693
247697
247711
247717
247729
247739
247759
247769
247771
247781
247799
247811
247813
247829
247847
247853
247873
247879
247889
247901
247913
247939
247943
247957
247991
247993
247997
247999
248021
248033
248041
248051
248057
248063
248071
248077
248089
248099
248117
248119
248137
248141
248161
248167
248177
248179
248189
248201
248203
248231
248243
248257
248267
248291
248293
248299
248309
248317
248323
248351
248357
248371
248389
248401
248407
248431
248441
248447
248461
248473
248477
248483
248509
248533
248537
248543
248569
248579
248587
248593
248597
248609
248621
248627
248639
248641
248657
248683
248701
248707
248719
248723
248737
248749
248753
248779
248783
248789
248797
248813
248821
248827
248839
248851
248861
248867
248869
248879
248887
248891
248893
248903
248909
248971
248981
248987
249017
249037
249059
249079
249089
249097
249103
249107
249127
249131
249133
249143
249181
249187
249199
249211
249217
249229
249233
249253
249257
249287
249311
249317
249329
249341
249367
249377
249383
249397
249419
249421
249427
249433
249437
249439
249449
249463
249497
249499
249503
249517
249521
249533
249539
249541
249563
249583
249589
249593
249607
249647
249659
249671
249677
249703
249721
249727
249737
249749
249763
249779
249797
249811
249827
249833
249853
249857
249859
249863
249871
249881
249911
249923
249943
249947
249967
249971
249973
249989
250007
250013
250027
250031
250037
250043
250049
250051
250057
250073
250091
250109
250123
250147
250153
250169
250199
250253
250259
250267
250279
250301
250307
250343
250361
250403
250409
250423
250433
250441
250451
250489
250499
250501
250543
250583
250619
250643
250673
250681
250687
250693
250703
250709
250721
250727
250739
250741
250751
250753
250777
250787
250793
250799
250807
250813
250829
250837
250841
250853
250867
250871
250889
250919
250949
250951
250963
250967
250969
250979
There are 481 prime numbers in S83.
