S84(250993~257040)
250993
251003
251033
251051
251057
251059
251063
251071
251081
251087
251099
251117
251143
251149
251159
251171
251177
251179
251191
251197
251201
251203
251219
251221
251231
251233
251257
251261
251263
251287
251291
251297
251323
251347
251353
251359
251387
251393
251417
251429
251431
251437
251443
251467
251473
251477
251483
251491
251501
251513
251519
251527
251533
251539
251543
251561
251567
251609
251611
251621
251623
251639
251653
251663
251677
251701
251707
251737
251761
251789
251791
251809
251831
251833
251843
251857
251861
251879
251887
251893
251897
251903
251917
251939
251941
251947
251969
251971
251983
252001
252013
252017
252029
252037
252079
252101
252139
252143
252151
252157
252163
252169
252173
252181
252193
252209
252223
252233
252253
252277
252283
252289
252293
252313
252319
252323
252341
252359
252383
252391
252401
252409
252419
252431
252443
252449
252457
252463
252481
252509
252533
252541
252559
252583
252589
252607
252611
252617
252641
252667
252691
252709
252713
252727
252731
252737
252761
252767
252779
252817
252823
252827
252829
252869
252877
252881
252887
252893
252899
252911
252913
252919
252937
252949
252971
252979
252983
253003
253013
253049
253063
253081
253103
253109
253133
253153
253157
253159
253229
253243
253247
253273
253307
253321
253343
253349
253361
253367
253369
253381
253387
253417
253423
253427
253433
253439
253447
253469
253481
253493
253501
253507
253531
253537
253543
253553
253567
253573
253601
253607
253609
253613
253633
253637
253639
253651
253661
253679
253681
253703
253717
253733
253741
253751
253763
253769
253777
253787
253789
253801
253811
253819
253823
253853
253867
253871
253879
253901
253907
253909
253919
253937
253949
253951
253969
253987
253993
253999
254003
254021
254027
254039
254041
254047
254053
254071
254083
254119
254141
254147
254161
254179
254197
254207
254209
254213
254249
254257
254279
254281
254291
254299
254329
254369
254377
254383
254389
254407
254413
254437
254447
254461
254489
254491
254519
254537
254557
254593
254623
254627
254647
254659
254663
254699
254713
254729
254731
254741
254747
254753
254773
254777
254783
254791
254803
254827
254831
254833
254857
254869
254873
254879
254887
254899
254911
254927
254929
254941
254959
254963
254971
254977
254987
254993
255007
255019
255023
255043
255049
255053
255071
255077
255083
255097
255107
255121
255127
255133
255137
255149
255173
255179
255181
255191
255193
255197
255209
255217
255239
255247
255251
255253
255259
255313
255329
255349
255361
255371
255383
255413
255419
255443
255457
255467
255469
255473
255487
255499
255503
255511
255517
255523
255551
255571
255587
255589
255613
255617
255637
255641
255649
255653
255659
255667
255679
255709
255713
255733
255743
255757
255763
255767
255803
255839
255841
255847
255851
255859
255869
255877
255887
255907
255917
255919
255923
255947
255961
255971
255973
255977
255989
256019
256021
256031
256033
256049
256057
256079
256093
256117
256121
256129
256133
256147
256163
256169
256181
256187
256189
256199
256211
256219
256279
256301
256307
256313
256337
256349
256363
256369
256391
256393
256423
256441
256469
256471
256483
256489
256493
256499
256517
256541
256561
256567
256577
256579
256589
256603
256609
256639
256643
256651
256661
256687
256699
256721
256723
256757
256771
256799
256801
256813
256831
256873
256877
256889
256901
256903
256931
256939
256957
256967
256981
257003
257017
There are 485 prime numbers in S84.
