S85(257041~263160)
257053
257069
257077
257093
257099
257107
257123
257141
257161
257171
257177
257189
257219
257221
257239
257249
257263
257273
257281
257287
257293
257297
257311
257321
257339
257351
257353
257371
257381
257399
257401
257407
257437
257443
257447
257459
257473
257489
257497
257501
257503
257519
257539
257561
257591
257611
257627
257639
257657
257671
257687
257689
257707
257711
257713
257717
257731
257783
257791
257797
257837
257857
257861
257863
257867
257869
257879
257893
257903
257921
257947
257953
257981
257987
257989
257993
258019
258023
258031
258061
258067
258101
258107
258109
258113
258119
258127
258131
258143
258157
258161
258173
258197
258211
258233
258241
258253
258277
258283
258299
258317
258319
258329
258331
258337
258353
258373
258389
258403
258407
258413
258421
258437
258443
258449
258469
258487
258491
258499
258521
258527
258539
258551
258563
258569
258581
258607
258611
258613
258617
258623
258631
258637
258659
258673
258677
258691
258697
258703
258707
258721
258733
258737
258743
258763
258779
258787
258803
258809
258827
258847
258871
258887
258917
258919
258949
258959
258967
258971
258977
258983
258991
259001
259009
259019
259033
259099
259121
259123
259151
259157
259159
259163
259169
259177
259183
259201
259211
259213
259219
259229
259271
259277
259309
259321
259339
259379
259381
259387
259397
259411
259421
259429
259451
259453
259459
259499
259507
259517
259531
259537
259547
259577
259583
259603
259619
259621
259627
259631
259639
259643
259657
259667
259681
259691
259697
259717
259723
259733
259751
259771
259781
259783
259801
259813
259823
259829
259837
259841
259867
259907
259933
259937
259943
259949
259967
259991
259993
260003
260009
260011
260017
260023
260047
260081
260089
260111
260137
260171
260179
260189
260191
260201
260207
260209
260213
260231
260263
260269
260317
260329
260339
260363
260387
260399
260411
260413
260417
260419
260441
260453
260461
260467
260483
260489
260527
260539
260543
260549
260551
260569
260573
260581
260587
260609
260629
260647
260651
260671
260677
260713
260717
260723
260747
260753
260761
260773
260791
260807
260809
260849
260857
260861
260863
260873
260879
260893
260921
260941
260951
260959
260969
260983
260987
260999
261011
261013
261017
261031
261043
261059
261061
261071
261077
261089
261101
261127
261167
261169
261223
261229
261241
261251
261271
261281
261301
261323
261329
261337
261347
261353
261379
261389
261407
261427
261431
261433
261439
261451
261463
261467
261509
261523
261529
261557
261563
261577
261581
261587
261593
261601
261619
261631
261637
261641
261643
261673
261697
261707
261713
261721
261739
261757
261761
261773
261787
261791
261799
261823
261847
261881
261887
261917
261959
261971
261973
261977
261983
262007
262027
262049
262051
262069
262079
262103
262109
262111
262121
262127
262133
262139
262147
262151
262153
262187
262193
262217
262231
262237
262253
262261
262271
262303
262313
262321
262331
262337
262349
262351
262369
262387
262391
262399
262411
262433
262459
262469
262489
262501
262511
262513
262519
262541
262543
262553
262567
262583
262597
262621
262627
262643
262649
262651
262657
262681
262693
262697
262709
262723
262733
262739
262741
262747
262781
262783
262807
262819
262853
262877
262883
262897
262901
262909
262937
262949
262957
262981
263009
263023
263047
263063
263071
263077
263083
263089
263101
263111
263119
263129
There are 479 prime numbers in S85.
