S86(263161~269352)
263167
263171
263183
263191
263201
263209
263213
263227
263239
263257
263267
263269
263273
263287
263293
263303
263323
263369
263383
263387
263399
263401
263411
263423
263429
263437
263443
263489
263491
263503
263513
263519
263521
263533
263537
263561
263567
263573
263591
263597
263609
263611
263621
263647
263651
263657
263677
263723
263729
263737
263759
263761
263803
263819
263821
263827
263843
263849
263863
263867
263869
263881
263899
263909
263911
263927
263933
263941
263951
263953
263957
263983
264007
264013
264029
264031
264053
264059
264071
264083
264091
264101
264113
264127
264133
264137
264139
264167
264169
264179
264211
264221
264263
264269
264283
264289
264301
264323
264331
264343
264349
264353
264359
264371
264391
264403
264437
264443
264463
264487
264527
264529
264553
264559
264577
264581
264599
264601
264619
264631
264637
264643
264659
264697
264731
264739
264743
264749
264757
264763
264769
264779
264787
264791
264793
264811
264827
264829
264839
264871
264881
264889
264893
264899
264919
264931
264949
264959
264961
264977
264991
264997
265003
265007
265021
265037
265079
265091
265093
265117
265123
265129
265141
265151
265157
265163
265169
265193
265207
265231
265241
265247
265249
265261
265271
265273
265277
265313
265333
265337
265339
265381
265399
265403
265417
265423
265427
265451
265459
265471
265483
265493
265511
265513
265541
265543
265547
265561
265567
265571
265579
265607
265613
265619
265621
265703
265709
265711
265717
265729
265739
265747
265757
265781
265787
265807
265813
265819
265831
265841
265847
265861
265871
265873
265883
265891
265921
265957
265961
265987
266003
266009
266023
266027
266029
266047
266051
266053
266059
266081
266083
266089
266093
266099
266111
266117
266129
266137
266153
266159
266177
266183
266221
266239
266261
266269
266281
266291
266293
266297
266333
266351
266353
266359
266369
266381
266401
266411
266417
266447
266449
266477
266479
266489
266491
266521
266549
266587
266599
266603
266633
266641
266647
266663
266671
266677
266681
266683
266687
266689
266701
266711
266719
266759
266767
266797
266801
266821
266837
266839
266863
266867
266891
266897
266899
266909
266921
266927
266933
266947
266953
266957
266971
266977
266983
266993
266999
267017
267037
267049
267097
267131
267133
267139
267143
267167
267187
267193
267199
267203
267217
267227
267229
267233
267259
267271
267277
267299
267301
267307
267317
267341
267353
267373
267389
267391
267401
267403
267413
267419
267431
267433
267439
267451
267469
267479
267481
267493
267497
267511
267517
267521
267523
267541
267551
267557
267569
267581
267587
267593
267601
267611
267613
267629
267637
267643
267647
267649
267661
267667
267671
267677
267679
267713
267719
267721
267727
267737
267739
267749
267763
267781
267791
267797
267803
267811
267829
267833
267857
267863
267877
267887
267893
267899
267901
267907
267913
267929
267941
267959
267961
268003
268013
268043
268049
268063
268069
268091
268123
268133
268153
268171
268189
268199
268207
268211
268237
268253
268267
268271
268283
268291
268297
268343
268403
268439
268459
268487
268493
268501
268507
268517
268519
268529
268531
268537
268547
268573
268607
268613
268637
268643
268661
268693
268721
268729
268733
268747
268757
268759
268771
268777
268781
268783
268789
268811
268813
268817
268819
268823
268841
268843
268861
268883
268897
268909
268913
268921
268927
268937
268969
268973
268979
268993
268997
268999
269023
269029
269039
269041
269057
269063
269069
269089
269117
269131
269141
269167
269177
269179
269183
269189
269201
269209
269219
269221
269231
269237
269251
269257
269281
269317
269327
269333
269341
269351
There are 516 prime numbers in S86.
