S87(269353~275616)
269377
269383
269387
269389
269393
269413
269419
269429
269431
269441
269461
269473
269513
269519
269527
269539
269543
269561
269573
269579
269597
269617
269623
269641
269651
269663
269683
269701
269713
269719
269723
269741
269749
269761
269779
269783
269791
269851
269879
269887
269891
269897
269923
269939
269947
269953
269981
269987
270001
270029
270031
270037
270059
270071
270073
270097
270121
270131
270133
270143
270157
270163
270167
270191
270209
270217
270223
270229
270239
270241
270269
270271
270287
270299
270307
270311
270323
270329
270337
270343
270371
270379
270407
270421
270437
270443
270451
270461
270463
270493
270509
270527
270539
270547
270551
270553
270563
270577
270583
270587
270593
270601
270619
270631
270653
270659
270667
270679
270689
270701
270709
270719
270737
270749
270761
270763
270791
270797
270799
270821
270833
270841
270859
270899
270913
270923
270931
270937
270953
270961
270967
270973
271003
271013
271021
271027
271043
271057
271067
271079
271097
271109
271127
271129
271163
271169
271177
271181
271211
271217
271231
271241
271253
271261
271273
271277
271279
271289
271333
271351
271357
271363
271367
271393
271409
271429
271451
271463
271471
271483
271489
271499
271501
271517
271549
271553
271571
271573
271597
271603
271619
271637
271639
271651
271657
271693
271703
271723
271729
271753
271769
271771
271787
271807
271811
271829
271841
271849
271853
271861
271867
271879
271897
271903
271919
271927
271939
271967
271969
271981
272003
272009
272011
272029
272039
272053
272059
272093
272131
272141
272171
272179
272183
272189
272191
272201
272203
272227
272231
272249
272257
272263
272267
272269
272287
272299
272317
272329
272333
272341
272347
272351
272353
272359
272369
272381
272383
272399
272407
272411
272417
272423
272449
272453
272477
272507
272533
272537
272539
272549
272563
272567
272581
272603
272621
272651
272659
272683
272693
272717
272719
272737
272759
272761
272771
272777
272807
272809
272813
272863
272879
272887
272903
272911
272917
272927
272933
272959
272971
272981
272983
272989
272999
273001
273029
273043
273047
273059
273061
273067
273073
273083
273107
273113
273127
273131
273149
273157
273181
273187
273193
273233
273253
273269
273271
273281
273283
273289
273311
273313
273323
273349
273359
273367
273433
273457
273473
273503
273517
273521
273527
273551
273569
273601
273613
273617
273629
273641
273643
273653
273697
273709
273719
273727
273739
273773
273787
273797
273803
273821
273827
273857
273881
273899
273901
273913
273919
273929
273941
273943
273967
273971
273979
273997
274007
274019
274033
274061
274069
274081
274093
274103
274117
274121
274123
274139
274147
274163
274171
274177
274187
274199
274201
274213
274223
274237
274243
274259
274271
274277
274283
274301
274333
274349
274357
274361
274403
274423
274441
274451
274453
274457
274471
274489
274517
274529
274579
274583
274591
274609
274627
274661
274667
274679
274693
274697
274709
274711
274723
274739
274751
274777
274783
274787
274811
274817
274829
274831
274837
274843
274847
274853
274861
274867
274871
274889
274909
274931
274943
274951
274957
274961
274973
274993
275003
275027
275039
275047
275053
275059
275083
275087
275129
275131
275147
275153
275159
275161
275167
275183
275201
275207
275227
275251
275263
275269
275299
275309
275321
275323
275339
275357
275371
275389
275393
275399
275419
275423
275447
275449
275453
275459
275461
275489
275491
275503
275521
275531
275543
275549
275573
275579
275581
275591
275593
275599
There are 496 prime numbers in S87.
