S88(275617~281952)
275623
275641
275651
275657
275669
275677
275699
275711
275719
275729
275741
275767
275773
275783
275813
275827
275837
275881
275897
275911
275917
275921
275923
275929
275939
275941
275963
275969
275981
275987
275999
276007
276011
276019
276037
276041
276043
276047
276049
276079
276083
276091
276113
276137
276151
276173
276181
276187
276191
276209
276229
276239
276247
276251
276257
276277
276293
276319
276323
276337
276343
276347
276359
276371
276373
276389
276401
276439
276443
276449
276461
276467
276487
276499
276503
276517
276527
276553
276557
276581
276587
276589
276593
276599
276623
276629
276637
276671
276673
276707
276721
276739
276763
276767
276779
276781
276817
276821
276823
276827
276833
276839
276847
276869
276883
276901
276907
276917
276919
276929
276949
276953
276961
276977
277003
277007
277021
277051
277063
277073
277087
277097
277099
277157
277163
277169
277177
277183
277213
277217
277223
277231
277247
277259
277261
277273
277279
277297
277301
277309
277331
277363
277373
277411
277421
277427
277429
277483
277493
277499
277513
277531
277547
277549
277567
277577
277579
277597
277601
277603
277637
277639
277643
277657
277663
277687
277691
277703
277741
277747
277751
277757
277787
277789
277793
277813
277829
277847
277859
277883
277889
277891
277897
277903
277919
277961
277993
277999
278017
278029
278041
278051
278063
278071
278087
278111
278119
278123
278143
278147
278149
278177
278191
278207
278209
278219
278227
278233
278237
278261
278269
278279
278321
278329
278347
278353
278363
278387
278393
278413
278437
278459
278479
278489
278491
278497
278501
278503
278543
278549
278557
278561
278563
278581
278591
278609
278611
278617
278623
278627
278639
278651
278671
278687
278689
278701
278717
278741
278743
278753
278767
278801
278807
278809
278813
278819
278827
278843
278849
278867
278879
278881
278891
278903
278909
278911
278917
278947
278981
279001
279007
279023
279029
279047
279073
279109
279119
279121
279127
279131
279137
279143
279173
279179
279187
279203
279211
279221
279269
279311
279317
279329
279337
279353
279397
279407
279413
279421
279431
279443
279451
279479
279481
279511
279523
279541
279551
279553
279557
279571
279577
279583
279593
279607
279613
279619
279637
279641
279649
279659
279679
279689
279707
279709
279731
279751
279761
279767
279779
279817
279823
279847
279857
279863
279883
279913
279919
279941
279949
279967
279977
279991
280001
280009
280013
280031
280037
280061
280069
280097
280099
280103
280121
280129
280139
280183
280187
280199
280207
280219
280223
280229
280243
280249
280253
280277
280297
280303
280321
280327
280337
280339
280351
280373
280409
280411
280451
280463
280487
280499
280507
280513
280537
280541
280547
280549
280561
280583
280589
280591
280597
280603
280607
280613
280627
280639
280673
280681
280697
280699
280703
280711
280717
280729
280751
280759
280769
280771
280811
280817
280837
280843
280859
280871
280879
280883
280897
280909
280913
280921
280927
280933
280939
280949
280957
280963
280967
280979
280997
281023
281033
281053
281063
281069
281081
281117
281131
281153
281159
281167
281189
281191
281207
281227
281233
281243
281249
281251
281273
281279
281291
281297
281317
281321
281327
281339
281353
281357
281363
281381
281419
281423
281429
281431
281509
281527
281531
281539
281549
281551
281557
281563
281579
281581
281609
281621
281623
281627
281641
281647
281651
281653
281663
281669
281683
281717
281719
281737
281747
281761
281767
281777
281783
281791
281797
281803
281807
281833
281837
281839
281849
281857
281867
281887
281893
281921
281923
281927
281933
281947
There are 510 prime numbers in S88.
