S89(281953~288360)
281959
281971
281989
281993
282001
282011
282019
282053
282059
282071
282089
282091
282097
282101
282103
282127
282143
282157
282167
282221
282229
282239
282241
282253
282281
282287
282299
282307
282311
282313
282349
282377
282383
282389
282391
282407
282409
282413
282427
282439
282461
282481
282487
282493
282559
282563
282571
282577
282589
282599
282617
282661
282671
282677
282679
282683
282691
282697
282703
282707
282713
282767
282769
282773
282797
282809
282827
282833
282847
282851
282869
282881
282889
282907
282911
282913
282917
282959
282973
282977
282991
283001
283007
283009
283027
283051
283079
283093
283097
283099
283111
283117
283121
283133
283139
283159
283163
283181
283183
283193
283207
283211
283267
283277
283289
283303
283369
283397
283403
283411
283447
283463
283487
283489
283501
283511
283519
283541
283553
283571
283573
283579
283583
283601
283607
283609
283631
283637
283639
283669
283687
283697
283721
283741
283763
283769
283771
283793
283799
283807
283813
283817
283831
283837
283859
283861
283873
283909
283937
283949
283957
283961
283979
284003
284023
284041
284051
284057
284059
284083
284093
284111
284117
284129
284131
284149
284153
284159
284161
284173
284191
284201
284227
284231
284233
284237
284243
284261
284267
284269
284293
284311
284341
284357
284369
284377
284387
284407
284413
284423
284429
284447
284467
284477
284483
284489
284507
284509
284521
284527
284539
284551
284561
284573
284587
284591
284593
284623
284633
284651
284657
284659
284681
284689
284701
284707
284723
284729
284731
284737
284741
284743
284747
284749
284759
284777
284783
284803
284807
284813
284819
284831
284833
284839
284857
284881
284897
284899
284917
284927
284957
284969
284989
285007
285023
285031
285049
285071
285079
285091
285101
285113
285119
285121
285139
285151
285161
285179
285191
285199
285221
285227
285251
285281
285283
285287
285289
285301
285317
285343
285377
285421
285433
285451
285457
285463
285469
285473
285497
285517
285521
285533
285539
285553
285557
285559
285569
285599
285611
285613
285629
285631
285641
285643
285661
285667
285673
285697
285707
285709
285721
285731
285749
285757
285763
285767
285773
285781
285823
285827
285839
285841
285871
285937
285949
285953
285977
285979
285983
285997
286001
286009
286019
286043
286049
286061
286063
286073
286103
286129
286163
286171
286199
286243
286249
286289
286301
286333
286367
286369
286381
286393
286397
286411
286421
286427
286453
286457
286459
286469
286477
286483
286487
286493
286499
286513
286519
286541
286543
286547
286553
286589
286591
286609
286613
286619
286633
286651
286673
286687
286697
286703
286711
286721
286733
286751
286753
286763
286771
286777
286789
286801
286813
286831
286859
286873
286927
286973
286981
286987
286999
287003
287047
287057
287059
287087
287093
287099
287107
287117
287137
287141
287149
287159
287167
287173
287179
287191
287219
287233
287237
287239
287251
287257
287269
287279
287281
287291
287297
287321
287327
287333
287341
287347
287383
287387
287393
287437
287449
287491
287501
287503
287537
287549
287557
287579
287597
287611
287629
287669
287671
287681
287689
287701
287731
287747
287783
287789
287801
287813
287821
287849
287851
287857
287863
287867
287873
287887
287921
287933
287939
287977
288007
288023
288049
288053
288061
288077
288089
288109
288137
288179
288181
288191
288199
288203
288209
288227
288241
288247
288257
288283
288293
288307
288313
288317
288349
288359
There are 488 prime numbers in S89.
