S90(288361~294840)
288361
288383
288389
288403
288413
288427
288433
288461
288467
288481
288493
288499
288527
288529
288539
288551
288559
288571
288577
288583
288647
288649
288653
288661
288679
288683
288689
288697
288731
288733
288751
288767
288773
288803
288817
288823
288833
288839
288851
288853
288877
288907
288913
288929
288931
288947
288973
288979
288989
288991
288997
289001
289019
289021
289031
289033
289039
289049
289063
289067
289099
289103
289109
289111
289127
289129
289139
289141
289151
289169
289171
289181
289189
289193
289213
289241
289243
289249
289253
289273
289283
289291
289297
289309
289319
289343
289349
289361
289369
289381
289397
289417
289423
289439
289453
289463
289469
289477
289489
289511
289543
289559
289573
289577
289589
289603
289607
289637
289643
289657
289669
289717
289721
289727
289733
289741
289759
289763
289771
289789
289837
289841
289843
289847
289853
289859
289871
289889
289897
289937
289951
289957
289967
289973
289987
289999
290011
290021
290023
290027
290033
290039
290041
290047
290057
290083
290107
290113
290119
290137
290141
290161
290183
290189
290201
290209
290219
290233
290243
290249
290317
290327
290347
290351
290359
290369
290383
290393
290399
290419
290429
290441
290443
290447
290471
290473
290489
290497
290509
290527
290531
290533
290539
290557
290593
290597
290611
290617
290621
290623
290627
290657
290659
290663
290669
290671
290677
290701
290707
290711
290737
290761
290767
290791
290803
290821
290827
290837
290839
290861
290869
290879
290897
290923
290959
290963
290971
290987
290993
290999
291007
291013
291037
291041
291043
291077
291089
291101
291103
291107
291113
291143
291167
291169
291173
291191
291199
291209
291217
291253
291257
291271
291287
291293
291299
291331
291337
291349
291359
291367
291371
291373
291377
291419
291437
291439
291443
291457
291481
291491
291503
291509
291521
291539
291547
291559
291563
291569
291619
291647
291649
291661
291677
291689
291691
291701
291721
291727
291743
291751
291779
291791
291817
291829
291833
291853
291857
291869
291877
291887
291899
291901
291923
291971
291979
291983
291997
292021
292027
292037
292057
292069
292079
292081
292091
292093
292133
292141
292147
292157
292181
292183
292223
292231
292241
292249
292267
292283
292301
292309
292319
292343
292351
292363
292367
292381
292393
292427
292441
292459
292469
292471
292477
292483
292489
292493
292517
292531
292541
292549
292561
292573
292577
292601
292627
292631
292661
292667
292673
292679
292693
292703
292709
292711
292717
292727
292753
292759
292777
292793
292801
292807
292819
292837
292841
292849
292867
292879
292909
292921
292933
292969
292973
292979
292993
293021
293071
293081
293087
293093
293099
293107
293123
293129
293147
293149
293173
293177
293179
293201
293207
293213
293221
293257
293261
293263
293269
293311
293329
293339
293351
293357
293399
293413
293431
293441
293453
293459
293467
293473
293483
293507
293543
293599
293603
293617
293621
293633
293639
293651
293659
293677
293681
293701
293717
293723
293729
293749
293767
293773
293791
293803
293827
293831
293861
293863
293893
293899
293941
293957
293983
293989
293999
294001
294013
294023
294029
294043
294053
294059
294067
294103
294127
294131
294149
294157
294167
294169
294179
294181
294199
294211
294223
294227
294241
294247
294251
294269
294277
294289
294293
294311
294313
294317
294319
294337
294341
294347
294353
294383
294391
294397
294403
294431
294439
294461
294467
294479
294499
294509
294523
294529
294551
294563
294629
294641
294647
294649
294659
294673
294703
294731
294751
294757
294761
294773
294781
294787
294793
294799
294803
294809
294821
294829
There are 514 prime numbers in S90.
