S91(294841~301392)
294859
294869
294887
294893
294911
294919
294923
294947
294949
294953
294979
294989
294991
294997
295007
295033
295037
295039
295049
295073
295079
295081
295111
295123
295129
295153
295187
295199
295201
295219
295237
295247
295259
295271
295277
295283
295291
295313
295319
295333
295357
295363
295387
295411
295417
295429
295433
295439
295441
295459
295513
295517
295541
295553
295567
295571
295591
295601
295663
295693
295699
295703
295727
295751
295759
295769
295777
295787
295819
295831
295837
295843
295847
295853
295861
295871
295873
295877
295879
295901
295903
295909
295937
295943
295949
295951
295961
295973
295993
296011
296017
296027
296041
296047
296071
296083
296099
296117
296129
296137
296159
296183
296201
296213
296221
296237
296243
296249
296251
296269
296273
296279
296287
296299
296347
296353
296363
296369
296377
296437
296441
296473
296477
296479
296489
296503
296507
296509
296519
296551
296557
296561
296563
296579
296581
296587
296591
296627
296651
296663
296669
296683
296687
296693
296713
296719
296729
296731
296741
296749
296753
296767
296771
296773
296797
296801
296819
296827
296831
296833
296843
296909
296911
296921
296929
296941
296969
296971
296981
296983
296987
297019
297023
297049
297061
297067
297079
297083
297097
297113
297133
297151
297161
297169
297191
297233
297247
297251
297257
297263
297289
297317
297359
297371
297377
297391
297397
297403
297421
297439
297457
297467
297469
297481
297487
297503
297509
297523
297533
297581
297589
297601
297607
297613
297617
297623
297629
297641
297659
297683
297691
297707
297719
297727
297757
297779
297793
297797
297809
297811
297833
297841
297853
297881
297889
297893
297907
297911
297931
297953
297967
297971
297989
297991
298013
298021
298031
298043
298049
298063
298087
298093
298099
298153
298157
298159
298169
298171
298187
298201
298211
298213
298223
298237
298247
298261
298283
298303
298307
298327
298339
298343
298349
298369
298373
298399
298409
298411
298427
298451
298477
298483
298513
298559
298579
298583
298589
298601
298607
298621
298631
298651
298667
298679
298681
298687
298691
298693
298709
298723
298733
298757
298759
298777
298799
298801
298817
298819
298841
298847
298853
298861
298897
298937
298943
298993
298999
299011
299017
299027
299029
299053
299059
299063
299087
299099
299107
299113
299137
299147
299171
299179
299191
299197
299213
299239
299261
299281
299287
299311
299317
299329
299333
299357
299359
299363
299371
299389
299393
299401
299417
299419
299447
299471
299473
299477
299479
299501
299513
299521
299527
299539
299567
299569
299603
299617
299623
299653
299671
299681
299683
299699
299701
299711
299723
299731
299743
299749
299771
299777
299807
299843
299857
299861
299881
299891
299903
299909
299933
299941
299951
299969
299977
299983
299993
300007
300017
300023
300043
300073
300089
300109
300119
300137
300149
300151
300163
300187
300191
300193
300221
300229
300233
300239
300247
300277
300299
300301
300317
300319
300323
300331
300343
300347
300367
300397
300413
300427
300431
300439
300463
300481
300491
300493
300497
300499
300511
300557
300569
300581
300583
300589
300593
300623
300631
300647
300649
300661
300667
300673
300683
300691
300719
300721
300733
300739
300743
300749
300757
300761
300779
300787
300799
300809
300821
300823
300851
300857
300869
300877
300889
300893
300929
300931
300953
300961
300967
300973
300977
300997
301013
301027
301039
301051
301057
301073
301079
301123
301127
301141
301153
301159
301177
301181
301183
301211
301219
301237
301241
301243
301247
301267
301303
301319
301331
301333
301349
301361
301363
301381
There are 510 prime numbers in S91.
