S93(308017~314712)
308017
308027
308041
308051
308081
308093
308101
308107
308117
308129
308137
308141
308149
308153
308213
308219
308249
308263
308291
308293
308303
308309
308311
308317
308323
308327
308333
308359
308383
308411
308423
308437
308447
308467
308489
308491
308501
308507
308509
308519
308521
308527
308537
308551
308569
308573
308587
308597
308621
308639
308641
308663
308681
308701
308713
308723
308761
308773
308801
308809
308813
308827
308849
308851
308857
308887
308899
308923
308927
308929
308933
308939
308951
308989
308999
309007
309011
309013
309019
309031
309037
309059
309079
309083
309091
309107
309109
309121
309131
309137
309157
309167
309173
309193
309223
309241
309251
309259
309269
309271
309277
309289
309293
309311
309313
309317
309359
309367
309371
309391
309403
309433
309437
309457
309461
309469
309479
309481
309493
309503
309521
309523
309539
309541
309559
309571
309577
309583
309599
309623
309629
309637
309667
309671
309677
309707
309713
309731
309737
309769
309779
309781
309797
309811
309823
309851
309853
309857
309877
309899
309929
309931
309937
309977
309989
310019
310021
310027
310043
310049
310081
310087
310091
310111
310117
310127
310129
310169
310181
310187
310223
310229
310231
310237
310243
310273
310283
310291
310313
310333
310357
310361
310363
310379
310397
310423
310433
310439
310447
310459
310463
310481
310489
310501
310507
310511
310547
310553
310559
310567
310571
310577
310591
310627
310643
310663
310693
310697
310711
310721
310727
310729
310733
310741
310747
310771
310781
310789
310801
310819
310823
310829
310831
310861
310867
310883
310889
310901
310927
310931
310949
310969
310987
310997
311009
311021
311027
311033
311041
311099
311111
311123
311137
311153
311173
311177
311183
311189
311197
311203
311237
311279
311291
311293
311299
311303
311323
311329
311341
311347
311359
311371
311393
311407
311419
311447
311453
311473
311533
311537
311539
311551
311557
311561
311567
311569
311603
311609
311653
311659
311677
311681
311683
311687
311711
311713
311737
311743
311747
311749
311791
311803
311807
311821
311827
311867
311869
311881
311897
311951
311957
311963
311981
312007
312023
312029
312031
312043
312047
312071
312073
312083
312089
312101
312107
312121
312161
312197
312199
312203
312209
312211
312217
312229
312233
312241
312251
312253
312269
312281
312283
312289
312311
312313
312331
312343
312349
312353
312371
312383
312397
312401
312407
312413
312427
312451
312469
312509
312517
312527
312551
312553
312563
312581
312583
312589
312601
312617
312619
312623
312643
312673
312677
312679
312701
312703
312709
312727
312737
312743
312757
312773
312779
312799
312839
312841
312857
312863
312887
312899
312929
312931
312937
312941
312943
312967
312971
312979
312989
313003
313009
313031
313037
313081
313087
313109
313127
313129
313133
313147
313151
313153
313163
313207
313211
313219
313241
313249
313267
313273
313289
313297
313301
313307
313321
313331
313333
313343
313351
313373
313381
313387
313399
313409
313471
313477
313507
313517
313543
313549
313553
313561
313567
313571
313583
313589
313597
313603
313613
313619
313637
313639
313661
313669
313679
313699
313711
313717
313721
313727
313739
313741
313763
313777
313783
313829
313849
313853
313879
313883
313889
313897
313909
313921
313931
313933
313949
313961
313969
313979
313981
313987
313991
313993
313997
314003
314021
314059
314063
314077
314107
314113
314117
314129
314137
314159
314161
314173
314189
314213
314219
314227
314233
314239
314243
314257
314261
314263
314267
314299
314329
314339
314351
314357
314359
314399
314401
314407
314423
314441
314453
314467
314491
314497
314513
314527
314543
314549
314569
314581
314591
314597
314599
314603
314623
314627
314641
314651
314693
314707
314711
There are 531 prime numbers in S93.
