S95(321481~328320)
321509
321547
321553
321569
321571
321577
321593
321611
321617
321619
321631
321647
321661
321679
321707
321709
321721
321733
321743
321751
321757
321779
321799
321817
321821
321823
321829
321833
321847
321851
321889
321901
321911
321947
321949
321961
321983
321991
322001
322009
322013
322037
322039
322051
322057
322067
322073
322079
322093
322097
322109
322111
322139
322169
322171
322193
322213
322229
322237
322243
322247
322249
322261
322271
322319
322327
322339
322349
322351
322397
322403
322409
322417
322429
322433
322459
322463
322501
322513
322519
322523
322537
322549
322559
322571
322573
322583
322589
322591
322607
322613
322627
322631
322633
322649
322669
322709
322727
322747
322757
322769
322771
322781
322783
322807
322849
322859
322871
322877
322891
322901
322919
322921
322939
322951
322963
322969
322997
322999
323003
323009
323027
323053
323077
323083
323087
323093
323101
323123
323131
323137
323149
323201
323207
323233
323243
323249
323251
323273
323333
323339
323341
323359
323369
323371
323377
323381
323383
323413
323419
323441
323443
323467
323471
323473
323507
323509
323537
323549
323567
323579
323581
323591
323597
323599
323623
323641
323647
323651
323699
323707
323711
323717
323759
323767
323789
323797
323801
323803
323819
323837
323879
323899
323903
323923
323927
323933
323951
323957
323987
324011
324031
324053
324067
324073
324089
324097
324101
324113
324119
324131
324143
324151
324161
324179
324199
324209
324211
324217
324223
324239
324251
324293
324299
324301
324319
324329
324341
324361
324391
324397
324403
324419
324427
324431
324437
324439
324449
324451
324469
324473
324491
324497
324503
324517
324523
324529
324557
324587
324589
324593
324617
324619
324637
324641
324647
324661
324673
324689
324697
324707
324733
324743
324757
324763
324773
324781
324791
324799
324809
324811
324839
324847
324869
324871
324889
324893
324901
324931
324941
324949
324953
324977
324979
324983
324991
324997
325001
325009
325019
325021
325027
325043
325051
325063
325079
325081
325093
325133
325153
325163
325181
325187
325189
325201
325217
325219
325229
325231
325249
325271
325301
325307
325309
325319
325333
325343
325349
325379
325411
325421
325439
325447
325453
325459
325463
325477
325487
325513
325517
325537
325541
325543
325571
325597
325607
325627
325631
325643
325667
325673
325681
325691
325693
325697
325709
325723
325729
325747
325751
325753
325769
325777
325781
325783
325807
325813
325849
325861
325877
325883
325889
325891
325901
325921
325939
325943
325951
325957
325987
325993
325999
326023
326057
326063
326083
326087
326099
326101
326113
326119
326141
326143
326147
326149
326153
326159
326171
326189
326203
326219
326251
326257
326309
326323
326351
326353
326369
326437
326441
326449
326467
326479
326497
326503
326537
326539
326549
326561
326563
326567
326581
326593
326597
326609
326611
326617
326633
326657
326659
326663
326681
326687
326693
326701
326707
326737
326741
326773
326779
326831
326863
326867
326869
326873
326881
326903
326923
326939
326941
326947
326951
326983
326993
326999
327001
327007
327011
327017
327023
327059
327071
327079
327127
327133
327163
327179
327193
327203
327209
327211
327247
327251
327263
327277
327289
327307
327311
327317
327319
327331
327337
327343
327347
327401
327407
327409
327419
327421
327433
327443
327463
327469
327473
327479
327491
327493
327499
327511
327517
327529
327553
327557
327559
327571
327581
327583
327599
327619
327629
327647
327661
327667
327673
327689
327707
327721
327737
327739
327757
327779
327797
327799
327809
327823
327827
327829
327839
327851
327853
327869
327871
327881
327889
327917
327923
327941
327953
327967
327979
327983
328007
328037
328043
328051
328061
328063
328067
328093
328103
328109
328121
328127
328129
328171
328177
328213
328243
328249
328271
328277
328283
328291
328303
There are 544 prime numbers in S95.
