S97(335233~342216)
335249
335261
335273
335281
335299
335323
335341
335347
335381
335383
335411
335417
335429
335449
335453
335459
335473
335477
335507
335519
335527
335539
335557
335567
335579
335591
335609
335633
335641
335653
335663
335669
335681
335689
335693
335719
335729
335743
335747
335771
335807
335809
335813
335821
335833
335843
335857
335879
335893
335897
335917
335941
335953
335957
335999
336029
336031
336041
336059
336079
336101
336103
336109
336113
336121
336143
336151
336157
336163
336181
336199
336211
336221
336223
336227
336239
336247
336251
336253
336263
336307
336317
336353
336361
336373
336397
336403
336419
336437
336463
336491
336499
336503
336521
336527
336529
336533
336551
336563
336571
336577
336587
336593
336599
336613
336631
336643
336649
336653
336667
336671
336683
336689
336703
336727
336757
336761
336767
336769
336773
336793
336799
336803
336823
336827
336829
336857
336863
336871
336887
336899
336901
336911
336929
336961
336977
336983
336989
336997
337013
337021
337031
337039
337049
337069
337081
337091
337097
337121
337153
337189
337201
337213
337217
337219
337223
337261
337277
337279
337283
337291
337301
337313
337327
337339
337343
337349
337361
337367
337369
337397
337411
337427
337453
337457
337487
337489
337511
337517
337529
337537
337541
337543
337583
337607
337609
337627
337633
337639
337651
337661
337669
337681
337691
337697
337721
337741
337751
337759
337781
337793
337817
337837
337853
337859
337861
337867
337871
337873
337891
337901
337903
337907
337919
337949
337957
337969
337973
337999
338017
338027
338033
338119
338137
338141
338153
338159
338161
338167
338171
338183
338197
338203
338207
338213
338231
338237
338251
338263
338267
338269
338279
338287
338293
338297
338309
338321
338323
338339
338341
338347
338369
338383
338389
338407
338411
338413
338423
338431
338449
338461
338473
338477
338497
338531
338543
338563
338567
338573
338579
338581
338609
338659
338669
338683
338687
338707
338717
338731
338747
338753
338761
338773
338777
338791
338803
338839
338851
338857
338867
338893
338909
338927
338959
338993
338999
339023
339049
339067
339071
339091
339103
339107
339121
339127
339137
339139
339151
339161
339173
339187
339211
339223
339239
339247
339257
339263
339289
339307
339323
339331
339341
339373
339389
339413
339433
339467
339491
339517
339527
339539
339557
339583
339589
339601
339613
339617
339631
339637
339649
339653
339659
339671
339673
339679
339707
339727
339749
339751
339761
339769
339799
339811
339817
339821
339827
339839
339841
339863
339887
339907
339943
339959
339991
340007
340027
340031
340037
340049
340057
340061
340063
340073
340079
340103
340111
340117
340121
340127
340129
340169
340183
340201
340211
340237
340261
340267
340283
340297
340321
340337
340339
340369
340381
340387
340393
340397
340409
340429
340447
340451
340453
340477
340481
340519
340541
340559
340573
340577
340579
340583
340591
340601
340619
340633
340643
340649
340657
340661
340687
340693
340709
340723
340757
340777
340787
340789
340793
340801
340811
340819
340849
340859
340877
340889
340897
340903
340909
340913
340919
340927
340931
340933
340937
340939
340957
340979
340999
341017
341027
341041
341057
341059
341063
341083
341087
341123
341141
341171
341179
341191
341203
341219
341227
341233
341269
341273
341281
341287
341293
341303
341311
341321
341323
341333
341339
341347
341357
341423
341443
341447
341459
341461
341477
341491
341501
341507
341521
341543
341557
341569
341587
341597
341603
341617
341623
341629
341641
341647
341659
341681
341687
341701
341729
341743
341749
341771
341773
341777
341813
341821
341827
341839
341851
341863
341879
341911
341927
341947
341951
341953
341959
341963
341983
341993
342037
342047
342049
342059
342061
342071
342073
342077
342101
342107
342131
342143
342179
342187
342191
342197
342203
342211
There are 543 prime numbers in S97.
