S98(342217~349272)
342233
342239
342241
342257
342281
342283
342299
342319
342337
342341
342343
342347
342359
342371
342373
342379
342389
342413
342421
342449
342451
342467
342469
342481
342497
342521
342527
342547
342553
342569
342593
342599
342607
342647
342653
342659
342673
342679
342691
342697
342733
342757
342761
342791
342799
342803
342821
342833
342841
342847
342863
342869
342871
342889
342899
342929
342949
342971
342989
343019
343037
343051
343061
343073
343081
343087
343127
343141
343153
343163
343169
343177
343193
343199
343219
343237
343243
343253
343261
343267
343289
343303
343307
343309
343313
343327
343333
343337
343373
343379
343381
343391
343393
343411
343423
343433
343481
343489
343517
343529
343531
343543
343547
343559
343561
343579
343583
343589
343591
343601
343627
343631
343639
343649
343661
343667
343687
343709
343727
343769
343771
343787
343799
343801
343813
343817
343823
343829
343831
343891
343897
343901
343913
343933
343939
343943
343951
343963
343997
344017
344021
344039
344053
344083
344111
344117
344153
344161
344167
344171
344173
344177
344189
344207
344209
344213
344221
344231
344237
344243
344249
344251
344257
344263
344269
344273
344291
344293
344321
344327
344347
344353
344363
344371
344417
344423
344429
344453
344479
344483
344497
344543
344567
344587
344599
344611
344621
344629
344639
344653
344671
344681
344683
344693
344719
344749
344753
344759
344791
344797
344801
344807
344819
344821
344843
344857
344863
344873
344887
344893
344909
344917
344921
344941
344957
344959
344963
344969
344987
345001
345011
345017
345019
345041
345047
345067
345089
345109
345133
345139
345143
345181
345193
345221
345227
345229
345259
345263
345271
345307
345311
345329
345379
345413
345431
345451
345461
345463
345473
345479
345487
345511
345517
345533
345547
345551
345571
345577
345581
345599
345601
345607
345637
345643
345647
345659
345673
345679
345689
345701
345707
345727
345731
345733
345739
345749
345757
345769
345773
345791
345803
345811
345817
345823
345853
345869
345881
345887
345889
345907
345923
345937
345953
345979
345997
346013
346039
346043
346051
346079
346091
346097
346111
346117
346133
346139
346141
346147
346169
346187
346201
346207
346217
346223
346259
346261
346277
346303
346309
346321
346331
346337
346349
346361
346369
346373
346391
346393
346397
346399
346417
346421
346429
346433
346439
346441
346447
346453
346469
346501
346529
346543
346547
346553
346559
346561
346589
346601
346607
346627
346639
346649
346651
346657
346667
346669
346699
346711
346721
346739
346751
346763
346793
346831
346849
346867
346873
346877
346891
346903
346933
346939
346943
346961
346963
347003
347033
347041
347051
347057
347059
347063
347069
347071
347099
347129
347131
347141
347143
347161
347167
347173
347177
347183
347197
347201
347209
347227
347233
347239
347251
347257
347287
347297
347299
347317
347329
347341
347359
347401
347411
347437
347443
347489
347509
347513
347519
347533
347539
347561
347563
347579
347587
347591
347609
347621
347629
347651
347671
347707
347717
347729
347731
347747
347759
347771
347773
347779
347801
347813
347821
347849
347873
347887
347891
347899
347929
347933
347951
347957
347959
347969
347981
347983
347987
347989
347993
348001
348011
348017
348031
348043
348053
348077
348083
348097
348149
348163
348181
348191
348209
348217
348221
348239
348241
348247
348253
348259
348269
348287
348307
348323
348353
348367
348389
348401
348407
348419
348421
348431
348433
348437
348443
348451
348457
348461
348463
348487
348527
348547
348553
348559
348563
348571
348583
348587
348617
348629
348637
348643
348661
348671
348709
348731
348739
348757
348763
348769
348779
348811
348827
348833
348839
348851
348883
348889
348911
348917
348919
348923
348937
348949
348989
348991
349007
349039
349043
349051
349079
349081
349093
349099
349109
349121
349133
349171
349177
349183
349187
349199
349207
349211
349241
There are 553 prime numbers in S98.
